1.000000
0.999221
0.998444
0.997666
0.996890
0.996113
0.995338
0.994563
0.993789
0.993015
0.992242
0.991470
0.990698
0.989926
0.989156
0.988386
0.987616
0.986847
0.986079
0.985311
0.984544
0.983778
0.983012
0.982247
0.981482
0.980718
0.979954
0.979192
0.978429
0.977667
0.976906
0.976146
0.975386
0.974627
0.973868
0.973110
0.972352
0.971595
0.970839
0.970083
0.969328
0.968573
0.967819
0.967065
0.966313
0.965560
0.964809
0.964057
0.963307
0.962557
0.961808
0.961059
0.960311
0.959563
0.958816
0.958070
0.957324
0.956578
0.955834
0.955090
0.954346
0.953603
0.952861
0.952119
0.951378
0.950637
0.949897
0.949157
0.948418
0.947680
0.946942
0.946205
0.945468
0.944732
0.943997
0.943262
0.942528
0.941794
0.941061
0.940328
0.939596
0.938865
0.938134
0.937403
0.936673
0.935944
0.935216
0.934488
0.933760
0.933033
0.932307
0.931581
0.930856
0.930131
0.929407
0.928683
0.927960
0.927238
0.926516
0.925795
0.925074
0.924354
0.923634
0.922915
0.922197
0.921479
0.920761
0.920044
0.919328
0.918612
0.917897
0.917183
0.916469
0.915755
0.915042
0.914330
0.913618
0.912907
0.912196
0.911486
0.910776
0.910067
0.909359
0.908651
0.907943
0.907237
0.906530
0.905825
0.905119
0.904415
0.903711
0.903007
0.902304
0.901602
0.900900
0.900198
0.899498
0.898797
0.898098
0.897398
0.896700
0.896002
0.895304
0.894607
0.893911
0.893215
0.892519
0.891824
0.891130
0.890436
0.889743
0.889050
0.888358
0.887667
0.886976
0.886285
0.885595
0.884906
0.884217
0.883528
0.882841
0.882153
0.881467
0.880780
0.880095
0.879409
0.878725
0.878041
0.877357
0.876674
0.875992
0.875310
0.874628
0.873947
0.873267
0.872587
0.871908
0.871229
0.870551
0.869873
0.869196
0.868519
0.867843
0.867167
0.866492
0.865818
0.865144
0.864470
0.863797
0.863125
0.862453
0.861781
0.861110
0.860440
0.859770
0.859101
0.858432
0.857764
0.857096
0.856429
0.855762
0.855096
0.854430
0.853765
0.853100
0.852436
0.851772
0.851109
0.850447
0.849784
0.849123
0.848462
0.847801
0.847141
0.846482
0.845823
0.845164
0.844506
0.843849
0.843192
0.842535
0.841880
0.841224
0.840569
0.839915
0.839261
0.838608
0.837955
0.837302
0.836650
0.835999
0.835348
0.834698
0.834048
0.833399
0.832750
0.832102
0.831454
0.830807
0.830160
0.829514
0.828868
0.828222
0.827578
0.826933
0.826290
0.825646
0.825004
0.824361
0.823719
0.823078
0.822437
0.821797
0.821157
0.820518
0.819879
0.819241
0.818603
0.817966
0.817329
0.816693
0.816057
0.815422
0.814787
0.814153
0.813519
0.812885
0.812253
0.811620
0.810988
0.810357
0.809726
0.809096
0.808466
0.807836
0.807208
0.806579
0.805951
0.805324
0.804697
0.804070
0.803444
0.802819
0.802194
0.801569
0.800945
0.800322
0.799699
0.799076
0.798454
0.797832
0.797211
0.796591
0.795971
0.795351
0.794732
0.794113
0.793495
0.792877
0.792260
0.791643
0.791027
0.790411
0.789795
0.789181
0.788566
0.787952
0.787339
0.786726
0.786113
0.785501
0.784890
0.784279
0.783668
0.783058
0.782449
0.781839
0.781231
0.780623
0.780015
0.779408
0.778801
0.778194
0.777589
0.776983
0.776378
0.775774
0.775170
0.774567
0.773964
0.773361
0.772759
0.772157
0.771556
0.770956
0.770355
0.769756
0.769156
0.768558
0.767959
0.767361
0.766764
0.766167
0.765571
0.764975
0.764379
0.763784
0.763189
0.762595
0.762001
0.761408
0.760815
0.760223
0.759631
0.759040
0.758449
0.757859
0.757269
0.756679
0.756090
0.755501
0.754913
0.754325
0.753738
0.753151
0.752565
0.751979
0.751394
0.750809
0.750224
0.749640
0.749057
0.748473
0.747891
0.747308
0.746727
0.746145
0.745564
0.744984
0.744404
0.743825
0.743245
0.742667
0.742089
0.741511
0.740934
0.740357
0.739780
0.739204
0.738629
0.738054
0.737479
0.736905
0.736332
0.735758
0.735186
0.734613
0.734041
0.733470
0.732899
0.732328
0.731758
0.731188
0.730619
0.730050
0.729482
0.728914
0.728347
0.727780
0.727213
0.726647
0.726081
0.725516
0.724951
0.724387
0.723823
0.723259
0.722696
0.722134
0.721571
0.721010
0.720448
0.719887
0.719327
0.718767
0.718207
0.717648
0.717090
0.716531
0.715973
0.715416
0.714859
0.714303
0.713747
0.713191
0.712636
0.712081
0.711526
0.710973
0.710419
0.709866
0.709313
0.708761
0.708209
0.707658
0.707107
0.706557
0.706006
0.705457
0.704908
0.704359
0.703811
0.703263
0.702715
0.702168
0.701621
0.701075
0.700529
0.699984
0.699439
0.698895
0.698350
0.697807
0.697263
0.696721
0.696178
0.695636
0.695095
0.694554
0.694013
0.693473
0.692933
0.692393
0.691854
0.691316
0.690777
0.690240
0.689702
0.689165
0.688629
0.688093
0.687557
0.687022
0.686487
0.685952
0.685418
0.684885
0.684352
0.683819
0.683286
0.682754
0.682223
0.681692
0.681161
0.680631
0.680101
0.679571
0.679042
0.678514
0.677986
0.677458
0.676930
0.676403
0.675877
0.675351
0.674825
0.674299
0.673774
0.673250
0.672726
0.672202
0.671679
0.671156
0.670633
0.670111
0.669590
0.669068
0.668547
0.668027
0.667507
0.666987
0.666468
0.665949
0.665431
0.664913
0.664395
0.663878
0.663361
0.662844
0.662328
0.661813
0.661298
0.660783
0.660268
0.659754
0.659241
0.658727
0.658215
0.657702
0.657190
0.656678
0.656167
0.655656
0.655146
0.654636
0.654126
0.653617
0.653108
0.652600
0.652092
0.651584
0.651077
0.650570
0.650063
0.649557
0.649052
0.648546
0.648041
0.647537
0.647033
0.646529
0.646026
0.645523
0.645020
0.644518
0.644016
0.643515
0.643014
0.642513
0.642013
0.641513
0.641014
0.640515
0.640016
0.639518
0.639020
0.638523
0.638026
0.637529
0.637033
0.636537
0.636041
0.635546
0.635051
0.634557
0.634063
0.633569
0.633076
0.632583
0.632090
0.631598
0.631107
0.630615
0.630124
0.629634
0.629144
0.628654
0.628164
0.627675
0.627187
0.626698
0.626211
0.625723
0.625236
0.624749
0.624263
0.623777
0.623291
0.622806
0.622321
0.621837
0.621353
0.620869
0.620385
0.619902
0.619420
0.618938
0.618456
0.617974
0.617493
0.617012
0.616532
0.616052
0.615573
0.615093
0.614614
0.614136
0.613658
0.613180
0.612703
0.612226
0.611749
0.611273
0.610797
0.610321
0.609846
0.609372
0.608897
0.608423
0.607949
0.607476
0.607003
0.606531
0.606058
0.605587
0.605115
0.604644
0.604173
0.603703
0.603233
0.602763
0.602294
0.601825
0.601357
0.600889
0.600421
0.599953
0.599486
0.599020
0.598553
0.598087
0.597622
0.597156
0.596691
0.596227
0.595763
0.595299
0.594835
0.594372
0.593910
0.593447
0.592985
0.592524
0.592062
0.591601
0.591141
0.590681
0.590221
0.589761
0.589302
0.588843
0.588385
0.587927
0.587469
0.587012
0.586555
0.586098
0.585642
0.585186
0.584730
0.584275
0.583820
0.583366
0.582912
0.582458
0.582004
0.581551
0.581099
0.580646
0.580194
0.579742
0.579291
0.578840
0.578389
0.577939
0.577489
0.577040
0.576590
0.576142
0.575693
0.575245
0.574797
0.574350
0.573902
0.573456
0.573009
0.572563
0.572117
0.571672
0.571227
0.570782
0.570338
0.569894
0.569450
0.569007
0.568564
0.568121
0.567679
0.567237
0.566795
0.566354
0.565913
0.565473
0.565032
0.564592
0.564153
0.563714
0.563275
0.562836
0.562398
0.561960
0.561523
0.561086
0.560649
0.560212
0.559776
0.559340
0.558905
0.558470
0.558035
0.557601
0.557167
0.556733
0.556299
0.555866
0.555434
0.555001
0.554569
0.554137
0.553706
0.553275
0.552844
0.552414
0.551984
0.551554
0.551125
0.550696
0.550267
0.549838
0.549410
0.548983
0.548555
0.548128
0.547701
0.547275
0.546849
0.546423
0.545998
0.545573
0.545148
0.544724
0.544300
0.543876
0.543452
0.543029
0.542607
0.542184
0.541762
0.541340
0.540919
0.540498
0.540077
0.539657
0.539236
0.538817
0.538397
0.537978
0.537559
0.537141
0.536722
0.536305
0.535887
0.535470
0.535053
0.534636
0.534220
0.533804
0.533389
0.532974
0.532559
0.532144
0.531730
0.531316
0.530902
0.530489
0.530076
0.529663
0.529251
0.528839
0.528427
0.528016
0.527605
0.527194
0.526783
0.526373
0.525964
0.525554
0.525145
0.524736
0.524328
0.523919
0.523512
0.523104
0.522697
0.522290
0.521883
0.521477
0.521071
0.520665
0.520260
0.519855
0.519450
0.519046
0.518642
0.518238
0.517834
0.517431
0.517028
0.516626
0.516224
0.515822
0.515420
0.515019
0.514618
0.514217
0.513817
0.513417
0.513017
0.512618
0.512219
0.511820
0.511422
0.511024
0.510626
0.510228
0.509831
0.509434
0.509037
0.508641
0.508245
0.507850
0.507454
0.507059
0.506664
0.506270
0.505876
0.505482
0.505088
0.504695
0.504302
0.503910
0.503517
0.503125
0.502734
0.502342
0.501951
0.501560
0.501170
0.500780
0.500390
0.500000
0.499611
0.499222
0.498834
0.498445
0.498057
0.497669
0.497282
0.496895
0.496508
0.496121
0.495735
0.495349
0.494964
0.494578
0.494193
0.493809
0.493424
0.493040
0.492656
0.492273
0.491889
0.491506
0.491124
0.490741
0.490359
0.489978
0.489596
0.489215
0.488834
0.488454
0.488073
0.487693
0.487314
0.486934
0.486555
0.486176
0.485798
0.485420
0.485042
0.484664
0.484287
0.483910
0.483533
0.483157
0.482781
0.482405
0.482029
0.481654
0.481279
0.480904
0.480530
0.480156
0.479782
0.479408
0.479035
0.478662
0.478290
0.477917
0.477545
0.477173
0.476802
0.476431
0.476060
0.475689
0.475319
0.474949
0.474579
0.474210
0.473840
0.473472
0.473103
0.472735
0.472367
0.471999
0.471631
0.471264
0.470897
0.470531
0.470164
0.469798
0.469433
0.469067
0.468702
0.468337
0.467972
0.467608
0.467244
0.466880
0.466517
0.466154
0.465791
0.465428
0.465066
0.464704
0.464342
0.463980
0.463619
0.463258
0.462898
0.462537
0.462177
0.461817
0.461458
0.461099
0.460740
0.460381
0.460023
0.459664
0.459307
0.458949
0.458592
0.458235
0.457878
0.457521
0.457165
0.456809
0.456454
0.456098
0.455743
0.455389
0.455034
0.454680
0.454326
0.453972
0.453619
0.453265
0.452913
0.452560
0.452208
0.451856
0.451504
0.451152
0.450801
0.450450
0.450100
0.449749
0.449399
0.449049
0.448700
0.448350
0.448001
0.447652
0.447304
0.446956
0.446608
0.446260
0.445913
0.445565
0.445219
0.444872
0.444526
0.444180
0.443834
0.443488
0.443143
0.442798
0.442453
0.442109
0.441765
0.441421
0.441077
0.440734
0.440390
0.440048
0.439705
0.439363
0.439021
0.438679
0.438337
0.437996
0.437655
0.437314
0.436974
0.436634
0.436294
0.435954
0.435615
0.435276
0.434937
0.434598
0.434260
0.433922
0.433584
0.433246
0.432909
0.432572
0.432235
0.431899
0.431563
0.431227
0.430891
0.430555
0.430220
0.429885
0.429551
0.429216
0.428882
0.428548
0.428215
0.427881
0.427548
0.427215
0.426883
0.426550
0.426218
0.425886
0.425555
0.425224
0.424893
0.424562
0.424231
0.423901
0.423571
0.423241
0.422912
0.422582
0.422253
0.421925
0.421596
0.421268
0.420940
0.420612
0.420285
0.419958
0.419631
0.419304
0.418978
0.418651
0.418326
0.418000
0.417674
0.417349
0.417024
0.416700
0.416375
0.416051
0.415727
0.415404
0.415080
0.414757
0.414434
0.414112
0.413789
0.413467
0.413145
0.412823
0.412502
0.412181
0.411860
0.411539
0.411219
0.410899
0.410579
0.410259
0.409940
0.409621
0.409302
0.408983
0.408665
0.408347
0.408029
0.407711
0.407394
0.407077
0.406760
0.406443
0.406127
0.405810
0.405494
0.405179
0.404863
0.404548
0.404233
0.403919
0.403604
0.403290
0.402976
0.402662
0.402349
0.402035
0.401722
0.401410
0.401097
0.400785
0.400473
0.400161
0.399850
0.399538
0.399227
0.398917
0.398606
0.398296
0.397986
0.397676
0.397366
0.397057
0.396748
0.396439
0.396130
0.395822
0.395514
0.395206
0.394898
0.394591
0.394283
0.393976
0.393670
0.393363
0.393057
0.392751
0.392445
0.392140
0.391834
0.391529
0.391225
0.390920
0.390616
0.390312
0.390008
0.389704
0.389401
0.389098
0.388795
0.388492
0.388189
0.387887
0.387585
0.387284
0.386982
0.386681
0.386380
0.386079
0.385778
0.385478
0.385178
0.384878
0.384578
0.384279
0.383980
0.383681
0.383382
0.383084
0.382786
0.382488
0.382190
0.381892
0.381595
0.381298
0.381001
0.380704
0.380408
0.380112
0.379816
0.379520
0.379225
0.378930
0.378635
0.378340
0.378045
0.377751
0.377457
0.377163
0.376869
0.376576
0.376283
0.375990
0.375697
0.375405
0.375112
0.374820
0.374529
0.374237
0.373946
0.373655
0.373364
0.373073
0.372783
0.372492
0.372202
0.371913
0.371623
0.371334
0.371045
0.370756
0.370467
0.370179
0.369890
0.369603
0.369315
0.369027
0.368740
0.368453
0.368166
0.367879
0.367593
0.367307
0.367021
0.366735
0.366450
0.366164
0.365879
0.365594
0.365310
0.365025
0.364741
0.364457
0.364174
0.363890
0.363607
0.363324
0.363041
0.362758
0.362476
0.362194
0.361912
0.361630
0.361348
0.361067
0.360786
0.360505
0.360224
0.359944
0.359664
0.359384
0.359104
0.358824
0.358545
0.358266
0.357987
0.357708
0.357430
0.357152
0.356874
0.356596
0.356318
0.356041
0.355763
0.355487
0.355210
0.354933
0.354657
0.354381
0.354105
0.353829
0.353554
0.353279
0.353004
0.352729
0.352454
0.352180
0.351906
0.351632
0.351358
0.351084
0.350811
0.350538
0.350265
0.349992
0.349720
0.349448
0.349175
0.348904
0.348632
0.348361
0.348089
0.347818
0.347548
0.347277
0.347007
0.346737
0.346467
0.346197
0.345927
0.345658
0.345389
0.345120
0.344851
0.344583
0.344315
0.344047
0.343779
0.343511
0.343244
0.342976
0.342709
0.342443
0.342176
0.341910
0.341643
0.341378
0.341112
0.340846
0.340581
0.340316
0.340051
0.339786
0.339521
0.339257
0.338993
0.338729
0.338465
0.338202
0.337939
0.337676
0.337413
0.337150
0.336888
0.336625
0.336363
0.336101
0.335840
0.335578
0.335317
0.335056
0.334795
0.334534
0.334274
0.334014
0.333754
0.333494
0.333234
0.332975
0.332716
0.332457
0.332198
0.331939
0.331681
0.331422
0.331164
0.330907
0.330649
0.330392
0.330134
0.329877
0.329621
0.329364
0.329108
0.328851
0.328595
0.328339
0.328084
0.327828
0.327573
0.327318
0.327063
0.326809
0.326554
0.326300
0.326046
0.325792
0.325539
0.325285
0.325032
0.324779
0.324526
0.324273
0.324021
0.323769
0.323517
0.323265
0.323013
0.322762
0.322510
0.322259
0.322008
0.321758
0.321507
0.321257
0.321007
0.320757
0.320507
0.320258
0.320008
0.319759
0.319510
0.319262
0.319013
0.318765
0.318517
0.318269
0.318021
0.317773
0.317526
0.317279
0.317032
0.316785
0.316538
0.316292
0.316045
0.315799
0.315554
0.315308
0.315062
0.314817
0.314572
0.314327
0.314082
0.313838
0.313594
0.313349
0.313106
0.312862
0.312618
0.312375
0.312132
0.311889
0.311646
0.311403
0.311161
0.310919
0.310676
0.310435
0.310193
0.309951
0.309710
0.309469
0.309228
0.308987
0.308747
0.308506
0.308266
0.308026
0.307787
0.307547
0.307307
0.307068
0.306829
0.306590
0.306352
0.306113
0.305875
0.305637
0.305399
0.305161
0.304923
0.304686
0.304449
0.304212
0.303975
0.303738
0.303502
0.303266
0.303029
0.302794
0.302558
0.302322
0.302087
0.301852
0.301617
0.301382
0.301147
0.300913
0.300679
0.300445
0.300211
0.299977
0.299743
0.299510
0.299277
0.299044
0.298811
0.298578
0.298346
0.298114
0.297882
0.297650
0.297418
0.297186
0.296955
0.296724
0.296493
0.296262
0.296031
0.295801
0.295571
0.295341
0.295111
0.294881
0.294651
0.294422
0.294193
0.293964
0.293735
0.293506
0.293278
0.293049
0.292821
0.292593
0.292365
0.292138
0.291910
0.291683
0.291456
0.291229
0.291002
0.290776
0.290550
0.290323
0.290097
0.289871
0.289646
0.289420
0.289195
0.288970
0.288745
0.288520
0.288295
0.288071
0.287847
0.287623
0.287399
0.287175
0.286951
0.286728
0.286505
0.286282
0.286059
0.285836
0.285614
0.285391
0.285169
0.284947
0.284725
0.284504
0.284282
0.284061
0.283840
0.283619
0.283398
0.283177
0.282957
0.282737
0.282516
0.282296
0.282077
0.281857
0.281638
0.281418
0.281199
0.280980
0.280762
0.280543
0.280325
0.280106
0.279888
0.279670
0.279453
0.279235
0.279018
0.278801
0.278584
0.278367
0.278150
0.277933
0.277717
0.277501
0.277285
0.277069
0.276853
0.276638
0.276422
0.276207
0.275992
0.275777
0.275563
0.275348
0.275134
0.274919
0.274705
0.274492
0.274278
0.274064
0.273851
0.273638
0.273425
0.273212
0.272999
0.272787
0.272574
0.272362
0.272150
0.271938
0.271726
0.271515
0.271304
0.271092
0.270881
0.270670
0.270460
0.270249
0.270039
0.269828
0.269618
0.269408
0.269199
0.268989
0.268780
0.268571
0.268361
0.268153
0.267944
0.267735
0.267527
0.267318
0.267110
0.266902
0.266695
0.266487
0.266280
0.266072
0.265865
0.265658
0.265451
0.265245
0.265038
0.264832
0.264626
0.264420
0.264214
0.264008
0.263803
0.263597
0.263392
0.263187
0.262982
0.262777
0.262573
0.262368
0.262164
0.261960
0.261756
0.261552
0.261349
0.261145
0.260942
0.260739
0.260536
0.260333
0.260130
0.259928
0.259725
0.259523
0.259321
0.259119
0.258917
0.258716
0.258514
0.258313
0.258112
0.257911
0.257710
0.257510
0.257309
0.257109
0.256909
0.256709
0.256509
0.256309
0.256110
0.255910
0.255711
0.255512
0.255313
0.255114
0.254916
0.254717
0.254519
0.254321
0.254123
0.253925
0.253727
0.253530
0.253332
0.253135
0.252938
0.252741
0.252544
0.252348
0.252151
0.251955
0.251759
0.251563
0.251367
0.251171
0.250976
0.250780
0.250585
0.250390
0.250195
0.250000
0.249806
0.249611
0.249417
0.249223
0.249029
0.248835
0.248641
0.248448
0.248254
0.248061
0.247868
0.247675
0.247482
0.247289
0.247097
0.246904
0.246712
0.246520
0.246328
0.246136
0.245945
0.245753
0.245562
0.245371
0.245180
0.244989
0.244798
0.244608
0.244417
0.244227
0.244037
0.243847
0.243657
0.243467
0.243278
0.243088
0.242899
0.242710
0.242521
0.242332
0.242144
0.241955
0.241767
0.241579
0.241390
0.241203
0.241015
0.240827
0.240640
0.240452
0.240265
0.240078
0.239891
0.239704
0.239518
0.239331
0.239145
0.238959
0.238773
0.238587
0.238401
0.238216
0.238030
0.237845
0.237660
0.237475
0.237290
0.237105
0.236920
0.236736
0.236552
0.236367
0.236183
0.236000
0.235816
0.235632
0.235449
0.235266
0.235082
0.234899
0.234716
0.234534
0.234351
0.234169
0.233986
0.233804
0.233622
0.233440
0.233259
0.233077
0.232896
0.232714
0.232533
0.232352
0.232171
0.231990
0.231810
0.231629
0.231449
0.231269
0.231089
0.230909
0.230729
0.230549
0.230370
0.230191
0.230011
0.229832
0.229653
0.229475
0.229296
0.229118
0.228939
0.228761
0.228583
0.228405
0.228227
0.228049
0.227872
0.227694
0.227517
0.227340
0.227163
0.226986
0.226809
0.226633
0.226456
0.226280
0.226104
0.225928
0.225752
0.225576
0.225401
0.225225
0.225050
0.224875
0.224700
0.224525
0.224350
0.224175
0.224001
0.223826
0.223652
0.223478
0.223304
0.223130
0.222956
0.222783
0.222609
0.222436
0.222263
0.222090
0.221917
0.221744
0.221572
0.221399
0.221227
0.221055
0.220882
0.220710
0.220539
0.220367
0.220195
0.220024
0.219853
0.219682
0.219511
0.219340
0.219169
0.218998
0.218828
0.218657
0.218487
0.218317
0.218147
0.217977
0.217808
0.217638
0.217469
0.217299
0.217130
0.216961
0.216792
0.216623
0.216455
0.216286
0.216118
0.215950
0.215781
0.215613
0.215446
0.215278
0.215110
0.214943
0.214775
0.214608
0.214441
0.214274
0.214107
0.213941
0.213774
0.213608
0.213441
0.213275
0.213109
0.212943
0.212778
0.212612
0.212446
0.212281
0.212116
0.211951
0.211786
0.211621
0.211456
0.211291
0.211127
0.210963
0.210798
0.210634
0.210470
0.210306
0.210143
0.209979
0.209816
0.209652
0.209489
0.209326
0.209163
0.209000
0.208837
0.208675
0.208512
0.208350
0.208188
0.208026
0.207864
0.207702
0.207540
0.207379
0.207217
0.207056
0.206895
0.206734
0.206573
0.206412
0.206251
0.206091
0.205930
0.205770
0.205610
0.205450
0.205290
0.205130
0.204970
0.204811
0.204651
0.204492
0.204333
0.204174
0.204015
0.203856
0.203697
0.203538
0.203380
0.203222
0.203063
0.202905
0.202747
0.202590
0.202432
0.202274
0.202117
0.201959
0.201802
0.201645
0.201488
0.201331
0.201175
0.201018
0.200861
0.200705
0.200549
0.200393
0.200237
0.200081
0.199925
0.199769
0.199614
0.199458
0.199303
0.199148
0.198993
0.198838
0.198683
0.198529
0.198374
0.198220
0.198065
0.197911
0.197757
0.197603
0.197449
0.197295
0.197142
0.196988
0.196835
0.196682
0.196529
0.196376
0.196223
0.196070
0.195917
0.195765
0.195612
0.195460
0.195308
0.195156
0.195004
0.194852
0.194700
0.194549
0.194397
0.194246
0.194095
0.193944
0.193793
0.193642
0.193491
0.193341
0.193190
0.193040
0.192889
0.192739
0.192589
0.192439
0.192289
0.192140
0.191990
0.191841
0.191691
0.191542
0.191393
0.191244
0.191095
0.190946
0.190798
0.190649
0.190501
0.190352
0.190204
0.190056
0.189908
0.189760
0.189613
0.189465
0.189317
0.189170
0.189023
0.188876
0.188729
0.188582
0.188435
0.188288
0.188142
0.187995
0.187849
0.187702
0.187556
0.187410
0.187264
0.187119
0.186973
0.186827
0.186682
0.186537
0.186391
0.186246
0.186101
0.185956
0.185812
0.185667
0.185522
0.185378
0.185234
0.185089
0.184945
0.184801
0.184658
0.184514
0.184370
0.184227
0.184083
0.183940
0.183797
0.183654
0.183511
0.183368
0.183225
0.183082
0.182940
0.182797
0.182655
0.182513
0.182371
0.182229
0.182087
0.181945
0.181804
0.181662
0.181521
0.181379
0.181238
0.181097
0.180956
0.180815
0.180674
0.180534
0.180393
0.180253
0.180112
0.179972
0.179832
0.179692
0.179552
0.179412
0.179273
0.179133
0.178994
0.178854
0.178715
0.178576
0.178437
0.178298
0.178159
0.178020
0.177882
0.177743
0.177605
0.177467
0.177329
0.177191
0.177053
0.176915
0.176777
0.176639
0.176502
0.176364
0.176227
0.176090
0.175953
0.175816
0.175679
0.175542
0.175406
0.175269
0.175133
0.174996
0.174860
0.174724
0.174588
0.174452
0.174316
0.174180
0.174045
0.173909
0.173774
0.173639
0.173503
0.173368
0.173233
0.173099
0.172964
0.172829
0.172695
0.172560
0.172426
0.172292
0.172157
0.172023
0.171890
0.171756
0.171622
0.171488
0.171355
0.171221
0.171088
0.170955
0.170822
0.170689
0.170556
0.170423
0.170291
0.170158
0.170025
0.169893
0.169761
0.169629
0.169497
0.169365
0.169233
0.169101
0.168969
0.168838
0.168706
0.168575
0.168444
0.168313
0.168182
0.168051
0.167920
0.167789
0.167659
0.167528
0.167398
0.167267
0.167137
0.167007
0.166877
0.166747
0.166617
0.166488
0.166358
0.166228
0.166099
0.165970
0.165840
0.165711
0.165582
0.165453
0.165325
0.165196
0.165067
0.164939
0.164810
0.164682
0.164554
0.164426
0.164298
0.164170
0.164042
0.163914
0.163787
0.163659
0.163532
0.163405
0.163277
0.163150
0.163023
0.162896
0.162769
0.162643
0.162516
0.162390
0.162263
0.162137
0.162011
0.161884
0.161758
0.161633
0.161507
0.161381
0.161255
0.161130
0.161004
0.160879
0.160754
0.160629
0.160504
0.160379
0.160254
0.160129
0.160004
0.159880
0.159755
0.159631
0.159507
0.159382
0.159258
0.159134
0.159010
0.158887
0.158763
0.158639
0.158516
0.158393
0.158269
0.158146
0.158023
0.157900
0.157777
0.157654
0.157531
0.157409
0.157286
0.157164
0.157041
0.156919
0.156797
0.156675
0.156553
0.156431
0.156309
0.156188
0.156066
0.155944
0.155823
0.155702
0.155581
0.155459
0.155338
0.155217
0.155097
0.154976
0.154855
0.154735
0.154614
0.154494
0.154374
0.154253
0.154133
0.154013
0.153893
0.153774
0.153654
0.153534
0.153415
0.153295
0.153176
0.153057
0.152938
0.152818
0.152699
0.152581
0.152462
0.152343
0.152225
0.152106
0.151988
0.151869
0.151751
0.151633
0.151515
0.151397
0.151279
0.151161
0.151044
0.150926
0.150808
0.150691
0.150574
0.150457
0.150339
0.150222
0.150105
0.149989
0.149872
0.149755
0.149639
0.149522
0.149406
0.149289
0.149173
0.149057
0.148941
0.148825
0.148709
0.148593
0.148478
0.148362
0.148247
0.148131
0.148016
0.147901
0.147785
0.147670
0.147555
0.147441
0.147326
0.147211
0.147096
0.146982
0.146868
0.146753
0.146639
0.146525
0.146411
0.146297
0.146183
0.146069
0.145955
0.145842
0.145728
0.145615
0.145501
0.145388
0.145275
0.145162
0.145049
0.144936
0.144823
0.144710
0.144598
0.144485
0.144373
0.144260
0.144148
0.144036
0.143923
0.143811
0.143699
0.143588
0.143476
0.143364
0.143253
0.143141
0.143030
0.142918
0.142807
0.142696
0.142585
0.142474
0.142363
0.142252
0.142141
0.142031
0.141920
0.141809
0.141699
0.141589
0.141479
0.141368
0.141258
0.141148
0.141038
0.140929
0.140819
0.140709
0.140600
0.140490
0.140381
0.140272
0.140162
0.140053
0.139944
0.139835
0.139726
0.139618
0.139509
0.139400
0.139292
0.139183
0.139075
0.138967
0.138859
0.138751
0.138642
0.138535
0.138427
0.138319
0.138211
0.138104
0.137996
0.137889
0.137781
0.137674
0.137567
0.137460
0.137353
0.137246
0.137139
0.137032
0.136926
0.136819
0.136712
0.136606
0.136500
0.136393
0.136287
0.136181
0.136075
0.135969
0.135863
0.135758
0.135652
0.135546
0.135441
0.135335
0.135230
0.135125
0.135019
0.134914
0.134809
0.134704
0.134599
0.134495
0.134390
0.134285
0.134181
0.134076
0.133972
0.133868
0.133763
0.133659
0.133555
0.133451
0.133347
0.133244
0.133140
0.133036
0.132933
0.132829
0.132726
0.132622
0.132519
0.132416
0.132313
0.132210
0.132107
0.132004
0.131901
0.131799
0.131696
0.131594
0.131491
0.131389
0.131286
0.131184
0.131082
0.130980
0.130878
0.130776
0.130674
0.130573
0.130471
0.130369
0.130268
0.130167
0.130065
0.129964
0.129863
0.129762
0.129661
0.129560
0.129459
0.129358
0.129257
0.129157
0.129056
0.128956
0.128855
0.128755
0.128655
0.128555
0.128454
0.128354
0.128255
0.128155
0.128055
0.127955
0.127856
0.127756
0.127657
0.127557
0.127458
0.127359
0.127260
0.127160
0.127061
0.126963
0.126864
0.126765
0.126666
0.126568
0.126469
0.126371
0.126272
0.126174
0.126076
0.125978
0.125880
0.125782
0.125684
0.125586
0.125488
0.125390
0.125293
0.125195
0.125098
0.125000
0.124903
0.124806
0.124709
0.124611
0.124514
0.124418
0.124321
0.124224
0.124127
0.124031
0.123934
0.123838
0.123741
0.123645
0.123548
0.123452
0.123356
0.123260
0.123164
0.123068
0.122973
0.122877
0.122781
0.122686
0.122590
0.122495
0.122399
0.122304
0.122209
0.122114
0.122019
0.121924
0.121829
0.121734
0.121639
0.121544
0.121450
0.121355
0.121261
0.121166
0.121072
0.120978
0.120883
0.120789
0.120695
0.120601
0.120507
0.120414
0.120320
0.120226
0.120133
0.120039
0.119946
0.119852
0.119759
0.119666
0.119573
0.119479
0.119386
0.119294
0.119201
0.119108
0.119015
0.118922
0.118830
0.118737
0.118645
0.118553
0.118460
0.118368
0.118276
0.118184
0.118092
0.118000
0.117908
0.117816
0.117725
0.117633
0.117541
0.117450
0.117358
0.117267
0.117176
0.117084
0.116993
0.116902
0.116811
0.116720
0.116629
0.116539
0.116448
0.116357
0.116267
0.116176
0.116086
0.115995
0.115905
0.115815
0.115725
0.115635
0.115544
0.115455
0.115365
0.115275
0.115185
0.115095
0.115006
0.114916
0.114827
0.114737
0.114648
0.114559
0.114470
0.114381
0.114291
0.114203
0.114114
0.114025
0.113936
0.113847
0.113759
0.113670
0.113582
0.113493
0.113405
0.113317
0.113228
0.113140
0.113052
0.112964
0.112876
0.112788
0.112700
0.112613
0.112525
0.112437
0.112350
0.112262
0.112175
0.112088
0.112000
0.111913
0.111826
0.111739
0.111652
0.111565
0.111478
0.111392
0.111305
0.111218
0.111132
0.111045
0.110959
0.110872
0.110786
0.110700
0.110613
0.110527
0.110441
0.110355
0.110269
0.110184
0.110098
0.110012
0.109926
0.109841
0.109755
0.109670
0.109585
0.109499
0.109414
0.109329
0.109244
0.109159
0.109074
0.108989
0.108904
0.108819
0.108734
0.108650
0.108565
0.108481
0.108396
0.108312
0.108227
0.108143
0.108059
0.107975
0.107891
0.107807
0.107723
0.107639
0.107555
0.107471
0.107388
0.107304
0.107221
0.107137
0.107054
0.106970
0.106887
0.106804
0.106721
0.106638
0.106555
0.106472
0.106389
0.106306
0.106223
0.106141
0.106058
0.105975
0.105893
0.105810
0.105728
0.105646
0.105564
0.105481
0.105399
0.105317
0.105235
0.105153
0.105071
0.104990
0.104908
0.104826
0.104745
0.104663
0.104582
0.104500
0.104419
0.104337
0.104256
0.104175
0.104094
0.104013
0.103932
0.103851
0.103770
0.103689
0.103609
0.103528
0.103447
0.103367
0.103286
0.103206
0.103126
0.103045
0.102965
0.102885
0.102805
0.102725
0.102645
0.102565
0.102485
0.102405
0.102326
0.102246
0.102166
0.102087
0.102007
0.101928
0.101849
0.101769
0.101690
0.101611
0.101532
0.101453
0.101374
0.101295
0.101216
0.101137
0.101058
0.100980
0.100901
0.100823
0.100744
0.100666
0.100587
0.100509
0.100431
0.100353
0.100274
0.100196
0.100118
0.100040
0.099963
0.099885
0.099807
0.099729
0.099652
0.099574
0.099497
0.099419
0.099342
0.099264
0.099187
0.099110
0.099033
0.098956
0.098879
0.098802
0.098725
0.098648
0.098571
0.098494
0.098418
0.098341
0.098264
0.098188
0.098111
0.098035
0.097959
0.097882
0.097806
0.097730
0.097654
0.097578
0.097502
0.097426
0.097350
0.097275
0.097199
0.097123
0.097048
0.096972
0.096896
0.096821
0.096746
0.096670
0.096595
0.096520
0.096445
0.096370
0.096295
0.096220
0.096145
0.096070
0.095995
0.095920
0.095846
0.095771
0.095697
0.095622
0.095548
0.095473
0.095399
0.095325
0.095250
0.095176
0.095102
0.095028
0.094954
0.094880
0.094806
0.094733
0.094659
0.094585
0.094511
0.094438
0.094364
0.094291
0.094217
0.094144
0.094071
0.093998
0.093924
0.093851
0.093778
0.093705
0.093632
0.093559
0.093487
0.093414
0.093341
0.093268
0.093196
0.093123
0.093051
0.092978
0.092906
0.092834
0.092761
0.092689
0.092617
0.092545
0.092473
0.092401
0.092329
0.092257
0.092185
0.092113
0.092042
0.091970
0.091898
0.091827
0.091755
0.091684
0.091613
0.091541
0.091470
0.091399
0.091328
0.091257
0.091185
0.091114
0.091044
0.090973
0.090902
0.090831
0.090760
0.090690
0.090619
0.090549
0.090478
0.090408
0.090337
0.090267
0.090197
0.090126
0.090056
0.089986
0.089916
0.089846
0.089776
0.089706
0.089636
0.089567
0.089497
0.089427
0.089358
0.089288
0.089219
0.089149
0.089080
0.089010
0.088941
0.088872
0.088803
0.088733
0.088664
0.088595
0.088526
0.088457
0.088389
0.088320
0.088251
0.088182
0.088114
0.088045
0.087977
0.087908
0.087840
0.087771
0.087703
0.087635
0.087566
0.087498
0.087430
0.087362
0.087294
0.087226
0.087158
0.087090
0.087022
0.086955
0.086887
0.086819
0.086752
0.086684
0.086617
0.086549
0.086482
0.086415
0.086347
0.086280
0.086213
0.086146
0.086079
0.086012
0.085945
0.085878
0.085811
0.085744
0.085677
0.085611
0.085544
0.085478
0.085411
0.085345
0.085278
0.085212
0.085145
0.085079
0.085013
0.084947
0.084880
0.084814
0.084748
0.084682
0.084616
0.084551
0.084485
0.084419
0.084353
0.084288
0.084222
0.084156
0.084091
0.084025
0.083960
0.083895
0.083829
0.083764
0.083699
0.083634
0.083569
0.083504
0.083439
0.083374
0.083309
0.083244
0.083179
0.083114
0.083050
0.082985
0.082920
0.082856
0.082791
0.082727
0.082662
0.082598
0.082534
0.082469
0.082405
0.082341
0.082277
0.082213
0.082149
0.082085
0.082021
0.081957
0.081893
0.081830
0.081766
0.081702
0.081639
0.081575
0.081512
0.081448
0.081385
0.081321
0.081258
0.081195
0.081132
0.081068
0.081005
0.080942
0.080879
0.080816
0.080753
0.080691
0.080628
0.080565
0.080502
0.080440
0.080377
0.080314
0.080252
0.080189
0.080127
0.080065
0.080002
0.079940
0.079878
0.079816
0.079753
0.079691
0.079629
0.079567
0.079505
0.079443
0.079382
0.079320
0.079258
0.079196
0.079135
0.079073
0.079011
0.078950
0.078889
0.078827
0.078766
0.078704
0.078643
0.078582
0.078521
0.078460
0.078399
0.078337
0.078277
0.078216
0.078155
0.078094
0.078033
0.077972
0.077912
0.077851
0.077790
0.077730
0.077669
0.077609
0.077548
0.077488
0.077428
0.077367
0.077307
0.077247
0.077187
0.077127
0.077067
0.077007
0.076947
0.076887
0.076827
0.076767
0.076707
0.076648
0.076588
0.076528
0.076469
0.076409
0.076350
0.076290
0.076231
0.076172
0.076112
0.076053
0.075994
0.075935
0.075876
0.075817
0.075757
0.075699
0.075640
0.075581
0.075522
0.075463
0.075404
0.075346
0.075287
0.075228
0.075170
0.075111
0.075053
0.074994
0.074936
0.074878
0.074819
0.074761
0.074703
0.074645
0.074587
0.074529
0.074471
0.074413
0.074355
0.074297
0.074239
0.074181
0.074123
0.074066
0.074008
0.073950
0.073893
0.073835
0.073778
0.073720
0.073663
0.073606
0.073548
0.073491
0.073434
0.073377
0.073320
0.073262
0.073205
0.073148
0.073091
0.073035
0.072978
0.072921
0.072864
0.072807
0.072751
0.072694
0.072637
0.072581
0.072524
0.072468
0.072412
0.072355
0.072299
0.072243
0.072186
0.072130
0.072074
0.072018
0.071962
0.071906
0.071850
0.071794
0.071738
0.071682
0.071626
0.071571
0.071515
0.071459
0.071404
0.071348
0.071292
0.071237
0.071181
0.071126
0.071071
0.071015
0.070960
0.070905
0.070850
0.070794
0.070739
0.070684
0.070629
0.070574
0.070519
0.070464
0.070410
0.070355
0.070300
0.070245
0.070191
0.070136
0.070081
0.070027
0.069972
0.069918
0.069863
0.069809
0.069755
0.069700
0.069646
0.069592
0.069538
0.069483
0.069429
0.069375
0.069321
0.069267
0.069213
0.069160
0.069106
0.069052
0.068998
0.068944
0.068891
0.068837
0.068784
0.068730
0.068676
0.068623
0.068570
0.068516
0.068463
0.068410
0.068356
0.068303
0.068250
0.068197
0.068144
0.068091
0.068038
0.067985
0.067932
0.067879
0.067826
0.067773
0.067720
0.067668
0.067615
0.067562
0.067510
0.067457
0.067405
0.067352
0.067300
0.067247
0.067195
0.067143
0.067090
0.067038
0.066986
0.066934
0.066882
0.066830
0.066778
0.066726
0.066674
0.066622
0.066570
0.066518
0.066466
0.066415
0.066363
0.066311
0.066260
0.066208
0.066157
0.066105
0.066054
0.066002
0.065951
0.065899
0.065848
0.065797
0.065746
0.065694
0.065643
0.065592
0.065541
0.065490
0.065439
0.065388
0.065337
0.065286
0.065236
0.065185
0.065134
0.065083
0.065033
0.064982
0.064931
0.064881
0.064830
0.064780
0.064729
0.064679
0.064629
0.064578
0.064528
0.064478
0.064428
0.064378
0.064327
0.064277
0.064227
0.064177
0.064127
0.064077
0.064028
0.063978
0.063928
0.063878
0.063828
0.063779
0.063729
0.063679
0.063630
0.063580
0.063531
0.063481
0.063432
0.063383
0.063333
0.063284
0.063235
0.063185
0.063136
0.063087
0.063038
0.062989
0.062940
0.062891
0.062842
0.062793
0.062744
0.062695
0.062646
0.062598
0.062549
0.062500
0.062452
0.062403
0.062354
0.062306
0.062257
0.062209
0.062160
0.062112
0.062064
0.062015
0.061967
0.061919
0.061871
0.061822
0.061774
0.061726
0.061678
0.061630
0.061582
0.061534
0.061486
0.061438
0.061391
0.061343
0.061295
0.061247
0.061200
0.061152
0.061104
0.061057
0.061009
0.060962
0.060914
0.060867
0.060820
0.060772
0.060725
0.060678
0.060630
0.060583
0.060536
0.060489
0.060442
0.060395
0.060348
0.060301
0.060254
0.060207
0.060160
0.060113
0.060066
0.060020
0.059973
0.059926
0.059880
0.059833
0.059786
0.059740
0.059693
0.059647
0.059600
0.059554
0.059508
0.059461
0.059415
0.059369
0.059323
0.059276
0.059230
0.059184
0.059138
0.059092
0.059046
0.059000
0.058954
0.058908
0.058862
0.058816
0.058771
0.058725
0.058679
0.058634
0.058588
0.058542
0.058497
0.058451
0.058406
0.058360
0.058315
0.058269
0.058224
0.058179
0.058133
0.058088
0.058043
0.057998
0.057953
0.057907
0.057862
0.057817
0.057772
0.057727
0.057682
0.057637
0.057593
0.057548
0.057503
0.057458
0.057413
0.057369
0.057324
0.057279
0.057235
0.057190
0.057146
0.057101
0.057057
0.057012
0.056968
0.056924
0.056879
0.056835
0.056791
0.056747
0.056702
0.056658
0.056614
0.056570
0.056526
0.056482
0.056438
0.056394
0.056350
0.056306
0.056263
0.056219
0.056175
0.056131
0.056088
0.056044
0.056000
0.055957
0.055913
0.055870
0.055826
0.055783
0.055739
0.055696
0.055652
0.055609
0.055566
0.055523
0.055479
0.055436
0.055393
0.055350
0.055307
0.055264
0.055221
0.055178
0.055135
0.055092
0.055049
0.055006
0.054963
0.054920
0.054878
0.054835
0.054792
0.054750
0.054707
0.054664
0.054622
0.054579
0.054537
0.054494
0.054452
0.054410
0.054367
0.054325
0.054283
0.054240
0.054198
0.054156
0.054114
0.054072
0.054030
0.053987
0.053945
0.053903
0.053861
0.053820
0.053778
0.053736
0.053694
0.053652
0.053610
0.053569
0.053527
0.053485
0.053444
0.053402
0.053360
0.053319
0.053277
0.053236
0.053194
0.053153
0.053112
0.053070
0.053029
0.052988
0.052946
0.052905
0.052864
0.052823
0.052782
0.052741
0.052700
0.052659
0.052618
0.052577
0.052536
0.052495
0.052454
0.052413
0.052372
0.052332
0.052291
0.052250
0.052209
0.052169
0.052128
0.052088
0.052047
0.052007
0.051966
0.051926
0.051885
0.051845
0.051804
0.051764
0.051724
0.051683
0.051643
0.051603
0.051563
0.051523
0.051483
0.051443
0.051402
0.051362
0.051322
0.051283
0.051243
0.051203
0.051163
0.051123
0.051083
0.051043
0.051004
0.050964
0.050924
0.050885
0.050845
0.050805
0.050766
0.050726
0.050687
0.050647
0.050608
0.050569
0.050529
0.050490
0.050451
0.050411
0.050372
0.050333
0.050294
0.050255
0.050215
0.050176
0.050137
0.050098
0.050059
0.050020
0.049981
0.049942
0.049904
0.049865
0.049826
0.049787
0.049748
0.049710
0.049671
0.049632
0.049594
0.049555
0.049516
0.049478
0.049439
0.049401
0.049362
0.049324
0.049286
0.049247
0.049209
0.049171
0.049132
0.049094
0.049056
0.049018
0.048979
0.048941
0.048903
0.048865
0.048827
0.048789
0.048751
0.048713
0.048675
0.048637
0.048599
0.048562
0.048524
0.048486
0.048448
0.048411
0.048373
0.048335
0.048298
0.048260
0.048222
0.048185
0.048147
0.048110
0.048072
0.048035
0.047998
0.047960
0.047923
0.047886
0.047848
0.047811
0.047774
0.047737
0.047699
0.047662
0.047625
0.047588
0.047551
0.047514
0.047477
0.047440
0.047403
0.047366
0.047329
0.047293
0.047256
0.047219
0.047182
0.047145
0.047109
0.047072
0.047035
0.046999
0.046962
0.046926
0.046889
0.046853
0.046816
0.046780
0.046743
0.046707
0.046671
0.046634
0.046598
0.046562
0.046525
0.046489
0.046453
0.046417
0.046381
0.046345
0.046308
0.046272
0.046236
0.046200
0.046164
0.046129
0.046093
0.046057
0.046021
0.045985
0.045949
0.045913
0.045878
0.045842
0.045806
0.045771
0.045735
0.045699
0.045664
0.045628
0.045593
0.045557
0.045522
0.045486
0.045451
0.045416
0.045380
0.045345
0.045310
0.045274
0.045239
0.045204
0.045169
0.045133
0.045098
0.045063
0.045028
0.044993
0.044958
0.044923
0.044888
0.044853
0.044818
0.044783
0.044748
0.044714
0.044679
0.044644
0.044609
0.044575
0.044540
0.044505
0.044471
0.044436
0.044401
0.044367
0.044332
0.044298
0.044263
0.044229
0.044194
0.044160
0.044126
0.044091
0.044057
0.044023
0.043988
0.043954
0.043920
0.043886
0.043851
0.043817
0.043783
0.043749
0.043715
0.043681
0.043647
0.043613
0.043579
0.043545
0.043511
0.043477
0.043444
0.043410
0.043376
0.043342
0.043308
0.043275
0.043241
0.043207
0.043174
0.043140
0.043107
0.043073
0.043039
0.043006
0.042972
0.042939
0.042906
0.042872
0.042839
0.042805
0.042772
0.042739
0.042706
0.042672
0.042639
0.042606
0.042573
0.042540
0.042506
0.042473
0.042440
0.042407
0.042374
0.042341
0.042308
0.042275
0.042242
0.042210
0.042177
0.042144
0.042111
0.042078
0.042045
0.042013
0.041980
0.041947
0.041915
0.041882
0.041849
0.041817
0.041784
0.041752
0.041719
0.041687
0.041654
0.041622
0.041590
0.041557
0.041525
0.041492
0.041460
0.041428
0.041396
0.041363
0.041331
0.041299
0.041267
0.041235
0.041203
0.041171
0.041139
0.041107
0.041075
0.041043
0.041011
0.040979
0.040947
0.040915
0.040883
0.040851
0.040819
0.040788
0.040756
0.040724
0.040692
0.040661
0.040629
0.040597
0.040566
0.040534
0.040503
0.040471
0.040440
0.040408
0.040377
0.040345
0.040314
0.040283
0.040251
0.040220
0.040188
0.040157
0.040126
0.040095
0.040063
0.040032
0.040001
0.039970
0.039939
0.039908
0.039877
0.039846
0.039815
0.039784
0.039753
0.039722
0.039691
0.039660
0.039629
0.039598
0.039567
0.039537
0.039506
0.039475
0.039444
0.039414
0.039383
0.039352
0.039322
0.039291
0.039260
0.039230
0.039199
0.039169
0.039138
0.039108
0.039077
0.039047
0.039017
0.038986
0.038956
0.038925
0.038895
0.038865
0.038835
0.038804
0.038774
0.038744
0.038714
0.038684
0.038654
0.038624
0.038593
0.038563
0.038533
0.038503
0.038473
0.038443
0.038414
0.038384
0.038354
0.038324
0.038294
0.038264
0.038234
0.038205
0.038175
0.038145
0.038116
0.038086
0.038056
0.038027
0.037997
0.037967
0.037938
0.037908
0.037879
0.037849
0.037820
0.037790
0.037761
0.037732
0.037702
0.037673
0.037643
0.037614
0.037585
0.037556
0.037526
0.037497
0.037468
0.037439
0.037410
0.037381
0.037351
0.037322
0.037293
0.037264
0.037235
0.037206
0.037177
0.037148
0.037119
0.037091
0.037062
0.037033
0.037004
0.036975
0.036946
0.036918
0.036889
0.036860
0.036831
0.036803
0.036774
0.036746
0.036717
0.036688
0.036660
0.036631
0.036603
0.036574
0.036546
0.036517
0.036489
0.036460
0.036432
0.036404
0.036375
0.036347
0.036319
0.036290
0.036262
0.036234
0.036206
0.036178
0.036149
0.036121
0.036093
0.036065
0.036037
0.036009
0.035981
0.035953
0.035925
0.035897
0.035869
0.035841
0.035813
0.035785
0.035757
0.035730
0.035702
0.035674
0.035646
0.035618
0.035591
0.035563
0.035535
0.035508
0.035480
0.035452
0.035425
0.035397
0.035370
0.035342
0.035315
0.035287
0.035260
0.035232
0.035205
0.035177
0.035150
0.035123
0.035095
0.035068
0.035041
0.035013
0.034986
0.034959
0.034932
0.034904
0.034877
0.034850
0.034823
0.034796
0.034769
0.034742
0.034715
0.034688
0.034661
0.034634
0.034607
0.034580
0.034553
0.034526
0.034499
0.034472
0.034445
0.034419
0.034392
0.034365
0.034338
0.034312
0.034285
0.034258
0.034231
0.034205
0.034178
0.034152
0.034125
0.034098
0.034072
0.034045
0.034019
0.033992
0.033966
0.033939
0.033913
0.033887
0.033860
0.033834
0.033808
0.033781
0.033755
0.033729
0.033702
0.033676
0.033650
0.033624
0.033598
0.033571
0.033545
0.033519
0.033493
0.033467
0.033441
0.033415
0.033389
0.033363
0.033337
0.033311
0.033285
0.033259
0.033233
0.033207
0.033181
0.033156
0.033130
0.033104
0.033078
0.033053
0.033027
0.033001
0.032975
0.032950
0.032924
0.032898
0.032873
0.032847
0.032822
0.032796
0.032771
0.032745
0.032720
0.032694
0.032669
0.032643
0.032618
0.032592
0.032567
0.032542
0.032516
0.032491
0.032466
0.032440
0.032415
0.032390
0.032365
0.032340
0.032314
0.032289
0.032264
0.032239
0.032214
0.032189
0.032164
0.032139
0.032114
0.032089
0.032064
0.032039
0.032014
0.031989
0.031964
0.031939
0.031914
0.031889
0.031865
0.031840
0.031815
0.031790
0.031765
0.031741
0.031716
0.031691
0.031667
0.031642
0.031617
0.031593
0.031568
0.031544
0.031519
0.031494
0.031470
0.031445
0.031421
0.031396
0.031372
0.031348
0.031323
0.031299
0.031274
0.031250
0.031226
0.031201
0.031177
0.031153
0.031129
0.031104
0.031080
0.031056
0.031032
0.031008
0.030984
0.030959
0.030935
0.030911
0.030887
0.030863
0.030839
0.030815
0.030791
0.030767
0.030743
0.030719
0.030695
0.030671
0.030648
0.030624
0.030600
0.030576
0.030552
0.030528
0.030505
0.030481
0.030457
0.030433
0.030410
0.030386
0.030362
0.030339
0.030315
0.030292
0.030268
0.030244
0.030221
0.030197
0.030174
0.030150
0.030127
0.030103
0.030080
0.030057
0.030033
0.030010
0.029986
0.029963
0.029940
0.029916
0.029893
0.029870
0.029847
0.029823
0.029800
0.029777
0.029754
0.029731
0.029708
0.029684
0.029661
0.029638
0.029615
0.029592
0.029569
0.029546
0.029523
0.029500
0.029477
0.029454
0.029431
0.029408
0.029385
0.029362
0.029340
0.029317
0.029294
0.029271
0.029248
0.029226
0.029203
0.029180
0.029157
0.029135
0.029112
0.029089
0.029067
0.029044
0.029021
0.028999
0.028976
0.028954
0.028931
0.028909
0.028886
0.028864
0.028841
0.028819
0.028796
0.028774
0.028751
0.028729
0.028707
0.028684
0.028662
0.028640
0.028617
0.028595
0.028573
0.028551
0.028528
0.028506
0.028484
0.028462
0.028440
0.028418
0.028395
0.028373
0.028351
0.028329
0.028307
0.028285
0.028263
0.028241
0.028219
0.028197
0.028175
0.028153
0.028131
0.028109
0.028088
0.028066
0.028044
0.028022
0.028000
0.027978
0.027957
0.027935
0.027913
0.027891
0.027870
0.027848
0.027826
0.027805
0.027783
0.027761
0.027740
0.027718
0.027697
0.027675
0.027653
0.027632
0.027610
0.027589
0.027567
0.027546
0.027524
0.027503
0.027482
0.027460
0.027439
0.027418
0.027396
0.027375
0.027354
0.027332
0.027311
0.027290
0.027268
0.027247
0.027226
0.027205
0.027184
0.027162
0.027141
0.027120
0.027099
0.027078
0.027057
0.027036
0.027015
0.026994
0.026973
0.026952
0.026931
0.026910
0.026889
0.026868
0.026847
0.026826
0.026805
0.026784
0.026763
0.026743
0.026722
0.026701
0.026680
0.026659
0.026639
0.026618
0.026597
0.026577
0.026556
0.026535
0.026515
0.026494
0.026473
0.026453
0.026432
0.026411
0.026391
0.026370
0.026350
0.026329
0.026309
0.026288
0.026268
0.026247
0.026227
0.026207
0.026186
0.026166
0.026145
0.026125
0.026105
0.026084
0.026064
0.026044
0.026024
0.026003
0.025983
0.025963
0.025943
0.025922
0.025902
0.025882
0.025862
0.025842
0.025822
0.025802
0.025781
0.025761
0.025741
0.025721
0.025701
0.025681
0.025661
0.025641
0.025621
0.025601
0.025581
0.025562
0.025542
0.025522
0.025502
0.025482
0.025462
0.025442
0.025423
0.025403
0.025383
0.025363
0.025343
0.025324
0.025304
0.025284
0.025265
0.025245
0.025225
0.025206
0.025186
0.025166
0.025147
0.025127
0.025108
0.025088
0.025069
0.025049
0.025030
0.025010
0.024991
0.024971
0.024952
0.024932
0.024913
0.024894
0.024874
0.024855
0.024835
0.024816
0.024797
0.024777
0.024758
0.024739
0.024720
0.024700
0.024681
0.024662
0.024643
0.024624
0.024604
0.024585
0.024566
0.024547
0.024528
0.024509
0.024490
0.024471
0.024452
0.024433
0.024414
0.024395
0.024376
0.024357
0.024338
0.024319
0.024300
0.024281
0.024262
0.024243
0.024224
0.024205
0.024186
0.024168
0.024149
0.024130
0.024111
0.024092
0.024074
0.024055
0.024036
0.024018
0.023999
0.023980
0.023961
0.023943
0.023924
0.023906
0.023887
0.023868
0.023850
0.023831
0.023813
0.023794
0.023776
0.023757
0.023739
0.023720
0.023702
0.023683
0.023665
0.023646
0.023628
0.023610
0.023591
0.023573
0.023554
0.023536
0.023518
0.023499
0.023481
0.023463
0.023445
0.023426
0.023408
0.023390
0.023372
0.023353
0.023335
0.023317
0.023299
0.023281
0.023263
0.023245
0.023227
0.023208
0.023190
0.023172
0.023154
0.023136
0.023118
0.023100
0.023082
0.023064
0.023046
0.023028
0.023010
0.022993
0.022975
0.022957
0.022939
0.022921
0.022903
0.022885
0.022868
0.022850
0.022832
0.022814
0.022796
0.022779
0.022761
0.022743
0.022725
0.022708
0.022690
0.022672
0.022655
0.022637
0.022620
0.022602
0.022584
0.022567
0.022549
0.022532
0.022514
0.022497
0.022479
0.022462
0.022444
0.022427
0.022409
0.022392
0.022374
0.022357
0.022339
0.022322
0.022305
0.022287
0.022270
0.022253
0.022235
0.022218
0.022201
0.022183
0.022166
0.022149
0.022132
0.022114
0.022097
0.022080
0.022063
0.022046
0.022028
0.022011
0.021994
0.021977
0.021960
0.021943
0.021926
0.021909
0.021892
0.021875
0.021858
0.021841
0.021824
0.021807
0.021790
0.021773
0.021756
0.021739
0.021722
0.021705
0.021688
0.021671
0.021654
0.021637
0.021621
0.021604
0.021587
0.021570
0.021553
0.021536
0.021520
0.021503
0.021486
0.021470
0.021453
0.021436
0.021419
0.021403
0.021386
0.021369
0.021353
0.021336
0.021320
0.021303
0.021286
0.021270
0.021253
0.021237
0.021220
0.021204
0.021187
0.021171
0.021154
0.021138
0.021121
0.021105
0.021088
0.021072
0.021056
0.021039
0.021023
0.021006
0.020990
0.020974
0.020957
0.020941
0.020925
0.020908
0.020892
0.020876
0.020860
0.020843
0.020827
0.020811
0.020795
0.020779
0.020762
0.020746
0.020730
0.020714
0.020698
0.020682
0.020666
0.020650
0.020633
0.020617
0.020601
0.020585
0.020569
0.020553
0.020537
0.020521
0.020505
0.020489
0.020473
0.020457
0.020442
0.020426
0.020410
0.020394
0.020378
0.020362
0.020346
0.020330
0.020315
0.020299
0.020283
0.020267
0.020251
0.020236
0.020220
0.020204
0.020188
0.020173
0.020157
0.020141
0.020126
0.020110
0.020094
0.020079
0.020063
0.020047
0.020032
0.020016
0.020001
0.019985
0.019969
0.019954
0.019938
0.019923
0.019907
0.019892
0.019876
0.019861
0.019845
0.019830
0.019815
0.019799
0.019784
0.019768
0.019753
0.019738
0.019722
0.019707
0.019691
0.019676
0.019661
0.019646
0.019630
0.019615
0.019600
0.019584
0.019569
0.019554
0.019539
0.019523
0.019508
0.019493
0.019478
0.019463
0.019448
0.019432
0.019417
0.019402
0.019387
0.019372
0.019357
0.019342
0.019327
0.019312
0.019297
0.019282
0.019267
0.019252
0.019237
0.019222
0.019207
0.019192
0.019177
0.019162
0.019147
0.019132
0.019117
0.019102
0.019087
0.019073
0.019058
0.019043
0.019028
0.019013
0.018998
0.018984
0.018969
0.018954
0.018939
0.018925
0.018910
0.018895
0.018880
0.018866
0.018851
0.018836
0.018822
0.018807
0.018792
0.018778
0.018763
0.018749
0.018734
0.018719
0.018705
0.018690
0.018676
0.018661
0.018647
0.018632
0.018618
0.018603
0.018589
0.018574
0.018560
0.018545
0.018531
0.018516
0.018502
0.018488
0.018473
0.018459
0.018444
0.018430
0.018416
0.018401
0.018387
0.018373
0.018358
0.018344
0.018330
0.018316