   0.000000
  -0.000000
-738.595589
  40.376116
 642.622624
 469.534533
 349.764399
 263.528407
 199.401420
  51.415831
-105.874939
-299.908313
-276.260021
-240.924689
-211.537536
-186.564028
-164.889146
-146.227558
-129.857313
-115.527869
-102.875748
 -91.566267
 -81.587688
 -72.602953
 -64.492343
 -57.277632
 -50.691850
 -33.601635
-863.175360
  82.421835
-580.689063
 132.510092
 146.607320
 138.369799
 130.942181
 124.020991
 117.533671
 111.481505
 105.797204
 100.460281
  95.441465
  90.650354
  78.145497
 243.279716
 602.787559
 -57.967022
  -0.346571
  -0.000127
  -0.000000
  -0.000000
  -0.000000
  -0.000000
  -0.000000
  -0.000000
  -0.000000
  -0.000000
  -0.000000
  -0.000000
  -0.000000
  -0.000000
  -0.000000
   0.000000
   0.000000
   0.000000
   0.000000
   0.000000
   0.000000
   0.000000
   0.000000
   0.000000
   0.000000
   0.000000
   0.000000
   0.000000
   0.000000
   0.000000
   0.000000
   0.000000
   0.000000
   0.000000
   0.000000
   0.000000
   0.000000
   0.000000
   0.000000
   0.000000
   0.000000
   0.000000
   0.000000
   0.000000
   0.000000
   0.000000
   0.000000
   0.000000
   0.000000
   0.000000
   0.000000
   0.000000
   0.000000
   0.000000