   0.000000
7929.704373
-148.366210
  96.071507
-378.945829
-263.910376
-185.299868
-129.242014
 -87.939036
  17.590703
 131.096209
 273.001191
 251.815654
 222.253844
 197.593725
 176.459159
 158.199862
 142.298288
 128.399150
 116.118538
 105.264593
  95.582795
  86.916799
  79.135263
  72.121757
  65.777867
  60.015532
  46.423305
 669.588288
 -32.778215
 -17.923194
 -17.377523
 -16.863729
 -16.380314
 -15.922557
 -15.491296
 -15.081634
 -14.692922
 -14.324783
 -13.974339
 -13.640043
 -13.321309
 -13.017470
 -12.727428
 -12.450052
 -12.184439
 -11.929858
 -11.689897
 -16.338517
  21.948318
 309.558560
   7.569830
 -57.197182
 -45.645486
 -43.950694
 -42.368353
 -40.856770
 -39.411106
 -38.025344
 -36.691537
 -34.270882
 -15.143552
-158.029403
-272.359756
 -46.520092
  11.122283
   0.625155
   0.001872
   0.000006
   0.000000
   0.000000
   0.000000
   0.000000
   0.000000
   0.000000
   0.000000
   0.000000
   0.000000
   0.000000
   0.000000
   0.000000
   0.000000
   0.000000
   0.000000
   0.000000
   0.000000
   0.000000
   0.000000
   0.000000
   0.000000
   0.000000
   0.000000
   0.000000
   0.000000
   0.000000
   0.000000
   0.000000
   0.000000
   0.000000
   0.000000