0 0 0 0 0 0 
0.0500233 0.985875 -1.38642 0.141269 0.0546199 1.69963 
0.100047 -0.191912 0.0182596 0.205526 0.0258255 0.204411 
0.15007 -0.359489 -0.38029 0.070923 0.0803767 0.525109 
0.200093 1.26207 -0.41119 0.233342 0.0209105 1.33455 
0.250116 -0.149141 -0.619285 0.164831 0.035859 0.648137 
0.30014 -0.0249978 0.348793 0.127056 -0.000767702 0.374739 
0.350163 0.730242 -0.840038 0.149617 0.0552706 1.12092 
0.400186 -0.245534 0.200168 0.141334 0.0238399 0.329609 
0.450209 0.351002 -1.0462 0.160274 0.0484203 1.11013 
0.500233 0.924612 -0.23479 0.204192 0.00305293 0.974364 
0.550256 -0.126236 -0.623175 0.138944 0.050834 0.703519 
0.600279 0.0736655 0.0867546 0.107749 0.0213884 0.200042 
0.650302 0.624365 -0.950637 0.159989 0.0513985 1.14434 
0.700326 -0.086832 0.0534048 0.164084 0.0185956 0.2026 
0.750349 0.309688 -0.894912 0.144737 0.0572823 0.984805 
0.800372 0.565871 -0.225439 0.156966 0.0150913 0.650362 
0.850395 -0.104068 -0.537089 0.113748 0.0434989 0.586924 
0.900419 0.288488 -0.0775772 0.128975 0.0174016 0.368566 
0.950442 0.486508 -0.753317 0.149377 0.0641577 0.937739 
1.00047 -0.153739 0.153396 0.112245 0.03891 0.314295 
1.05049 0.263413 -0.606604 0.106728 0.0559436 0.692933 
1.10051 0.275039 -0.0233143 0.122386 0.013923 0.401261 
1.15053 0.0159578 -0.572404 0.126922 0.0522049 0.642546 
1.20056 0.438214 -0.221847 0.143625 0.0372308 0.544232 
1.25058 0.249796 -0.634236 0.122032 0.0577624 0.746699 
1.3006 -0.179377 0.0780465 0.0876223 0.0258969 0.402255 
1.35063 0.317592 -0.569752 0.106694 0.0483297 0.706917 
1.40065 0.306891 -0.219371 0.151659 0.0307545 0.457588 
1.45067 0.0727877 -0.606654 0.130086 0.0524264 0.639325 
1.5007 0.220697 -0.246256 0.105129 0.0338892 0.424863 
1.55072 0.124129 -0.2919 0.108391 0.0451783 0.643046 
1.60074 2.51891 -0.206638 0.520526 -0.000606359 2.60684 
1.65077 2.22298 -1.63815 0.775621 0.0153262 2.77786 
1.70079 -1.44504 1.63263 0.420743 0.0108093 2.25337 
1.75081 0.185281 -0.429038 0.703287 0.0172322 0.790276 
1.80084 -0.95853 1.8484 0.424925 0.0122235 2.09794 
1.85086 0.704104 0.632177 0.59284 -0.00084218 1.05012 
1.90088 -0.210413 1.47006 0.549358 -0.0509787 1.52895 
1.95091 -0.450076 1.27161 0.578988 -0.0195372 1.39184 
2.00093 -1.45894 2.40388 0.346741 0.0233225 2.84082 
2.05095 -1.05142 2.20741 0.403499 0.0112721 2.47258 
2.10098 -1.59128 2.86094 0.35721 0.00537948 3.28443 
2.151 -1.44197 2.37149 0.378656 -0.025142 2.79252 
2.20102 -1.86707 2.83776 0.314776 -0.0248089 3.41924 
2.25105 -1.95444 3.18224 0.268198 -0.0290303 3.74232 
2.30107 -1.96837 2.55192 0.311001 -0.0011795 3.26303 
2.35109 -2.93202 3.61747 0.129673 0.0318148 4.67583 
2.40112 -2.25348 3.22689 0.199481 0.0431093 3.94746 
2.45114 -2.69129 4.14147 0.168426 0.0143407 4.94941 
2.50116 -3.20962 3.8687 0.150437 0.0344574 5.0379 
2.55119 -2.5961 3.59776 0.221794 0.0217855 4.45265 
2.60121 -2.82367 3.06102 0.139033 0.0166629 4.16517 
2.65123 -3.16096 4.06862 0.0886134 -0.0161833 5.18604 
2.70126 -3.37129 3.93125 0.0707046 0.0183179 5.19536 
2.75128 -3.7248 4.56581 0.0145891 0.0417731 5.89803 
2.8013 -3.45545 3.96716 0.0244322 0.0630512 5.2612 
2.85133 -3.44225 4.41718 0.0853594 0.0283256 5.60766 
2.90135 -3.75277 4.1563 -0.0244808 0.0534097 5.60288 
2.95137 -3.88929 4.55708 0.0211475 0.0128326 5.99714 
3.0014 -4.19874 4.241 -0.0750979 0.0469437 5.97649 
3.05142 -4.05617 4.95985 -0.0506794 0.0321186 6.41991 
3.10144 -4.41134 4.39016 -0.10045 0.0718888 6.2262 
3.15146 -3.97726 4.76941 -0.0496073 0.0540992 6.21521 
3.20149 -4.40695 4.24827 -0.0948575 0.0766117 6.1278 
3.25151 -4.33637 4.95591 -0.130149 0.0619801 6.59331 
3.30153 -4.64077 4.64175 -0.122576 0.0546969 6.5738 
3.35156 -4.82579 5.2082 -0.158497 -0.0133661 7.10145 
3.40158 -4.90597 4.61954 -0.177434 -0.00228929 6.73993 
3.4516 -4.74581 5.35628 -0.151869 -0.0149663 7.15929 
3.50163 -5.3464 4.94411 -0.29418 0.0753048 7.28714 
3.55165 -4.65677 5.45288 -0.23004 0.0578144 7.17253 
3.60167 -5.28925 4.97973 -0.287132 0.129319 7.26832 
3.6517 -4.90282 5.7259 -0.237245 0.0716089 7.54096 
3.70172 -5.01495 4.70358 -0.242336 0.042445 6.87905 
3.75174 -5.23221 5.68692 -0.221077 -0.0280549 7.72999 
3.80177 -4.99955 4.64567 -0.209189 0.0296269 6.82606 
3.85179 -5.31007 5.48565 -0.196106 0.0605498 7.63522 
3.90181 -5.51264 4.59759 -0.259952 0.163513 7.18196 
3.95184 -5.20974 6.12811 -0.315832 0.115671 8.04727 
4.00186 -5.09326 4.52753 -0.29113 0.140442 6.81699 
4.05188 -5.84144 6.23813 -0.369512 0.058238 8.54858 
4.10191 -5.13916 5.04299 -0.305591 0.0467328 7.20201 
4.15193 -5.49014 6.32347 -0.313664 -0.0134005 8.37568 
4.20195 -5.38092 5.11905 -0.276454 0.0796567 7.42876 
4.25198 -6.06706 6.39107 -0.366374 0.0993873 8.8143 
4.302 -5.42846 5.47578 -0.341267 0.170172 7.71289 
4.35202 -5.8846 6.70719 -0.387118 0.115949 8.92492 
4.40205 -5.56525 5.25699 -0.379413 0.111643 7.6584 
4.45207 -6.10954 6.89211 -0.376101 0.0200116 9.21197 
4.50209 -6.45862 5.79663 -0.424179 0.0332208 8.68114 
4.55212 -5.82524 6.74828 -0.391972 -0.00573511 8.91733 
4.60214 -6.316 6.06773 -0.474515 0.095837 8.76293 
4.65216 -6.09098 6.98039 -0.49205 0.102722 9.26893 
4.70219 -6.2364 6.08886 -0.532668 0.171751 8.72097 
4.75221 -6.70367 7.44984 -0.618411 0.134357 10.0274 
4.80223 -6.13848 5.72233 -0.552193 0.132372 8.39823 
4.85226 -6.44705 7.45212 -0.536398 0.0648057 9.86204 
4.90228 -6.82382 6.74339 -0.582727 0.0558905 9.59825 
4.9523 -6.61078 7.39784 -0.602944 0.0393727 9.928 
5.00233 -7.08846 7.26064 -0.727237 0.166807 10.1549 
5.05235 -6.71766 7.4994 -0.745385 0.172838 10.0753 
5.10237 -6.97397 6.75389 -0.830001 0.208243 9.72055 
5.1524 -6.86365 7.29736 -0.880345 0.150817 10.0304 
5.20242 -6.63789 6.6366 -0.861906 0.134292 9.39759 
5.25244 -6.76657 7.37846 -0.857649 0.0716879 10.0221 
5.30246 -6.91919 6.85295 -0.859739 0.100985 9.74883 
5.35249 -7.11551 7.52536 -0.935121 0.141596 10.3696 
5.40251 -7.10317 6.92243 -1.00113 0.222613 9.93279 
5.45253 -6.907 7.43803 -0.993374 0.211727 10.1674 
5.50256 -7.13798 7.11721 -1.07612 0.252692 10.0958 
5.55258 -6.89203 7.26162 -1.00372 0.199613 10.0278 
5.6026 -7.09544 6.89995 -1.03894 0.213494 9.91205 
5.65263 -7.11893 7.59793 -1.08818 0.116127 10.4268 
5.70265 -6.80603 6.72231 -1.03102 0.133921 9.58452 
5.75267 -7.2445 7.90785 -1.11279 0.183665 10.7391 
5.8027 -6.87886 6.88622 -1.02794 0.223316 9.75002 
5.85272 -7.35854 7.34836 -1.112 0.231383 10.4181 
5.90274 -7.04344 7.26671 -1.06914 0.236359 10.1351 
5.95277 -7.27706 7.21432 -1.10864 0.188183 10.2652 
6.00279 -6.93425 7.05241 -1.11897 0.137061 9.90937 
6.05281 -7.25067 7.5345 -1.1248 0.106323 10.4738 
6.10284 -7.13192 7.17476 -1.13814 0.135795 10.134 
6.15286 -7.46083 7.72353 -1.22106 0.18548 10.7569 
6.20288 -7.01846 7.37922 -1.1492 0.212669 10.2013 
6.25291 -7.26779 7.48812 -1.19399 0.202712 10.4525 
6.30293 -7.14072 7.52764 -1.22105 0.219395 10.3942 
6.35295 -7.1212 7.65256 -1.18593 0.162833 10.4707 
6.40298 -7.24503 7.94509 -1.19273 0.109739 10.7697 
6.453 -7.33295 7.75925 -1.20734 0.114703 10.6952 
6.50302 -7.38761 7.98132 -1.29484 0.151254 10.8947 
6.55305 -7.46458 8.11186 -1.28902 0.217821 11.0448 
6.60307 -7.57935 8.23272 -1.30976 0.249992 11.2113 
6.65309 -7.27539 7.86694 -1.29346 0.228285 10.7358 
6.70312 -7.30925 8.13619 -1.28645 0.177098 10.9578 
6.75314 -7.15585 8.34952 -1.31804 0.169994 11.0165 
6.80316 -7.18692 8.76118 -1.29834 0.145649 11.3527 
6.85319 -7.52648 8.62072 -1.33985 0.144309 11.4645 
6.90321 -7.39091 8.78296 -1.32718 0.142844 11.5004 
6.95323 -7.56303 8.70298 -1.38353 0.203992 11.551 
7.00326 -7.60676 8.98194 -1.41093 0.22769 11.7927 
7.05328 -7.26087 8.48842 -1.36706 0.233297 11.1928 
7.1033 -7.50462 8.99048 -1.40844 0.212053 11.7327 
7.15333 -7.7242 8.9449 -1.4535 0.228156 11.8427 
7.20335 -7.39647 8.78385 -1.39545 0.183884 11.5047 
7.25337 -7.43066 8.95353 -1.4479 0.170015 11.6588 
7.3034 -7.51476 9.00313 -1.44994 0.143411 11.7498 
7.35342 -7.45464 9.06742 -1.45836 0.173018 11.7612 
7.40344 -7.4166 9.14037 -1.46796 0.230083 11.7946 
7.45346 -7.41613 8.72278 -1.50858 0.261338 11.4749 
7.50349 -7.12051 8.93406 -1.45437 0.208616 11.4482 
7.55351 -7.17505 9.20403 -1.45716 0.222404 11.6935 
7.60353 -7.23881 8.97351 -1.48034 0.212981 11.5535 
7.65356 -7.19602 8.90644 -1.46093 0.231077 11.4741 
7.70358 -7.12403 8.91972 -1.47612 0.173025 11.4398 
7.7536 -7.42324 9.32176 -1.52299 0.169434 11.9409 
7.80363 -7.1112 9.45328 -1.49127 0.144685 11.8534 
7.85365 -7.10359 9.09576 -1.50178 0.172141 11.5658 
7.90367 -7.51078 9.27671 -1.57683 0.235027 11.9627 
7.9537 -7.14168 9.34147 -1.53816 0.240042 11.7845 
8.00372 -6.93101 9.15477 -1.50534 0.23258 11.5079 
8.05374 -7.00295 9.43875 -1.54138 0.22434 11.7791 
8.10377 -6.92251 9.42352 -1.5132 0.192734 11.7178 
8.15379 -6.96423 9.53462 -1.52797 0.185934 11.8322 
8.20381 -6.90424 9.43405 -1.52625 0.169961 11.716 
8.25384 -7.15776 9.64232 -1.58478 0.1592 12.035 
8.30386 -6.8252 9.40399 -1.54006 0.1759 11.6456 
8.35388 -7.01411 9.71001 -1.58302 0.214599 12.0049 
8.40391 -7.26628 10.007 -1.62768 0.246499 12.3942 
8.45393 -6.87954 9.90098 -1.59619 0.234847 12.0834 
8.50395 -6.91973 9.66284 -1.57304 0.235823 11.9116 
8.55398 -6.97354 10.1091 -1.61106 0.219291 12.3079 
8.604 -7.07178 9.96638 -1.61204 0.224238 12.2475 
8.65402 -7.0947 10.3612 -1.63385 0.231574 12.5845 
8.70405 -6.72362 9.86397 -1.55885 0.196703 11.9634 
8.75407 -6.82391 10.5923 -1.60165 0.17919 12.6258 
8.80409 -6.52703 9.96862 -1.5545 0.141706 11.9409 
8.85412 -6.5662 10.2107 -1.57402 0.186252 12.1656 
8.90414 -6.6706 10.2269 -1.60479 0.225624 12.237 
8.95416 -6.72126 10.3616 -1.63616 0.223026 12.3783 
9.00419 -6.68874 10.1857 -1.65354 0.213351 12.2142 
9.05421 -6.34175 10.3066 -1.58202 0.199248 12.1275 
9.10423 -6.31955 10.1449 -1.59706 0.20919 11.9794 
9.15426 -6.82005 10.6689 -1.67819 0.231248 12.6909 
9.20428 -6.4866 10.1219 -1.63307 0.248319 12.0507 
9.2543 -6.48289 10.546 -1.62898 0.223641 12.4065 
9.30433 -6.3726 10.2461 -1.62579 0.155815 12.0941 
9.35435 -6.29318 10.5721 -1.63241 0.155834 12.3307 
9.40437 -6.39762 10.4222 -1.63674 0.148649 12.2568 
9.4544 -6.23336 10.7728 -1.65557 0.191574 12.4742 
9.50442 -6.36837 10.4705 -1.66331 0.213564 12.2848 
9.55444 -6.26015 10.8501 -1.67998 0.196636 12.5551 
9.60446 -6.24545 10.7823 -1.66672 0.168398 12.4887 
9.65449 -6.13053 10.9253 -1.66194 0.177346 12.5555 
9.70451 -5.96467 10.6074 -1.65296 0.207463 12.198 
9.75453 -5.96756 10.8776 -1.66373 0.206278 12.4352 
9.80456 -5.88898 10.7084 -1.63724 0.197856 12.2487 
9.85458 -5.83234 10.7778 -1.66217 0.184955 12.2833 
9.9046 -5.87765 10.7469 -1.66943 0.195993 12.2785 
9.95463 -5.93897 11.2409 -1.70228 0.183076 12.7425 
10.0047 -6.11 11.2235 -1.73114 0.151518 12.8089 
10.0547 -5.99891 11.6465 -1.73111 0.128563 13.1295 
10.1047 -6.33331 11.7997 -1.79177 0.161061 13.4221 
10.1547 -6.60059 12.3105 -1.84558 0.189791 13.9991 
10.2047 -6.53902 12.7081 -1.87009 0.193779 14.3227 
10.2548 -7.13479 13.4809 -1.94727 0.188509 15.2843 
10.3048 -6.99129 13.4461 -1.95885 0.196199 15.1876 
10.3548 -7.19767 13.9859 -1.98138 0.211044 15.7616 
10.4048 -7.27693 13.8258 -2.00477 0.242743 15.657 
10.4549 -7.03487 13.5899 -1.99316 0.238765 15.3358 
10.5049 -7.00633 13.835 -1.98008 0.236527 15.5421 
10.5549 -7.17115 13.8684 -2.02332 0.237334 15.6468 
10.6049 -6.9683 13.5445 -2.02476 0.243342 15.2676 
10.655 -7.00915 13.8256 -2.03642 0.253035 15.5366 
10.705 -6.71207 13.4341 -2.01777 0.267319 15.0539 
10.755 -6.97734 13.8416 -2.07526 0.270098 15.5377 
10.805 -7.05423 14.1004 -2.11039 0.254291 15.8037 
10.855 -6.73328 13.8565 -2.06318 0.230509 15.4426 
10.9051 -6.87208 14.0755 -2.10316 0.225089 15.7003 
10.9551 -6.82153 14.0367 -2.10563 0.235124 15.6433 
11.0051 -7.01968 14.4002 -2.1346 0.223678 16.0578 
11.0551 -6.95898 14.3481 -2.16891 0.231499 15.9839 
11.1052 -6.98925 14.7413 -2.17721 0.216068 16.3513 
11.1552 -7.4308 15.0847 -2.2881 0.232111 16.8568 
11.2052 -7.1095 15.2354 -2.23592 0.215677 16.8522 
11.2552 -7.11911 14.9585 -2.2566 0.243509 16.6067 
11.3053 -7.38468 15.7707 -2.33938 0.222664 17.4549 
11.3553 -7.04713 15.0402 -2.32044 0.229802 16.653 
11.4053 -7.14474 15.7813 -2.34056 0.196236 17.3646 
11.4553 -7.13432 15.1792 -2.36217 0.224206 16.8154 
11.5053 -7.25351 15.7818 -2.39419 0.204923 17.411 
11.5554 -7.359 15.48 -2.46199 0.236964 17.185 
11.6054 -7.03076 15.9599 -2.42467 0.206691 17.4828 
11.6554 -7.12113 15.2586 -2.43378 0.222256 16.884 
11.7054 -6.76121 15.837 -2.4163 0.184319 17.2645 
11.7555 -6.80991 15.0461 -2.44571 0.203788 16.562 
11.8055 -7.12548 16.1855 -2.52355 0.182996 17.7304 
11.8555 -6.75024 15.018 -2.48112 0.229138 16.5131 
11.9055 -6.95391 16.151 -2.53396 0.204225 17.632 
11.9556 -6.79391 15.076 -2.509 0.233254 16.585 
12.0056 -6.71499 16.0733 -2.55024 0.205514 17.4672 
12.0556 -6.46601 14.7221 -2.5123 0.243254 16.1296 
12.1056 -6.36594 15.8427 -2.52085 0.211362 17.1214 
12.1557 -6.04668 14.4695 -2.48923 0.252929 15.7327 
12.2057 -6.23593 15.7015 -2.55255 0.22006 16.9436 
12.2557 -6.12211 14.7449 -2.54572 0.266939 16.0169 
12.3057 -6.1145 15.6645 -2.56023 0.221251 16.8648 
12.3557 -5.88574 14.4261 -2.56461 0.261101 15.6341 
12.4058 -6.22588 15.843 -2.64375 0.23574 17.0741 
12.4558 -6.01897 14.7444 -2.63777 0.287832 15.9809 
12.5058 -6.05902 15.6603 -2.66946 0.243527 16.8451 
12.5558 -6.08352 14.9286 -2.70974 0.292753 16.1778 
12.6059 -5.79592 15.7504 -2.70167 0.224844 16.8375 
12.6559 -6.32229 15.3074 -2.80092 0.288424 16.6215 
12.7059 -5.84963 15.8711 -2.77134 0.250812 16.9719 
12.7559 -6.20216 15.1683 -2.84362 0.290339 16.4496 
12.806 -6.08133 16.2034 -2.86428 0.246984 17.3667 
12.856 -5.96843 14.9985 -2.88394 0.286781 16.2074 
12.906 -5.91074 16.082 -2.92704 0.270162 17.1967 
12.956 -6.30565 15.6239 -3.01665 0.315812 16.9165 
13.006 -5.73451 16.0234 -2.9498 0.26166 17.0829 
13.0561 -6.1628 15.5155 -3.03568 0.306424 16.7641 
13.1061 -5.83857 16.3056 -3.03842 0.276659 17.3865 
13.1561 -6.30646 15.5387 -3.13591 0.344139 16.8438 
13.2061 -5.87125 16.3621 -3.12817 0.290258 17.4543 
13.2562 -5.97033 15.3736 -3.17122 0.329292 16.5693 
13.3062 -5.98001 16.6265 -3.20616 0.304029 17.7428 
13.3562 -6.32085 15.76 -3.30146 0.366824 17.0614 
13.4062 -6.08799 16.6944 -3.32492 0.322184 17.8481 
13.4563 -6.00748 15.8184 -3.3696 0.370062 17.0056 
13.5063 -6.1113 16.9664 -3.42738 0.335979 18.1159 
13.5563 -6.00123 15.7069 -3.47991 0.386467 16.9055 
13.6063 -6.18038 16.8475 -3.57645 0.37578 18.0356 
13.6563 -6.18893 15.6639 -3.61883 0.426174 16.9414 
13.7064 -5.93093 16.8257 -3.69195 0.381408 17.9368 
13.7564 -6.15269 15.739 -3.76774 0.434396 17.0051 
13.8064 -5.95167 16.8994 -3.84409 0.411656 18.0208 
13.8564 -6.49716 16.291 -3.9795 0.462852 17.6525 
13.9065 -5.67775 16.5896 -3.97841 0.443509 17.6483 
13.9565 -6.47182 16.1516 -4.14766 0.501692 17.5261 
14.0065 -6.29306 16.9158 -4.19071 0.482308 18.1721 
14.0565 -6.13309 16.0654 -4.27514 0.534309 17.3328 
14.1066 -5.33534 16.2018 -4.2089 0.499512 17.1916 
14.1566 -5.64951 15.7398 -4.31489 0.557444 16.866 
14.2066 -5.49455 16.5134 -4.28337 0.521991 17.5389 
14.2566 -5.95112 16.0256 -4.37418 0.559001 17.2388 
14.3067 -5.80969 16.424 -4.39724 0.548555 17.5652 
14.3567 -5.97712 15.5724 -4.50762 0.60041 16.8397 
14.4067 -5.79173 16.5082 -4.57402 0.579728 17.649 
14.4567 -5.44347 15.4358 -4.58011 0.619632 16.5323 
14.5067 -5.5459 16.2387 -4.6661 0.607012 17.3225 
14.5568 -5.60766 15.4046 -4.70445 0.641764 16.5682 
14.6068 -5.61322 16.1407 -4.80397 0.655273 17.2607 
14.6568 -5.75533 15.6053 -4.83857 0.676051 16.8117 
14.7068 -5.78855 16.1982 -4.93706 0.686895 17.3841 
14.7569 -5.85726 15.6879 -5.02996 0.70747 16.94 
14.8069 -5.64515 15.6833 -5.10747 0.74208 16.8691 
14.8569 -5.65246 15.7065 -5.19096 0.756064 16.9011 
14.9069 -5.71766 15.6657 -5.22675 0.766859 16.8888 
14.957 -5.7659 15.6614 -5.29075 0.773847 16.9056 
15.007 -5.99919 15.9542 -5.39587 0.784168 17.2677 
15.057 -5.92346 15.7284 -5.5074 0.812074 17.0422 
15.107 -5.43793 15.2595 -5.5133 0.823371 16.4434 
15.157 -5.86026 15.9303 -5.62675 0.841233 17.2149 
15.2071 -5.8272 15.2982 -5.67727 0.858969 16.6258 
15.2571 -6.17396 15.9433 -5.79845 0.865875 17.3527 
15.3071 -6.16321 15.563 -5.88897 0.893652 17.005 
15.3571 -7.36918 17.8207 -6.13247 0.912411 19.5368 
15.4072 -8.69833 18.6588 -6.33728 0.955505 20.8418 
15.4572 -8.85978 19.5455 -6.40116 0.956549 21.7054 
15.5072 -10.0003 19.6802 -6.58992 0.998737 22.3306 
15.5572 -9.55795 19.7903 -6.66391 0.992748 22.2388 
15.6073 -9.36319 18.8015 -6.75199 1.06127 21.2855 
15.6573 -9.59293 19.7 -6.86348 1.02874 22.1898 
15.7073 -9.04703 18.096 -6.89369 1.06127 20.5352 
15.7573 -8.97487 19.0368 -6.95721 1.03805 21.343 
15.8073 -8.7939 17.5146 -7.01683 1.11715 19.9241 
15.8574 -8.76564 18.9123 -7.14436 1.10543 21.1623 
15.9074 -8.37899 16.9908 -7.17914 1.17428 19.2982 
15.9574 -8.83209 18.9364 -7.30891 1.12299 21.2234 
16.0074 -8.51131 16.904 -7.34249 1.2087 19.2937 
16.0575 -8.52917 18.4408 -7.45087 1.16494 20.6692 
16.1075 -8.40152 16.6671 -7.51747 1.27709 19.0562 
16.1575 -8.56374 18.469 -7.62072 1.23005 20.7253 
16.2075 -8.31809 16.3069 -7.6573 1.33487 18.7169 
16.2576 -7.98384 17.9808 -7.70622 1.26862 20.0612 
16.3076 -8.05307 15.7602 -7.8047 1.35188 18.1395 
16.3576 -7.86728 17.8478 -7.84121 1.27963 19.9081 
16.4076 -8.08528 15.7933 -7.93678 1.39682 18.1978 
16.4577 -8.04913 17.8199 -8.01834 1.34974 19.9742 
16.5077 -8.46182 15.9695 -8.1723 1.46365 18.5479 
16.5577 -8.68682 18.5378 -8.32443 1.38121 20.905 
16.6077 -8.49272 15.6313 -8.42192 1.50311 18.2998 
16.6577 -9.01046 18.7167 -8.56829 1.43641 21.2228 
16.7078 -8.97783 16.1148 -8.60919 1.56451 18.9609 
16.7578 -9.07427 18.7235 -8.74199 1.49535 21.2753 
16.8078 -8.93274 15.6833 -8.83952 1.62523 18.6011 
16.8578 -8.52426 17.9693 -8.91938 1.53171 20.3977 
16.9079 -8.44401 15.1952 -8.97046 1.64189 17.9722 
16.9579 -8.38735 17.818 -9.03235 1.55417 20.2198 
17.0079 -8.40867 14.9853 -9.09107 1.70328 17.7952 
17.0579 -8.48816 17.802 -9.20093 1.59542 20.2674 
17.108 -8.3953 14.9532 -9.27534 1.7228 17.7856 
17.158 -8.49404 17.9653 -9.38969 1.59667 20.4348 
17.208 -8.31271 14.5992 -9.43484 1.75265 17.4716 
17.258 -8.75468 17.5971 -9.56976 1.68163 20.2463 
17.308 -8.34517 14.2203 -9.68318 1.83031 17.2091 
17.3581 -8.50869 17.4242 -9.81439 1.7403 20.0214 
17.4081 -8.08092 13.9296 -9.8379 1.83917 16.8641 
17.4581 -8.14862 17.0133 -9.88154 1.75038 19.5211 
17.5081 -8.67895 14.2519 -10.0198 1.90099 17.4489 
17.5582 -8.16358 16.2542 -10.1031 1.80641 18.8998 
17.6082 -7.78608 13.3676 -10.1645 1.94173 16.3153 
17.6582 -6.81114 15.507 -10.1186 1.85062 17.7025 
17.7082 -7.05225 12.2709 -10.2221 1.98048 15.0845 
17.7583 -6.97403 14.8392 -10.3554 1.89798 17.2241 
17.8083 -7.1425 12.5241 -10.4375 2.02714 15.3693 
17.8583 -6.85602 14.5604 -10.5091 1.91837 16.9616 
17.9083 -6.66496 11.8126 -10.5939 2.05066 14.6 
17.9583 -7.06899 14.1188 -10.7398 1.9916 16.7134 
18.0084 -6.96821 12.3329 -10.8158 2.0951 15.2038 
18.0584 -6.61781 13.5877 -10.8423 2.03123 16.0954 
18.1084 -6.97087 12.3382 -10.9682 2.1245 15.2372 
18.1584 -6.81655 13.662 -11.0876 2.08194 16.2854 
18.2085 -6.99864 11.8094 -11.2424 2.20108 14.8813 
18.2585 -6.46494 12.919 -11.2704 2.13441 15.5489 
18.3085 -6.11512 11.2864 -11.2136 2.17811 14.0602 
18.3585 -6.00759 12.7722 -11.2319 2.1145 15.2352 
18.4086 -6.53525 11.3451 -11.3455 2.19232 14.3204 
18.4586 -6.53708 12.3634 -11.4552 2.15697 15.1602 
18.5086 -6.22201 11.272 -11.5675 2.24361 14.1694 
18.5586 -5.77786 11.5073 -11.58 2.21027 14.17 
18.6087 -6.61601 11.191 -11.6721 2.25321 14.3022 
18.6587 -6.44149 12.18 -11.7743 2.24275 15.0298 
18.7087 -6.63358 11.1898 -11.8536 2.30487 14.3529 
18.7587 -6.57466 12.0773 -11.9367 2.26957 15.0428 
18.8087 -6.50035 11.1973 -11.9893 2.34386 14.3226 
18.8588 -6.58074 11.8633 -12.0019 2.29794 14.8802 
18.9088 -6.35915 10.8192 -12.0265 2.34371 13.9702 
18.9588 -6.38119 11.3864 -12.0829 2.34032 14.4323 
19.0088 -6.76167 11.2216 -12.1315 2.3521 14.4876 
19.0589 -6.46377 11.1956 -12.2507 2.39518 14.3597 
19.1089 -6.64372 10.7891 -12.3457 2.42725 14.1522 
19.1589 -6.84792 11.2525 -12.4908 2.43849 14.6318 
19.2089 -6.30081 10.8269 -12.4669 2.44165 14.0467 
19.259 -7.13522 11.7384 -12.588 2.44103 15.161 
19.309 -6.61137 11.2949 -12.6668 2.47244 14.5918 
19.359 -6.59172 11.0237 -12.7374 2.48827 14.3918 
19.409 -6.92877 11.2807 -12.7421 2.47514 14.7458 
19.459 -6.2053 10.8552 -12.6711 2.47316 14.0728 
19.5091 -6.53659 11.2727 -12.6849 2.48263 14.5457 
19.5591 -6.56723 10.966 -12.7082 2.49609 14.3297 
19.6091 -6.39133 10.8743 -12.7211 2.49988 14.1822 
19.6591 -6.88626 11.3364 -12.8667 2.49309 14.7947 
19.7092 -6.02673 10.6095 -12.8793 2.52929 13.8557 
19.7592 -6.34567 10.5963 -12.9115 2.5184 13.9925 
19.8092 -6.68781 11.0375 -12.9697 2.53791 14.4998 
19.8592 -6.46888 10.4339 -13.0463 2.57772 13.9633 
19.9093 -6.38113 10.7326 -13.1255 2.59484 14.17 
19.9593 -6.49006 10.5631 -13.2118 2.60881 14.1083 
20.0093 -5.42989 10.838 -13.0854 2.61372 13.8388 
20.0593 -3.72169 9.25084 -12.421 2.51876 11.8152 
20.1093 -7.23569 12.7254 -12.3215 2.39259 15.9273 
20.1594 -5.21056 11.0517 -12.2475 2.43152 13.7216 
20.2094 -3.89107 10.1453 -12.1768 2.44432 12.5156 
20.2594 -5.20021 11.3918 -12.0577 2.40082 13.9504 
20.3094 -5.35205 11.4744 -12.1216 2.39854 14.0884 
20.3595 -4.26278 10.3461 -12.1489 2.45672 12.7916 
20.4095 -5.18069 11.3723 -12.0895 2.40337 13.9342 
20.4595 -5.38836 11.3847 -12.0935 2.39604 14.0231 
20.5095 -4.33255 10.6447 -12.0834 2.42001 13.0403 
20.5596 -4.83883 10.9994 -12.0204 2.41189 13.49 
20.6096 -5.34137 11.682 -12.0278 2.3866 14.2335 
20.6596 -4.54028 10.6725 -12.0449 2.41947 13.1246 
20.7096 -4.76438 11.2801 -11.9953 2.39831 13.6878 
20.7597 -5.25555 11.2674 -11.9991 2.40141 13.8569 
20.8097 -4.53504 10.9504 -12.0196 2.40144 13.3433 
20.8597 -4.6119 10.9099 -11.9686 2.40604 13.325 
20.9097 -4.94869 11.4334 -11.9657 2.37589 13.8715 
20.9597 -4.52396 10.6253 -12.0156 2.40266 13.0729 
21.0098 -4.72628 11.1558 -12.0029 2.39552 13.5736 
21.0598 -5.07292 11.1758 -11.9728 2.3907 13.7077 
21.1098 -4.51931 11.0728 -11.9271 2.38889 13.4173 
21.1598 -4.57238 10.7857 -11.918 2.39774 13.198 
21.2099 -4.93054 11.3493 -11.9199 2.36975 13.7856 
21.2599 -4.5525 10.8242 -11.9197 2.39748 13.2229 
21.3099 -4.42985 11.1186 -11.8868 2.3762 13.4157 
21.3599 -4.79347 10.9578 -11.8976 2.3839 13.4112 
21.41 -4.61493 11.16 -11.9082 2.37811 13.5169 
21.46 -4.49258 10.7074 -11.8884 2.39313 13.0995 
