0 0 0 0 0 0 
0.0500465 0.91761 -2.19711 0.135123 0.0590229 2.38132 
0.100093 -0.126799 -0.282224 0.163243 0.019822 0.315148 
0.15014 -0.460865 -1.50894 -0.0837448 0.160664 1.56897 
0.200186 0.625848 -0.468583 0.0288412 0.0793918 0.790271 
0.250233 -0.224512 -1.83145 -0.000901107 0.1124 1.85692 
0.300279 -0.00466118 -0.32068 -0.0135673 0.0364862 0.32139 
0.350326 0.578324 -2.25439 0.0198285 0.110227 2.32841 
0.400372 -0.178914 -0.325316 0.0168565 0.0661509 0.373683 
0.450419 0.133431 -2.03163 -0.000437918 0.125312 2.03928 
0.500465 0.439828 -0.642922 0.0205484 0.0550321 0.798197 
0.550512 -0.346786 -1.7347 -0.0263482 0.114596 1.79209 
0.600558 0.0327855 -0.389942 -0.0206594 0.0636569 0.392274 
0.650605 0.422362 -2.16177 0.0246172 0.123057 2.20523 
0.700651 -0.148036 -0.582855 0.00158313 0.0656628 0.60788 
0.750698 0.188563 -1.99142 -0.0109963 0.121328 2.0066 
0.800744 0.232113 -0.585055 0.00815479 0.070222 0.647487 
0.850791 -0.141342 -1.78009 -0.0111223 0.124756 1.79936 
0.900837 0.12069 -0.627743 -0.0138194 0.0785087 0.6397 
0.950884 0.181311 -1.89965 0.00455313 0.117926 1.90739 
1.00093 -0.159651 -0.487033 -0.0221081 0.0816397 0.574039 
1.05098 0.104601 -1.57359 -0.0251031 0.126656 1.5849 
1.10102 0.0151307 -0.599927 -0.0108913 0.0791833 0.59602 
1.15107 -0.17093 -1.55042 -0.0398169 0.128283 1.56334 
1.20112 0.0521173 -0.583022 -0.0262912 0.0980825 0.597207 
1.25116 0.0481729 -1.52388 -0.0175466 0.126756 1.53346 
1.30121 -0.115226 -0.723152 -0.0311966 0.0908367 0.752286 
1.35126 -0.0197428 -1.46279 -0.048407 0.115386 1.47004 
1.4013 -0.145478 -0.733282 -0.0516042 0.094752 0.794546 
1.45135 -0.0388655 -1.43247 -0.0395793 0.115443 1.4335 
1.5014 0.146465 -0.983677 -0.0259298 0.0985464 1.01545 
1.55144 -0.0670495 -1.11626 -0.0677754 0.113125 1.43493 
1.60149 2.78488 -1.41779 0.388232 0.0425728 3.22372 
1.65153 1.3123 -1.61482 0.442477 0.0641276 2.03276 
1.70158 -1.57374 -0.292116 0.175123 0.0556229 2.07158 
1.75163 -0.210775 -1.80801 0.384997 0.0587598 1.81511 
1.80167 -1.3081 0.384729 0.0548695 0.0721816 1.58479 
1.85172 0.383689 -0.21447 0.194804 0.0261241 1.17374 
1.90177 -0.791533 0.272077 0.138333 0.00145658 1.54935 
1.95181 -1.40428 0.0155032 0.0878139 0.0199355 1.62705 
2.00186 -2.12821 0.312514 -0.041161 0.0927261 2.37137 
2.05191 -1.7912 1.1758 0.00149259 0.100309 2.2095 
2.10195 -1.51629 0.86974 0.0341161 0.125995 1.80326 
2.152 -2.14181 1.47955 0.0624837 0.0729821 2.72258 
2.20205 -2.13954 0.852066 0.00847489 0.0418995 2.42748 
2.25209 -2.61907 2.05184 -0.0384925 -0.00957668 3.46324 
2.30214 -2.41962 1.1392 -0.0498067 0.0155295 2.76855 
2.35219 -3.05119 2.13184 -0.186475 0.0511703 3.81209 
2.40223 -3.17315 1.45525 -0.203045 0.147494 3.57777 
2.45228 -3.07319 2.12713 -0.178627 0.118252 3.82443 
2.50233 -3.2964 1.4839 -0.224038 0.191151 3.69441 
2.55237 -3.3293 2.44312 -0.184682 0.141617 4.18031 
2.60242 -3.19234 1.6914 -0.161215 0.111228 3.68245 
2.65247 -3.52526 3.16698 -0.270704 0.0160653 4.76503 
2.70251 -3.93642 1.81795 -0.33289 0.0798423 4.37415 
2.75256 -3.93914 2.93617 -0.333786 0.125907 4.93912 
2.8026 -4.05637 1.51722 -0.361023 0.222544 4.3814 
2.85265 -4.04195 3.52354 -0.337833 0.181989 5.37069 
2.9027 -4.46057 2.01211 -0.299707 0.224931 4.91237 
2.95274 -4.18141 3.28597 -0.269629 0.126431 5.33692 
3.00279 -4.34089 2.09229 -0.377728 0.13231 4.8333 
3.05284 -4.54698 3.60481 -0.450241 0.0495019 5.81916 
3.10288 -5.25893 1.97428 -0.505826 0.153239 5.64045 
3.15293 -4.75653 4.07802 -0.533001 0.122329 6.28017 
3.20298 -4.52974 1.8777 -0.49475 0.226354 4.9102 
3.25302 -4.71626 4.16036 -0.446661 0.170097 6.29951 
3.30307 -4.72765 1.92713 -0.374219 0.226315 5.11617 
3.35312 -5.35998 4.45035 -0.528148 0.12279 6.97226 
3.40316 -5.52854 2.46831 -0.564516 0.160705 6.06229 
3.45321 -5.19981 4.68435 -0.537999 0.0406885 7.00429 
3.50326 -5.61694 2.80977 -0.549548 0.172721 6.28759 
3.5533 -5.47915 5.1454 -0.637412 0.164674 7.52376 
3.60335 -5.69458 3.09481 -0.666904 0.25797 6.49122 
3.6534 -5.89874 5.72706 -0.732796 0.217327 8.23074 
3.70344 -5.31728 2.64489 -0.548284 0.222254 5.94939 
3.75349 -5.99527 4.75666 -0.533286 0.0614877 7.65871 
3.80353 -6.15879 3.99702 -0.558576 0.10081 7.34904 
3.85358 -5.84263 5.63538 -0.580808 0.0613198 8.12493 
3.90363 -6.21809 3.67009 -0.627599 0.234981 7.23249 
3.95367 -5.96363 5.4921 -0.631495 0.190578 8.10886 
4.00372 -6.50021 3.94234 -0.68812 0.310274 7.61782 
4.05377 -6.19561 5.36622 -0.683052 0.206832 8.20444 
4.10381 -6.27131 3.81207 -0.669947 0.20493 7.35353 
4.15386 -6.22323 5.49619 -0.660011 0.038249 8.32528 
4.20391 -6.33937 4.52004 -0.64487 0.116315 7.7978 
4.25395 -6.56078 6.25311 -0.714955 0.148962 9.08973 
4.304 -6.50447 4.33346 -0.742978 0.272898 7.84445 
4.35405 -6.57156 5.84531 -0.743112 0.238382 8.81165 
4.40409 -6.43933 4.32025 -0.727064 0.294319 7.78635 
4.45414 -6.72598 5.65848 -0.707052 0.190141 8.80411 
4.50419 -6.73692 5.06296 -0.715953 0.183405 8.45137 
4.55423 -6.50491 6.0696 -0.754422 0.119794 8.9229 
4.60428 -6.73785 4.79137 -0.757065 0.185058 8.29733 
4.65433 -6.73168 5.62105 -0.808717 0.197963 8.79099 
4.70437 -6.52455 4.6025 -0.855887 0.293047 8.02482 
4.75442 -6.96261 6.05648 -0.931921 0.290638 9.27001 
4.80446 -6.76926 4.85231 -0.876195 0.308231 8.36177 
4.85451 -7.42281 6.41605 -0.899253 0.214442 9.83935 
4.90456 -7.0401 5.47411 -0.888523 0.124711 8.99112 
4.9546 -6.68122 6.12457 -0.839702 0.103099 9.10712 
5.00465 -7.50943 6.10146 -1.01199 0.231052 9.71519 
5.0547 -7.4422 6.25553 -1.06443 0.28313 9.75961 
5.10474 -7.43614 6.02568 -1.14243 0.362525 9.62064 
5.15479 -7.5867 6.17299 -1.20091 0.31869 9.81605 
5.20484 -7.54934 5.83559 -1.2374 0.313958 9.59119 
5.25488 -7.33682 5.99502 -1.18878 0.217745 9.51636 
5.30493 -7.86614 6.36357 -1.24777 0.192035 10.1555 
5.35498 -7.31034 5.87267 -1.20818 0.212883 9.41915 
5.40502 -8.09155 6.80566 -1.38984 0.30444 10.6341 
5.45507 -7.70662 5.97787 -1.40162 0.375362 9.81191 
5.50512 -7.79803 6.441 -1.44648 0.393608 10.1692 
5.55516 -7.84983 6.18269 -1.47437 0.390888 10.0478 
5.60521 -7.83752 6.35754 -1.42459 0.286778 10.1501 
5.65526 -8.10346 6.20465 -1.50902 0.270153 10.2731 
5.7053 -7.83578 6.68681 -1.49195 0.236767 10.3518 
5.75535 -8.03222 6.34135 -1.60439 0.344953 10.2934 
5.8054 -8.09986 7.32873 -1.61844 0.36922 10.9787 
5.85544 -8.34588 6.34295 -1.61231 0.421164 10.5412 
5.90549 -8.03047 7.08298 -1.61553 0.400127 10.7636 
5.95553 -8.06741 6.4454 -1.574 0.371876 10.3757 
6.00558 -7.62652 6.84662 -1.50349 0.278899 10.3056 
6.05563 -8.50651 6.54896 -1.61984 0.292604 10.799 
6.10567 -8.2664 7.36102 -1.66243 0.246301 11.1189 
6.15572 -8.26353 6.26876 -1.7354 0.360895 10.4251 
6.20577 -8.52831 8.15576 -1.77141 0.368917 11.8431 
6.25581 -8.633 6.95619 -1.81644 0.411246 11.1401 
6.30586 -8.68171 8.93622 -1.82128 0.365544 12.5068 
6.35591 -8.28172 6.83005 -1.69405 0.398626 10.7875 
6.40595 -8.44882 8.28017 -1.6895 0.291473 11.8692 
6.456 -8.57673 7.42199 -1.72615 0.303826 11.3817 
6.50605 -8.82417 8.74396 -1.813 0.259362 12.4615 
6.55609 -8.66829 6.95666 -1.88328 0.389119 11.1669 
6.60614 -9.14756 9.11342 -1.99221 0.383279 12.959 
6.65619 -8.56618 6.71235 -1.85302 0.439311 10.9316 
6.70623 -8.65789 8.94245 -1.86774 0.352665 12.4885 
6.75628 -8.47258 7.25112 -1.82195 0.439131 11.194 
6.80633 -8.54399 9.21839 -1.84083 0.284835 12.6051 
6.85637 -8.29444 7.20545 -1.80247 0.377175 11.0296 
6.90642 -8.55781 9.54145 -1.82102 0.241884 12.851 
6.95646 -8.4683 7.01974 -1.85564 0.362737 11.0412 
7.00651 -8.9802 9.3045 -2.00123 0.371284 12.9713 
7.05656 -8.64546 7.22048 -1.90132 0.469286 11.306 
7.1066 -8.21808 9.65254 -1.84221 0.366109 12.7122 
7.15665 -8.65664 7.33912 -1.86179 0.42081 11.3891 
7.2067 -8.54748 9.70386 -1.8819 0.330627 12.967 
7.25674 -8.50739 7.24361 -1.8777 0.386854 11.2153 
7.30679 -8.64204 9.7044 -1.95744 0.30881 13.0323 
7.35684 -8.38878 7.44937 -1.90286 0.354912 11.2619 
7.40688 -8.26798 9.78643 -1.9078 0.305718 12.8499 
7.45693 -8.8601 7.69958 -1.99132 0.452759 11.785 
7.50698 -8.2956 9.68283 -1.93426 0.381895 12.7918 
7.55702 -8.65018 8.06407 -2.02012 0.477517 11.8768 
7.60707 -8.40093 10.0945 -1.95448 0.388529 13.1783 
7.65712 -8.56187 7.7131 -1.99198 0.430897 11.5734 
7.70716 -8.51409 9.6299 -2.00073 0.326934 12.9019 
7.75721 -8.50022 7.85615 -2.01768 0.399158 11.6271 
7.80726 -8.50776 9.65089 -2.01712 0.287453 12.9085 
7.8573 -8.38477 8.07217 -2.01711 0.389148 11.6985 
7.90735 -8.47504 10.3112 -2.05639 0.35972 13.4034 
7.9574 -8.81016 8.14881 -2.08032 0.462006 12.0611 
8.00744 -8.1712 9.28049 -2.03465 0.384384 12.4173 
8.05749 -8.44021 8.30316 -2.08471 0.437002 11.904 
8.10753 -8.30346 9.79775 -2.08907 0.35993 12.8998 
8.15758 -8.35607 8.47518 -2.04031 0.405231 11.9594 
8.20763 -8.1786 9.84354 -2.0583 0.325505 12.8613 
8.25767 -8.46335 8.49306 -2.09205 0.377426 12.0493 
8.30772 -8.29255 9.90898 -2.10567 0.3032 12.9811 
8.35777 -8.29033 8.82514 -2.08321 0.382047 12.1785 
8.40781 -8.55762 10.1441 -2.15231 0.398343 13.3346 
8.45786 -8.38916 9.20132 -2.1441 0.448005 12.516 
8.50791 -8.11302 9.88245 -2.12731 0.40126 12.8566 
8.55795 -8.0988 9.44403 -2.12531 0.43113 12.5013 
8.608 -8.44128 9.75491 -2.16333 0.418451 12.9675 
8.65805 -8.54392 9.7642 -2.22869 0.467159 13.0386 
8.70809 -8.17287 9.81943 -2.15286 0.412565 12.8426 
8.75814 -7.91073 9.41715 -2.12038 0.355889 12.3701 
8.80819 -8.09268 9.93973 -2.14045 0.323385 12.8879 
8.85823 -8.24569 9.50651 -2.18029 0.355945 12.6626 
8.90828 -8.02757 9.78333 -2.19001 0.397171 12.7253 
8.95833 -8.12035 9.99727 -2.20033 0.419368 12.9475 
9.00837 -8.2106 9.93764 -2.24466 0.433485 12.9678 
9.05842 -7.66588 9.4918 -2.15661 0.401786 12.267 
9.10847 -7.61145 9.25356 -2.17293 0.416028 12.049 
9.15851 -7.64938 9.705 -2.14343 0.401808 12.4151 
9.20856 -7.82362 9.51185 -2.19014 0.453127 12.3835 
9.2586 -7.70042 9.91763 -2.20354 0.442218 12.6225 
9.30865 -7.76699 9.22856 -2.20212 0.417579 12.1362 
9.3587 -7.4552 9.97772 -2.19581 0.334675 12.517 
9.40874 -7.55216 9.40961 -2.19179 0.367156 12.1305 
9.45879 -7.72911 10.5173 -2.25247 0.343365 13.1196 
9.50884 -7.36285 8.98524 -2.21932 0.39353 11.6924 
9.55888 -7.26031 10.0884 -2.20397 0.329317 12.4938 
9.60893 -7.49557 9.25557 -2.23325 0.372725 11.9738 
9.65898 -7.34942 10.4751 -2.21524 0.315381 12.8553 
9.70902 -7.1995 9.24502 -2.23167 0.380435 11.7814 
9.75907 -7.4115 10.7027 -2.264 0.363392 13.0777 
9.80912 -7.3232 9.69276 -2.27089 0.424845 12.2096 
9.85916 -7.71065 11.4524 -2.33879 0.375931 13.8615 
9.90921 -7.6405 10.0256 -2.32729 0.428102 12.6682 
9.95926 -7.66697 11.8971 -2.34333 0.368807 14.2078 
10.0093 -7.54533 10.2198 -2.30301 0.401104 12.7626 
10.0593 -7.63036 11.9147 -2.30455 0.325657 14.1991 
10.1094 -7.56399 10.4963 -2.32327 0.377806 12.9968 
10.1594 -7.63416 12.4723 -2.34638 0.297905 14.6752 
10.2095 -7.59853 10.2384 -2.37399 0.400179 12.8107 
10.2595 -7.21635 11.8025 -2.31118 0.336343 13.885 
10.3096 -7.54617 10.3812 -2.3709 0.410336 12.8928 
10.3596 -7.31541 12.3421 -2.35075 0.322088 14.3971 
10.4097 -7.26541 10.3216 -2.36343 0.419712 12.6799 
10.4597 -7.36836 12.353 -2.39265 0.374601 14.4347 
10.5098 -7.33241 10.4932 -2.41232 0.445861 12.8612 
10.5598 -7.11844 12.4417 -2.38292 0.35106 14.3848 
10.6099 -7.28271 10.4387 -2.41743 0.437226 12.7876 
10.6599 -7.26216 12.5763 -2.42693 0.363882 14.5744 
10.71 -7.0535 10.2706 -2.42972 0.479896 12.5208 
10.76 -7.20529 12.7251 -2.46574 0.397803 14.6767 
10.81 -7.00872 10.2889 -2.41038 0.453663 12.5094 
10.8601 -7.32947 13.1485 -2.4998 0.362729 15.1062 
10.9101 -6.87516 10.4152 -2.4445 0.427068 12.5417 
10.9602 -7.09478 13.0005 -2.5047 0.339321 14.8647 
11.0102 -6.57624 10.4512 -2.42412 0.401712 12.4097 
11.0603 -7.11469 13.0317 -2.52203 0.32465 14.9032 
11.1103 -6.87094 10.642 -2.50792 0.403572 12.7326 
11.1604 -6.7031 12.7147 -2.48799 0.31554 14.4292 
11.2104 -6.54152 10.7068 -2.49803 0.404702 12.6132 
11.2605 -6.50302 12.569 -2.48255 0.329195 14.2093 
11.3105 -6.51004 10.8455 -2.48812 0.390103 12.7157 
11.3606 -6.76915 12.9458 -2.54525 0.334921 14.6695 
11.4106 -6.53275 11.0165 -2.56321 0.406944 12.8785 
11.4607 -6.21143 12.5286 -2.54637 0.332919 14.0461 
11.5107 -6.45261 10.9537 -2.58159 0.405892 12.7849 
11.5607 -6.40172 12.5457 -2.59795 0.350482 14.1484 
11.6108 -6.37835 11.29 -2.63157 0.40674 13.0395 
11.6608 -6.29081 12.7804 -2.64376 0.33354 14.313 
11.7109 -6.65337 11.7608 -2.7144 0.405767 13.5847 
11.7609 -6.3133 12.7132 -2.68848 0.355257 14.2613 
11.811 -6.35364 11.361 -2.7182 0.415893 13.096 
11.861 -6.41569 13.019 -2.75315 0.347436 14.5863 
11.9111 -6.24062 11.55 -2.74961 0.400794 13.2077 
11.9611 -6.0521 12.7537 -2.74535 0.363536 14.1902 
12.0112 -5.93614 11.5894 -2.76328 0.40628 13.1046 
12.0612 -6.25029 12.5287 -2.80352 0.377253 14.079 
12.1113 -5.92721 11.8009 -2.7845 0.404939 13.2909 
12.1613 -6.00911 12.6797 -2.82225 0.384951 14.1145 
12.2113 -6.16757 12.1052 -2.86236 0.421081 13.6733 
12.2614 -5.79925 12.343 -2.84246 0.392138 13.7213 
12.3114 -5.81694 11.9973 -2.89261 0.419493 13.4228 
12.3615 -5.76116 12.2546 -2.88007 0.400177 13.6279 
12.4115 -5.71953 12.216 -2.91888 0.417204 13.5817 
12.4616 -5.42871 12.1274 -2.8872 0.41124 13.3801 
12.5116 -6.10545 12.7343 -3.02692 0.425178 14.216 
12.5617 -5.2156 12.092 -2.93694 0.412101 13.2613 
12.6117 -5.68397 12.4876 -3.00999 0.420848 13.8122 
12.6618 -5.81501 12.33 -3.06703 0.439513 13.727 
12.7118 -5.40221 12.5071 -3.04332 0.428848 13.7182 
12.7619 -5.82486 12.4269 -3.15265 0.447701 13.8249 
12.8119 -5.48088 12.6109 -3.13165 0.437173 13.8486 
12.862 -5.61884 12.2121 -3.17844 0.459116 13.5476 
12.912 -5.57875 13.0784 -3.20527 0.434349 14.3166 
12.962 -5.91267 12.5026 -3.292 0.475516 13.9367 
13.0121 -5.05585 12.9457 -3.21235 0.43076 14.0027 
13.0621 -5.36713 12.0434 -3.27296 0.470601 13.3003 
13.1122 -6.05547 13.7427 -3.4059 0.44644 15.1234 
13.1622 -5.42534 12.1669 -3.36304 0.492378 13.4375 
13.2123 -5.43537 13.5866 -3.40768 0.442578 14.7392 
13.2623 -5.50554 12.287 -3.45322 0.495562 13.5842 
13.3124 -5.73077 13.8522 -3.52827 0.459381 15.1015 
13.3624 -5.87318 12.2718 -3.56995 0.533379 13.7292 
13.4125 -5.70044 14.1996 -3.64759 0.481887 15.419 
13.4625 -4.97007 11.6261 -3.55852 0.541855 12.7808 
13.5126 -6.29999 14.5276 -3.82522 0.514761 15.9568 
13.5626 -5.28408 12.0095 -3.71954 0.570249 13.258 
13.6127 -6.04592 14.5118 -3.89904 0.519139 15.845 
13.6627 -5.88804 12.5736 -3.98212 0.615198 14.0289 
13.7127 -5.3491 13.7853 -3.93489 0.534438 14.92 
13.7628 -6.27819 13.014 -4.16075 0.641144 14.6033 
13.8128 -5.68674 14.3265 -4.12622 0.559408 15.5553 
13.8629 -6.1102 12.5407 -4.25896 0.668433 14.1173 
13.9129 -5.86041 14.4751 -4.29384 0.594403 15.7679 
13.963 -5.54077 12.0416 -4.3855 0.708603 13.4394 
14.013 -4.88477 14.1372 -4.34596 0.614227 15.1182 
14.0631 -5.52206 12.1927 -4.46773 0.732344 13.5753 
14.1131 -5.33882 14.3415 -4.43298 0.636518 15.4658 
14.1632 -5.61691 12.1828 -4.51737 0.746389 13.609 
14.2132 -5.49835 14.9732 -4.56047 0.646746 16.1163 
14.2633 -5.74307 12.6421 -4.67054 0.760029 14.0858 
14.3133 -5.34183 14.4774 -4.6624 0.671816 15.6102 
14.3633 -6.15167 12.8431 -4.83719 0.796372 14.4498 
14.4134 -5.52245 14.5634 -4.82978 0.721243 15.7653 
14.4634 -5.51016 12.6108 -4.9142 0.817087 13.9859 
14.5135 -5.5948 14.73 -4.95458 0.747413 15.9551 
14.5635 -5.90225 12.5817 -5.043 0.85023 14.1314 
14.6136 -5.81481 14.7545 -5.09776 0.775253 16.0679 
14.6636 -6.36729 12.787 -5.22981 0.889783 14.529 
14.7137 -6.5323 15.4509 -5.37576 0.816931 16.996 
14.7637 -5.89036 12.6693 -5.41943 0.932296 14.2415 
14.8138 -5.87505 14.7541 -5.48145 0.865266 16.1234 
14.8638 -6.15096 12.5349 -5.53505 0.961864 14.2458 
14.9139 -5.93653 14.577 -5.58091 0.892134 15.9922 
14.9639 -5.78462 12.5933 -5.6213 0.977921 14.1519 
15.014 -6.08825 14.7675 -5.70277 0.906378 16.2381 
15.064 -5.94399 12.494 -5.75738 1.01855 14.145 
15.114 -6.53958 14.906 -5.91937 0.950504 16.5538 
15.1641 -5.7962 12.244 -5.92102 1.04875 13.8814 
15.2141 -6.39879 15.2047 -6.0885 0.981301 16.7864 
15.2642 -5.56769 12.12 -6.02077 1.0645 13.6877 
15.3142 -6.45397 14.2506 -6.19566 1.02446 15.9635 
15.3643 -5.83621 12.5907 -6.20806 1.10239 14.239 
15.4143 -6.07816 14.4745 -6.3198 1.05923 16.0344 
15.4644 -6.30765 12.7035 -6.43524 1.13688 14.5597 
15.5144 -5.79462 13.29 -6.45062 1.1013 14.8758 
15.5645 -6.38429 12.9769 -6.62096 1.16343 14.8551 
15.6145 -6.27047 13.4608 -6.70552 1.15047 15.2484 
15.6646 -6.27757 12.4209 -6.81469 1.19829 14.3546 
15.7146 -6.60076 13.6923 -6.91838 1.17143 15.6174 
15.7647 -6.59242 13.2117 -7.0441 1.22898 15.2038 
15.8147 -5.96489 12.9882 -7.05119 1.24039 14.7442 
15.8647 -6.61414 13.1423 -7.21757 1.2818 15.181 
15.9148 -6.27761 13.167 -7.22978 1.27948 15.0626 
15.9648 -6.6228 12.7655 -7.35996 1.30891 14.8776 
16.0149 -6.41882 13.2189 -7.45615 1.32541 15.1909 
16.0649 -6.27416 12.8128 -7.54218 1.3683 14.7841 
16.115 -6.19305 12.5801 -7.58868 1.38526 14.561 
16.165 -6.45093 12.8021 -7.67671 1.40056 14.8737 
16.2151 -6.25699 12.5606 -7.71561 1.41891 14.5851 
16.2651 -6.70609 13.3155 -7.89187 1.42996 15.4478 
16.3152 -5.76215 11.6844 -7.87818 1.44831 13.6504 
16.3652 -6.51186 13.0721 -8.00967 1.44352 15.1796 
16.4153 -5.99483 11.9034 -8.05462 1.50175 13.9597 
16.4653 -6.58504 12.7192 -8.19159 1.49649 14.9298 
16.5153 -6.93571 12.1387 -8.34601 1.55113 14.6233 
16.5654 -6.42743 12.5103 -8.42265 1.51693 14.7196 
16.6154 -6.65893 11.8573 -8.58482 1.60402 14.2959 
16.6655 -6.26098 12.8382 -8.60394 1.57727 14.9507 
16.7155 -6.91218 11.8988 -8.75156 1.6767 14.4807 
16.7656 -6.48094 12.6929 -8.81572 1.65781 14.9554 
16.8156 -6.85641 11.0785 -8.95699 1.70008 13.8232 
16.8657 -6.54544 12.9057 -9.01358 1.64668 15.1975 
16.9157 -6.38503 10.7695 -9.07147 1.72913 13.3621 
16.9658 -6.34269 12.6336 -9.09843 1.6849 14.8838 
17.0158 -6.87115 11.0026 -9.20845 1.78839 13.8009 
17.0659 -6.47345 12.3933 -9.24907 1.69719 14.7649 
17.1159 -6.29157 10.2295 -9.34066 1.80924 12.9281 
17.166 -6.67279 12.7482 -9.45229 1.73185 15.1785 
17.216 -5.71432 11.239 -8.04856 1.48886 13.296 
17.266 -6.65089 9.94429 -9.62772 1.89545 12.9416 
17.3161 -7.02172 12.5801 -9.83945 1.82829 15.2547 
17.3661 -6.63734 10.5396 -9.96348 1.94035 13.4558 
17.4162 -5.95205 11.9636 -9.91521 1.83439 14.2848 
17.4662 -7.05862 10.4455 -10.025 1.97592 13.6044 
17.5163 -6.23897 12.2127 -10.0617 1.89183 14.6402 
17.5663 -6.72855 9.58934 -10.1957 2.01957 12.8193 
17.6164 -6.52746 11.9238 -10.2732 1.92556 14.5652 
17.6664 -6.16991 9.27636 -10.3043 2.04644 12.3173 
17.7165 -6.53977 12.5919 -10.4181 1.95291 15.1477 
17.7665 -6.26832 9.20497 -10.4501 2.10024 12.3465 
17.8166 -6.99266 12.0666 -10.6422 1.98846 14.9601 
17.8666 -5.94706 8.74185 -10.679 2.13218 11.8927 
17.9167 -6.48635 11.8583 -10.7436 2.02924 14.5802 
17.9667 -6.947 9.58723 -10.8964 2.16057 13.0778 
18.0167 -6.14029 11.1183 -10.9732 2.10149 13.8759 
18.0668 -6.20245 8.48001 -11.0564 2.2024 11.9237 
18.1168 -6.53432 11.652 -11.1028 2.08761 14.5051 
18.1669 -6.48459 8.51338 -11.2223 2.23662 12.1378 
18.2169 -6.27549 11.37 -11.3615 2.18337 14.2201 
18.267 -6.36924 8.76015 -11.4677 2.29104 12.3127 
18.317 -6.08284 10.9235 -11.4275 2.1711 13.793 
18.3671 -6.02442 8.37021 -11.382 2.26531 11.8432 
18.4171 -6.5839 10.9373 -11.5025 2.19601 14.0511 
18.4672 -6.42024 8.53846 -11.6867 2.3321 12.2383 
18.5172 -5.74739 10.2303 -11.6693 2.22882 13.1504 
18.5673 -6.6654 8.96758 -11.7431 2.31298 12.6799 
18.6173 -6.5495 10.4666 -11.8352 2.25443 13.7508 
18.6673 -6.37997 8.3523 -11.9673 2.4058 12.1757 
18.7174 -6.27854 10.4907 -12.0607 2.33092 13.6963 
18.7674 -5.66796 7.85883 -11.9853 2.41335 11.4772 
18.8175 -6.67691 10.5539 -12.0978 2.34259 13.944 
18.8675 -5.43354 7.72947 -12.0777 2.43621 11.2998 
18.9176 -5.99255 9.72107 -12.1909 2.37617 13.0183 
18.9676 -6.21654 8.58201 -12.2856 2.46436 12.3349 
19.0177 -5.53392 9.10382 -12.3243 2.41462 12.3951 
19.0677 -6.15837 8.07671 -12.4375 2.49217 12.005 
19.1178 -6.22486 9.38653 -12.5652 2.45836 12.9835 
19.1678 -6.35345 8.61976 -12.633 2.51136 12.5118 
19.2179 -6.03542 8.46625 -12.6268 2.4891 12.2443 
19.2679 -6.08292 7.98574 -12.7142 2.54377 12.0013 
19.318 -5.7976 8.33609 -12.7665 2.52082 12.0796 
19.368 -6.01808 8.05272 -12.8162 2.55624 12.0083 
19.418 -5.85958 8.53459 -12.8357 2.55836 12.2856 
19.4681 -5.76691 8.01511 -12.8773 2.56668 11.9044 
19.5181 -5.40177 8.4278 -12.886 2.57082 12.0173 
19.5682 -5.4027 7.79443 -12.8589 2.56784 11.5593 
19.6182 -5.94098 8.03869 -12.857 2.55846 11.9948 
19.6683 -6.07352 7.86652 -13.0164 2.5605 11.997 
19.7183 -5.0085 6.9481 -13.0153 2.59107 10.8643 
19.7684 -5.59707 8.12663 -13.0998 2.57713 11.9587 
19.8184 -5.44809 7.64417 -13.1624 2.62879 11.5742 
19.8685 -5.40734 7.63518 -13.2559 2.65448 11.5851 
19.9185 -5.43597 7.09287 -13.3389 2.66445 11.2592 
19.9686 -5.22931 7.21787 -13.3464 2.6587 11.2478 
20.0186 -5.21605 7.90744 -13.3135 2.69602 11.673 
20.0687 -2.11086 6.11984 -12.4987 2.58326 9.13648 
20.1187 -6.89309 9.45782 -12.4679 2.4928 13.3362 
20.1687 -4.36 8.80043 -12.4192 2.49478 11.7302 
20.2188 -2.34733 5.73423 -12.2941 2.56287 8.84084 
20.2688 -4.98429 9.42084 -12.2592 2.42719 12.3798 
20.3189 -4.67726 7.78891 -12.3377 2.5092 11.0796 
20.3689 -3.08485 7.71549 -12.3112 2.51124 10.4453 
20.419 -4.54948 7.74151 -12.2239 2.50913 10.95 
20.469 -4.92791 9.20753 -12.2866 2.45647 12.1862 
20.5191 -3.65224 7.07463 -12.3169 2.54621 10.1601 
20.5691 -4.64718 9.39148 -12.2917 2.44916 12.218 
20.6192 -5.17544 8.26192 -12.3242 2.51169 11.6135 
20.6692 -3.84732 8.47445 -12.3174 2.47798 11.2365 
20.7193 -4.34797 7.51299 -12.2664 2.52567 10.7149 
20.7693 -4.93179 9.50219 -12.2917 2.45152 12.4134 
20.8193 -4.16804 7.1683 -12.3225 2.56419 10.4195 
20.8694 -4.3009 9.13813 -12.242 2.45728 11.8791 
20.9194 -4.69345 8.04627 -12.2142 2.51485 11.2143 
20.9695 -4.07492 9.09153 -12.2442 2.45888 11.7604 
21.0195 -4.34842 7.4838 -12.2325 2.53674 10.678 
21.0696 -4.70875 9.74743 -12.231 2.43692 12.4981 
21.1196 -4.20137 7.22789 -12.2254 2.54786 10.4356 
21.1697 -4.22581 9.55514 -12.1885 2.44307 12.1582 
21.2197 -4.66394 8.24933 -12.1814 2.50939 11.3347 
21.2698 -4.30154 9.1331 -12.2209 2.45925 11.8652 
21.3198 -4.34888 7.1034 -12.2427 2.54802 10.4139 
21.3699 -4.27291 8.76657 -12.1548 2.4498 11.5562 
21.4199 -4.01133 6.96867 -12.1403 2.53279 10.1542 
21.47 -4.03805 8.76662 -12.1385 2.44928 11.4671 
