0 0 0 0 0 0 
0.0500233 0.969228 0.260161 0.14672 -0.0386302 1.00994 
0.100047 0.171542 -0.316211 0.251874 -0.00501481 0.397678 
0.15007 -0.138611 0.94476 0.154963 -0.00869115 0.95901 
0.200093 1.28456 -0.327891 0.262171 0.0190519 1.3324 
0.250116 0.0502633 0.838053 0.22263 -0.0253972 0.841011 
0.30014 0.264997 0.0337957 0.194505 -0.00905069 0.279823 
0.350163 1.03125 0.388054 0.236193 -0.0304378 1.11284 
0.400186 0.0252153 0.196435 0.202604 0.0143524 0.229086 
0.450209 0.256077 0.722668 0.183364 -0.018075 0.858235 
0.500233 0.95404 -0.396152 0.220636 -0.000405768 1.04881 
0.550256 0.218068 0.442622 0.222742 -0.0291654 0.514143 
0.600279 0.559021 -0.324997 0.222979 0.00544824 0.660437 
0.650302 1.06198 0.0814229 0.257582 -0.0278693 1.08805 
0.700326 0.238636 -0.241797 0.209146 0.00365835 0.407015 
0.750349 0.575758 0.2426 0.193561 -0.0210303 0.672482 
0.800372 0.916581 -0.590034 0.233396 0.008793 1.11279 
0.850395 0.341247 0.166864 0.235501 -0.0269392 0.461882 
0.900419 0.724875 -0.583432 0.235107 -0.00353499 0.97041 
0.950442 0.893873 -0.1072 0.253186 -0.0291 0.942595 
1.00047 0.372151 -0.394617 0.212682 0.000786631 0.609934 
1.05049 0.799221 -0.0311705 0.227091 -0.028278 0.84696 
1.10051 0.853014 -0.565313 0.246672 -0.00836548 1.06973 
1.15053 0.522565 -0.111363 0.229134 -0.0264756 0.610495 
1.20056 0.811146 -0.55666 0.221436 0.00126406 1.012 
1.25058 0.704868 -0.0852394 0.231771 -0.0225793 0.756565 
1.3006 0.60713 -0.599113 0.218676 -0.0042348 0.911986 
1.35063 0.943956 -0.455027 0.241905 -0.026745 1.09198 
1.40065 0.888126 -0.867364 0.263078 -0.00576512 1.26564 
1.45067 0.761239 -0.405488 0.249244 -0.0180873 0.895139 
1.5007 0.903125 -0.646491 0.234403 -0.00255554 1.16495 
1.55072 0.686009 -0.118911 0.214913 -0.0208773 0.706614 
1.60074 2.68328 -0.130318 0.54046 -0.0328421 2.66337 
1.65077 2.70773 -0.914092 0.873928 -0.0684242 2.92007 
1.70079 -0.847042 0.508733 0.581527 -0.0345499 1.10865 
1.75081 0.870773 -0.355571 0.853368 -0.0540806 1.04666 
1.80084 -0.332277 1.47516 0.527616 -0.0286667 1.54304 
1.85086 1.28141 0.7757 0.682235 -0.113011 1.61573 
1.90088 0.0828161 1.43072 0.624963 -0.144279 1.48331 
1.95091 -0.195739 1.4083 0.586634 -0.145702 1.46987 
2.00093 -1.10263 2.14773 0.445403 -0.0653908 2.4274 
2.05095 -0.906517 2.31934 0.414964 -0.0275708 2.49864 
2.10098 -0.726015 2.16012 0.463559 0.00993426 2.29871 
2.151 -1.03574 2.32275 0.488983 0.00563111 2.56274 
2.20102 -0.979108 2.36262 0.456037 -0.0583772 2.5692 
2.25105 -1.5527 2.68069 0.393158 -0.106973 3.12255 
2.30107 -1.52089 2.91761 0.362475 -0.164785 3.29857 
2.35109 -1.95458 2.98698 0.302338 -0.122907 3.5825 
2.40112 -2.1135 3.23243 0.277134 -0.0728338 3.87078 
2.45114 -2.29983 3.12088 0.228095 -0.0104122 3.88211 
2.50116 -2.38243 3.58855 0.190517 0.0481304 4.30734 
2.55119 -2.32513 3.18944 0.210939 0.0511527 3.9567 
2.60121 -2.53118 3.8592 0.215175 -0.018927 4.61948 
2.65123 -2.56366 2.93648 0.193243 -0.0814034 3.89703 
2.70126 -3.29737 4.40375 0.0997208 -0.138003 5.52159 
2.75128 -2.99225 3.78886 0.115941 -0.106762 4.82939 
2.8013 -3.27903 4.21558 0.0882754 -0.0308567 5.34399 
2.85133 -3.32456 3.93956 0.0445352 0.0328293 5.16124 
2.90135 -3.68858 4.58879 -0.00337033 0.0718241 5.89505 
2.95137 -3.45048 4.00152 0.0643452 0.0788956 5.28614 
3.0014 -3.86863 4.72339 0.00795289 -0.0147563 6.1076 
3.05142 -3.81383 4.32115 -0.0100692 -0.0621753 5.77348 
3.10144 -4.19403 4.66261 -0.0605628 -0.10684 6.2727 
3.15146 -4.147 4.12097 -0.0936209 -0.0558391 5.84594 
3.20149 -3.97026 5.1458 -0.10112 -0.00970469 6.49882 
3.25151 -4.28737 4.69334 -0.148491 0.0972624 6.36072 
3.30153 -4.02798 4.61426 -0.0401465 0.0719027 6.12778 
3.35156 -4.69925 4.79655 -0.156996 0.0521761 6.71631 
3.40158 -4.70067 5.45348 -0.113029 -0.0564474 7.2032 
3.4516 -4.67601 4.18341 -0.147725 -0.0969001 6.28707 
3.50163 -4.9783 5.6025 -0.212408 -0.105394 7.50128 
3.55165 -4.71566 5.04014 -0.24451 0.00466307 6.90367 
3.60167 -5.0993 5.91554 -0.304268 0.0266077 7.81169 
3.6517 -4.9956 4.82879 -0.314958 0.130221 6.95126 
3.70172 -4.89385 5.65636 -0.257384 0.0696284 7.48209 
3.75174 -5.14334 5.13668 -0.258098 0.019731 7.27113 
3.80177 -5.26436 5.8804 -0.184567 -0.125917 7.89326 
3.85179 -5.37926 5.66583 -0.240343 -0.0972616 7.81473 
3.90181 -5.29818 6.30103 -0.261018 -0.111575 8.2337 
3.95184 -5.28773 5.4895 -0.284024 0.00799823 7.6236 
4.00186 -5.85045 6.80935 -0.34737 0.0794955 8.97885 
4.05188 -5.61002 5.51955 -0.383267 0.14197 7.87241 
4.10191 -5.48387 6.56176 -0.376447 0.0389003 8.55475 
4.15193 -5.76187 5.75578 -0.37154 -0.00677633 8.14656 
4.20195 -5.58078 6.76385 -0.301406 -0.136399 8.77097 
4.25198 -5.87259 5.77386 -0.330065 -0.0897731 8.23726 
4.302 -5.67827 6.77489 -0.355894 -0.0611392 8.84161 
4.35202 -6.02979 5.73332 -0.38636 0.0573642 8.32286 
4.40205 -5.81281 6.81873 -0.411018 0.091881 8.96266 
4.45207 -6.10734 6.11074 -0.41117 0.129159 8.64192 
4.50209 -6.06042 6.7987 -0.393073 0.0144485 9.11062 
4.55212 -6.1374 6.11867 -0.414345 -0.017253 8.66869 
4.60214 -5.95696 6.98074 -0.440022 -0.118282 9.18045 
4.65216 -6.23184 6.41987 -0.502607 -0.0438643 8.9506 
4.70219 -6.11977 7.285 -0.504785 -0.0163747 9.51859 
4.75221 -6.33239 6.3024 -0.556365 0.107258 8.94002 
4.80223 -6.38754 7.08591 -0.561914 0.0997512 9.54602 
4.85226 -6.40687 6.5456 -0.596271 0.0979289 9.16454 
4.90228 -6.7337 7.17931 -0.548828 -0.0408221 9.84991 
4.9523 -6.22248 6.76053 -0.536905 -0.0642613 9.1919 
5.00233 -7.02895 7.70572 -0.63044 -0.0750474 10.4361 
5.05235 -6.65771 6.77956 -0.700797 0.0387695 9.50959 
5.10237 -6.49825 7.20966 -0.720473 0.0864979 9.7131 
5.1524 -6.92325 6.83019 -0.848331 0.148628 9.73663 
5.20242 -6.7315 7.64649 -0.854595 0.0924548 10.2001 
5.25244 -6.64958 6.82219 -0.851045 0.0631576 9.53808 
5.30246 -7.09047 7.86805 -0.838271 0.0101398 10.6021 
5.35249 -6.93976 6.84856 -0.847763 -0.0303837 9.7658 
5.40251 -7.28204 8.015 -0.969989 0.0168931 10.8423 
5.45253 -6.81579 6.70368 -0.957577 0.128607 9.57486 
5.50256 -7.54622 8.01202 -0.994135 0.131928 11.0211 
5.55258 -6.96276 7.21703 -0.979751 0.175122 10.0482 
5.6026 -7.19972 7.73194 -0.992302 0.0778821 10.5795 
5.65263 -6.94797 7.58208 -0.922504 0.0092539 10.3027 
5.70265 -7.10182 8.2078 -0.937139 -0.056135 10.8675 
5.75267 -7.31521 7.44215 -1.00414 -0.0160006 10.4522 
5.8027 -7.32242 8.33193 -1.10678 0.0730055 11.1075 
5.85272 -7.20954 7.80297 -1.04405 0.132712 10.6399 
5.90274 -7.37371 8.32454 -1.10117 0.167917 11.1424 
5.95277 -7.24434 7.69697 -1.06765 0.160189 10.5881 
6.00279 -7.14011 8.03016 -1.03034 0.0581792 10.76 
6.05281 -7.46867 8.25106 -1.04248 -0.0112658 11.1416 
6.10284 -7.55939 8.28026 -1.10523 -0.0314174 11.2326 
6.15286 -7.59336 8.16579 -1.19196 0.0276241 11.1741 
6.20288 -7.50912 8.56796 -1.1723 0.0751169 11.4102 
6.25291 -7.45042 8.15175 -1.15665 0.109261 11.0622 
6.30293 -7.42973 8.41777 -1.18843 0.130977 11.2472 
6.35295 -7.43793 8.31485 -1.16403 0.130712 11.1794 
6.40298 -7.41895 8.40847 -1.15637 0.0732672 11.2306 
6.453 -7.43959 8.61345 -1.15561 -0.0080642 11.399 
6.50302 -7.5657 8.75679 -1.1691 -0.0221935 11.5924 
6.55305 -7.52447 8.73156 -1.2124 -0.00275423 11.5468 
6.60307 -8.05911 8.88935 -1.32847 0.0922879 12.0233 
6.65309 -7.50786 8.68737 -1.26088 0.121851 11.502 
6.70312 -7.57798 9.00677 -1.2784 0.143498 11.7886 
6.75314 -7.38863 9.13162 -1.25307 0.133898 11.7687 
6.80316 -7.64838 8.72815 -1.27084 0.0849926 11.6269 
6.85319 -7.45738 9.19769 -1.23912 0.0084944 11.8587 
6.90321 -7.61465 8.7615 -1.26582 -0.00598385 11.629 
6.95323 -7.39356 9.03268 -1.26403 -0.00643686 11.6926 
7.00326 -7.86433 9.14819 -1.35144 0.0990037 12.0863 
7.05328 -7.65349 9.47259 -1.33263 0.118703 12.1996 
7.1033 -7.56642 9.15532 -1.3448 0.150341 11.8991 
7.15333 -7.66027 9.56612 -1.33556 0.122821 12.2785 
7.20335 -7.6035 9.26222 -1.37102 0.109737 12.0063 
7.25337 -7.65007 9.83891 -1.36881 0.0633185 12.4849 
7.3034 -7.81429 9.67178 -1.37096 0.0255802 12.4556 
7.35342 -7.64162 9.71662 -1.38381 0.00449529 12.3821 
7.40344 -7.75448 9.49927 -1.40422 0.052087 12.2832 
7.45346 -7.58328 10.0824 -1.42453 0.0785239 12.6378 
7.50349 -7.63407 9.64011 -1.42832 0.138548 12.3191 
7.55351 -7.32337 10.1799 -1.37864 0.113013 12.5627 
7.60353 -7.67079 9.47758 -1.42978 0.142495 12.2142 
7.65356 -7.40063 10.1024 -1.41311 0.0746751 12.5445 
7.70358 -7.78508 9.49467 -1.46834 0.100826 12.3012 
7.7536 -7.59101 10.347 -1.42887 0.0201254 12.854 
7.80363 -7.56783 9.69986 -1.42982 0.0376338 12.3246 
7.85365 -7.5767 10.4541 -1.46106 0.0171 12.9324 
7.90367 -7.64368 10.0106 -1.50889 0.121493 12.6185 
7.9537 -7.87362 10.7655 -1.52701 0.10274 13.3603 
8.00372 -7.12393 9.60855 -1.47418 0.149274 11.9849 
8.05374 -7.67209 10.8605 -1.52246 0.0861792 13.3191 
8.10377 -7.3897 9.89252 -1.50746 0.131136 12.3712 
8.15379 -7.37567 10.7433 -1.52053 0.0755805 13.0538 
8.20381 -7.3346 9.95518 -1.498 0.0735668 12.3884 
8.25384 -7.44331 11.1986 -1.5177 0.0120415 13.4678 
8.30386 -7.35882 9.89981 -1.53119 0.0511132 12.3592 
8.35388 -7.12289 10.8535 -1.49472 0.0446059 13.0036 
8.40391 -7.55159 10.3347 -1.56054 0.13444 12.8237 
8.45393 -7.33917 10.96 -1.54667 0.0752537 13.2132 
8.50395 -7.23129 10.4715 -1.56979 0.104471 12.75 
8.55398 -7.17845 11.1164 -1.54936 0.0565586 13.2554 
8.604 -7.16067 10.2575 -1.57487 0.131943 12.5346 
8.65402 -7.34036 11.0466 -1.58322 0.125723 13.2868 
8.70405 -7.04305 10.3917 -1.5713 0.106068 12.5784 
8.75407 -6.88188 11.3233 -1.521 0.0258972 13.2725 
8.80409 -7.09839 10.6134 -1.55296 0.0275435 12.792 
8.85412 -6.85798 11.2898 -1.52944 0.0152833 13.2319 
8.90414 -7.05563 10.4659 -1.59379 0.106203 12.6476 
8.95416 -7.05525 11.5639 -1.56918 0.100308 13.5693 
9.00419 -7.1774 11.0293 -1.58911 0.136792 13.1844 
9.05421 -6.62439 11.4091 -1.5266 0.0578861 13.2153 
9.10423 -6.6654 10.6636 -1.54903 0.107805 12.5996 
9.15426 -6.59843 11.6019 -1.54276 0.103858 13.3703 
9.20428 -7.25857 11.239 -1.64491 0.177785 13.4051 
9.2543 -6.79246 11.7127 -1.58879 0.131255 13.5631 
9.30433 -6.71674 10.9623 -1.55706 0.100542 12.8802 
9.35435 -6.51962 11.7263 -1.55215 0.0221531 13.4401 
9.40437 -6.46913 11.0352 -1.54793 0.0404913 12.815 
9.4544 -6.74041 11.9331 -1.58383 0.0410188 13.7284 
9.50442 -6.75018 11.452 -1.6062 0.124818 13.3189 
9.55444 -6.53009 12.1321 -1.59207 0.103025 13.8021 
9.60446 -6.4856 11.3421 -1.58537 0.104675 13.0916 
9.65449 -6.66908 12.159 -1.61208 0.0536438 13.8931 
9.70451 -6.39933 11.5133 -1.61292 0.114507 13.199 
9.75453 -6.30561 12.1697 -1.59348 0.107006 13.731 
9.80456 -6.23392 11.4844 -1.59091 0.130627 13.0929 
9.85458 -6.11274 12.0041 -1.5776 0.0866365 13.496 
9.9046 -6.38163 11.8418 -1.6272 0.121676 13.4773 
9.95463 -6.30271 12.374 -1.63375 0.0942942 13.911 
10.0047 -6.13696 11.6249 -1.60095 0.0952002 13.172 
10.0547 -6.06843 12.2979 -1.61365 0.0527371 13.7381 
10.1047 -6.00873 11.7606 -1.58798 0.0650055 13.2318 
10.1547 -6.15271 12.4741 -1.63912 0.0522835 13.9342 
10.2047 -6.06804 12.2037 -1.64378 0.0594623 13.6557 
10.2548 -5.97552 12.277 -1.63166 0.0519722 13.6798 
10.3048 -6.05326 12.1753 -1.64171 0.0655266 13.623 
10.3548 -5.90817 12.3545 -1.63735 0.0586328 13.7194 
10.4048 -5.66626 12.2474 -1.60692 0.0783672 13.519 
10.4549 -6.53289 12.8939 -1.73968 0.0825591 14.4812 
10.5049 -5.72671 12.3919 -1.65941 0.0872224 13.6788 
10.5549 -5.61612 12.3263 -1.63934 0.0771321 13.5725 
10.6049 -6.02685 12.5644 -1.72477 0.0905263 13.9643 
10.655 -5.51659 12.3498 -1.66525 0.0828848 13.5525 
10.705 -5.87359 12.7499 -1.74151 0.100021 14.0657 
10.755 -5.54165 12.5669 -1.70921 0.105524 13.7622 
10.805 -5.58556 12.6079 -1.72245 0.104094 13.819 
10.855 -5.5979 12.6648 -1.74544 0.104736 13.8754 
10.9051 -5.44138 12.7799 -1.74016 0.0748981 13.9193 
10.9551 -5.47031 12.726 -1.74393 0.0581482 13.8814 
11.0051 -5.38439 12.8625 -1.75011 0.0540747 13.9728 
11.0551 -5.3346 12.7455 -1.75931 0.0555986 13.8455 
11.1052 -5.42597 12.9862 -1.76889 0.0527312 14.1029 
11.1552 -5.35834 13.01 -1.78873 0.0608876 14.099 
11.2052 -5.06388 13.0112 -1.77162 0.0477639 13.9913 
11.2552 -4.98994 12.6526 -1.77693 0.0626219 13.6302 
11.3053 -5.04371 13.0571 -1.77876 0.0431781 14.0262 
11.3553 -5.00477 12.7207 -1.78552 0.0647774 13.7 
11.4053 -4.97507 13.212 -1.82234 0.0366448 14.1484 
11.4553 -4.73346 12.0774 -1.82223 0.0887133 13.0074 
11.5053 -4.84061 13.3084 -1.85561 0.0538956 14.1927 
11.5554 -4.87541 12.7014 -1.86811 0.0681189 13.6377 
11.6054 -4.69196 13.2348 -1.86883 0.0355842 14.0749 
11.6554 -4.71153 12.7311 -1.87969 0.0625974 13.608 
11.7054 -4.69303 13.4001 -1.89358 0.0440071 14.2301 
11.7555 -4.53927 12.7242 -1.90634 0.0831219 13.5435 
11.8055 -4.42603 13.3391 -1.89198 0.0566412 14.0864 
11.8555 -4.57444 12.8478 -1.94793 0.0833497 13.6734 
11.9055 -4.50317 13.6638 -1.95645 0.0565833 14.421 
11.9556 -4.3127 12.7706 -1.95438 0.0879405 13.5149 
12.0056 -4.44541 13.683 -1.99244 0.0569228 14.4218 
12.0556 -4.45039 12.859 -2.0119 0.0921305 13.6445 
12.1056 -3.92716 13.4477 -1.95838 0.0550535 14.0444 
12.1557 -4.32415 13.1241 -2.03531 0.10733 13.8559 
12.2057 -4.15457 13.6135 -2.01958 0.0630117 14.2689 
12.2557 -4.46574 13.1883 -2.11293 0.101836 13.9635 
12.3057 -3.53608 13.4765 -1.98921 0.0560257 13.9684 
12.3557 -4.42354 13.3137 -2.12632 0.112222 14.0701 
12.4058 -3.96339 13.562 -2.07751 0.0769425 14.1677 
12.4558 -4.06148 13.2089 -2.13267 0.11752 13.8604 
12.5058 -3.90718 13.9616 -2.13669 0.0745699 14.5374 
12.5558 -4.03187 13.2556 -2.18124 0.115852 13.8982 
12.6059 -4.015 14.1164 -2.19197 0.086896 14.7172 
12.6559 -4.01078 13.3687 -2.25443 0.139063 14.0028 
12.7059 -3.55477 13.8726 -2.1854 0.0653399 14.3624 
12.7559 -4.3661 13.1804 -2.32968 0.121819 13.9337 
12.806 -3.59381 14.1165 -2.27828 0.0515617 14.6113 
12.856 -4.11626 13.6619 -2.42352 0.108495 14.32 
12.906 -4.0411 14.607 -2.46819 0.0604646 15.2058 
12.956 -3.89925 13.4579 -2.45175 0.0986731 14.065 
13.006 -4.35917 14.9655 -2.51973 0.050994 15.6383 
13.0561 -3.90106 13.8065 -2.48535 0.0812875 14.4009 
13.1061 -3.85315 14.7975 -2.49673 0.0370367 15.3419 
13.1561 -4.23614 14.3417 -2.56394 0.116474 15.0092 
13.2061 -4.21136 15.1545 -2.57627 0.119183 15.7816 
13.2562 -4.05424 14.2779 -2.63799 0.182312 14.9011 
13.3062 -4.10846 15.4164 -2.68698 0.163288 16.0112 
13.3562 -4.00762 14.3994 -2.70865 0.197286 15.0082 
13.4062 -4.19934 15.571 -2.78217 0.173747 16.1873 
13.4563 -3.9155 14.6109 -2.79703 0.214931 15.1914 
13.5063 -4.51954 15.7763 -2.93363 0.193099 16.4767 
13.5563 -4.45905 15.1711 -2.99749 0.231161 15.8841 
13.6063 -4.62357 15.9667 -3.10188 0.208858 16.6954 
13.6563 -4.8624 15.5112 -3.20916 0.237599 16.335 
13.7064 -4.63751 16.0504 -3.2233 0.207927 16.7854 
13.7564 -4.82438 15.6629 -3.33322 0.253378 16.4741 
13.8064 -4.62639 16.1452 -3.37883 0.24159 16.8806 
13.8564 -5.0512 15.7246 -3.51049 0.281249 16.6098 
13.9065 -5.17387 16.6148 -3.58146 0.245266 17.4942 
13.9565 -5.31572 16.26 -3.66643 0.275088 17.2054 
14.0065 -4.94708 16.4583 -3.70034 0.248272 17.2855 
14.0565 -5.55834 16.5396 -3.84525 0.289809 17.5547 
14.1066 -5.07711 16.5711 -3.82883 0.261615 17.4378 
14.1566 -5.56858 16.5324 -3.92447 0.282468 17.5556 
14.2066 -5.7868 17.1027 -3.95951 0.268123 18.1641 
14.2566 -5.84757 16.7033 -4.00713 0.279697 17.8115 
14.3067 -5.92373 17.1535 -4.07339 0.263593 18.2623 
14.3567 -5.7724 16.683 -4.05767 0.259322 17.7703 
14.4067 -5.93525 17.2839 -4.11789 0.242049 18.3914 
14.4567 -5.56685 16.7133 -4.13116 0.287079 17.7376 
14.5067 -5.88775 17.2274 -4.23331 0.318017 18.3302 
14.5568 -6.11822 17.0658 -4.29962 0.382691 18.2576 
14.6068 -6.18989 17.3595 -4.38583 0.427198 18.5617 
14.6568 -6.11946 17.1712 -4.47019 0.466953 18.3674 
14.7068 -6.31076 17.587 -4.58814 0.493818 18.828 
14.7569 -6.27445 17.4356 -4.6555 0.52539 18.6778 
14.8069 -6.21706 17.3781 -4.68428 0.508437 18.6073 
14.8569 -6.54005 17.4041 -4.81236 0.533446 18.7504 
14.9069 -6.35203 17.2167 -4.89375 0.529134 18.5156 
14.957 -6.26666 17.0468 -4.95807 0.542638 18.3326 
15.007 -6.57185 17.3842 -5.04534 0.542621 18.7585 
15.057 -6.201 17.133 -5.03494 0.515132 18.3963 
15.107 -6.52862 17.3687 -4.99406 0.467734 18.725 
15.157 -6.38064 17.2251 -4.94147 0.431461 18.5364 
15.2071 -6.58642 17.2457 -4.99371 0.441064 18.6312 
15.2571 -6.71235 17.3583 -5.16426 0.50372 18.7915 
15.3071 -6.69901 16.9249 -5.31765 0.61212 18.3987 
15.3571 -7.00963 17.4894 -5.46969 0.669372 19.0427 
15.4072 -6.9692 17.3859 -5.51333 0.701682 18.9369 
15.4572 -7.97477 18.5271 -5.69231 0.720573 20.374 
15.5072 -7.78793 18.09 -5.78656 0.755894 19.9109 
15.5572 -7.83546 18.3111 -5.9328 0.780523 20.1407 
15.6073 -8.24856 18.2484 -6.07949 0.805858 20.2601 
15.6573 -7.82504 18.202 -6.13314 0.777824 20.0527 
15.7073 -7.50469 17.7244 -6.15147 0.798981 19.4974 
15.7573 -7.63756 17.9849 -6.23513 0.798323 19.7907 
15.8073 -7.22673 17.4732 -6.2776 0.848343 19.1723 
15.8574 -7.41402 17.9616 -6.36518 0.852752 19.6953 
15.9074 -7.05314 17.281 -6.40568 0.873835 18.9432 
15.9574 -7.17252 17.886 -6.48234 0.873068 19.5464 
16.0074 -6.74382 17.1341 -6.53372 0.915427 18.7069 
16.0575 -6.8227 17.5669 -6.62181 0.92263 19.1399 
16.1075 -6.58451 16.969 -6.65868 0.97034 18.5101 
16.1575 -6.86133 17.4748 -6.75013 0.969311 19.0807 
16.2075 -6.51803 16.7481 -6.80377 1.01341 18.2979 
16.2576 -6.36226 16.7276 -6.85096 1.00085 18.2285 
16.3076 -6.13228 16.3461 -6.91301 1.02653 17.805 
16.3576 -6.41167 17.246 -7.01888 1.01558 18.7378 
16.4076 -6.51903 16.4844 -7.11594 1.08581 18.0884 
16.4577 -6.22956 16.6828 -7.17574 1.07626 18.1741 
16.5077 -6.79664 16.346 -7.34897 1.12515 18.089 
16.5577 -6.40433 16.6046 -7.41303 1.13351 18.1876 
16.6077 -6.35869 15.9429 -7.54388 1.19665 17.5841 
16.6577 -6.40735 16.6037 -7.63769 1.19759 18.2125 
16.7078 -6.29416 15.6673 -7.71749 1.23589 17.3308 
16.7578 -6.59955 16.488 -7.86759 1.22803 18.2007 
16.8078 -6.18463 15.4289 -7.9232 1.28962 17.1 
16.8578 -6.2364 16.0265 -8.00064 1.24461 17.6673 
16.9079 -6.10733 15.0958 -8.02495 1.27782 16.7836 
16.9579 -6.22318 16.066 -8.11671 1.28652 17.7123 
17.0079 -6.06096 15.2125 -8.18246 1.34156 16.8921 
17.0579 -5.97668 15.5566 -8.25466 1.31002 17.1812 
17.108 -5.88876 14.6098 -8.31834 1.33137 16.3054 
17.158 -5.93188 15.2935 -8.39036 1.32291 16.9445 
17.208 -6.61956 14.7021 -8.57203 1.40807 16.6983 
17.258 -6.04626 15.3438 -8.68159 1.41225 17.0684 
17.308 -6.23926 14.7634 -8.81198 1.45637 16.6382 
17.3581 -5.98253 15.0775 -8.8364 1.42295 16.827 
17.4081 -5.98897 14.4543 -8.90529 1.46694 16.2837 
17.4581 -6.35957 15.4306 -9.03304 1.47936 17.306 
17.5081 -6.39994 14.5604 -9.1183 1.52272 16.5628 
17.5582 -6.42244 15.0657 -9.20043 1.50793 17.028 
17.6082 -6.03741 14.2793 -9.2458 1.55681 16.1965 
17.6582 -5.98028 14.991 -9.28439 1.54079 16.8119 
17.7082 -6.34696 14.6672 -9.39248 1.59349 16.6763 
17.7583 -6.212 14.7606 -9.47441 1.59876 16.7198 
17.8083 -6.58535 14.5945 -9.65449 1.64627 16.7437 
17.8583 -5.48625 14.1472 -9.60817 1.624 15.9377 
17.9083 -6.38726 14.3182 -9.76787 1.66303 16.4426 
17.9583 -6.35254 14.7863 -9.85509 1.65867 16.8513 
18.0084 -6.67432 14.1591 -10.0537 1.71702 16.4638 
18.0584 -5.52761 13.8357 -10.0609 1.7061 15.7487 
18.1084 -6.5621 13.9738 -10.1947 1.74094 16.2815 
18.1584 -6.15429 14.3802 -10.2362 1.7454 16.4817 
18.2085 -6.37445 13.7 -10.3793 1.79268 16.0023 
18.2585 -6.01578 14.0506 -10.4145 1.78035 16.1718 
18.3085 -6.08567 13.6791 -10.4258 1.77706 15.8791 
18.3585 -5.70177 13.801 -10.3905 1.77111 15.8355 
18.4086 -6.51956 13.915 -10.5592 1.805 16.2738 
18.4586 -5.59531 13.5206 -10.573 1.82862 15.5858 
18.5086 -5.95088 13.4187 -10.6878 1.84228 15.6502 
18.5586 -5.64041 13.4703 -10.7305 1.83928 15.5867 
18.6087 -5.78302 12.9006 -10.8235 1.86576 15.1674 
18.6587 -5.78081 13.167 -10.9365 1.8769 15.4133 
18.7087 -5.99815 13.0485 -11.0795 1.91821 15.4244 
18.7587 -5.40179 12.8024 -11.0917 1.92118 14.9923 
18.8087 -5.95086 13.0491 -11.1668 1.94692 15.4215 
18.8588 -5.56616 12.8779 -11.1845 1.93552 15.1344 
18.9088 -5.12703 12.6615 -11.1972 1.94391 14.7961 
18.9588 -5.77147 13.2005 -11.2544 1.9525 15.4998 
19.0088 -5.71827 12.5986 -11.3486 1.97952 14.9864 
19.0589 -5.62407 12.6495 -11.4563 2.00716 15.0156 
19.1089 -5.85046 12.5874 -11.6271 2.03143 15.0857 
19.1589 -5.45558 12.0931 -11.6481 2.04292 14.5257 
19.2089 -5.59259 12.4264 -11.7218 2.06067 14.8707 
19.259 -5.98292 12.6863 -11.8099 2.07525 15.2544 
19.309 -5.2829 12.0949 -11.8316 2.08501 14.5034 
19.359 -5.46699 12.2113 -11.8786 2.09809 14.6774 
19.409 -5.3542 12.0526 -11.9158 2.08559 14.509 
19.459 -4.75458 11.5351 -11.9059 2.0917 13.8646 
19.5091 -5.50296 12.4842 -12.0036 2.10011 14.9428 
19.5591 -4.69148 11.7678 -11.9796 2.12385 14.0556 
19.6091 -5.11018 11.9384 -11.9802 2.10707 14.3403 
19.6591 -5.21136 11.8694 -12.0306 2.09266 14.3294 
19.7092 -4.68413 11.3364 -12.0811 2.11541 13.7134 
19.7592 -4.89163 11.7684 -12.1962 2.14271 14.1714 
19.8092 -5.37369 11.9285 -12.2871 2.14992 14.494 
19.8592 -4.60646 11.0773 -12.3332 2.17872 13.5334 
19.9093 -4.96961 11.6739 -12.3998 2.18263 14.1656 
19.9593 -4.9534 11.4162 -12.4136 2.19203 13.9527 
20.0093 -4.09179 12.1643 -12.3728 2.20187 14.291 
20.0593 -2.17385 10.125 -11.7627 2.15018 11.9591 
20.1093 -5.97492 13.4048 -11.6467 2.02414 15.8212 
20.1594 -3.66522 11.9466 -11.5463 2.05966 13.8043 
20.2094 -2.41655 11.1104 -11.4792 2.05831 12.7789 
20.2594 -3.87483 12.1507 -11.4415 2.03562 14.0153 
20.3094 -3.84772 12.1121 -11.4903 2.02784 13.9842 
20.3595 -2.99649 11.2234 -11.4806 2.08048 12.9994 
20.4095 -3.40499 12.0508 -11.3809 2.02892 13.7927 
20.4595 -3.3916 11.4742 -11.4088 2.04004 13.295 
20.5095 -2.63899 11.3022 -11.4299 2.04506 12.9777 
20.5596 -3.16277 11.2948 -11.3794 2.05851 13.0773 
20.6096 -3.25806 11.96 -11.3754 2.02458 13.676 
20.6596 -2.56896 10.8131 -11.3538 2.05906 12.5225 
20.7096 -2.97938 11.7274 -11.2976 2.02293 13.3922 
20.7597 -3.17845 11.3869 -11.316 2.04617 13.1465 
20.8097 -2.70901 11.4676 -11.3174 2.03225 13.1112 
20.8597 -2.83827 11.1095 -11.2846 2.03608 12.82 
20.9097 -2.8057 11.5616 -11.2529 2.01282 13.199 
20.9597 -2.29895 10.6595 -11.2823 2.04593 12.3201 
21.0098 -2.55773 11.2898 -11.2718 2.01888 12.9148 
21.0598 -2.75502 10.8699 -11.2856 2.03802 12.5947 
21.1098 -2.35654 11.1052 -11.2564 2.02799 12.7116 
21.1598 -2.41045 10.6928 -11.1982 2.03498 12.3504 
21.2099 -2.43748 11.3388 -11.1903 2.00356 12.9159 
21.2599 -2.34754 10.6579 -11.2282 2.04076 12.3151 
21.3099 -2.4637 11.2718 -11.2076 2.0069 12.866 
21.3599 -2.55021 10.8696 -11.1994 2.03226 12.5316 
21.41 -2.40015 11.3656 -11.2016 2.00425 12.9349 
21.46 -2.52804 10.6661 -11.1746 2.03511 12.3454 
