0 0 0 0 0 0 
0.0500465 1.34308 -2.04875 0.226754 0.0423559 2.45128 
0.100093 -0.00747542 -0.391457 0.321699 0.00418377 0.422947 
0.15014 0.412307 -1.06934 0.214742 0.0570323 1.15705 
0.200186 1.83289 -0.963762 0.360062 -0.0156832 2.08141 
0.250233 0.00640802 -1.05193 0.240937 0.0228493 1.05799 
0.300279 0.505687 -0.33088 0.222669 -0.0214778 0.610092 
0.350326 1.37159 -1.66045 0.294711 0.024036 2.15928 
0.400372 0.275324 -0.489911 0.288175 -0.0041173 0.588141 
0.450419 0.970867 -1.68676 0.275423 0.0261665 1.96279 
0.500465 1.4556 -1.21291 0.312132 -0.026809 1.91424 
0.550512 0.612401 -2.08668 0.286616 0.00324448 2.17884 
0.600558 1.43742 -1.69171 0.320783 -0.0344611 2.22428 
0.650605 1.67607 -2.60208 0.365598 0.0119022 3.10086 
0.700651 0.666821 -1.5124 0.29217 -0.0121146 1.66318 
0.750698 1.22001 -2.28204 0.25437 0.0187717 2.59969 
0.800744 1.40014 -1.73906 0.309631 -0.0265654 2.24862 
0.850791 0.975759 -2.62812 0.320765 -8.15355e-06 2.8103 
0.900837 1.49088 -1.91169 0.312547 -0.0200142 2.43237 
0.950884 1.2928 -2.32261 0.317356 0.0131671 2.664 
1.00093 0.674877 -1.24082 0.270308 -0.0151531 1.42276 
1.05098 1.13456 -1.75096 0.25692 0.00243828 2.10175 
1.10102 0.867722 -1.21713 0.271304 -0.0184546 1.52016 
1.15107 0.608504 -1.53658 0.256016 0.0127982 1.66939 
1.20112 1.14961 -1.27681 0.283287 -0.00386665 1.74027 
1.25116 0.937693 -1.63625 0.292822 0.00508629 1.89863 
1.30121 0.737853 -1.15634 0.26488 -0.0146528 1.3922 
1.35126 1.06499 -1.49594 0.268369 -0.000679549 1.86241 
1.4013 0.82492 -1.17178 0.275497 -0.00170797 1.46646 
1.45135 0.752587 -1.31129 0.267317 0.0170664 1.53887 
1.5014 0.987531 -1.1411 0.270025 -0.000900941 1.54289 
1.55144 0.874737 -0.770892 0.273168 -0.00538191 1.2843 
1.60149 4.08784 -1.44145 0.815953 -0.0537795 4.39029 
1.65153 1.70062 -2.2485 0.900812 -0.0551671 2.81955 
1.70158 -0.587112 -0.62139 0.654147 -0.043414 1.30368 
1.75163 0.00254274 -1.02394 0.726358 -0.0498403 1.11211 
1.80167 -0.557246 0.977481 0.416939 -0.0203001 1.13182 
1.85172 1.18534 -0.577805 0.60157 -0.0125986 1.47071 
1.90177 -0.422649 0.984384 0.462654 0.0279496 1.10629 
1.95181 -0.699994 1.64972 0.519621 0.0706675 1.80809 
2.00186 -1.97401 2.42852 0.298462 0.156534 3.16873 
2.05191 -1.61862 1.87225 0.383307 0.135965 2.50918 
2.10195 -1.15702 1.77408 0.397106 0.0972715 2.13642 
2.152 -1.45384 2.3474 0.371709 -0.00402256 2.77501 
2.20205 -2.4632 2.27728 0.250042 -0.0478227 3.37057 
2.25209 -2.16711 3.44035 0.22669 -0.049235 4.08585 
2.30214 -1.95865 1.86495 0.283677 0.0138656 2.73248 
2.35219 -2.52663 3.33049 0.173697 0.120873 4.19772 
2.40223 -2.27093 3.03202 0.223707 0.21205 3.81277 
2.45228 -3.12534 4.22938 0.0996342 0.167879 5.26275 
2.50233 -2.51961 2.2117 0.248262 0.120558 3.36547 
2.55237 -3.36505 3.91743 0.110078 0.0259759 5.18601 
2.60242 -3.2219 3.6219 0.110331 -0.0125829 4.85022 
2.65247 -3.37904 4.14123 0.0717339 -0.0181845 5.35761 
2.70251 -3.23759 3.20227 0.0712468 0.094845 4.56565 
2.75256 -3.89559 4.68477 -0.0204312 0.161938 6.1062 
2.8026 -3.57626 3.24767 0.0256127 0.245634 4.83937 
2.85265 -4.15585 4.66509 0.0142437 0.155634 6.25266 
2.9027 -4.51445 4.40906 -0.105164 0.115981 6.31707 
2.95274 -3.89259 4.1107 -0.00900983 0.0101342 5.65857 
3.00279 -4.88869 4.83524 -0.196086 0.0558735 6.87518 
3.05284 -3.6621 4.68387 -0.000358293 0.0168266 5.94785 
3.10288 -4.93846 5.14704 -0.164761 0.134155 7.13239 
3.15293 -4.41031 5.83193 -0.0726722 0.20178 7.31235 
3.20298 -5.7101 5.78833 -0.273487 0.274657 8.13419 
3.25302 -5.20707 6.62468 -0.218997 0.143458 8.42879 
3.30307 -4.84225 4.81463 -0.169303 0.0867287 6.82845 
3.35312 -5.37599 6.26494 -0.199268 -0.0043924 8.25616 
3.40316 -5.85964 5.67577 -0.324872 0.0622073 8.15929 
3.45321 -5.03126 6.12338 -0.291239 0.0595803 7.9272 
3.50326 -5.63563 6.44791 -0.445112 0.215714 8.56743 
3.5533 -4.74447 5.78145 -0.222651 0.184596 7.48032 
3.60335 -6.29285 5.67535 -0.324886 0.224208 8.47626 
3.6534 -5.68847 6.94837 -0.225575 0.12084 8.98084 
3.70344 -6.47064 5.43707 -0.355238 0.126738 8.45808 
3.75349 -5.99443 8.11142 -0.402591 0.0300052 10.0876 
3.80353 -5.55162 5.69871 -0.354119 0.104136 7.95702 
3.85358 -6.94743 8.36365 -0.526626 0.143471 10.8777 
3.90363 -5.55428 5.34275 -0.306949 0.225074 7.70824 
3.95367 -7.2745 8.21964 -0.542685 0.234823 10.9796 
4.00372 -5.81419 6.47401 -0.397561 0.189491 8.70437 
4.05377 -6.30218 7.55309 -0.367763 0.0477736 9.83832 
4.10381 -6.62537 7.13885 -0.398472 0.0515333 9.74092 
4.15386 -6.47491 7.58362 -0.386057 0.0198417 9.97704 
4.20391 -6.32704 6.85076 -0.420532 0.112571 9.3277 
4.25395 -7.12486 8.22561 -0.522476 0.171944 10.8862 
4.304 -6.01637 6.03494 -0.431024 0.249487 8.52564 
4.35405 -7.32609 9.02533 -0.599008 0.189847 11.6292 
4.40409 -6.26728 6.40868 -0.406898 0.131243 8.96748 
4.45414 -7.32511 8.897 -0.570252 0.0598995 11.5454 
4.50419 -6.69984 7.35777 -0.596172 0.056307 9.96214 
4.55423 -6.31102 7.6685 -0.602198 0.0778666 9.93821 
4.60428 -6.88314 7.76627 -0.663191 0.200664 10.3872 
4.65433 -7.04022 7.87192 -0.607952 0.228459 10.5657 
4.70437 -7.18625 7.84411 -0.652396 0.258016 10.6437 
4.75442 -7.51392 8.88653 -0.730993 0.178606 11.6472 
4.80446 -7.06589 7.59224 -0.690631 0.109418 10.3818 
4.85451 -7.30396 7.91433 -0.713278 0.0451101 10.7803 
4.90456 -7.05987 7.93424 -0.777256 0.10063 10.6348 
4.9546 -6.87877 7.69925 -0.740153 0.147527 10.3392 
5.00465 -7.8581 8.57126 -0.90508 0.278184 11.6442 
5.0547 -7.07694 7.48307 -0.824652 0.257146 10.3171 
5.10474 -7.43319 8.13979 -0.89598 0.219909 11.0343 
5.15479 -7.50179 8.30659 -0.875605 0.149253 11.2048 
5.20484 -7.59685 8.49893 -0.892029 0.0523653 11.4145 
5.25488 -7.67305 8.62631 -0.938853 0.0615241 11.5594 
5.30493 -7.71163 8.34683 -1.01772 0.139078 11.3812 
5.35498 -7.61547 9.01012 -0.989676 0.199997 11.8115 
5.40502 -7.6189 9.08904 -1.01779 0.280486 11.8721 
5.45507 -7.64159 8.59834 -1.00717 0.265963 11.5187 
5.50512 -8.13999 8.98577 -1.03687 0.191533 12.1411 
5.55516 -7.92692 9.19258 -1.0464 0.131636 12.1536 
5.60521 -8.17834 9.47136 -1.10157 0.086716 12.5321 
5.65526 -8.17234 10.0519 -1.18884 0.131675 12.857 
5.7053 -7.90502 9.29169 -1.06548 0.20081 12.2135 
5.75535 -7.77992 8.98598 -1.09061 0.235686 11.8992 
5.8054 -8.23361 9.20223 -1.13742 0.317884 12.3621 
5.85544 -7.8485 9.46906 -1.09583 0.23763 12.3111 
5.90549 -8.2554 9.02695 -1.13967 0.180983 12.247 
5.95553 -7.91506 9.51814 -1.15475 0.110582 12.3936 
6.00558 -8.30107 9.2556 -1.21646 0.0777313 12.4463 
6.05563 -7.81382 9.48916 -1.1945 0.101362 12.3087 
6.10567 -7.9609 9.35499 -1.19868 0.180281 12.2992 
6.15572 -8.19644 9.88445 -1.22701 0.248043 12.8556 
6.20577 -8.29709 9.38643 -1.26652 0.289232 12.5488 
6.25581 -7.8436 9.82036 -1.23051 0.219987 12.583 
6.30586 -8.02047 9.40982 -1.19885 0.170273 12.3809 
6.35591 -8.25992 9.62951 -1.17467 0.0613016 12.702 
6.40595 -7.81384 9.54906 -1.25466 0.085189 12.3545 
6.456 -8.34998 9.40999 -1.33546 0.119418 12.5989 
6.50605 -8.06341 9.71034 -1.32061 0.199587 12.6397 
6.55609 -7.86422 10.22 -1.2847 0.22145 12.9113 
6.60614 -8.69862 10.092 -1.3979 0.241752 13.3434 
6.65619 -8.38774 10.4787 -1.38005 0.211486 13.4414 
6.70623 -8.12187 9.92494 -1.3148 0.174442 12.8418 
6.75628 -8.08826 10.3166 -1.29777 0.068825 13.1259 
6.80633 -8.15027 10.278 -1.33931 0.0810539 13.1345 
6.85637 -8.67286 11.498 -1.48299 0.108307 14.421 
6.90642 -8.35176 10.3392 -1.4054 0.20956 13.31 
6.95646 -8.62889 10.9723 -1.46658 0.263496 13.9788 
7.00651 -8.08969 10.7533 -1.44149 0.270131 13.4764 
7.05656 -7.94281 10.681 -1.39774 0.218606 13.3293 
7.1066 -8.56291 10.9921 -1.47939 0.205651 13.9538 
7.15665 -8.8358 11.951 -1.5058 0.119409 14.8818 
7.2067 -8.50288 11.2612 -1.51193 0.0685941 14.131 
7.25674 -8.51325 11.4601 -1.50475 0.0990833 14.2961 
7.30679 -8.50869 11.2912 -1.53092 0.20039 14.1593 
7.35684 -8.11241 11.2319 -1.49903 0.233534 13.876 
7.40688 -8.54154 11.2899 -1.5554 0.246778 14.1788 
7.45693 -8.70909 11.8275 -1.57732 0.218016 14.7095 
7.50698 -8.08185 10.7587 -1.49311 0.215869 13.4772 
7.55702 -8.73387 11.2791 -1.57707 0.191164 14.2876 
7.60707 -8.36507 11.3277 -1.55561 0.151564 14.1034 
7.65712 -8.56602 11.7467 -1.606 0.0374122 14.5605 
7.70716 -8.10537 11.5771 -1.57762 0.0956496 14.1545 
7.75721 -8.41204 12.0141 -1.63234 0.183695 14.6898 
7.80726 -8.81732 12.1047 -1.72214 0.243637 15.001 
7.8573 -8.29434 11.709 -1.66577 0.226831 14.3736 
7.90735 -8.35712 11.332 -1.65958 0.230622 14.1053 
7.9574 -8.32384 12.2003 -1.70029 0.198536 14.7939 
8.00744 -8.13916 11.5032 -1.65456 0.182305 14.116 
8.05749 -8.49782 12.0352 -1.69769 0.140644 14.7575 
8.10753 -8.51657 12.3925 -1.74213 0.159531 15.0624 
8.15758 -8.20562 12.0475 -1.69747 0.104413 14.6012 
8.20763 -8.69808 12.8625 -1.81639 0.164896 15.5547 
8.25767 -8.4997 12.4327 -1.79031 0.210519 15.0873 
8.30772 -8.46871 12.506 -1.8057 0.198991 15.1309 
8.35777 -8.34235 12.4218 -1.77374 0.186343 14.9898 
8.40781 -8.47274 12.4019 -1.79772 0.175683 15.0469 
8.45786 -8.41453 12.731 -1.82655 0.214775 15.2885 
8.50791 -8.29018 12.4073 -1.82276 0.211906 14.9504 
8.55795 -8.36808 12.747 -1.82781 0.171962 15.2762 
8.608 -8.10673 12.9069 -1.80888 0.0880499 15.2689 
8.65805 -8.29119 12.767 -1.82717 0.11182 15.2504 
8.70809 -8.42888 13.0036 -1.85579 0.145302 15.5245 
8.75814 -8.30736 13.125 -1.8703 0.193792 15.5618 
8.80819 -8.10318 12.8496 -1.85188 0.206496 15.2201 
8.85823 -8.27105 13.0694 -1.88992 0.172928 15.4961 
8.90828 -7.82577 12.8165 -1.83875 0.164543 15.0452 
8.95833 -8.30171 13.2348 -1.89702 0.183892 15.6521 
9.00837 -8.25753 13.0053 -1.89922 0.230329 15.435 
9.05842 -8.23913 13.3573 -1.92578 0.234832 15.7241 
9.10847 -8.0826 13.4128 -1.90631 0.177403 15.6892 
9.15851 -7.75321 13.1251 -1.86373 0.105891 15.2728 
9.20856 -8.12699 13.358 -1.91762 0.105135 15.6654 
9.2586 -7.99797 13.3828 -1.91038 0.126888 15.62 
9.30865 -7.75703 13.3317 -1.90317 0.174688 15.4538 
9.3587 -7.98746 13.6126 -1.95181 0.195349 15.8135 
9.40874 -8.09076 13.7394 -1.98059 0.184858 15.9757 
9.45879 -7.63831 13.5168 -1.9413 0.152095 15.5564 
9.50884 -7.81857 13.4617 -1.96501 0.177209 15.599 
9.55888 -7.67779 13.7653 -1.97434 0.202352 15.7929 
9.60893 -7.89702 13.8211 -1.97789 0.219726 15.9492 
9.65898 -7.81176 14.065 -1.99187 0.225552 16.12 
9.70902 -7.70949 13.7536 -1.97632 0.213592 15.7983 
9.75907 -7.58255 13.8277 -1.98748 0.17209 15.8018 
9.80912 -7.60888 13.7768 -1.99096 0.147986 15.7701 
9.85916 -7.56981 14.1 -2.00628 0.12452 16.0351 
9.90921 -7.73825 14.1967 -2.03101 0.157744 16.2008 
9.95926 -7.55869 14.2507 -2.04029 0.173814 16.1637 
10.0093 -7.50949 13.916 -2.04822 0.184284 15.8465 
10.0593 -7.41829 14.1613 -2.06502 0.171341 16.0203 
10.1094 -7.44962 14.0832 -2.072 0.161835 15.966 
10.1594 -7.44697 14.2501 -2.09177 0.171074 16.1128 
10.2095 -7.29962 14.0311 -2.10012 0.210556 15.8514 
10.2595 -7.35982 14.2904 -2.12963 0.2179 16.11 
10.3096 -7.2379 14.1966 -2.13505 0.214762 15.9712 
10.3596 -7.35119 14.6243 -2.15495 0.206524 16.4036 
10.4097 -7.51859 14.3569 -2.17611 0.238892 16.2432 
10.4597 -7.11668 14.3408 -2.16398 0.236466 16.0465 
10.5098 -7.35741 14.0788 -2.20633 0.223127 15.9242 
10.5598 -7.10089 14.7029 -2.19046 0.193751 16.3648 
10.6099 -7.17832 14.2596 -2.1841 0.191294 16.0021 
10.6599 -7.37723 14.8388 -2.24759 0.182177 16.6098 
10.71 -6.84823 13.7663 -2.19789 0.195121 15.4151 
10.76 -6.84131 14.7384 -2.21874 0.179189 16.2868 
10.81 -6.83185 14.0522 -2.22316 0.196322 15.6648 
10.8601 -6.95505 14.8799 -2.27509 0.180706 16.4647 
10.9101 -6.67573 13.839 -2.25085 0.195919 15.4064 
10.9602 -6.80871 14.6028 -2.29397 0.190926 16.1531 
11.0102 -6.56018 13.7561 -2.26234 0.226966 15.2827 
11.0603 -6.65749 14.6134 -2.316 0.210697 16.1006 
11.1103 -6.47988 13.9112 -2.29699 0.213643 15.3896 
11.1604 -6.86675 15.0015 -2.39798 0.213406 16.5423 
11.2104 -6.81191 14.3694 -2.40094 0.227365 15.9481 
11.2605 -6.53138 14.904 -2.41121 0.228602 16.3175 
11.3105 -6.45481 14.1539 -2.42248 0.245893 15.6041 
11.3606 -6.49502 14.9561 -2.47041 0.222778 16.3531 
11.4106 -6.48009 14.1216 -2.47786 0.257808 15.5874 
11.4607 -6.37963 14.9597 -2.49439 0.234546 16.3114 
11.5107 -6.45506 14.2957 -2.51676 0.268789 15.7371 
11.5607 -6.19462 14.8222 -2.51145 0.239462 16.1145 
11.6108 -6.92335 14.7313 -2.63328 0.271619 16.3326 
11.6608 -6.06199 15.0789 -2.56867 0.245147 16.3029 
11.7109 -6.48952 14.5722 -2.63042 0.265967 16.0072 
11.7609 -6.35567 15.3685 -2.64947 0.253435 16.684 
11.811 -6.4533 14.517 -2.67659 0.301731 15.9439 
11.861 -6.5276 15.5834 -2.76975 0.264706 16.9524 
11.9111 -5.80414 14.4519 -2.66844 0.278221 15.6322 
11.9611 -6.55206 15.7216 -2.8031 0.275094 17.0915 
12.0112 -5.87019 14.4701 -2.73349 0.303554 15.6763 
12.0612 -6.43329 15.5256 -2.8508 0.296682 16.8687 
12.1113 -6.26143 14.9332 -2.84425 0.316569 16.2572 
12.1613 -6.01738 15.3293 -2.8499 0.301097 16.531 
12.2113 -6.15153 15.034 -2.86303 0.313617 16.3091 
12.2614 -5.67062 15.1724 -2.81659 0.306172 16.26 
12.3114 -5.7926 15.2524 -2.61599 0.291466 16.3682 
12.3615 -5.69518 15.4028 -2.65733 0.268585 16.4764 
12.4115 -5.65725 15.1931 -2.6668 0.27794 16.2688 
12.4616 -5.76966 16.0114 -2.76112 0.291421 17.075 
12.5116 -4.91977 14.8644 -2.6335 0.274241 15.713 
12.5617 -6.29391 15.954 -2.84553 0.299147 17.2131 
12.6117 -5.60171 15.1758 -2.7975 0.296572 16.2401 
12.6618 -6.13964 15.9141 -2.9287 0.315368 17.121 
12.7118 -4.88283 15.2358 -2.8293 0.294283 16.0643 
12.7619 -5.82998 15.6731 -2.93787 0.309734 16.7893 
12.8119 -5.66035 16.2134 -3.01997 0.317049 17.2431 
12.862 -5.09304 15.2666 -2.94596 0.326072 16.1653 
12.912 -6.33602 16.7072 -3.1623 0.337107 17.9391 
12.962 -5.46135 15.3019 -3.0925 0.353965 16.3222 
13.0121 -6.05024 16.4677 -3.24733 0.360157 17.6214 
13.0621 -5.22611 15.4613 -3.17899 0.378291 16.4 
13.1122 -5.75075 16.4655 -3.29726 0.373646 17.5201 
13.1622 -5.61365 15.2855 -3.29174 0.404949 16.3691 
13.2123 -6.32985 16.8512 -3.47944 0.412078 18.0877 
13.2623 -5.34775 15.6967 -3.43113 0.427129 16.6729 
13.3124 -5.86244 16.4907 -3.56407 0.425892 17.5929 
13.3624 -5.81294 15.9529 -3.63852 0.476993 17.0775 
13.4125 -5.53872 16.4648 -3.69453 0.458048 17.4707 
13.4625 -6.02858 15.8524 -3.82619 0.509107 17.0701 
13.5126 -5.979 16.8012 -3.89716 0.49682 17.9423 
13.5626 -5.06964 15.6288 -3.84736 0.531519 16.545 
13.6127 -6.13404 17.2285 -4.03257 0.533712 18.3997 
13.6627 -6.03554 15.831 -4.08974 0.588609 17.0686 
13.7127 -6.01423 16.6399 -4.18854 0.582162 17.8199 
13.7628 -6.24847 16.3311 -4.32944 0.650681 17.6221 
13.8128 -5.28573 16.9254 -4.32326 0.616506 17.8663 
13.8629 -5.25867 15.6609 -4.34368 0.674617 16.6666 
13.9129 -6.98337 18.0523 -4.63363 0.668453 19.4969 
13.963 -5.36431 15.2886 -4.54154 0.71801 16.3648 
14.013 -6.59738 17.8295 -4.83853 0.730531 19.1679 
14.0631 -5.00107 15.5363 -4.72685 0.765098 16.4959 
14.1131 -5.2343 16.6926 -4.80975 0.746494 17.6624 
14.1632 -5.0076 15.2398 -4.77559 0.806138 16.2231 
14.2132 -5.55403 16.7937 -4.83305 0.758866 17.8567 
14.2633 -5.41521 15.285 -4.81955 0.807241 16.3989 
14.3133 -5.54103 16.9866 -4.96301 0.776494 18.0432 
14.3633 -5.03492 14.6784 -4.92939 0.826313 15.7178 
14.4134 -5.91089 17.246 -5.18068 0.824222 18.4182 
14.4634 -4.16061 14.0304 -4.9773 0.876734 14.8507 
14.5135 -5.5158 17.0517 -5.19871 0.831568 18.1136 
14.5635 -4.75607 14.5364 -5.07466 0.8853 15.5099 
14.6136 -5.50458 16.8627 -5.24405 0.863214 17.9362 
14.6636 -5.13785 15.1121 -5.27566 0.923668 16.1846 
14.7137 -5.19456 16.606 -5.42858 0.907149 17.6161 
14.7637 -5.13112 14.8339 -5.46332 0.985032 15.9402 
14.8138 -4.98098 16.1069 -5.50425 0.925223 17.0892 
14.8638 -5.53638 15.4114 -5.63364 1.00328 16.624 
14.9139 -5.07996 16.0386 -5.62428 0.97827 17.0648 
14.9639 -5.23815 15.0735 -5.71084 1.04952 16.2212 
15.014 -5.23441 16.5925 -5.80522 1.02307 17.6466 
15.064 -5.09577 15.2582 -5.82693 1.10026 16.3577 
15.114 -5.1587 16.0961 -5.93504 1.07861 17.1704 
15.1641 -5.19483 15.4613 -6.04042 1.13432 16.5997 
15.2141 -4.73101 16.1537 -5.98702 1.08007 17.1078 
15.2642 -6.0546 16.0038 -6.1991 1.1318 17.3986 
15.3142 -4.76283 15.7819 -6.19022 1.14055 16.7834 
15.3643 -4.92385 15.3984 -6.28693 1.20302 16.4825 
15.4143 -5.06718 16.3266 -6.29872 1.15432 17.3945 
15.4644 -5.42287 15.3401 -6.34554 1.2034 16.5884 
15.5144 -5.12114 16.3786 -6.4521 1.19092 17.4711 
15.5645 -4.57285 14.9664 -6.36496 1.20448 15.9816 
15.6145 -5.21007 16.4116 -6.40395 1.15953 17.5286 
15.6646 -4.38206 14.8047 -6.28479 1.19102 15.7691 
15.7146 -5.46743 15.9974 -6.44808 1.16726 17.2238 
15.7647 -5.15279 15.5447 -6.53807 1.22349 16.7156 
15.8147 -4.2412 15.1924 -6.48451 1.21001 16.1156 
15.8647 -4.83651 15.7264 -6.4829 1.17241 16.7851 
15.9148 -3.82579 14.9692 -6.39842 1.14046 15.7895 
15.9648 -5.14026 15.9425 -6.58531 1.1709 17.0832 
16.0149 -4.40161 15.8346 -6.59892 1.19896 16.7757 
16.0649 -4.72948 15.0861 -6.65699 1.21934 16.1677 
16.115 -4.86892 15.2268 -6.81219 1.25999 16.3562 
16.165 -4.67969 15.1527 -6.85254 1.26818 16.2429 
16.2151 -5.73127 16.1294 -7.06475 1.29949 17.4948 
16.2651 -5.79014 16.4821 -7.2128 1.32677 17.8537 
16.3152 -5.38564 15.8414 -7.26953 1.3464 17.1417 
16.3652 -5.5148 16.6064 -7.38914 1.3699 17.9014 
16.4153 -5.10557 15.1103 -7.37071 1.41469 16.3948 
16.4653 -5.34895 16.0926 -7.47807 1.40759 17.3873 
16.5153 -4.8184 14.601 -7.46564 1.42127 15.8436 
16.5654 -5.07918 15.8244 -7.56825 1.39528 17.0625 
16.6154 -4.5688 14.1312 -7.56927 1.48668 15.3471 
16.6655 -5.41848 15.8614 -7.7309 1.46666 17.2217 
16.7155 -5.06518 14.3766 -7.75987 1.52472 15.7513 
16.7656 -5.37977 16.0092 -7.90308 1.50266 17.363 
16.8156 -4.90322 14.7618 -7.93933 1.54165 16.0784 
16.8657 -5.19265 15.6199 -8.02868 1.52697 16.96 
16.9157 -5.47664 14.6064 -8.20152 1.61272 16.1556 
16.9658 -5.03803 15.3239 -8.27679 1.59502 16.6743 
17.0158 -4.77258 13.6622 -8.30377 1.64574 15.0809 
17.0659 -4.75093 14.9694 -8.32465 1.58292 16.2732 
17.1159 -5.21533 13.4881 -8.45093 1.67059 15.0915 
17.166 -4.22244 14.7473 -8.45054 1.64593 15.9364 
17.216 -5.24322 13.8159 -8.58385 1.71208 15.4157 
17.266 -4.34776 14.8659 -8.55843 1.65326 16.0934 
17.3161 -4.98868 13.6314 -8.67461 1.73865 15.1771 
17.3661 -4.65897 15.1306 -8.71769 1.69076 16.4445 
17.4162 -4.78615 13.0479 -8.89701 1.81549 14.6213 
17.4662 -5.00673 15.8452 -9.02578 1.75908 17.2421 
17.5163 -4.87592 12.8402 -9.11482 1.86844 14.5037 
17.5663 -4.78977 14.8682 -9.11933 1.77198 16.2964 
17.6164 -5.34731 12.8769 -9.2397 1.89262 14.7192 
17.6664 -4.90831 15.4511 -9.32624 1.78976 16.8943 
17.7165 -4.33069 12.0034 -9.30943 1.897 13.6174 
17.7665 -5.45801 15.2626 -9.474 1.81343 16.9116 
17.8166 -4.11242 12.0444 -9.41771 1.98037 13.6063 
17.8666 -4.23385 14.7781 -9.36251 1.84921 16.0962 
17.9167 -5.15208 13.0695 -9.47359 1.95591 14.8576 
17.9667 -4.20169 14.7557 -9.53582 1.90669 16.0945 
18.0167 -4.63992 12.1411 -9.64947 2.03589 13.9011 
18.0668 -3.99956 13.9816 -9.59599 1.91245 15.3436 
18.1168 -5.16639 12.7564 -9.76854 2.02147 14.6394 
18.1669 -4.0939 14.3225 -9.60802 1.82789 15.6781 
18.2169 -3.82779 12.1566 -9.43865 1.79356 13.6207 
18.267 -4.49596 15.681 -9.43365 1.64809 17.0026 
18.317 -3.67263 11.1352 -9.41585 1.81631 12.668 
18.3671 -4.86686 15.0447 -9.77318 1.91644 16.5785 
18.4171 -3.43796 10.8724 -9.76725 2.05068 12.4529 
18.4672 -4.29861 14.3374 -9.87718 1.97882 15.7955 
18.5172 -4.72317 12.4286 -9.9866 2.12317 14.2457 
18.5673 -3.93202 14.1175 -10.081 2.0603 15.5367 
18.6173 -4.20369 11.777 -10.1324 2.16784 13.5405 
18.6673 -3.96485 13.8316 -10.1207 2.07411 15.2954 
18.7174 -4.96096 12.5254 -10.3128 2.16917 14.4713 
18.7674 -4.47938 14.2503 -10.5207 2.15657 15.8805 
18.8175 -3.70816 10.949 -10.4433 2.2371 12.7432 
18.8675 -4.90769 14.3091 -10.6071 2.15771 16.068 
18.9176 -3.26317 11.2152 -10.5151 2.23954 12.8731 
18.9676 -4.28785 13.6653 -10.6159 2.19111 15.3211 
19.0177 -3.62934 11.6362 -10.57 2.25484 13.3388 
19.0677 -4.10854 13.5021 -10.6742 2.18915 15.149 
19.1178 -4.61766 12.3709 -10.7802 2.26576 14.3138 
19.1678 -3.20886 12.7147 -10.7052 2.22388 14.2168 
19.2179 -4.02153 11.9056 -10.7087 2.27182 13.7253 
19.2679 -4.15425 12.6114 -10.8499 2.25602 14.4038 
19.318 -4.24815 11.9387 -11.0488 2.33115 13.895 
19.368 -3.60661 12.2415 -11.0745 2.31523 13.9685 
19.418 -4.67636 12.3786 -11.2254 2.34833 14.441 
19.4681 -2.71384 11.0985 -11.0067 2.32333 12.7534 
19.5181 -4.80829 12.3395 -11.1708 2.33267 14.4392 
19.5682 -4.21493 12.7141 -11.2417 2.3507 14.6035 
19.6182 -3.66166 11.785 -11.2016 2.36779 13.6278 
19.6683 -3.74829 12.0545 -11.1947 2.35387 13.8725 
19.7183 -3.32756 11.7128 -11.1825 2.35669 13.4705 
19.7684 -3.80485 11.7533 -11.2624 2.37762 13.6502 
19.8184 -3.83037 12.21 -11.3344 2.36168 14.0636 
19.8685 -3.54321 11.3729 -11.3945 2.39313 13.2765 
19.9185 -3.3279 12.0804 -11.4021 2.3933 13.8377 
19.9686 -4.1287 11.5981 -11.5259 2.42022 13.6726 
20.0186 -3.86176 13.5134 -11.6059 2.43128 15.2703 
20.0687 -0.583974 9.51308 -10.8632 2.40432 11.0511 
20.1187 -4.95588 14.4382 -10.8708 2.24528 16.2561 
20.1687 -2.70439 11.8851 -10.7472 2.31228 13.3829 
20.2188 -1.62476 11.9819 -10.6728 2.28632 13.2809 
20.2688 -3.11939 12.2621 -10.6312 2.29707 13.7845 
20.3189 -2.86033 13.0763 -10.6784 2.24453 14.4661 
20.3689 -1.88079 10.9606 -10.6475 2.33624 12.3949 
20.419 -2.93463 13.6287 -10.5967 2.23337 14.9649 
20.469 -2.77386 11.6643 -10.5952 2.30205 13.1679 
20.5191 -1.91602 12.7594 -10.5716 2.24846 13.9968 
20.5691 -2.69765 11.6247 -10.5234 2.29733 13.1014 
20.6192 -2.67944 13.5485 -10.5263 2.21054 14.8277 
20.6692 -1.89565 10.7545 -10.5379 2.32058 12.1873 
20.7193 -2.25345 13.4215 -10.4638 2.20732 14.6282 
20.7693 -2.41466 11.1284 -10.5058 2.29927 12.5981 
20.8193 -1.8627 12.9838 -10.5191 2.21287 14.1798 
20.8694 -2.38106 11.143 -10.4943 2.30882 12.6023 
20.9194 -2.40832 13.7152 -10.4654 2.19284 14.9197 
20.9695 -1.73613 10.6138 -10.4162 2.30455 12.0081 
21.0195 -2.06138 13.5919 -10.3751 2.1856 14.7364 
21.0696 -2.32123 11.0037 -10.4046 2.29904 12.4462 
21.1196 -2.04243 13.4643 -10.4189 2.19535 14.6234 
21.1697 -2.20654 11.0146 -10.3854 2.30006 12.43 
21.2197 -2.17681 13.7366 -10.3613 2.18205 14.8822 
21.2698 -1.96201 10.7604 -10.3725 2.30706 12.1607 
21.3198 -2.12859 13.605 -10.3346 2.18005 14.7485 
21.3699 -2.04331 10.8329 -10.3226 2.2978 12.2265 
21.4199 -1.88802 13.5885 -10.3148 2.18657 14.6972 
21.47 -2.09036 10.7532 -10.2982 2.30055 12.1588 
