0 0 0 0 0 0 
0.0500465 1.35746 -0.346995 0.216525 -0.0296929 1.40663 
0.100093 0.215175 -0.656343 0.353767 -0.0068701 0.719968 
0.15014 0.135522 0.38691 0.223266 -0.00949666 0.432634 
0.200186 1.77924 -0.951224 0.352078 0.00322358 2.02574 
0.250233 -4.49782e-06 0.348132 0.287688 -0.033324 0.367891 
0.300279 0.100595 0.127198 0.201618 -0.00689259 0.185726 
0.350326 1.25388 -0.0534971 0.276258 -0.0267399 1.26627 
0.400372 0.085292 -0.213353 0.289737 -0.00703458 0.297585 
0.450419 0.583731 0.159889 0.263981 -0.0319922 0.630407 
0.500465 1.27422 -0.663096 0.293493 -0.00932308 1.4472 
0.550512 0.152434 0.13739 0.279455 -0.0187056 0.268098 
0.600558 0.668005 -0.379446 0.256882 -0.00267974 0.77951 
0.650605 1.05923 -0.010347 0.292549 -0.0353849 1.07658 
0.700651 -0.0115574 -0.034254 0.243244 -0.00682505 0.183536 
0.750698 0.554836 0.377 0.231125 -0.0166443 0.716923 
0.800744 0.793463 -0.319704 0.269304 0.00348062 0.890963 
0.850791 0.00207671 0.296652 0.232986 -0.0186917 0.345527 
0.900837 0.741565 -0.318635 0.254629 -0.0118644 0.828625 
0.950884 0.913947 -0.184754 0.313011 -0.027423 0.956976 
1.00093 0.190439 -0.0334517 0.257492 -0.00549414 0.304679 
1.05098 0.672017 0.176282 0.240458 -0.0117404 0.73613 
1.10102 0.574954 -0.119104 0.251308 -0.00332221 0.659745 
1.15107 0.274175 0.158369 0.259135 -0.0211874 0.409185 
1.20112 0.737959 -0.0967208 0.252546 -0.00883951 0.774424 
1.25116 0.448232 0.300806 0.249253 -0.0180967 0.560035 
1.30121 0.21043 0.228032 0.230505 -0.00513002 0.345227 
1.35126 0.627863 0.306681 0.242417 -0.0104943 0.743327 
1.4013 0.330514 0.281777 0.236785 -0.00215753 0.541361 
1.45135 0.0896737 0.71162 0.201058 -0.00524024 0.725626 
1.5014 0.383043 0.535475 0.209173 0.00426009 0.667372 
1.55144 0.178074 0.941727 0.2017 -0.00609158 0.962757 
1.60149 2.76011 0.880292 0.595752 -0.0536882 2.89421 
1.65153 1.49819 -0.501951 0.690724 -0.0594222 1.55439 
1.70158 -1.5967 1.36078 0.399918 -0.0217561 2.12437 
1.75163 0.050822 0.166086 0.637036 -0.0293482 0.351408 
1.80167 -1.516 2.91618 0.21542 0.0213914 3.29358 
1.85172 0.265731 2.07017 0.323634 0.0257139 2.09375 
1.90177 -0.873174 2.94602 0.266057 0.030948 3.07316 
1.95181 -0.958159 2.52416 0.443879 0.0504779 2.72154 
2.00186 -2.15638 3.73188 0.215697 0.0841745 4.31141 
2.05191 -1.50473 3.62302 0.290519 0.0545477 3.92559 
2.10195 -2.63011 4.42671 0.126517 -0.0182182 5.14879 
2.152 -2.29147 4.52265 0.153614 -0.0474328 5.06904 
2.20205 -3.11406 5.17862 0.0498155 -0.0316425 6.04491 
2.25209 -2.86219 4.93201 0.0130162 0.0674911 5.70301 
2.30214 -2.97794 5.25604 -0.0113296 0.122234 6.04303 
2.35219 -3.15823 5.49568 0.0187146 0.154248 6.34163 
2.40223 -3.52484 5.76496 -0.0529904 0.15979 6.75751 
2.45228 -3.59192 5.79751 -0.038576 0.107598 6.82485 
2.50233 -4.05395 6.41007 -0.0585974 0.00142719 7.5844 
2.55237 -4.18469 6.35534 -0.0927805 -0.014882 7.6108 
2.60242 -4.38324 6.9312 -0.144123 0.00383111 8.20386 
2.65247 -4.44478 6.89797 -0.196845 0.0920791 8.20654 
2.70251 -4.58358 7.4413 -0.240152 0.150886 8.74071 
2.75256 -4.92233 7.30158 -0.297341 0.211233 8.80809 
2.8026 -5.05421 7.95186 -0.247401 0.173849 9.42334 
2.85265 -5.38165 7.72558 -0.264309 0.12341 9.41738 
2.9027 -5.30306 8.51669 -0.290082 0.0233885 10.0343 
2.95274 -5.77647 8.35032 -0.381947 0.0177604 10.1556 
3.00279 -5.78161 8.72562 -0.408915 0.0478908 10.4699 
3.05284 -5.82869 8.66224 -0.419232 0.142939 10.4431 
3.10288 -6.11601 9.1817 -0.449458 0.188154 11.0353 
3.15293 -6.22913 8.7099 -0.453463 0.235292 10.7119 
3.20298 -6.21622 9.24922 -0.434169 0.171482 11.147 
3.25302 -6.41967 8.80512 -0.386871 0.090881 10.8988 
3.30307 -6.94908 9.58553 -0.508618 0.0229511 11.8422 
3.35312 -6.64624 9.17119 -0.545707 0.0114744 11.3295 
3.40316 -6.68952 9.72804 -0.61524 0.0748262 11.8104 
3.45321 -6.5235 9.12422 -0.596344 0.188392 11.2208 
3.50326 -6.97119 9.59358 -0.62397 0.235814 11.8636 
3.5533 -6.32973 8.93232 -0.535825 0.243464 10.9517 
3.60335 -7.25813 9.66518 -0.543078 0.147349 12.0903 
3.6534 -7.20189 9.84696 -0.51749 0.063094 12.2024 
3.70344 -7.28387 10.1023 -0.645608 0.0221677 12.4585 
3.75349 -7.13703 9.77635 -0.658158 0.0777305 12.1089 
3.80353 -7.15669 10.1666 -0.689317 0.1538 12.438 
3.85358 -7.52579 10.1139 -0.761862 0.26165 12.6131 
3.90363 -7.37515 10.277 -0.785344 0.278884 12.6566 
3.95367 -7.19809 9.5161 -0.706186 0.247563 11.9383 
4.00372 -8.01211 11.1106 -0.773352 0.14028 13.7036 
4.05377 -7.22379 10.2396 -0.658803 0.0673426 12.5357 
4.10381 -8.04955 11.1131 -0.738016 0.0426184 13.7273 
4.15386 -7.95023 11.0147 -0.761414 0.145637 13.5898 
4.20391 -7.7303 10.9625 -0.773127 0.207729 13.4219 
4.25395 -7.9641 10.4477 -0.850219 0.283437 13.1445 
4.304 -7.86478 10.1289 -0.828302 0.29559 12.8314 
4.35405 -7.6691 10.2284 -0.867116 0.222087 12.7927 
4.40409 -7.87143 10.2925 -0.809128 0.116696 12.9647 
4.45414 -8.0609 10.4096 -0.849092 0.0993183 13.1725 
4.50419 -7.46488 9.95031 -0.855497 0.0946028 12.4472 
4.55423 -7.44075 9.67491 -0.902757 0.189446 12.2139 
4.60428 -7.86227 9.98377 -0.903172 0.268993 12.7173 
4.65433 -7.9073 9.78228 -0.941778 0.295782 12.5905 
4.70437 -7.52816 9.43449 -0.862404 0.224423 12.0796 
4.75442 -8.00963 9.59032 -0.924096 0.151169 12.5052 
4.80446 -7.48699 9.83072 -0.88791 0.0759696 12.3665 
4.85451 -7.62579 9.55109 -0.940367 0.115512 12.2309 
4.90456 -7.75388 9.58496 -0.996393 0.170443 12.3405 
4.9546 -7.76165 9.46847 -1.06248 0.269833 12.2553 
5.00465 -7.98432 9.709 -1.12405 0.316894 12.584 
5.0547 -7.72853 9.40758 -1.08987 0.312329 12.1891 
5.10474 -8.06576 9.67018 -1.08991 0.213834 12.605 
5.15479 -7.9756 9.6923 -1.02694 0.156865 12.5632 
5.20484 -8.34814 10.08 -1.08518 0.130461 13.1015 
5.25488 -8.28217 10.1232 -1.19322 0.209767 13.0952 
5.30493 -7.8214 9.74781 -1.23653 0.294785 12.5177 
5.35498 -8.36398 10.1772 -1.27205 0.36993 13.1936 
5.40502 -7.95445 9.88897 -1.19086 0.357004 12.7064 
5.45507 -8.35202 9.82585 -1.25758 0.243484 12.9133 
5.50512 -7.85161 9.16247 -1.16676 0.141312 12.0805 
5.55516 -7.91203 10.0494 -1.23496 0.0810278 12.8045 
5.60521 -8.03003 9.81709 -1.28096 0.0997907 12.7018 
5.65526 -8.28909 9.92772 -1.33768 0.229691 12.9512 
5.7053 -8.41587 9.6525 -1.36531 0.299252 12.8251 
5.75535 -8.47898 10.202 -1.37317 0.330422 13.285 
5.8054 -8.63127 10.2218 -1.42553 0.320541 13.399 
5.85544 -8.3019 10.1131 -1.34983 0.227701 13.1032 
5.90549 -8.3946 10.6188 -1.37144 0.213672 13.5549 
5.95553 -8.44258 10.249 -1.41096 0.140425 13.2973 
6.00558 -8.71767 10.5407 -1.50454 0.204621 13.7 
6.05563 -8.45732 10.7094 -1.44986 0.258791 13.6659 
6.10567 -8.571 10.252 -1.44953 0.312506 13.3831 
6.15572 -8.28676 10.7885 -1.43279 0.317933 13.625 
6.20577 -8.56684 10.5193 -1.49596 0.275072 13.5881 
6.25581 -8.66328 10.7867 -1.47889 0.197932 13.8554 
6.30586 -8.82538 10.9519 -1.51092 0.202661 14.0863 
6.35591 -8.71121 11.4117 -1.5347 0.147715 14.3784 
6.40595 -8.91278 11.3178 -1.61571 0.217928 14.4296 
6.456 -9.01414 11.7131 -1.60683 0.263589 14.8033 
6.50605 -8.76098 11.2153 -1.58576 0.308048 14.2545 
6.55609 -8.97326 11.7611 -1.6241 0.302793 14.8162 
6.60614 -8.93594 11.1767 -1.64821 0.272311 14.3348 
6.65619 -8.69633 11.5011 -1.59792 0.214256 14.4417 
6.70623 -8.69006 11.1242 -1.59975 0.191877 14.1396 
6.75628 -8.62386 11.7822 -1.62681 0.152435 14.6242 
6.80633 -9.0379 11.7422 -1.71597 0.243347 14.843 
6.85637 -9.04761 12.0414 -1.70823 0.289078 15.0865 
6.90642 -8.99129 11.8316 -1.6628 0.320376 14.8844 
6.95646 -8.80234 11.8365 -1.69215 0.293615 14.7757 
7.00651 -8.93194 11.7858 -1.69259 0.309416 14.813 
7.05656 -9.12513 12.2846 -1.72951 0.271447 15.3279 
7.1066 -8.94238 11.8373 -1.72152 0.207301 14.8607 
7.15665 -8.99758 12.3907 -1.77081 0.159652 15.3387 
7.2067 -8.88131 11.7478 -1.75469 0.184554 14.7535 
7.25674 -8.95261 12.6317 -1.78501 0.228966 15.5086 
7.30679 -8.99803 12.238 -1.81776 0.299261 15.2179 
7.35684 -8.78084 12.4571 -1.77919 0.308005 15.2675 
7.40688 -9.22297 12.321 -1.84857 0.329694 15.4193 
7.45693 -8.95991 12.7318 -1.81641 0.307145 15.5956 
7.50698 -9.03317 12.3634 -1.82885 0.26811 15.3398 
7.55702 -8.86347 12.819 -1.83115 0.210549 15.612 
7.60707 -9.04839 12.799 -1.85402 0.207676 15.7022 
7.65712 -9.12691 13.2056 -1.89044 0.206139 16.0809 
7.70716 -9.0869 12.6959 -1.89731 0.285954 15.6421 
7.75721 -9.16218 13.2221 -1.93199 0.313257 16.116 
7.80726 -8.68448 12.6288 -1.86817 0.311651 15.356 
7.8573 -8.90956 13.2548 -1.90895 0.266786 16.0004 
7.90735 -8.66617 12.8391 -1.89379 0.283908 15.5197 
7.9574 -8.65988 12.7671 -1.87769 0.26382 15.4565 
8.00744 -8.85823 13.0775 -1.91975 0.249627 15.8256 
8.05749 -8.82055 13.3307 -1.9035 0.224782 16.0139 
8.10753 -8.81508 13.2987 -1.95428 0.210044 15.9857 
8.15758 -8.64199 13.284 -1.91241 0.215446 15.8771 
8.20763 -9.08435 13.487 -2.01563 0.297363 16.2929 
8.25767 -8.68243 13.2703 -1.95508 0.301883 15.8894 
8.30772 -8.82041 13.2265 -1.98138 0.301161 15.9296 
8.35777 -8.42353 13.246 -1.94744 0.253408 15.73 
8.40781 -8.86194 13.4535 -2.01975 0.286099 16.1427 
8.45786 -8.72697 13.6041 -1.99014 0.280755 16.1937 
8.50791 -8.68448 13.422 -1.97731 0.256888 16.0178 
8.55795 -8.33515 13.498 -1.95585 0.220758 15.8968 
8.608 -8.69442 13.7736 -2.00623 0.202127 16.3201 
8.65805 -8.39882 13.7144 -1.97988 0.231835 16.1144 
8.70809 -8.64214 13.574 -2.00416 0.304952 16.1234 
8.75814 -8.68219 13.844 -2.0255 0.2967 16.3736 
8.80819 -8.48079 13.7858 -2.01392 0.269626 16.2181 
8.85823 -8.23988 13.686 -1.97687 0.246449 16.006 
8.90828 -8.29178 13.9581 -2.00311 0.262485 16.2665 
8.95833 -8.6419 14.1545 -2.03614 0.303112 16.6163 
9.00837 -8.3685 14.2944 -2.02237 0.329329 16.5955 
9.05842 -8.55927 14.1439 -2.03835 0.286381 16.5641 
9.10847 -8.1397 14.2743 -2.01071 0.217275 16.4641 
9.15851 -8.26711 14.2856 -2.0191 0.202801 16.5379 
9.20856 -8.36503 14.4127 -2.04325 0.210899 16.6961 
9.2586 -8.09812 14.1125 -2.00279 0.255084 16.3028 
9.30865 -8.20114 14.3427 -2.02829 0.272884 16.5537 
9.3587 -8.38587 14.4082 -2.06456 0.274266 16.7041 
9.40874 -8.13557 14.5748 -2.05065 0.260812 16.724 
9.45879 -8.01766 14.3673 -2.05248 0.27126 16.4857 
9.50884 -7.9335 14.7375 -2.0437 0.281399 16.7689 
9.55888 -8.12354 14.6728 -2.07618 0.300205 16.8051 
9.60893 -8.15105 14.8988 -2.07013 0.286598 17.0149 
9.65898 -8.19095 14.7975 -2.08632 0.291998 16.946 
9.70902 -7.96791 14.9894 -2.04512 0.245015 17.0068 
9.75907 -7.91125 14.9274 -2.06579 0.225544 16.9262 
9.80912 -7.77269 15.0888 -2.04524 0.190204 17.0045 
9.85916 -7.99946 15.1095 -2.08528 0.223291 17.1286 
9.90921 -7.98004 15.1714 -2.08934 0.221703 17.1744 
9.95926 -7.72117 14.774 -2.07586 0.241168 16.7029 
10.0093 -7.66689 15.2343 -2.06547 0.219592 17.0864 
10.0593 -7.75132 14.9127 -2.08693 0.238386 16.8397 
10.1094 -7.82609 15.4221 -2.11509 0.215745 17.3269 
10.1594 -7.62832 15.201 -2.12439 0.260812 17.0414 
10.2095 -7.64085 15.4735 -2.12204 0.251238 17.2903 
10.2595 -7.55483 15.2016 -2.13277 0.274841 17.0094 
10.3096 -7.53536 15.4689 -2.13265 0.237673 17.24 
10.3596 -7.75541 15.2528 -2.17732 0.255118 17.1463 
10.4097 -7.56663 15.9282 -2.15137 0.253844 17.6674 
10.4597 -7.47084 15.2926 -2.16309 0.279628 17.0549 
10.5098 -7.60246 15.8411 -2.16127 0.238739 17.6045 
10.5598 -7.55778 15.4623 -2.14651 0.221471 17.2443 
10.6099 -7.58218 16.137 -2.17805 0.207515 17.863 
10.6599 -7.65434 15.8043 -2.22904 0.222366 17.596 
10.71 -7.23229 15.9685 -2.16097 0.19648 17.5635 
10.76 -7.40496 15.7926 -2.20788 0.226979 17.4777 
10.81 -7.37646 16.3577 -2.2117 0.213548 17.9784 
10.8601 -7.46322 15.8592 -2.23804 0.23286 17.5636 
10.9101 -7.42427 16.4875 -2.25023 0.216685 18.1172 
10.9602 -7.3807 15.879 -2.24277 0.239442 17.5468 
11.0102 -7.2883 16.3612 -2.27178 0.200973 17.9474 
11.0603 -7.25114 15.9396 -2.26287 0.233217 17.5484 
11.1103 -7.11109 16.502 -2.27062 0.21697 18.0053 
11.1604 -7.42431 16.2012 -2.33899 0.254566 17.8601 
11.2104 -7.19836 16.6021 -2.34071 0.235985 18.1337 
11.2605 -6.98773 16.2328 -2.34066 0.238443 17.7122 
11.3105 -7.13331 16.7917 -2.35178 0.217522 18.2825 
11.3606 -7.03587 16.2595 -2.36563 0.236614 17.7566 
11.4106 -7.09132 16.8987 -2.38938 0.219705 18.366 
11.4607 -6.86857 16.3489 -2.38253 0.247251 17.7737 
11.5107 -6.87828 16.6939 -2.38948 0.235843 18.0955 
11.5607 -7.05337 16.41 -2.44578 0.237319 17.9043 
11.6108 -7.40819 17.6615 -2.60254 0.249592 19.1683 
11.6608 -6.7023 16.8737 -2.42216 0.231739 18.1974 
11.7109 -6.93941 16.6354 -2.46761 0.250489 18.0672 
11.7609 -7.19358 17.3426 -2.52179 0.244472 18.8179 
11.811 -6.5508 16.5168 -2.46748 0.244273 17.8118 
11.861 -7.08696 17.4376 -2.5583 0.242822 18.8668 
11.9111 -6.62647 16.9812 -2.50987 0.249908 18.2719 
11.9611 -7.06507 17.498 -2.58756 0.240354 18.9157 
12.0112 -6.50415 16.8482 -2.52609 0.242747 18.1048 
12.0612 -6.9535 17.4735 -2.60381 0.249265 18.8517 
12.1113 -6.65176 17.3382 -2.5884 0.250832 18.6161 
12.1613 -6.57563 17.5435 -2.59893 0.243018 18.7814 
12.2113 -6.81456 17.4991 -2.64035 0.252727 18.8262 
12.2614 -6.50376 17.3619 -2.60538 0.242827 18.5869 
12.3114 -6.79846 17.7378 -2.69065 0.258817 19.0447 
12.3615 -6.36228 17.4709 -2.62496 0.253679 18.6402 
12.4115 -7.24082 18.3219 -2.78038 0.274075 19.7503 
12.4616 -6.42111 17.564 -2.70521 0.249853 18.7502 
12.5116 -7.20885 18.5205 -2.84557 0.278159 19.9256 
12.5617 -7.08439 18.8705 -2.86492 0.285543 20.2079 
12.6117 -7.52912 19.3601 -2.95418 0.284912 20.8254 
12.6618 -8.19521 20.1261 -3.06603 0.323241 21.7855 
12.7118 -8.33284 20.3144 -3.12218 0.314638 22.0136 
12.7619 -8.32945 20.4619 -3.16678 0.321905 22.1502 
12.8119 -8.25659 20.5074 -3.17537 0.319818 22.1648 
12.862 -8.50877 20.5348 -3.26018 0.330487 22.2882 
12.912 -7.96755 20.246 -3.2262 0.324709 21.818 
12.962 -7.90614 19.9664 -3.24021 0.319028 21.5365 
13.0121 -7.45329 19.7274 -3.18629 0.311606 21.1492 
13.0621 -8.00642 20.0407 -3.30357 0.344769 21.6449 
13.1122 -7.52038 19.8758 -3.26876 0.331663 21.3146 
13.1622 -7.54427 19.8881 -3.31591 0.345061 21.3362 
13.2123 -7.35613 19.9556 -3.32316 0.316022 21.3337 
13.2623 -7.54654 19.7027 -3.38458 0.352003 21.1675 
13.3124 -7.27362 19.6654 -3.37784 0.341675 21.0361 
13.3624 -7.42349 19.6162 -3.45163 0.363239 21.0456 
13.4125 -7.37952 19.9953 -3.49396 0.349064 21.3859 
13.4625 -7.04815 19.345 -3.49055 0.359543 20.6638 
13.5126 -7.43473 20.2367 -3.56491 0.347449 21.6337 
13.5626 -6.95849 19.4513 -3.56301 0.384406 20.736 
13.6127 -7.70729 20.7358 -3.70487 0.371985 22.2 
13.6627 -7.0434 19.5659 -3.6737 0.384486 20.8771 
13.7127 -7.58276 20.4863 -3.76871 0.377493 21.9265 
13.7628 -7.56466 20.1721 -3.84465 0.424991 21.6305 
13.8128 -7.42159 20.5357 -3.8754 0.415239 21.9223 
13.8629 -7.44936 20.0889 -3.95379 0.435353 21.5178 
13.9129 -7.39851 20.5115 -4.01239 0.422577 21.8982 
13.963 -7.31307 19.9184 -4.06523 0.455238 21.3168 
14.013 -7.7984 21.0981 -4.18729 0.453807 22.5916 
14.0631 -7.4725 20.1684 -4.22649 0.493927 21.6131 
14.1131 -6.50731 19.9665 -4.13748 0.4652 21.1031 
14.1632 -7.34124 20.3159 -4.28604 0.501776 21.7091 
14.2132 -6.91733 20.5126 -4.21881 0.4845 21.7514 
14.2633 -7.21967 19.9641 -4.27867 0.516161 21.3386 
14.3133 -7.41189 20.6452 -4.33892 0.507729 22.0439 
14.3633 -7.16691 19.7583 -4.37265 0.53123 21.1331 
14.4134 -6.92838 20.2085 -4.38407 0.5014 21.4768 
14.4634 -6.66133 19.8682 -4.40523 0.535122 21.0723 
14.5135 -6.97603 20.3992 -4.46483 0.518261 21.6759 
14.5635 -7.30243 20.1442 -4.57246 0.57297 21.5505 
14.6136 -7.14792 20.3536 -4.56822 0.55367 21.6947 
14.6636 -7.42515 20.1891 -4.67884 0.58879 21.6402 
14.7137 -7.24515 20.742 -4.72894 0.569522 22.0995 
14.7637 -7.25881 20.2132 -4.78229 0.599017 21.6118 
14.8138 -7.66036 21.0932 -4.89658 0.612983 22.5763 
14.8638 -7.1404 19.9318 -4.85494 0.640856 21.3131 
14.9139 -7.6621 21.0616 -4.9961 0.628933 22.5529 
14.9639 -7.29676 20.2241 -4.98627 0.65315 21.6466 
15.014 -7.71924 20.9566 -5.09201 0.656175 22.4804 
15.064 -7.8352 20.5462 -5.18093 0.702761 22.1445 
15.114 -7.75293 21.0923 -5.25596 0.709684 22.6282 
15.1641 -7.72097 20.4733 -5.31891 0.7187 22.0449 
15.2141 -7.75912 21.0152 -5.38893 0.697767 22.5661 
15.2642 -7.84257 20.7606 -5.45907 0.735856 22.3627 
15.3142 -7.96308 21.1728 -5.53181 0.736741 22.7928 
15.3643 -7.52457 20.304 -5.55211 0.770939 21.8341 
15.4143 -7.82723 21.0057 -5.65396 0.782757 22.598 
15.4644 -7.82099 20.5548 -5.72672 0.793641 22.1822 
15.5144 -7.87252 20.8717 -5.79592 0.802158 22.4982 
15.5645 -7.75016 20.3392 -5.80855 0.817245 21.9626 
15.6145 -7.61299 20.4201 -5.86633 0.807536 21.9935 
15.6646 -7.44831 19.9112 -5.90062 0.833152 21.4669 
15.7146 -7.40548 20.1171 -5.92222 0.844217 21.6447 
15.7647 -7.72984 20.2972 -6.03705 0.874327 21.9328 
15.8147 -7.51943 19.9345 -6.09309 0.892253 21.5271 
15.8647 -7.59428 20.0374 -6.18966 0.919461 21.6556 
15.9148 -7.70881 20.0727 -6.25438 0.908517 21.7333 
15.9648 -7.67733 20.0351 -6.30578 0.917463 21.6912 
16.0149 -7.4279 19.9638 -6.36945 0.946754 21.5431 
16.0649 -7.80586 20.0017 -6.46064 0.972035 21.7179 
16.115 -7.62577 19.9553 -6.5253 0.999472 21.6164 
16.165 -7.65383 19.6475 -6.58225 0.985423 21.3466 
16.2151 -7.63868 19.6109 -6.68129 1.00575 21.3158 
16.2651 -7.48409 19.5476 -6.72555 1.02249 21.2059 
16.3152 -7.6284 19.6891 -6.85172 1.06084 21.3979 
16.3652 -7.51722 19.4606 -6.9227 1.08475 21.1543 
16.4153 -7.78582 19.5215 -7.05562 1.11212 21.3183 
16.4653 -7.31084 19.2911 -7.05109 1.12413 20.9366 
16.5153 -7.48458 19.2733 -7.0891 1.12156 20.985 
16.5654 -7.29621 19.3656 -7.09913 1.11237 21.0044 
16.6154 -7.2908 19.1312 -7.17918 1.14962 20.794 
16.6655 -7.30378 19.2581 -7.26847 1.17562 20.9233 
16.7155 -7.49051 18.9105 -7.36539 1.19656 20.6795 
16.7656 -7.27054 19.2458 -7.42968 1.20824 20.9152 
16.8156 -7.10276 18.6949 -7.48027 1.24718 20.3553 
16.8657 -7.47137 19.2518 -7.57581 1.24318 21.0045 
16.9157 -7.22749 18.6312 -7.64174 1.30181 20.3564 
16.9658 -7.23137 18.5549 -7.74497 1.29933 20.2983 
17.0158 -6.67125 17.6591 -7.80067 1.35807 19.2881 
17.0659 -6.51768 17.9428 -7.85017 1.33441 19.5008 
17.1159 -6.4024 17.459 -7.88883 1.35428 19.0216 
17.166 -6.35925 17.7434 -7.92188 1.36317 19.2724 
17.216 -6.62096 17.2486 -8.04852 1.42339 18.9218 
17.266 -6.03342 17.5021 -8.03769 1.37827 18.9569 
17.3161 -6.319 17.2077 -8.1275 1.41489 18.7899 
17.3661 -6.32835 17.6076 -8.20096 1.4018 19.1673 
17.4162 -6.79429 17.5151 -8.35468 1.47383 19.2597 
17.4662 -6.14656 17.4109 -8.39357 1.48582 18.9497 
17.5163 -6.62032 17.1246 -8.50284 1.52033 18.8613 
17.5663 -6.79229 17.7204 -8.6279 1.50141 19.4763 
17.6164 -6.38596 16.6625 -8.68982 1.55562 18.3822 
17.6664 -6.91991 17.7345 -8.80254 1.55785 19.5544 
17.7165 -6.74131 16.8229 -8.85999 1.60732 18.6741 
17.7665 -6.06103 16.7993 -8.87788 1.58989 18.4198 
17.8166 -6.34876 16.3667 -8.95505 1.64276 18.1356 
17.8666 -6.20993 16.7067 -8.97843 1.62485 18.3981 
17.9167 -6.06907 16.1018 -9.04291 1.69271 17.8119 
17.9667 -6.15867 16.8195 -9.06367 1.66746 18.4948 
18.0167 -6.08431 16.164 -9.1269 1.70125 17.8841 
18.0668 -5.92172 16.6145 -9.17034 1.66635 18.2436 
18.1168 -6.21733 16.1354 -9.28026 1.72257 17.9242 
18.1669 -6.28619 16.7463 -9.41704 1.74424 18.5172 
18.2169 -6.19245 15.8526 -9.4957 1.77946 17.6913 
18.267 -6.68898 17.5963 -9.59717 1.77063 19.4475 
18.317 -6.30807 16.0174 -9.60588 1.83363 17.8956 
18.3671 -6.73571 16.8853 -9.73137 1.80218 18.8408 
18.4171 -6.42715 15.8928 -9.81422 1.84478 17.8557 
18.4672 -6.45637 16.6515 -9.90063 1.81396 18.5554 
18.5172 -5.70979 15.5107 -9.7859 1.84113 17.2621 
18.5673 -6.35768 16.6847 -9.82654 1.82111 18.5411 
18.6173 -6.23503 15.8383 -9.91333 1.87105 17.753 
18.6673 -6.16459 16.2299 -10.039 1.84147 18.0959 
18.7174 -6.21148 15.6564 -10.1469 1.88381 17.6165 
18.7674 -6.36108 16.3999 -10.2178 1.8794 18.3419 
18.8175 -5.87548 14.9991 -10.2269 1.93673 16.9286 
18.8675 -6.79778 16.4174 -10.4148 1.92348 18.542 
18.9176 -5.16151 14.8011 -10.3192 1.95985 16.532 
18.9676 -5.89261 15.7625 -10.3952 1.95603 17.6409 
19.0177 -5.87672 15.4317 -10.4673 1.98113 17.3519 
19.0677 -5.25994 15.2741 -10.4379 1.96902 17.0053 
19.1178 -5.69023 15.3198 -10.4392 1.99628 17.1851 
19.1678 -5.99959 15.9186 -10.4665 1.9703 17.8264 
19.2179 -5.35445 15.0067 -10.5076 1.99753 16.8076 
19.2679 -5.75814 15.3362 -10.6015 2.0094 17.2474 
19.318 -5.58193 14.9057 -10.6891 2.04861 16.8216 
19.368 -5.25391 14.8899 -10.7066 2.05798 16.7046 
19.418 -6.05495 15.432 -10.8502 2.08048 17.4745 
19.4681 -5.11853 14.5226 -10.8629 2.0775 16.3618 
19.5181 -5.13467 14.5164 -10.8967 2.0933 16.3676 
19.5682 -5.84603 15.2336 -10.9809 2.0862 17.2477 
19.6182 -4.33306 13.7293 -10.8635 2.10939 15.4242 
19.6683 -5.13373 14.7231 -10.9679 2.11046 16.5634 
19.7183 -4.90922 14.3606 -10.9439 2.10409 16.1704 
19.7684 -4.77399 14.0993 -10.962 2.11452 15.8997 
19.8184 -5.01058 14.5107 -11.0925 2.12338 16.3598 
19.8685 -4.09036 13.5864 -11.0597 2.12633 15.2665 
19.9185 -4.73224 14.2599 -11.1657 2.13349 16.065 
19.9686 -4.97909 13.9744 -11.2139 2.16799 15.8974 
20.0186 -4.29407 14.884 -11.2085 2.16911 16.513 
20.0687 -2.13007 12.7365 -10.6268 2.12763 14.0058 
20.1187 -5.70894 16.0388 -10.6135 2.02265 17.8623 
20.1687 -3.53745 14.3234 -10.49 2.05405 15.6923 
20.2188 -2.80353 13.9775 -10.4433 2.04357 15.2175 
20.2688 -3.98702 14.7991 -10.401 2.0222 16.2177 
20.3189 -3.804 14.7991 -10.442 2.01315 16.1795 
20.3689 -3.181 13.9312 -10.4263 2.05987 15.2464 
20.419 -3.80332 14.9954 -10.3813 2.02085 16.3497 
20.469 -3.79707 14.5145 -10.4144 2.03032 15.9138 
20.5191 -2.83335 13.9911 -10.3274 2.01549 15.2146 
20.5691 -3.11694 13.8372 -10.3078 2.03785 15.1262 
20.6192 -2.99663 14.2939 -10.2963 2.00525 15.5187 
20.6692 -2.64921 13.325 -10.292 2.03504 14.5638 
20.7193 -2.74664 14.0004 -10.2676 2.00065 15.1962 
20.7693 -2.69509 13.1674 -10.2725 2.02798 14.4244 
20.8193 -2.4105 13.8165 -10.262 2.00333 14.9681 
20.8694 -2.48609 13.0351 -10.2147 2.02852 14.2555 
20.9194 -2.19649 13.6916 -10.1496 1.99245 14.8 
20.9695 -1.95669 12.5927 -10.1546 2.03485 13.756 
21.0195 -2.17937 13.6394 -10.1446 1.9875 14.7479 
21.0696 -2.10134 12.7275 -10.1621 2.02934 13.9016 
21.1196 -2.03157 13.5093 -10.1457 1.99257 14.6068 
21.1697 -2.03555 12.6997 -10.1029 2.02254 13.8553 
21.2197 -2.12242 13.6071 -10.11 1.98518 14.7036 
21.2698 -1.99465 12.7332 -10.1123 2.029 13.8819 
21.3198 -2.2184 13.762 -10.1012 1.98777 14.8597 
21.3699 -2.11964 12.8363 -10.1026 2.02616 13.9931 
21.4199 -2.26109 13.8449 -10.086 1.97584 14.94 
21.47 -2.28302 12.9007 -10.0951 2.01977 14.0762 
