0 0.350937 -0.603444 0.101654 0.0241774 0.801495 
0.0500465 0.36263 -0.602746 0.108605 0.0237583 0.819853 
0.100093 0.374347 -0.602051 0.115573 0.023337 0.838153 
0.15014 0.386092 -0.601357 0.122559 0.022913 0.856388 
0.200186 0.397865 -0.600661 0.129567 0.0224859 0.874548 
0.250233 0.409669 -0.599958 0.1366 0.0220552 0.892623 
0.300279 0.421504 -0.599244 0.143662 0.0216204 0.910602 
0.350326 0.433372 -0.598511 0.150758 0.0211807 0.928471 
0.400372 0.44527 -0.597748 0.157893 0.0207354 0.946215 
0.450419 0.457197 -0.596941 0.165074 0.0202835 0.963818 
0.500465 0.469148 -0.596071 0.172308 0.0198238 0.981262 
0.550512 0.481115 -0.595111 0.179603 0.0193551 0.998527 
0.600558 0.493083 -0.594028 0.186971 0.0188757 1.01559 
0.650605 0.505033 -0.592774 0.194423 0.0183839 1.03243 
0.700651 0.516933 -0.591288 0.201972 0.0178775 1.04903 
0.750698 0.52874 -0.589487 0.209634 0.017354 1.06536 
0.800744 0.54039 -0.58726 0.217428 0.0168105 1.0814 
0.850791 0.551793 -0.58446 0.225374 0.0162436 1.09715 
0.900837 0.562825 -0.580893 0.233494 0.0156495 1.11261 
0.950884 0.573314 -0.576301 0.241813 0.015024 1.1278 
1.00093 0.583022 -0.570341 0.250357 0.014362 1.14276 
1.05098 0.591626 -0.562566 0.259153 0.0136586 1.15759 
1.10102 0.598687 -0.552385 0.268225 0.0129083 1.17245 
1.15107 0.603617 -0.539032 0.277593 0.0121058 1.18758 
1.20112 0.605635 -0.521515 0.287267 0.0112465 1.20336 
1.25116 0.603712 -0.498566 0.297241 0.0103273 1.22033 
1.30121 0.59652 -0.46859 0.307481 0.0093477 1.23927 
1.35126 0.582376 -0.429616 0.317915 0.00831173 1.26125 
1.4013 0.559194 -0.379275 0.328414 0.00723005 1.28769 
1.45135 0.524487 -0.314828 0.338772 0.00612276 1.32044 
1.5014 0.475413 -0.233258 0.348693 0.00502236 1.36179 
1.55144 0.40893 -0.13149 0.357771 0.00397635 1.41443 
1.60149 0.322077 -0.00673874 0.365491 0.0030486 1.48132 
1.65153 0.212389 0.143004 0.37125 0.00231798 1.56541 
1.70158 0.0784123 0.318418 0.374405 0.00187328 1.66924 
1.75163 -0.0797899 0.518358 0.37435 0.00180381 1.79446 
1.80167 -0.260301 0.739605 0.37061 0.00218669 1.94143 
1.85172 -0.459345 0.977008 0.362935 0.00307385 2.10892 
1.90177 -0.671684 1.22408 0.351346 0.00448252 2.29418 
1.95181 -0.891349 1.47391 0.33614 0.00639257 2.49334 
2.00186 -1.1125 1.72011 0.31783 0.00875145 2.70198 
2.05191 -1.33016 1.9576 0.297053 0.0114849 2.9158 
2.10195 -1.54068 2.18299 0.274469 0.0145098 3.13107 
2.152 -1.74182 2.39456 0.250687 0.0177454 3.34498 
2.20205 -1.93264 2.59202 0.226209 0.0211207 3.55565 
2.25209 -2.11319 2.77609 0.20142 0.0245786 3.76205 
2.30214 -2.28417 2.94812 0.176588 0.0280761 3.9638 
2.35219 -2.44666 3.10975 0.151887 0.031583 4.16098 
2.40223 -2.6019 3.26267 0.127414 0.0350789 4.35397 
2.45228 -2.75109 3.4085 0.103217 0.0385515 4.54329 
2.50233 -2.89539 3.54865 0.0793077 0.0419934 4.72949 
2.55237 -3.03579 3.68435 0.0556771 0.0454008 4.91314 
2.60242 -3.17313 3.8166 0.0323067 0.0487719 5.09473 
2.65247 -3.30811 3.94624 0.00917424 0.0521058 5.2747 
2.70251 -3.4413 4.07391 -0.0137424 0.0554018 5.45344 
2.75256 -3.57315 4.20012 -0.036462 0.0586592 5.63123 
2.8026 -3.704 4.32527 -0.0589993 0.0618766 5.80831 
2.85265 -3.8341 4.44964 -0.0813634 0.0650519 5.98487 
2.9027 -3.96366 4.57346 -0.103559 0.0681823 6.16103 
2.95274 -4.09279 4.69687 -0.125585 0.0712642 6.33686 
3.00279 -4.22159 4.81997 -0.147436 0.0742929 6.5124 
3.05284 -4.35008 4.9428 -0.1691 0.0772628 6.68764 
3.10288 -4.47826 5.06536 -0.190565 0.0801674 6.86254 
3.15293 -4.60609 5.18763 -0.211809 0.082999 7.03698 
3.20298 -4.73348 5.30952 -0.23281 0.0857492 7.21084 
3.25302 -4.86032 5.43091 -0.25354 0.0884086 7.38392 
3.30307 -4.98643 5.55165 -0.273969 0.0909666 7.55597 
3.35312 -5.11159 5.67153 -0.294062 0.0934123 7.72668 
3.40316 -5.23555 5.79027 -0.313781 0.0957338 7.89566 
3.45321 -5.35799 5.90757 -0.333089 0.0979194 8.06245 
3.50326 -5.47851 6.02304 -0.351946 0.0999571 8.2265 
3.5533 -5.59668 6.13623 -0.370312 0.101836 8.38718 
3.60335 -5.71199 6.24663 -0.388152 0.103546 8.54377 
3.6534 -5.82387 6.35368 -0.405434 0.105079 8.69546 
3.70344 -5.93171 6.45675 -0.422137 0.106432 8.84141 
3.75349 -6.03487 6.55517 -0.438249 0.107604 8.98068 
3.80353 -6.1327 6.64829 -0.453775 0.108601 9.11238 
3.85358 -6.22456 6.73544 -0.468737 0.109434 9.23561 
3.90363 -6.30988 6.81605 -0.483179 0.110121 9.34959 
3.95367 -6.38821 6.8896 -0.497168 0.110689 9.45366 
4.00372 -6.45922 6.95576 -0.510794 0.11117 9.54741 
4.05377 -6.52277 7.01437 -0.524165 0.111603 9.63065 
4.10381 -6.57894 7.06547 -0.537409 0.112031 9.7035 
4.15386 -6.62801 7.10933 -0.550662 0.112501 9.76641 
4.20391 -6.67048 7.14645 -0.564062 0.113056 9.82011 
4.25395 -6.70705 7.17751 -0.577746 0.11374 9.8656 
4.304 -6.73855 7.20337 -0.591833 0.11459 9.9041 
4.35405 -6.76591 7.22497 -0.606428 0.115633 9.93693 
4.40409 -6.7901 7.24331 -0.621609 0.116893 9.9655 
4.45414 -6.81206 7.25936 -0.637429 0.11838 9.99114 
4.50419 -6.83268 7.27406 -0.653917 0.120098 10.0151 
4.55423 -6.85274 7.28822 -0.671077 0.122043 10.0386 
4.60428 -6.87291 7.30258 -0.688896 0.124206 10.0625 
4.65433 -6.89371 7.31771 -0.70734 0.126569 10.0876 
4.70437 -6.91556 7.33409 -0.726367 0.129116 10.1145 
4.75442 -6.93875 7.35205 -0.745926 0.131824 10.1436 
4.80446 -6.96346 7.37184 -0.765963 0.134673 10.1753 
4.85451 -6.9898 7.39362 -0.786421 0.137641 10.2096 
4.90456 -7.01778 7.41748 -0.807242 0.140707 10.2466 
4.9546 -7.0474 7.44346 -0.828375 0.143851 10.2863 
5.00465 -7.07858 7.47154 -0.849768 0.147054 10.3288 
5.0547 -7.11123 7.50171 -0.871375 0.150299 10.3738 
5.10474 -7.14523 7.53393 -0.89315 0.153571 10.4212 
5.15479 -7.18048 7.56815 -0.915056 0.156855 10.471 
5.20484 -7.21685 7.60432 -0.937054 0.160137 10.523 
5.25488 -7.25419 7.64238 -0.959111 0.163406 10.5771 
5.30493 -7.29239 7.68231 -0.981195 0.166651 10.6331 
5.35498 -7.33133 7.72406 -1.00328 0.16986 10.691 
5.40502 -7.37088 7.76761 -1.02533 0.173024 10.7506 
5.45507 -7.41092 7.81295 -1.04732 0.176133 10.8119 
5.50512 -7.45133 7.86005 -1.06922 0.17918 10.8747 
5.55516 -7.492 7.90891 -1.09102 0.182154 10.939 
5.60521 -7.53281 7.95953 -1.11267 0.185049 11.0046 
5.65526 -7.57364 8.0119 -1.13416 0.187855 11.0716 
5.7053 -7.61437 8.06601 -1.15545 0.190565 11.1397 
5.75535 -7.65488 8.12185 -1.17652 0.193172 11.209 
5.8054 -7.69503 8.17941 -1.19733 0.195669 11.2793 
5.85544 -7.73469 8.23866 -1.21785 0.19805 11.3505 
5.90549 -7.77371 8.29954 -1.23806 0.200308 11.4224 
5.95553 -7.81196 8.36202 -1.25793 0.202438 11.495 
6.00558 -7.84929 8.42601 -1.27741 0.204435 11.5681 
6.05563 -7.88552 8.49141 -1.29649 0.206297 11.6415 
6.10567 -7.92051 8.5581 -1.31512 0.208021 11.715 
6.15572 -7.95409 8.62595 -1.33329 0.209605 11.7883 
6.20577 -7.98611 8.69479 -1.35097 0.211051 11.8614 
6.25581 -8.0164 8.76442 -1.36812 0.21236 11.9338 
6.30586 -8.04482 8.83463 -1.38474 0.213535 12.0055 
6.35591 -8.07122 8.90518 -1.40081 0.214583 12.076 
6.40595 -8.09549 8.97583 -1.41631 0.215509 12.1451 
6.456 -8.1175 9.04631 -1.43124 0.216323 12.2126 
6.50605 -8.13718 9.11635 -1.44561 0.217035 12.2782 
6.55609 -8.15445 9.18568 -1.45941 0.217656 12.3417 
6.60614 -8.16927 9.25402 -1.47266 0.218198 12.4028 
6.65619 -8.18163 9.32113 -1.48538 0.218675 12.4614 
6.70623 -8.19154 9.38675 -1.49759 0.219101 12.5172 
6.75628 -8.19904 9.45069 -1.50931 0.219489 12.5702 
6.80633 -8.2042 9.51276 -1.52059 0.219853 12.6202 
6.85637 -8.20711 9.57282 -1.53146 0.220207 12.6673 
6.90642 -8.20789 9.63076 -1.54195 0.220562 12.7115 
6.95646 -8.20668 9.68652 -1.5521 0.220928 12.7527 
7.00651 -8.20361 9.74008 -1.56196 0.221316 12.7911 
7.05656 -8.19887 9.79149 -1.57157 0.221732 12.8268 
7.1066 -8.19262 9.8408 -1.58095 0.222182 12.8601 
7.15665 -8.18503 9.88815 -1.59015 0.222669 12.891 
7.2067 -8.17628 9.93368 -1.59919 0.223194 12.9199 
7.25674 -8.16654 9.97758 -1.60811 0.223756 12.9471 
7.30679 -8.15598 10.0201 -1.61693 0.224352 12.9727 
7.35684 -8.14475 10.0614 -1.62566 0.224978 12.9972 
7.40688 -8.133 10.1019 -1.63433 0.225626 13.0208 
7.45693 -8.12086 10.1418 -1.64294 0.22629 13.0438 
7.50698 -8.10845 10.1814 -1.6515 0.226959 13.0666 
7.55702 -8.09586 10.221 -1.66002 0.227623 13.0894 
7.60707 -8.08317 10.2609 -1.66848 0.228272 13.1126 
7.65712 -8.07047 10.3014 -1.6769 0.228893 13.1364 
7.70716 -8.05778 10.3428 -1.68525 0.229477 13.1611 
7.75721 -8.04516 10.3853 -1.69354 0.23001 13.1869 
7.80726 -8.03261 10.4292 -1.70176 0.230484 13.2139 
7.8573 -8.02013 10.4746 -1.70989 0.230888 13.2425 
7.90735 -8.00772 10.5218 -1.71792 0.231215 13.2726 
7.9574 -7.99534 10.5708 -1.72585 0.231457 13.3045 
8.00744 -7.98297 10.6217 -1.73366 0.231609 13.338 
8.05749 -7.97054 10.6746 -1.74135 0.231668 13.3733 
8.10753 -7.95802 10.7295 -1.74891 0.231634 13.4103 
8.15758 -7.94533 10.7862 -1.75635 0.231508 13.4489 
8.20763 -7.93242 10.8446 -1.76366 0.231293 13.4889 
8.25767 -7.91921 10.9047 -1.77084 0.230996 13.5303 
8.30772 -7.90565 10.9662 -1.77791 0.230623 13.5728 
8.35777 -7.89167 11.0289 -1.78486 0.230184 13.6161 
8.40781 -7.87722 11.0924 -1.79171 0.229691 13.6601 
8.45786 -7.86224 11.1566 -1.79848 0.229155 13.7044 
8.50791 -7.84668 11.2212 -1.80517 0.228589 13.7489 
8.55795 -7.83052 11.2858 -1.81181 0.228007 13.7932 
8.608 -7.81371 11.3501 -1.8184 0.227421 13.8372 
8.65805 -7.79626 11.4139 -1.82497 0.226845 13.8804 
8.70809 -7.77813 11.477 -1.83153 0.226291 13.9228 
8.75814 -7.75933 11.539 -1.83809 0.225769 13.9641 
8.80819 -7.73987 11.5997 -1.84466 0.225291 14.0041 
8.85823 -7.71975 11.6591 -1.85126 0.224863 14.0427 
8.90828 -7.69898 11.7168 -1.85789 0.224495 14.0798 
8.95833 -7.6776 11.7729 -1.86456 0.224189 14.1152 
9.00837 -7.65562 11.8272 -1.87128 0.223952 14.149 
9.05842 -7.63307 11.8797 -1.87804 0.223783 14.181 
9.10847 -7.60996 11.9303 -1.88485 0.223685 14.2112 
9.15851 -7.58634 11.9791 -1.89169 0.223656 14.2398 
9.20856 -7.56222 12.0261 -1.89856 0.223692 14.2667 
9.2586 -7.53763 12.0713 -1.90546 0.22379 14.2919 
9.30865 -7.51258 12.1148 -1.91236 0.223944 14.3155 
9.3587 -7.4871 12.1567 -1.91926 0.224148 14.3377 
9.40874 -7.46119 12.1972 -1.92613 0.224393 14.3585 
9.45879 -7.43488 12.2363 -1.93296 0.22467 14.378 
9.50884 -7.40817 12.2742 -1.93973 0.224968 14.3964 
9.55888 -7.38106 12.3111 -1.9464 0.225275 14.4138 
9.60893 -7.35355 12.3473 -1.95296 0.225579 14.4304 
9.65898 -7.32566 12.3828 -1.95938 0.225866 14.4464 
9.70902 -7.29736 12.4179 -1.96563 0.226119 14.462 
9.75907 -7.26866 12.4529 -1.97168 0.226325 14.4773 
9.80912 -7.23954 12.488 -1.9775 0.226465 14.4926 
9.85916 -7.21001 12.5236 -1.98306 0.226522 14.5082 
9.90921 -7.18006 12.5599 -1.98835 0.226478 14.5243 
9.95926 -7.14969 12.5973 -1.99334 0.226317 14.5413 
10.0093 -7.11891 12.6362 -1.99801 0.226019 14.5594 
10.0593 -7.08772 12.6768 -2.00237 0.225571 14.5789 
10.1094 -7.05617 12.7197 -2.00642 0.224956 14.6004 
10.1594 -7.02428 12.765 -2.01019 0.224166 14.624 
10.2095 -6.99211 12.8133 -2.0137 0.223192 14.6503 
10.2595 -6.95974 12.8649 -2.01701 0.222035 14.6794 
10.3096 -6.92727 12.92 -2.02022 0.220698 14.7118 
10.3596 -6.89482 12.9789 -2.02341 0.219194 14.7477 
10.4097 -6.86253 13.0416 -2.02671 0.217547 14.7874 
10.4597 -6.83056 13.1083 -2.03026 0.215785 14.8309 
10.5098 -6.79909 13.1788 -2.03424 0.213949 14.8782 
10.5598 -6.76829 13.2528 -2.03881 0.212086 14.9293 
10.6099 -6.73836 13.33 -2.04415 0.21025 14.984 
10.6599 -6.70946 13.4099 -2.05043 0.208501 15.0417 
10.71 -6.68174 13.4917 -2.05782 0.206899 15.1022 
10.76 -6.65533 13.5749 -2.06644 0.205502 15.1647 
10.81 -6.63031 13.6586 -2.07639 0.204364 15.2286 
10.8601 -6.60673 13.7421 -2.08775 0.203531 15.2933 
10.9101 -6.58459 13.8245 -2.10053 0.203039 15.3581 
10.9602 -6.56384 13.9053 -2.11473 0.202913 15.4223 
11.0102 -6.54441 13.9837 -2.1303 0.203167 15.4853 
11.0603 -6.52618 14.0594 -2.14715 0.203803 15.5466 
11.1103 -6.50902 14.132 -2.16519 0.204812 15.6058 
11.1604 -6.49278 14.2011 -2.1843 0.206179 15.6625 
11.2104 -6.47728 14.2668 -2.20434 0.207878 15.7166 
11.2605 -6.46238 14.3288 -2.22519 0.209882 15.7679 
11.3105 -6.44789 14.3873 -2.2467 0.212158 15.8164 
11.3606 -6.43367 14.4424 -2.26876 0.214673 15.8619 
11.4106 -6.41955 14.4942 -2.29124 0.217393 15.9047 
11.4607 -6.4054 14.5428 -2.31404 0.220284 15.9447 
11.5107 -6.39109 14.5886 -2.33706 0.223315 15.9821 
11.5607 -6.37648 14.6316 -2.36021 0.226455 16.0169 
11.6108 -6.36146 14.6721 -2.38341 0.229675 16.0494 
11.6608 -6.34592 14.7103 -2.4066 0.232949 16.0796 
11.7109 -6.32977 14.7464 -2.42972 0.236254 16.1077 
11.7609 -6.3129 14.7806 -2.45272 0.239568 16.1338 
11.811 -6.29523 14.813 -2.47556 0.24287 16.158 
11.861 -6.27667 14.8438 -2.49822 0.246143 16.1804 
11.9111 -6.25714 14.8731 -2.52066 0.249372 16.2011 
11.9611 -6.23657 14.9011 -2.54287 0.252542 16.2203 
12.0112 -6.21489 14.9279 -2.56485 0.255642 16.2379 
12.0612 -6.19204 14.9536 -2.58659 0.258662 16.2541 
12.1113 -6.16797 14.9784 -2.60811 0.261595 16.269 
12.1613 -6.14265 15.0023 -2.62943 0.264436 16.2827 
12.2113 -6.11606 15.0255 -2.65058 0.267182 16.2954 
12.2614 -6.0882 15.0482 -2.6716 0.269835 16.307 
12.3114 -6.0591 15.0705 -2.69256 0.272398 16.3179 
12.3615 -6.02881 15.0925 -2.71354 0.274881 16.3281 
12.4115 -5.99742 15.1144 -2.73462 0.277295 16.3379 
12.4616 -5.96505 15.1365 -2.75591 0.279659 16.3476 
12.5116 -5.93189 15.1589 -2.77754 0.281995 16.3573 
12.5617 -5.89813 15.1819 -2.79966 0.284331 16.3674 
12.6117 -5.86405 15.2058 -2.82242 0.2867 16.3783 
12.6618 -5.82997 15.2307 -2.846 0.28914 16.3902 
12.7118 -5.79622 15.2571 -2.87058 0.291695 16.4037 
12.7619 -5.76323 15.285 -2.89635 0.294412 16.4191 
12.8119 -5.7314 15.315 -2.9235 0.29734 16.4368 
12.862 -5.7012 15.3471 -2.95221 0.30053 16.4572 
12.912 -5.67309 15.3816 -2.98264 0.304032 16.4808 
12.962 -5.6475 15.4188 -3.01495 0.307897 16.5078 
13.0121 -5.62487 15.4586 -3.04926 0.312168 16.5386 
13.0621 -5.60558 15.5014 -3.08566 0.316884 16.5733 
13.1122 -5.58995 15.547 -3.1242 0.322078 16.6122 
13.1622 -5.57825 15.5955 -3.16489 0.327773 16.6553 
13.2123 -5.57066 15.6468 -3.20772 0.333984 16.7025 
13.2623 -5.56728 15.7007 -3.25264 0.340719 16.7538 
13.3124 -5.56814 15.757 -3.29955 0.347973 16.809 
13.3624 -5.57318 15.8156 -3.34833 0.355738 16.8679 
13.4125 -5.58229 15.8761 -3.39887 0.363995 16.93 
13.4625 -5.59528 15.9382 -3.45101 0.372723 16.9952 
13.5126 -5.61193 16.0016 -3.50461 0.381895 17.0629 
13.5626 -5.63199 16.0661 -3.5595 0.391484 17.1329 
13.6127 -5.65515 16.1312 -3.61555 0.401459 17.2046 
13.6627 -5.68114 16.1967 -3.6726 0.411792 17.2778 
13.7127 -5.70964 16.2622 -3.73054 0.422455 17.3519 
13.7628 -5.74036 16.3275 -3.78926 0.433423 17.4266 
13.8128 -5.77302 16.3922 -3.84864 0.444673 17.5015 
13.8629 -5.80733 16.4561 -3.90863 0.456186 17.5762 
13.9129 -5.84305 16.5188 -3.96913 0.467945 17.6504 
13.963 -5.87993 16.5801 -4.03012 0.47994 17.7238 
14.013 -5.91773 16.6398 -4.09155 0.492161 17.796 
14.0631 -5.95627 16.6975 -4.1534 0.504604 17.8667 
14.1131 -5.99532 16.753 -4.21566 0.517266 17.9356 
14.1632 -6.03472 16.8061 -4.27833 0.53015 18.0024 
14.2132 -6.07429 16.8563 -4.34142 0.54326 18.0667 
14.2633 -6.11385 16.9036 -4.40495 0.556601 18.1283 
14.3133 -6.15324 16.9475 -4.46895 0.570183 18.1869 
14.3633 -6.19231 16.9877 -4.53344 0.584017 18.2421 
14.4134 -6.23089 17.0241 -4.59846 0.598114 18.2936 
14.4634 -6.26882 17.0563 -4.66405 0.612485 18.3411 
14.5135 -6.30595 17.084 -4.73024 0.627144 18.3843 
14.5635 -6.3421 17.107 -4.79707 0.642104 18.4229 
14.6136 -6.37713 17.1249 -4.86457 0.657373 18.4567 
14.6636 -6.41085 17.1377 -4.93278 0.672963 18.4854 
14.7137 -6.44311 17.145 -5.00171 0.688879 18.5088 
14.7637 -6.47375 17.1469 -5.07139 0.705127 18.5266 
14.8138 -6.5026 17.143 -5.14182 0.721706 18.5388 
14.8638 -6.52953 17.1336 -5.213 0.738614 18.5453 
14.9139 -6.5544 17.1185 -5.28492 0.755841 18.5462 
14.9639 -6.5771 17.0979 -5.35756 0.773374 18.5414 
15.014 -6.59751 17.072 -5.43087 0.791197 18.5311 
15.064 -6.61558 17.0411 -5.50481 0.809284 18.5156 
15.114 -6.63126 17.0055 -5.57932 0.827608 18.4951 
15.1641 -6.64453 16.9657 -5.65433 0.846137 18.4701 
15.2141 -6.6554 16.9222 -5.72974 0.864834 18.4411 
15.2642 -6.66393 16.8756 -5.80549 0.88366 18.4084 
15.3142 -6.67018 16.8263 -5.88146 0.902576 18.3728 
15.3643 -6.67429 16.7752 -5.95758 0.921539 18.3349 
15.4143 -6.67636 16.7228 -6.03375 0.940508 18.2951 
15.4644 -6.67657 16.6697 -6.10987 0.959445 18.2542 
15.5144 -6.67509 16.6166 -6.18587 0.978312 18.2128 
15.5645 -6.67212 16.564 -6.26166 0.997076 18.1714 
15.6145 -6.66784 16.5124 -6.33719 1.01571 18.1305 
15.6646 -6.66245 16.4623 -6.41241 1.03418 18.0907 
15.7146 -6.65617 16.4141 -6.48726 1.05248 18.0523 
15.7647 -6.64918 16.368 -6.56173 1.07059 18.0157 
15.8147 -6.64166 16.3243 -6.63581 1.08851 17.9811 
15.8647 -6.63378 16.2832 -6.70949 1.10622 17.9487 
15.9148 -6.62571 16.2446 -6.78278 1.12374 17.9187 
15.9648 -6.61759 16.2087 -6.85572 1.14106 17.8911 
16.0149 -6.60954 16.1753 -6.92833 1.1582 17.8658 
16.0649 -6.60168 16.1442 -7.00067 1.17517 17.8428 
16.115 -6.59409 16.1154 -7.07279 1.192 17.822 
16.165 -6.58686 16.0886 -7.14476 1.2087 17.8032 
16.2151 -6.58005 16.0634 -7.21664 1.22529 17.7861 
16.2651 -6.57371 16.0396 -7.28852 1.2418 17.7706 
16.3152 -6.56788 16.0167 -7.36048 1.25826 17.7561 
16.3652 -6.56257 15.9944 -7.43262 1.2747 17.7426 
16.4153 -6.55781 15.9722 -7.50502 1.29115 17.7295 
16.4653 -6.55359 15.9497 -7.57778 1.30764 17.7164 
16.5153 -6.54989 15.9264 -7.651 1.3242 17.703 
16.5654 -6.5467 15.9016 -7.72479 1.34087 17.6887 
16.6154 -6.54398 15.875 -7.79924 1.35767 17.6732 
16.6655 -6.54167 15.846 -7.87443 1.37464 17.6559 
16.7155 -6.53971 15.8139 -7.95048 1.39181 17.6364 
16.7656 -6.53803 15.7783 -8.02745 1.40921 17.6141 
16.8156 -6.53654 15.7386 -8.10543 1.42686 17.5886 
16.8657 -6.53513 15.6943 -8.18446 1.44478 17.5593 
16.9157 -6.53368 15.645 -8.26458 1.463 17.5259 
16.9658 -6.53205 15.5901 -8.34583 1.48153 17.488 
17.0158 -6.5301 15.5294 -8.42819 1.50037 17.4452 
17.0659 -6.52767 15.4626 -8.51163 1.51952 17.3972 
17.1159 -6.52458 15.3895 -8.59608 1.53897 17.3438 
17.166 -6.52067 15.3101 -8.68146 1.55871 17.2849 
17.216 -6.51577 15.2245 -8.76765 1.5787 17.2205 
17.266 -6.50969 15.1329 -8.85448 1.59891 17.1508 
17.3161 -6.50228 15.0357 -8.94178 1.61931 17.076 
17.3661 -6.49339 14.9333 -9.02932 1.63982 16.9965 
17.4162 -6.48288 14.8265 -9.1169 1.66041 16.9127 
17.4662 -6.47066 14.716 -9.20426 1.68101 16.8252 
17.5163 -6.45665 14.6025 -9.29118 1.70155 16.7347 
17.5663 -6.44078 14.4871 -9.3774 1.72196 16.6419 
17.6164 -6.42306 14.3706 -9.46269 1.7422 16.5476 
17.6664 -6.40348 14.254 -9.54685 1.76219 16.4526 
17.7165 -6.3821 14.1381 -9.6297 1.78189 16.3575 
17.7665 -6.35897 14.024 -9.71107 1.80125 16.2632 
17.8166 -6.33419 13.9122 -9.79084 1.82022 16.1704 
17.8666 -6.30788 13.8036 -9.86891 1.83879 16.0796 
17.9167 -6.28014 13.6986 -9.94523 1.85693 15.9914 
17.9667 -6.25111 13.5978 -10.0198 1.87462 15.9061 
18.0167 -6.22093 13.5015 -10.0925 1.89186 15.8242 
18.0668 -6.18973 13.4101 -10.1635 1.90866 15.7459 
18.1168 -6.15764 13.3235 -10.2328 1.92501 15.6714 
18.1669 -6.12479 13.2419 -10.3005 1.94094 15.6008 
18.2169 -6.09132 13.1653 -10.3666 1.95646 15.534 
18.267 -6.05731 13.0936 -10.4312 1.9716 15.4711 
18.317 -6.02289 13.0266 -10.4945 1.98637 15.412 
18.3671 -5.98813 12.9641 -10.5566 2.00081 15.3566 
18.4171 -5.95314 12.9059 -10.6176 2.01495 15.3047 
18.4672 -5.91797 12.8516 -10.6776 2.02882 15.256 
18.5172 -5.88271 12.8011 -10.7367 2.04244 15.2104 
18.5673 -5.84741 12.7538 -10.7951 2.05586 15.1677 
18.6173 -5.81212 12.7096 -10.853 2.06911 15.1274 
18.6673 -5.77689 12.6678 -10.9104 2.08222 15.0895 
18.7174 -5.74176 12.6282 -10.9676 2.09523 15.0534 
18.7674 -5.70677 12.5902 -11.0247 2.10819 15.019 
18.8175 -5.67194 12.5533 -11.0818 2.12114 14.9858 
18.8675 -5.63729 12.5169 -11.1392 2.13411 14.9533 
18.9176 -5.60283 12.4804 -11.1969 2.14716 14.9212 
18.9676 -5.56855 12.4431 -11.2552 2.16032 14.8888 
19.0177 -5.53444 12.4041 -11.3142 2.17364 14.8556 
19.0677 -5.50044 12.3627 -11.374 2.18715 14.821 
19.1178 -5.46646 12.318 -11.4345 2.20087 14.7842 
19.1678 -5.4324 12.269 -11.4958 2.21481 14.7445 
19.2179 -5.39807 12.2148 -11.5577 2.22897 14.7012 
19.2679 -5.36326 12.1546 -11.6199 2.24328 14.6534 
19.318 -5.32767 12.0878 -11.6818 2.25768 14.6005 
19.368 -5.29096 12.0139 -11.7428 2.27204 14.542 
19.418 -5.25274 11.933 -11.8019 2.28618 14.4775 
19.4681 -5.21259 11.8455 -11.858 2.29989 14.407 
19.5181 -5.17008 11.7525 -11.9099 2.31292 14.3309 
19.5682 -5.12483 11.6554 -11.9563 2.32498 14.2501 
19.6182 -5.07654 11.5564 -11.9959 2.33582 14.1658 
19.6683 -5.02502 11.4579 -12.0276 2.34517 14.0794 
19.7183 -4.97023 11.3625 -12.0508 2.35286 13.9927 
19.7684 -4.91228 11.2725 -12.0651 2.35876 13.9076 
19.8184 -4.8514 11.1903 -12.0703 2.36284 13.8256 
19.8685 -4.78795 11.1174 -12.0671 2.36513 13.7484 
19.9185 -4.72234 11.0551 -12.0559 2.36574 13.6769 
19.9686 -4.65501 11.0038 -12.0378 2.36484 13.6118 
20.0186 -4.58638 10.9636 -12.0138 2.36261 13.5535 
20.0687 -4.51686 10.9341 -11.9849 2.35924 13.502 
20.1187 -4.44677 10.9146 -11.952 2.35495 13.4572 
20.1687 -4.37641 10.9043 -11.916 2.34991 13.4184 
20.2188 -4.30598 10.9021 -11.8778 2.34428 13.3854 
20.2688 -4.23565 10.9071 -11.8379 2.3382 13.3574 
20.3189 -4.16553 10.9183 -11.7969 2.3318 13.3339 
20.3689 -4.09569 10.9348 -11.7552 2.32515 13.3143 
20.419 -4.02619 10.9559 -11.7131 2.31835 13.2982 
20.469 -3.95704 10.9808 -11.6708 2.31144 13.285 
20.5191 -3.88825 11.009 -11.6286 2.30446 13.2743 
20.5691 -3.81981 11.0398 -11.5864 2.29746 13.2658 
20.6192 -3.7517 11.0729 -11.5444 2.29045 13.2591 
20.6692 -3.68392 11.1079 -11.5027 2.28345 13.254 
20.7193 -3.61642 11.1444 -11.4613 2.27648 13.2501 
20.7693 -3.54921 11.1823 -11.4202 2.26954 13.2474 
20.8193 -3.48224 11.2212 -11.3794 2.26263 13.2456 
20.8694 -3.4155 11.2611 -11.3389 2.25576 13.2447 
20.9194 -3.34897 11.3017 -11.2986 2.24893 13.2444 
20.9695 -3.28262 11.343 -11.2587 2.24213 13.2447 
21.0195 -3.21644 11.3848 -11.219 2.23538 13.2455 
21.0696 -3.15042 11.427 -11.1795 2.22866 13.2467 
21.1196 -3.08453 11.4696 -11.1403 2.22198 13.2483 
21.1697 -3.01877 11.5125 -11.1012 2.21533 13.2502 
21.2197 -2.95312 11.5557 -11.0624 2.20872 13.2524 
21.2698 -2.88757 11.5991 -11.0237 2.20213 13.2548 
21.3198 -2.82211 11.6427 -10.9853 2.19557 13.2574 
21.3699 -2.75674 11.6864 -10.9469 2.18903 13.2602 
21.4199 -2.69145 11.7303 -10.9087 2.18252 13.2631 
21.47 -2.62622 11.7743 -10.8707 2.17604 13.2661 
