0 -0.262901 0.0472907 -0.0312505 0.0155227
0.01 -0.164828 0.738031 -0.0225274 0.00625371
0.02 -0.224597 0.513341 -0.0344537 0.0263718
0.03 -0.0589687 1.5249 -0.0270846 0.00942512
0.04 0.447522 0.104579 0.00612513 0.0136091
0.05 1.08716 -0.289038 0.0762001 0.000732575
0.06 1.50348 -1.37779 0.122706 0.00482209
0.07 1.33436 -0.757488 0.154025 -0.0101934
0.08 0.884939 -1.15628 0.155441 0.00870439
0.09 0.439806 -0.386238 0.155224 -0.00544573
0.1 -0.0341839 -0.619537 0.146109 0.0119976
0.11 -0.523599 0.272248 0.121951 0.003095
0.12 -0.866455 0.0933694 0.0949086 0.0180537
0.13 -0.935696 0.59691 0.0842377 0.00843234
0.14 -0.629229 0.070232 0.0761257 0.0233914
0.15 -0.146301 0.443194 0.0801948 0.010693
0.16 0.282386 -0.235038 0.0856467 0.0241163
0.17 0.840888 0.00837061 0.107975 0.0124675
0.18 1.24537 -0.677653 0.12352 0.0220466
0.19 1.50424 -0.310731 0.138035 0.00820973
0.2 1.51842 -0.909198 0.144427 0.0173534
0.21 1.42848 -0.302753 0.150432 0.00396447
0.22 1.09528 -0.627397 0.145725 0.0119721
0.23 0.647607 0.0545534 0.137217 0.00111546
0.24 0.188591 -0.250273 0.123475 0.00963359
0.25 -0.239051 0.395412 0.113339 -0.00125047
0.26 -0.504344 -0.0353932 0.102358 0.008755
0.27 -0.597047 0.598907 0.0928451 -0.000291189
0.28 -0.567026 0.154714 0.0820895 0.0103506
0.29 -0.421743 0.672942 0.0762133 -0.00279893
0.3 -0.189025 0.164317 0.06981 0.0122369
0.31 0.182955 0.667452 0.0694897 -0.000227799
0.32 0.428564 0.0618639 0.0724761 0.0129921
0.33 0.752595 0.325096 0.0828455 0.00239466
0.34 1.0113 -0.344445 0.09229 0.0113076
0.35 0.997747 0.00998468 0.106037 0.00187009
0.36 0.885 -0.438716 0.111137 0.0116781
0.37 0.697478 0.0969919 0.116754 0.000878136
0.38 0.391226 -0.367145 0.11664 0.0133252
0.39 0.0469477 0.300288 0.116028 0.00403312
0.4 -0.156108 -0.189161 0.113964 0.0126027
0.41 -0.327164 0.381097 0.109785 0.000162041
0.42 -0.327373 -0.137529 0.100501 0.0115395
0.43 -0.199872 0.309016 0.0996169 0.000858747
0.44 -0.0203464 -0.228558 0.0984291 0.0112152
0.45 0.286274 0.236083 0.100677 -0.000828793
0.46 0.537969 -0.338138 0.100552 0.00945663
0.47 0.75608 0.0381638 0.105558 0.00031539
0.48 0.923631 -0.519052 0.105994 0.0102368
0.49 1.04719 -0.168869 0.114831 -0.00222835
0.5 1.02887 -0.646494 0.115125 0.0113026
0.51 0.836557 -0.109859 0.118488 0.000492135
0.52 0.603286 -0.537328 0.114796 0.0121312
0.53 0.316512 0.0348588 0.115328 0.00102082
0.54 0.0582923 -0.354098 0.113274 0.0135258
0.55 -0.0858458 0.20674 0.109288 0.00529735
0.56 -0.235762 -0.239001 0.10378 0.0164313
0.57 -0.198362 0.206134 0.103032 0.00499287
0.58 -0.0443983 -0.23657 0.0992851 0.0163141
0.59 0.114589 0.264628 0.0992607 0.00441182
0.6 0.363172 -0.345415 0.0966236 0.0151009
0.61 0.608849 0.00737615 0.102775 0.00338597
0.62 0.809235 -0.493248 0.105063 0.0133331
0.63 0.911473 -0.0136562 0.109377 0.0005911
0.64 0.933496 -0.496949 0.111321 0.0111194
0.65 0.829836 0.0718245 0.115219 -0.00265575
0.66 0.600172 -0.379322 0.111571 0.00638058
0.67 0.327473 0.272832 0.107263 -0.00167951
0.68 0.0231778 -0.0813955 0.0995357 0.0096466
0.69 -0.152572 0.419493 0.0958554 -0.000311439
0.7 -0.25513 -0.0398888 0.0910511 0.0132715
0.71 -0.334896 0.47682 0.088088 0.00115237
0.72 -0.267598 0.1142 0.0840248 0.0160015
0.73 -0.144141 0.559218 0.0821719 0.00407224
0.74 0.0343396 0.00602373 0.0825868 0.0161186
0.75 0.240604 0.492006 0.0843985 0.00582031
0.76 0.490073 -0.0796355 0.0842923 0.0173735
0.77 0.634651 0.329962 0.0951071 0.00663013
0.78 0.703716 -0.300179 0.0960701 0.0178344
0.79 0.683248 0.0710789 0.102838 0.00758534
0.8 0.559923 -0.356689 0.10316 0.0186795
0.81 0.419646 0.235195 0.103878 0.0075034
0.82 0.233724 -0.231099 0.0990536 0.0177773
0.83 0.0226217 0.506407 0.0943716 0.00510919
0.84 -0.158417 -0.0170917 0.0873617 0.0149316
0.85 -0.26253 0.409166 0.085349 0.00442251
0.86 -0.207076 -0.0344232 0.0851673 0.0158305
0.87 -0.130387 0.442814 0.0820488 0.00143734
0.88 -0.0017365 -0.204598 0.0836505 0.0129836
0.89 0.230208 0.316006 0.0901231 0.00145039
0.9 0.416919 -0.332965 0.094468 0.0117014
0.91 0.661806 0.111573 0.101228 -0.00073874
0.92 0.72977 -0.573074 0.105271 0.0112095
0.93 0.804502 -0.0386317 0.116575 -0.00190481
0.94 0.826736 -0.594373 0.119977 0.00981859
0.95 0.684742 -0.0749202 0.125374 -0.000191633
0.96 0.559862 -0.464936 0.122779 0.0109474
0.97 0.407369 0.0727284 0.120256 0.000572264
0.98 0.199105 -0.29471 0.112749 0.0143334
0.99 0.0718773 0.293985 0.106695 0.00105829
1 -0.0622227 -0.0916394 0.0985753 0.0147387
1.01 -0.0577978 0.409465 0.0959256 0.00378558
1.02 -0.00276169 -0.14174 0.0912072 0.0172027
1.03 0.0860543 0.487523 0.0895059 0.00463349
1.04 0.227039 -0.0840309 0.0850846 0.0166807
1.05 0.360657 0.328172 0.0882843 0.00723441
1.06 0.515077 -0.153148 0.0908288 0.0180877
1.07 0.517582 0.307279 0.0966896 0.00538945
1.08 0.513828 -0.230031 0.0944018 0.0167226
1.09 0.468816 0.269717 0.0958971 0.00540938
1.1 0.345049 -0.212942 0.0939525 0.0168746
1.11 0.238905 0.395125 0.0960105 0.00397918
1.12 0.10337 -0.0482371 0.0946264 0.0167594
1.13 -0.0136302 0.449122 0.0980197 0.00463321
1.14 -0.00467805 -0.0888225 0.0946902 0.0155764
1.15 0.00788031 0.334157 0.0988744 0.0024049
1.16 0.0292143 -0.166479 0.0957201 0.0133631
1.17 0.130887 0.353136 0.095006 0.00195912
1.18 0.211013 -0.126669 0.092803 0.0137032
1.19 0.347249 0.394131 0.093758 0.00267011
1.2 0.439294 -0.160282 0.094116 0.0143542
1.21 0.529238 0.282829 0.0970903 0.00201228
1.22 0.474441 -0.236081 0.0973364 0.0134022
1.23 0.454175 0.301152 0.097711 0.00209299
1.24 0.402449 -0.144131 0.0942381 0.0131351
1.25 0.236301 0.450013 0.095164 0.00322585
1.26 0.101949 0.041097 0.0897071 0.0143591
1.27 0.00890984 0.464921 0.0931076 0.00256094
1.28 -0.0646538 0.111892 0.0847459 0.0132942
1.29 -0.10806 0.616815 0.0837702 0.00490527
1.3 -0.0877281 0.134714 0.0835613 0.0158684
1.31 0.0242988 0.601623 0.0847036 0.00605232
1.32 0.10613 0.101401 0.0828827 0.0169386
1.33 0.219011 0.586085 0.0839095 0.00676256
1.34 0.288208 0.0102408 0.0858164 0.0171398
1.35 0.365077 0.512167 0.0900342 0.0065388
1.36 0.347683 0.0121106 0.0894232 0.0179148
1.37 0.340229 0.473021 0.0932906 0.00566971
1.38 0.338752 -0.0118228 0.0921531 0.01537
1.39 0.255823 0.5468 0.0927934 0.00578868
1.4 0.142765 0.102729 0.0878666 0.0177257
1.41 -0.0481452 0.752897 0.0858877 0.00791034
1.42 -0.109723 0.309013 0.0782514 0.0198437
1.43 -0.144086 0.789149 0.0774734 0.0076143
1.44 -0.23019 0.440906 0.0738392 0.0213277
1.45 -0.165624 0.940429 0.0703242 0.00904353
1.46 -0.180299 0.439301 0.0686541 0.0200128
1.47 -0.0450716 0.960066 0.0718174 0.00897155
1.48 -0.0256361 0.426036 0.0703824 0.0219797
1.49 0.075955 0.92244 0.0709408 0.00798461
1.5 0.0703785 0.44707 0.0711324 0.0227837
1.51 0.181426 0.813908 0.0764033 0.00908141
1.52 0.0691109 0.372423 0.0748037 0.0227026
1.53 0.0478207 0.944446 0.071028 0.00972924
1.54 -0.0993869 0.442578 0.0720283 0.0212006
1.55 -0.0598232 1.04976 0.0722496 0.00692726
1.56 -0.110737 0.925805 0.066255 0.0208665
1.57 0.0115767 1.88854 0.069344 0.00722391
1.58 0.408044 1.65545 0.0870036 0.0209658
1.59 1.09867 1.84848 0.1382 0.00232109
1.6 2.06957 1.05842 0.220192 0.00523221
1.61 2.88199 0.881156 0.322803 -0.0317282
1.62 2.73273 0.878317 0.390759 -0.0192603
1.63 3.33818 0.828176 0.46857 -0.0369042
1.64 2.91713 -0.322842 0.422758 -0.0126242
1.65 1.66018 -0.47041 0.327107 -0.0278734
1.66 0.741231 -0.295936 0.304676 0.00127759
1.67 -0.558883 0.632316 0.242899 -0.0253878
1.68 -1.45402 0.934325 0.189153 0.000620199
1.69 -1.94429 1.85882 0.171266 -0.0107439
1.7 -1.99361 1.22112 0.160858 0.00606242
1.71 -1.66131 1.62367 0.181419 0.00182113
1.72 -1.34522 0.954089 0.200309 0.0106935
1.73 -0.800813 1.05026 0.249972 -0.010411
1.74 -0.284302 0.0755514 0.279647 0.00464641
1.75 -0.210978 0.117001 0.288452 -0.00346122
1.76 -0.289489 0.432627 0.278975 0.00615831
1.77 -0.820016 1.41266 0.232079 0.00381348
1.78 -1.45616 1.67507 0.175849 0.0170013
1.79 -1.75639 2.67406 0.129931 0.0136135
1.8 -1.81692 2.6472 0.0894756 0.0284744
1.81 -1.70628 3.25501 0.0674334 0.0235577
1.82 -1.48344 3.07415 0.0577131 0.0346558
1.83 -1.05817 3.22346 0.0756112 0.0230082
1.84 -0.494453 2.56329 0.0954329 0.0257893
1.85 -0.0929204 2.5574 0.121011 0.0215407
1.86 0.0373865 1.7421 0.137558 0.0336565
1.87 -0.0177318 1.9606 0.147159 0.0217038
1.88 -0.103595 1.73378 0.13495 0.0299838
1.89 -0.549084 2.67652 0.127023 0.0298881
1.9 -0.964691 2.55697 0.10735 0.0369447
1.91 -1.24837 3.35314 0.100472 0.0261131
1.92 -1.33682 3.14263 0.111281 0.0339407
1.93 -1.33316 3.1358 0.137798 0.0304704
1.94 -1.18194 2.30247 0.172682 0.0329458
1.95 -1.0365 2.82989 0.18882 0.0365405
1.96 -1.43715 2.40944 0.187641 0.0427678
1.97 -1.88521 3.20927 0.163745 0.0346085
1.98 -1.87469 2.95135 0.115297 0.0547682
1.99 -2.49745 3.53331 0.0680504 0.0491273
2 -2.37613 3.66971 0.0762447 0.0617354
2.01 -2.44413 3.82413 0.0760514 0.0551858
2.02 -2.28885 3.62972 0.0757673 0.0704158
2.03 -2.15204 3.83669 0.0852728 0.0507191
2.04 -1.89007 3.44214 0.105492 0.058112
2.05 -1.81517 3.92111 0.106455 0.0457695
2.06 -1.74145 3.5203 0.119221 0.0403363
2.07 -1.74196 4.07285 0.119876 0.0277302
2.08 -2.17657 3.8654 0.108261 0.0291893
2.09 -2.36152 4.37769 0.0893907 0.00425824
2.1 -2.68791 4.07739 0.0334557 0.0242153
2.11 -2.97362 4.72703 0.0358387 -0.00612046
2.12 -2.76427 4.49879 0.0372667 -0.00138615
2.13 -2.76957 5.04391 0.0312749 0.0136918
2.14 -3.00472 4.14644 0.0221378 0.00223421
2.15 -2.69248 4.78437 0.0378437 -0.0180629
2.16 -2.50919 4.42245 0.0483768 -0.00216058
2.17 -2.62723 4.67848 0.04322 -0.0144913
2.18 -2.89611 4.50141 0.0274956 0.00165943
2.19 -3.07098 5.06123 0.0139152 -0.00694327
2.2 -3.24449 4.61235 0.00366373 0.00133215
2.21 -3.43519 5.543 -0.0123549 0.0010616
2.22 -3.40751 5.05054 -0.0227258 0.0262378
2.23 -3.43399 5.28796 -0.0257942 0.0235655
2.24 -3.2668 5.11862 -0.0323737 0.0410694
2.25 -3.17377 5.41899 -0.0169986 0.042339
2.26 -3.10692 4.82451 -0.0284933 0.0519942
2.27 -3.11458 5.64984 -0.0172273 0.0450981
2.28 -3.13291 5.18692 -0.0227879 0.0666219
2.29 -3.27975 5.86736 -0.0306275 0.0634843
2.3 -3.36026 5.12269 -0.0309029 0.0839641
2.31 -3.19297 5.43959 -0.038405 0.0723305
2.32 -3.3228 5.48281 -0.0258339 0.0763309
2.33 -3.56666 5.81304 -0.0296373 0.0851563
2.34 -3.5967 5.51119 -0.0367945 0.093717
2.35 -3.42965 6.07131 -0.0269408 0.0952864
2.36 -3.45866 5.3385 -0.0198615 0.0912828
2.37 -3.75814 5.90973 -0.0166596 0.0902891
2.38 -3.60704 5.70968 -0.0276625 0.102651
2.39 -3.67118 6.09185 -0.031662 0.0882806
2.4 -3.68143 5.63593 -0.0390224 0.103869
2.41 -3.8099 5.88906 -0.0629087 0.0903372
2.42 -3.60957 5.70885 -0.0424135 0.0825163
2.43 -3.7077 5.98927 -0.0308145 0.0747399
2.44 -3.76099 5.65352 -0.0360924 0.0748626
2.45 -3.71762 6.37003 -0.029969 0.0598966
2.46 -3.92452 5.68031 -0.0578326 0.0704847
2.47 -4.07869 6.34743 -0.0501427 0.0399864
2.48 -3.93855 5.67398 -0.0382671 0.0476913
2.49 -4.15363 6.31819 -0.0640396 0.0346323
2.5 -4.24953 6.21467 -0.0672198 0.0292121
2.51 -4.34305 6.51907 -0.0603671 0.0130996
2.52 -4.4114 6.24246 -0.0833767 0.0248174
2.53 -4.35137 6.61562 -0.0741346 -0.00603007
2.54 -4.40977 6.63484 -0.0765757 0.00418303
2.55 -4.41204 6.94323 -0.0882968 -0.000993739
2.56 -4.44495 6.27604 -0.0733324 0.0110272
2.57 -4.30004 6.88806 -0.0688492 0.00926542
2.58 -4.41903 6.61295 -0.0770141 0.0108695
2.59 -4.49548 6.8178 -0.0929062 0.0103875
2.6 -4.65139 6.25296 -0.10588 0.0164053
2.61 -4.655 7.17083 -0.103197 0.0196743
2.62 -4.82495 6.72901 -0.114933 0.0426163
2.63 -4.72113 7.26408 -0.135322 0.0380652
2.64 -4.92256 6.94717 -0.129692 0.0593484
2.65 -4.80462 7.12526 -0.129482 0.0538921
2.66 -4.68757 6.92123 -0.129814 0.0637536
2.67 -4.71338 7.25523 -0.130735 0.0631976
2.68 -4.64518 6.76411 -0.133741 0.0791279
2.69 -4.80025 7.18042 -0.132488 0.0737096
2.7 -4.66303 6.87946 -0.140788 0.0910923
2.71 -4.91727 7.62307 -0.154619 0.0915464
2.72 -5.1673 7.34735 -0.165333 0.104214
2.73 -5.29728 7.8103 -0.168986 0.103804
2.74 -5.29098 7.41213 -0.18107 0.120701
2.75 -5.31324 7.95567 -0.180706 0.112765
2.76 -5.15955 7.24937 -0.179443 0.122552
2.77 -5.20194 7.84763 -0.175715 0.11464
2.78 -5.1632 7.63697 -0.162911 0.122415
2.79 -5.13849 7.7856 -0.162361 0.112786
2.8 -5.12298 7.46996 -0.163018 0.113333
2.81 -5.35538 8.07533 -0.153976 0.100496
2.82 -5.33699 7.59757 -0.16244 0.103874
2.83 -5.45649 8.18197 -0.157656 0.0892779
2.84 -5.51349 7.83692 -0.160044 0.0944936
2.85 -5.55133 8.28206 -0.16002 0.0738685
2.86 -5.65718 7.70938 -0.163012 0.0767948
2.87 -5.6085 8.21276 -0.149719 0.0578014
2.88 -5.52772 7.97479 -0.154926 0.0495752
2.89 -5.59186 8.49594 -0.144759 0.0303106
2.9 -5.73224 7.92854 -0.14278 0.0357954
2.91 -5.56159 8.62146 -0.183607 0.026398
2.92 -5.91162 7.84024 -0.20814 0.0358437
2.93 -6.07258 8.88061 -0.212949 0.0154038
2.94 -5.92385 8.20722 -0.204385 0.0227058
2.95 -6.0386 8.67479 -0.201602 0.0138804
2.96 -6.05233 8.38178 -0.22584 0.0259939
2.97 -6.26479 8.84458 -0.233907 0.0248197
2.98 -6.04414 8.22472 -0.232376 0.030108
2.99 -6.16025 8.7873 -0.230229 0.0222257
3 -6.09586 8.28342 -0.233892 0.0515929
3.01 -6.0457 8.83747 -0.235859 0.0385617
3.02 -6.15625 8.75529 -0.235235 0.0546595
3.03 -6.05071 8.9736 -0.23451 0.0614212
3.04 -6.05608 8.75898 -0.241852 0.0760201
3.05 -6.07391 8.80044 -0.236973 0.0676483
3.06 -6.09763 8.70816 -0.241314 0.0890237
3.07 -6.16816 8.86674 -0.240511 0.0845594
3.08 -6.1822 8.76025 -0.249606 0.0963603
3.09 -6.25651 9.29856 -0.247346 0.106498
3.1 -6.52745 8.87378 -0.256345 0.108917
3.11 -6.36302 9.25153 -0.255878 0.110789
3.12 -6.38452 8.95278 -0.256068 0.131575
3.13 -6.53804 9.08229 -0.251946 0.122026
3.14 -6.47786 8.75731 -0.262459 0.126824
3.15 -6.37881 9.35482 -0.254727 0.12805
3.16 -6.50914 8.73051 -0.258446 0.133498
3.17 -6.64356 9.30097 -0.261094 0.131475
3.18 -6.44621 8.822 -0.260275 0.133499
3.19 -6.38047 9.16899 -0.258529 0.108908
3.2 -6.43375 8.55864 -0.244033 0.122999
3.21 -6.47658 9.3512 -0.248965 0.0992877
3.22 -6.35335 9.30246 -0.254302 0.0921653
3.23 -6.37773 9.49647 -0.237749 0.087977
3.24 -6.48373 8.7161 -0.23256 0.0801747
3.25 -6.607 9.09853 -0.220217 0.0566049
3.26 -6.69573 8.86214 -0.225559 0.0606821
3.27 -6.92335 9.51865 -0.239438 0.0446448
3.28 -7.07471 9.28414 -0.278748 0.0485551
3.29 -7.21698 9.39005 -0.310821 0.0438474
3.3 -7.19075 9.35961 -0.305785 0.0375551
3.31 -7.20303 9.63537 -0.285031 0.0263406
3.32 -6.90998 9.3162 -0.29817 0.0217871
3.33 -6.77452 9.28766 -0.28968 0.00435455
3.34 -6.75401 9.17096 -0.28508 0.0223172
3.35 -6.80922 9.25285 -0.291754 0.01655
3.36 -6.91764 9.22664 -0.304767 0.0217653
3.37 -7.08318 9.56254 -0.311708 0.0326574
3.38 -7.03859 9.3898 -0.328406 0.0388604
3.39 -6.98737 9.93213 -0.337393 0.038908
3.4 -7.16432 9.31478 -0.336963 0.0582822
3.41 -6.93948 9.77384 -0.338761 0.0530675
3.42 -6.64829 9.09493 -0.331532 0.066597
3.43 -6.74975 9.31038 -0.325116 0.0730407
3.44 -6.74302 9.38925 -0.328004 0.0854365
3.45 -6.57093 9.42415 -0.326393 0.0823753
3.46 -6.79082 9.17393 -0.32952 0.110069
3.47 -6.79537 9.61983 -0.331733 0.0986968
3.48 -6.93523 9.44598 -0.338953 0.126505
3.49 -7.16861 9.78017 -0.33908 0.128109
3.5 -7.23583 9.12266 -0.349094 0.134398
3.51 -7.23336 9.64118 -0.343118 0.133523
3.52 -7.16456 9.08363 -0.338275 0.143907
3.53 -6.95547 9.75643 -0.339109 0.123707
3.54 -6.81232 9.13894 -0.317469 0.153228
3.55 -6.60557 9.49853 -0.31815 0.135616
3.56 -6.59297 8.97895 -0.299078 0.13722
3.57 -6.703 9.3269 -0.294188 0.125336
3.58 -6.88917 9.4896 -0.293837 0.124406
3.59 -6.99071 9.99613 -0.306399 0.106429
3.6 -7.30371 9.94165 -0.301673 0.110374
3.61 -7.52069 9.71423 -0.302823 0.0892903
3.62 -7.40746 9.44304 -0.292346 0.0834704
3.63 -7.34268 9.76441 -0.292562 0.0663877
3.64 -7.48469 9.68345 -0.29904 0.0635337
3.65 -7.66914 9.96167 -0.293587 0.0546629
3.66 -7.46589 9.89299 -0.290172 0.0473441
3.67 -7.54269 10.0649 -0.277519 0.0294095
3.68 -7.14832 9.91219 -0.283154 0.0349585
3.69 -7.24866 10.127 -0.27972 0.0200745
3.7 -7.33726 9.65969 -0.316736 0.0385111
3.71 -7.54502 10.142 -0.353668 0.0265832
3.72 -7.4635 10.1271 -0.342857 0.0378624
3.73 -7.57398 10.1452 -0.353992 0.037575
3.74 -7.61914 10.0634 -0.36157 0.0430328
3.75 -7.56207 10.4081 -0.363599 0.0478978
3.76 -7.4089 9.8275 -0.360177 0.0540299
3.77 -7.22125 10.1252 -0.368419 0.0625376
3.78 -7.51641 9.53347 -0.37047 0.0761436
3.79 -7.45964 10.1456 -0.367805 0.0745207
3.8 -7.25205 9.72575 -0.366995 0.0875009
3.81 -7.41718 10.2156 -0.375979 0.0918235
3.82 -7.35697 9.81275 -0.367988 0.104943
3.83 -7.31329 9.97147 -0.379399 0.109264
3.84 -7.64014 9.82855 -0.386849 0.124526
3.85 -7.70651 10.3425 -0.396042 0.120033
3.86 -7.78183 10.1469 -0.411472 0.145684
3.87 -7.87013 10.549 -0.415761 0.142643
3.88 -7.77798 9.86624 -0.414724 0.155341
3.89 -7.9061 10.5906 -0.427624 0.144761
3.9 -7.99975 10.4101 -0.427713 0.158212
3.91 -7.64062 10.3504 -0.423847 0.154837
3.92 -7.82589 9.96308 -0.427248 0.158429
3.93 -7.73577 10.4415 -0.420187 0.145333
3.94 -7.56711 10.002 -0.413452 0.148596
3.95 -7.62702 10.2432 -0.397482 0.139847
3.96 -7.47133 9.53866 -0.385216 0.140799
3.97 -7.44268 10.3339 -0.380879 0.11873
3.98 -7.81807 10.2502 -0.393626 0.126511
3.99 -8.10767 10.9203 -0.413908 0.107565
4 -8.23145 10.463 -0.420968 0.113178
4.01 -8.27662 11.1583 -0.418236 0.0872946
4.02 -8.23009 10.7765 -0.415256 0.0815345
4.03 -8.23312 11.1603 -0.406914 0.0788072
4.04 -7.93896 10.4849 -0.392739 0.0645378
4.05 -7.70715 10.804 -0.376068 0.0436721
4.06 -7.48369 10.2578 -0.361068 0.0493202
4.07 -7.64402 10.841 -0.364358 0.0440394
4.08 -7.68983 10.379 -0.359767 0.0349091
4.09 -7.68108 10.7605 -0.368592 0.0289489
4.1 -8.12083 10.8384 -0.380976 0.042864
4.11 -8.29592 11.1785 -0.399 0.0349117
4.12 -8.36812 10.8663 -0.402482 0.0574281
4.13 -8.3938 11.3253 -0.409225 0.0536349
4.14 -8.34561 10.8079 -0.414322 0.0645964
4.15 -8.14802 11.584 -0.417695 0.0701571
4.16 -8.24041 11.0743 -0.413622 0.0870649
4.17 -7.94375 11.1384 -0.400042 0.0901512
4.18 -7.79467 10.2903 -0.388193 0.093487
4.19 -7.55649 10.515 -0.380152 0.0930409
4.2 -7.8751 10.418 -0.393862 0.112591
4.21 -7.92514 11.0402 -0.414334 0.116593
4.22 -8.45332 10.6072 -0.433855 0.136099
4.23 -8.64998 11.566 -0.452553 0.13127
4.24 -8.71177 11.4733 -0.469469 0.151902
4.25 -8.61181 11.7543 -0.47428 0.152465
4.26 -8.27843 10.5576 -0.460234 0.157831
4.27 -8.02464 10.6049 -0.438104 0.152524
4.28 -7.67179 10.2566 -0.429661 0.164575
4.29 -7.93396 10.3991 -0.428698 0.152224
4.3 -8.09067 10.1135 -0.443965 0.169822
4.31 -8.11805 10.1953 -0.441692 0.164315
4.32 -8.18249 10.0921 -0.467069 0.158574
4.33 -8.31085 10.6034 -0.471395 0.143578
4.34 -8.38303 10.3518 -0.479932 0.149744
4.35 -8.31142 10.4286 -0.46002 0.131525
4.36 -7.96577 10.1843 -0.467 0.128589
4.37 -7.90666 10.7197 -0.45024 0.117121
4.38 -7.95101 9.77728 -0.440885 0.111303
4.39 -7.69989 9.70576 -0.425534 0.0920274
4.4 -7.85555 9.76756 -0.422887 0.0976269
4.41 -8.09841 10.396 -0.433818 0.0761099
4.42 -8.20774 9.9238 -0.441132 0.0713055
4.43 -8.24047 10.5464 -0.445446 0.0659922
4.44 -8.37432 10.2156 -0.450227 0.0583199
4.45 -8.24916 10.9638 -0.474058 0.0476405
4.46 -8.395 10.5522 -0.458549 0.0687572
4.47 -7.96651 10.1604 -0.449548 0.0445368
4.48 -7.82176 9.68182 -0.444747 0.0562149
4.49 -7.87978 10.5266 -0.450809 0.0503014
4.5 -7.72428 9.87077 -0.451479 0.0559549
4.51 -7.70738 10.0626 -0.456765 0.0581763
4.52 -7.82123 9.74651 -0.466269 0.0790746
4.53 -7.9256 10.2088 -0.472764 0.07709
4.54 -7.91452 9.79668 -0.492066 0.094427
4.55 -7.99933 10.565 -0.489616 0.0980953
4.56 -7.74811 9.73594 -0.485618 0.110679
4.57 -7.62966 9.86067 -0.472344 0.107216
4.58 -7.60634 9.20782 -0.460461 0.127637
4.59 -7.43052 9.52752 -0.457797 0.11771
4.6 -7.71493 9.30866 -0.463613 0.130437
4.61 -8.08279 10.0777 -0.477912 0.146493
4.62 -8.16273 9.72187 -0.494229 0.155944
4.63 -8.29531 10.2754 -0.497127 0.153983
4.64 -8.37308 9.98234 -0.504572 0.166836
4.65 -8.3817 10.2032 -0.505788 0.15525
4.66 -8.2357 9.70688 -0.504022 0.168613
4.67 -7.9998 10.2638 -0.4957 0.146501
4.68 -7.80096 9.78732 -0.483011 0.161041
4.69 -7.81179 9.43394 -0.472152 0.141736
4.7 -7.66773 9.33562 -0.464029 0.138196
4.71 -7.72924 9.57525 -0.458695 0.127858
4.72 -7.96028 9.22029 -0.473929 0.128681
4.73 -8.14261 9.62325 -0.474898 0.116474
4.74 -8.17707 9.48307 -0.485165 0.111779
4.75 -8.2982 9.89163 -0.486698 0.0920348
4.76 -8.27297 9.46691 -0.494983 0.0933823
4.77 -8.27631 10.082 -0.487792 0.0845856
4.78 -8.26377 9.44089 -0.493487 0.0795178
4.79 -8.14572 9.94753 -0.481826 0.0605197
4.8 -7.91061 9.66898 -0.471961 0.0698135
4.81 -7.77614 10.0884 -0.475475 0.0536908
4.82 -7.71137 9.35069 -0.473622 0.0563745
4.83 -7.61799 9.73428 -0.472598 0.0515594
4.84 -7.6348 9.27035 -0.479706 0.0621035
4.85 -7.97573 9.83395 -0.48668 0.0561569
4.86 -7.78458 9.46134 -0.494259 0.0742558
4.87 -8.16934 9.93323 -0.515606 0.0691242
4.88 -8.32439 9.64547 -0.522818 0.0850555
4.89 -8.16735 9.98953 -0.527153 0.0776723
4.9 -8.09413 9.60268 -0.52726 0.0996521
4.91 -8.01246 9.83511 -0.533136 0.093466
4.92 -8.02282 9.22384 -0.521665 0.115611
4.93 -7.86585 9.49698 -0.526635 0.111152
4.94 -7.66221 9.25145 -0.528101 0.127649
4.95 -7.95016 9.54692 -0.539326 0.127731
4.96 -8.01892 9.42049 -0.559138 0.149536
4.97 -8.06519 9.67976 -0.565374 0.149072
4.98 -8.41467 9.41971 -0.572352 0.160473
4.99 -8.37307 10.1205 -0.589 0.166965
5 -8.50337 9.68338 -0.594217 0.183483
5.01 -8.27625 9.90576 -0.594935 0.170887
5.02 -8.23171 9.53451 -0.590242 0.181435
5.03 -8.14759 10.0899 -0.589344 0.18055
5.04 -8.05373 9.41233 -0.590019 0.185817
5.05 -8.12371 9.8443 -0.578347 0.169364
5.06 -8.00818 9.29299 -0.573816 0.1838
5.07 -8.00191 9.75277 -0.581099 0.150627
5.08 -8.12343 9.3295 -0.584301 0.15375
5.09 -8.16006 9.87762 -0.576838 0.140265
5.1 -8.23432 9.3486 -0.579802 0.136952
5.11 -8.30067 9.83586 -0.577977 0.118903
5.12 -8.353 9.53342 -0.573537 0.127914
5.13 -8.31545 10.0889 -0.570246 0.106437
5.14 -8.34338 9.64802 -0.569147 0.0990886
5.15 -8.07799 10.2794 -0.553766 0.0754953
5.16 -8.23242 9.5714 -0.543144 0.0963924
5.17 -8.19572 10.0131 -0.547889 0.0848626
5.18 -7.99197 9.48103 -0.542628 0.0658462
5.19 -8.1893 9.85368 -0.540699 0.0659162
5.2 -8.31697 9.63232 -0.555498 0.0780806
5.21 -8.5279 10.3121 -0.567665 0.0733695
5.22 -8.69432 9.83929 -0.581108 0.0895702
5.23 -8.78119 10.2139 -0.591861 0.0803423
5.24 -8.68994 9.60225 -0.595457 0.100435
5.25 -8.7032 10.3785 -0.609794 0.0969202
5.26 -8.70504 10.0684 -0.626126 0.119453
5.27 -8.36203 10.2814 -0.628027 0.121446
5.28 -8.39764 9.86211 -0.631813 0.146403
5.29 -8.13536 10.0455 -0.633653 0.142913
5.3 -8.10642 9.65058 -0.644096 0.160339
5.31 -8.06064 10.2009 -0.645725 0.155307
5.32 -8.1426 9.37668 -0.654396 0.172376
5.33 -8.35119 10.1618 -0.66205 0.176154
5.34 -8.52754 9.87425 -0.658337 0.182361
5.35 -8.49435 10.3189 -0.654579 0.17049
5.36 -8.75983 9.88661 -0.658863 0.199763
5.37 -8.47428 10.5198 -0.675122 0.198429
5.38 -8.6052 9.69388 -0.673753 0.205781
5.39 -8.60076 10.2401 -0.671566 0.199504
5.4 -8.34579 9.64317 -0.666181 0.208008
5.41 -8.24813 10.073 -0.637703 0.188848
5.42 -8.21293 9.75328 -0.620874 0.198979
5.43 -8.31864 9.73713 -0.630968 0.180945
5.44 -8.2774 9.46203 -0.643369 0.18287
5.45 -8.53941 9.76633 -0.651592 0.168107
5.46 -8.67415 9.63937 -0.656739 0.150429
5.47 -8.55293 10.1025 -0.663522 0.128445
5.48 -8.59729 10.1702 -0.672746 0.135353
5.49 -8.60867 10.245 -0.659458 0.116385
5.5 -8.33832 9.02913 -0.6457 0.112091
5.51 -8.22063 9.4386 -0.618253 0.0924767
5.52 -8.06666 9.06815 -0.616781 0.0809577
5.53 -8.29055 9.80468 -0.635339 0.0639162
5.54 -8.58605 9.48569 -0.64776 0.118658
5.55 -8.55359 9.98771 -0.660197 0.0682191
5.56 -8.11797 9.79134 -0.648801 0.0456941
5.57 -8.27429 10.2535 -0.65148 0.0659642
5.58 -8.38137 9.44998 -0.665462 0.0640862
5.59 -8.06059 9.74972 -0.658756 0.0632331
5.6 -8.00347 9.49624 -0.64655 0.0776414
5.61 -8.09845 10.0843 -0.663362 0.0514613
5.62 -8.4231 9.70618 -0.677049 0.078893
5.63 -8.41963 10.1504 -0.684236 0.0880116
5.64 -8.28417 9.82656 -0.682508 0.10318
5.65 -8.29182 10.2217 -0.687895 0.104814
5.66 -8.44404 9.66967 -0.691348 0.129258
5.67 -8.60112 10.1726 -0.706165 0.129829
5.68 -8.51736 9.72308 -0.710739 0.136637
5.69 -8.47262 10.1432 -0.714386 0.141951
5.7 -8.67673 9.66138 -0.723227 0.164805
5.71 -8.7538 10.1035 -0.726759 0.163144
5.72 -8.6095 9.51223 -0.702434 0.164537
5.73 -8.46647 10.3559 -0.674699 0.147424
5.74 -8.6584 9.82182 -0.694216 0.17076
5.75 -8.75495 10.5462 -0.712119 0.171055
5.76 -8.67112 9.87519 -0.716102 0.190612
5.77 -8.78663 10.46 -0.719107 0.175184
5.78 -8.76709 9.98346 -0.724064 0.189064
5.79 -8.89898 10.3817 -0.731972 0.173939
5.8 -8.80005 10.0285 -0.73572 0.184129
5.81 -8.79903 10.4093 -0.742894 0.168849
5.82 -8.93059 10.1802 -0.7445 0.177999
5.83 -8.80039 10.289 -0.747849 0.155241
5.84 -8.65625 9.94801 -0.691203 0.153371
5.85 -8.54348 10.3794 -0.707766 0.144915
5.86 -8.64533 9.89838 -0.70817 0.137014
5.87 -8.51632 10.2892 -0.704448 0.12673
5.88 -8.49804 10.0011 -0.698147 0.132699
5.89 -8.58312 10.439 -0.706897 0.1185
5.9 -8.6796 10.0309 -0.703415 0.108271
5.91 -8.59657 10.958 -0.708155 0.0815188
5.92 -8.71933 10.4998 -0.722809 0.139859
5.93 -8.98709 10.7046 -0.741802 0.113231
5.94 -8.61039 10.021 -0.731985 0.0786177
5.95 -8.56663 10.6419 -0.720759 0.0928838
5.96 -8.57917 10.2071 -0.732113 0.100078
5.97 -8.73483 10.342 -0.737088 0.0814694
5.98 -8.50903 10.1953 -0.727591 0.102624
5.99 -8.65411 10.5811 -0.740157 0.0896673
6 -9.00369 10.2764 -0.759876 0.0953005
6.01 -8.9279 10.7737 -0.7748 0.101204
6.02 -9.00553 10.5184 -0.787363 0.1246
6.03 -9.01024 10.7889 -0.798345 0.12945
6.04 -9.07648 10.3551 -0.802896 0.14682
6.05 -9.129 11.014 -0.777028 0.141833
6.06 -8.75008 10.6555 -0.747855 0.137399
6.07 -8.72664 10.771 -0.76151 0.149257
6.08 -8.73005 10.3878 -0.771416 0.163238
6.09 -8.80856 10.8868 -0.744546 0.153062
6.1 -8.59451 10.2189 -0.756527 0.173009
6.11 -8.82678 10.7322 -0.755319 0.159307
6.12 -8.79892 10.2056 -0.755819 0.176096
6.13 -8.51342 10.9435 -0.75091 0.171868
6.14 -8.74856 10.2951 -0.764735 0.184152
6.15 -8.71626 10.8835 -0.770491 0.180408
6.16 -8.6431 10.333 -0.758419 0.184852
6.17 -8.53224 10.9601 -0.745758 0.171421
6.18 -8.62325 10.4249 -0.756115 0.174424
6.19 -8.57152 10.8857 -0.758176 0.151962
6.2 -8.6392 10.4992 -0.769556 0.165147
6.21 -8.89214 11.0803 -0.773779 0.149054
6.22 -8.81653 10.4751 -0.781346 0.15356
6.23 -8.95586 11.2677 -0.789197 0.140892
6.24 -9.15757 10.7006 -0.783328 0.137592
6.25 -8.99595 11.1389 -0.784288 0.121873
6.26 -8.89376 10.5018 -0.7695 0.13046
6.27 -8.93027 10.929 -0.771487 0.110221
6.28 -8.84769 10.8205 -0.771959 0.111425
6.29 -8.82927 11.0556 -0.768421 0.0976987
6.3 -8.78535 10.9745 -0.768352 0.0923269
6.31 -9.01633 11.3735 -0.776082 0.0978245
6.32 -9.09188 10.9397 -0.789214 0.117196
6.33 -9.0079 11.3976 -0.791718 0.0705255
6.34 -8.96677 10.9875 -0.790861 0.0891531
6.35 -9.01983 11.6825 -0.798842 0.0830491
6.36 -8.96927 10.7916 -0.805204 0.0933077
6.37 -8.96723 11.5642 -0.798018 0.0888045
6.38 -8.85587 10.8531 -0.809935 0.0949686
6.39 -9.16116 11.2469 -0.814886 0.0863409
6.4 -9.09044 11.3697 -0.831606 0.111333
6.41 -9.07964 11.8135 -0.833192 0.109544
6.42 -9.19109 11.3061 -0.836719 0.12689
6.43 -9.14838 11.7761 -0.792036 0.120293
6.44 -9.13801 11.1778 -0.833626 0.148132
6.45 -9.35684 11.8264 -0.839867 0.137045
6.46 -9.34197 11.1661 -0.838546 0.152067
6.47 -9.26767 11.8287 -0.835416 0.147876
6.48 -9.28957 11.199 -0.854227 0.170145
6.49 -9.43594 11.8323 -0.837877 0.150952
6.5 -9.07407 11.1931 -0.831166 0.165307
6.51 -9.03355 11.4111 -0.830599 0.162509
6.52 -9.01501 11.2401 -0.823017 0.170708
6.53 -8.90122 11.2968 -0.821365 0.171048
6.54 -8.90296 10.7323 -0.824469 0.177708
6.55 -8.9499 11.6101 -0.830062 0.158835
6.56 -8.96522 11.5309 -0.823474 0.177285
6.57 -9.26452 11.8056 -0.84598 0.166363
6.58 -9.13008 11.1669 -0.843694 0.183343
6.59 -8.92954 11.2169 -0.829001 0.159179
6.6 -8.85872 11.1929 -0.818121 0.166664
6.61 -9.18047 11.9427 -0.840362 0.151236
6.62 -9.19639 11.1614 -0.855673 0.151457
6.63 -9.17886 11.7044 -0.835247 0.144203
6.64 -9.14512 11.4965 -0.832684 0.143158
6.65 -9.18391 12.0219 -0.846312 0.12517
6.66 -9.11346 11.2224 -0.846258 0.135424
6.67 -8.93628 11.5684 -0.828083 0.121212
6.68 -8.81202 11.1786 -0.820834 0.121593
6.69 -8.75135 11.8249 -0.807925 0.0981508
6.7 -8.97744 11.3606 -0.823315 0.107821
6.71 -8.97772 12.0598 -0.827193 0.115831
6.72 -8.94505 11.1177 -0.831361 0.109503
6.73 -8.8382 11.7589 -0.829507 0.0810749
6.74 -8.92852 11.3737 -0.828967 0.105244
6.75 -9.1149 11.9616 -0.84319 0.0916055
6.76 -9.04862 11.3719 -0.847331 0.104129
6.77 -8.88294 11.8529 -0.84464 0.0909634
6.78 -9.06327 11.5099 -0.849234 0.0968087
6.79 -9.18541 12.2412 -0.862193 0.100091
6.8 -9.30372 11.3602 -0.872714 0.116705
6.81 -9.25177 11.9572 -0.877533 0.116328
6.82 -9.30947 11.7938 -0.890589 0.138606
6.83 -9.43092 12.2225 -0.904611 0.13904
6.84 -9.5131 11.4982 -0.912916 0.149506
6.85 -9.55395 12.3115 -0.893476 0.136707
6.86 -9.16302 12.0306 -0.865287 0.154915
6.87 -9.32059 12.0761 -0.886656 0.160551
6.88 -9.33869 11.6248 -0.889208 0.167802
6.89 -9.18661 12.0108 -0.856146 0.15483
6.9 -9.10778 11.7986 -0.873217 0.169845
6.91 -9.15534 11.9446 -0.886635 0.167937
6.92 -9.2521 11.8813 -0.86218 0.175845
6.93 -9.0523 12.0581 -0.881532 0.169169
6.94 -9.09118 11.4416 -0.877554 0.17832
6.95 -9.013 12.0657 -0.858105 0.164007
6.96 -8.8703 11.4659 -0.874051 0.170204
6.97 -9.07075 11.8958 -0.87711 0.162301
6.98 -9.02229 11.782 -0.865457 0.17179
6.99 -9.01553 12.0595 -0.870154 0.160678
7 -9.15027 11.6102 -0.882162 0.169765
7.01 -9.18849 12.2995 -0.887088 0.160669
7.02 -9.19679 11.8334 -0.877623 0.170324
7.03 -9.28929 12.4506 -0.893454 0.16297
7.04 -9.26251 12.1392 -0.90736 0.175752
7.05 -9.27852 12.4528 -0.880007 0.155265
7.06 -9.30128 11.9805 -0.897368 0.161326
7.07 -9.3885 12.3321 -0.895926 0.151151
7.08 -9.32507 11.9308 -0.892099 0.155778
7.09 -9.10416 12.3411 -0.886694 0.134499
7.1 -9.15541 11.754 -0.897252 0.149224
7.11 -9.19095 12.3271 -0.889251 0.127759
7.12 -9.20553 11.8845 -0.892041 0.119072
7.13 -9.2271 12.3572 -0.893461 0.113204
7.14 -9.335 12.1518 -0.893987 0.11238
7.15 -9.15945 12.4547 -0.895687 0.103245
7.16 -9.31575 12.1261 -0.903954 0.129529
7.17 -9.26048 12.438 -0.916654 0.0953489
7.18 -9.25664 12.0733 -0.910747 0.108576
7.19 -9.26197 12.6082 -0.900718 0.0967893
7.2 -9.12514 11.7818 -0.915495 0.111161
7.21 -9.12088 12.2893 -0.915034 0.103968
7.22 -9.14471 11.7948 -0.908762 0.107825
7.23 -9.05428 12.2856 -0.891975 0.100994
7.24 -9.09186 11.9518 -0.916195 0.120628
7.25 -9.17569 12.5424 -0.930275 0.117872
7.26 -9.30609 11.9712 -0.931467 0.131357
7.27 -9.21411 12.6764 -0.923495 0.129748
7.28 -9.3901 12.245 -0.947822 0.148082
7.29 -9.52512 12.8916 -0.953654 0.145787
7.3 -9.2541 12.4097 -0.940574 0.155639
7.31 -9.24986 12.5056 -0.945001 0.157368
7.32 -9.26369 12.2773 -0.940216 0.165153
7.33 -9.13973 12.7697 -0.940445 0.159197
7.34 -9.26938 11.804 -0.938042 0.170691
7.35 -9.05033 12.5967 -0.917204 0.15596
7.36 -8.967 12.0527 -0.923419 0.173584
7.37 -9.04481 12.5081 -0.921192 0.1693
7.38 -8.96071 12.0603 -0.912934 0.178964
7.39 -9.1471 12.4091 -0.927885 0.166808
7.4 -9.25818 12.519 -0.946849 0.175957
7.41 -9.36379 12.926 -0.938388 0.165423
7.42 -9.48684 12.3574 -0.955144 0.18022
7.43 -9.37082 12.9957 -0.952012 0.17305
7.44 -9.29439 12.4366 -0.944839 0.171699
7.45 -9.18167 12.8442 -0.930388 0.171018
7.46 -9.27698 12.2253 -0.947615 0.178623
7.47 -9.23284 12.7842 -0.940936 0.169332
7.48 -9.06361 12.3389 -0.917697 0.169995
7.49 -8.96733 12.8479 -0.929633 0.152673
7.5 -9.23947 12.1459 -0.943089 0.167462
7.51 -9.46847 12.7254 -0.952387 0.150036
7.52 -9.28822 12.3733 -0.945141 0.150037
7.53 -9.52996 13.1575 -0.959084 0.142939
7.54 -9.54204 12.5883 -0.970464 0.146751
7.55 -9.51448 13.0482 -0.94857 0.123879
7.56 -9.22697 12.4245 -0.948925 0.13751
7.57 -9.1402 12.8794 -0.947035 0.121023
7.58 -9.00675 12.4656 -0.945069 0.127417
7.59 -9.04478 12.9757 -0.941778 0.121529
7.6 -9.1893 12.7071 -0.935197 0.129706
7.61 -9.23588 12.8297 -0.948363 0.114741
7.62 -9.29735 12.8224 -0.957431 0.120013
7.63 -9.43123 13.0655 -0.963153 0.110634
7.64 -9.48309 12.5368 -0.976188 0.126635
7.65 -9.35152 13.3335 -0.951763 0.114543
7.66 -9.29894 12.6832 -0.969683 0.123762
7.67 -9.39806 13.2856 -0.978212 0.117246
7.68 -9.2544 12.6842 -0.956737 0.133786
7.69 -9.19613 13.3748 -0.970119 0.123451
7.7 -9.23008 12.754 -0.971051 0.139833
7.71 -9.17087 13.2141 -0.958147 0.137133
7.72 -9.33442 12.714 -0.978941 0.158763
7.73 -9.38747 13.1963 -0.9771 0.147411
7.74 -9.32724 12.7725 -0.975367 0.169331
7.75 -9.35798 13.1946 -0.991609 0.165904
7.76 -9.4909 12.885 -0.983974 0.17073
7.77 -9.44123 13.2971 -0.997249 0.17149
7.78 -9.32682 12.8977 -0.990322 0.176134
7.79 -9.27277 13.168 -0.984676 0.171618
7.8 -9.15268 12.6837 -0.98177 0.181221
7.81 -9.20495 13.0898 -0.976262 0.170223
7.82 -8.96722 12.6683 -0.965193 0.172595
7.83 -8.92838 12.8937 -0.970217 0.163116
7.84 -8.93902 12.6659 -0.959979 0.17172
7.85 -8.93028 13.1868 -0.975296 0.16123
7.86 -8.95445 12.4859 -0.966676 0.165227
7.87 -9.15941 13.3479 -0.982536 0.149378
7.88 -9.16121 12.7226 -0.996412 0.152686
7.89 -9.17357 13.2368 -0.987822 0.149314
7.9 -9.29315 12.7881 -0.993576 0.159183
7.91 -9.22517 13.3241 -0.994453 0.14694
7.92 -8.90234 12.8453 -0.977716 0.158841
7.93 -9.17333 13.2292 -0.985573 0.146365
7.94 -8.94016 12.6307 -0.970912 0.15361
7.95 -8.99086 13.4271 -0.975337 0.152631
7.96 -8.98515 12.8632 -0.988389 0.159759
7.97 -8.92332 12.8932 -0.968266 0.145733
7.98 -8.95828 12.4887 -0.984683 0.158556
7.99 -9.0878 12.9894 -0.9692 0.138414
8 -9.12358 12.9655 -0.979743 0.145701
8.01 -9.11517 13.3186 -1.00061 0.134652
8.02 -9.15461 13.0538 -0.994659 0.14286
8.03 -8.95756 13.4371 -0.978808 0.127778
8.04 -8.89821 12.6751 -0.983795 0.138084
8.05 -8.84766 13.0903 -0.980879 0.120289
8.06 -8.98533 12.761 -0.979344 0.12278
8.07 -9.05307 13.4348 -0.978019 0.125842
8.08 -9.18274 12.9787 -1.003 0.131886
8.09 -9.22416 13.4355 -1.00493 0.105877
8.1 -9.22385 13.1327 -1.00808 0.122946
8.11 -9.27122 13.6371 -1.00685 0.114121
8.12 -9.14205 13.3202 -1.01037 0.12309
8.13 -8.8896 13.4653 -0.99808 0.109471
8.14 -8.86215 12.8273 -0.97989 0.116873
8.15 -8.79273 13.3426 -0.97978 0.113089
8.16 -8.94332 12.7436 -0.996498 0.131691
8.17 -8.92109 13.4291 -0.988721 0.119577
8.18 -8.89643 12.888 -0.988859 0.138455
8.19 -9.2081 13.6056 -1.01492 0.134742
8.2 -9.48031 13.4119 -1.03782 0.151343
8.21 -9.33982 13.9257 -1.02681 0.146558
8.22 -9.34466 13.5321 -1.0419 0.164755
8.23 -9.33201 13.6136 -1.02638 0.158832
8.24 -9.15431 13.267 -1.0279 0.171892
8.25 -9.14056 13.4602 -1.01369 0.155551
8.26 -8.99965 13.0667 -1.01832 0.173628
8.27 -8.94763 13.4024 -1.00751 0.164087
8.28 -8.97239 13.0309 -1.0148 0.174803
8.29 -9.12706 13.3515 -1.01072 0.168008
8.3 -9.13331 13.1801 -1.01354 0.176749
8.31 -9.05958 13.511 -1.02594 0.163078
8.32 -9.09842 13.2214 -1.01921 0.16796
8.33 -9.02303 13.451 -1.02823 0.160538
8.34 -8.92813 13.1964 -1.00896 0.163951
8.35 -8.87231 13.5048 -1.01828 0.149058
8.36 -8.66954 13.1053 -1.0008 0.143453
8.37 -8.62724 13.4723 -1.00206 0.140795
8.38 -8.83225 12.8652 -1.01163 0.145523
8.39 -8.80516 13.5246 -1.01288 0.139788
8.4 -9.06638 13.0563 -1.02221 0.148877
8.41 -8.91567 14.0272 -1.0246 0.139954
8.42 -9.13537 13.3582 -1.04568 0.161504
8.43 -9.04694 13.8925 -1.02705 0.148741
8.44 -9.01875 13.3028 -1.03298 0.161287
8.45 -8.99271 13.7121 -1.02631 0.151054
8.46 -9.05723 13.2435 -1.02802 0.17006
8.47 -9.06042 13.7532 -1.02758 0.15406
8.48 -8.854 13.3589 -1.02425 0.161568
8.49 -8.90715 13.5587 -1.02711 0.149099
8.5 -8.90344 13.4099 -1.02167 0.160345
8.51 -8.97919 13.5423 -1.02618 0.141561
8.52 -8.89097 13.2744 -1.01986 0.14794
8.53 -9.0249 13.8245 -1.02083 0.134597
8.54 -8.66114 13.3167 -1.01698 0.129753
8.55 -8.73281 13.6483 -1.01632 0.117881
8.56 -8.66727 13.3636 -1.00722 0.12357
8.57 -8.54106 13.7938 -1.00363 0.125835
8.58 -8.7296 13.1174 -1.01884 0.122927
8.59 -8.79051 13.8072 -1.01369 0.102213
8.6 -8.69179 13.3171 -1.00479 0.118523
8.61 -8.90041 13.8714 -1.02685 0.107009
8.62 -8.95656 13.6199 -1.03926 0.121661
8.63 -8.93526 14.1335 -1.02447 0.107331
8.64 -8.8351 13.6754 -1.027 0.120395
8.65 -8.82068 14.0745 -1.03644 0.114425
8.66 -8.67756 13.6104 -1.0146 0.124327
8.67 -8.58269 13.9884 -1.02308 0.126736
8.68 -8.77302 13.4123 -1.01677 0.138151
8.69 -8.58482 13.8627 -1.01604 0.138773
8.7 -8.71117 13.3723 -1.02618 0.155785
8.71 -8.61318 13.8587 -1.01541 0.146786
8.72 -8.8484 13.4696 -1.02871 0.168965
8.73 -8.9298 13.8872 -1.03614 0.163514
8.74 -8.8112 13.8027 -1.02496 0.167913
8.75 -8.86913 14.1282 -1.04214 0.162349
8.76 -8.89593 13.7431 -1.03426 0.165773
8.77 -8.94266 14.0894 -1.03937 0.161944
8.78 -8.92962 13.6496 -1.04732 0.165363
8.79 -8.84091 14.2029 -1.03235 0.152629
8.8 -8.90079 13.5419 -1.04897 0.167758
8.81 -8.90494 14.1355 -1.03352 0.147187
8.82 -8.74031 13.5821 -1.04616 0.158443
8.83 -8.76793 14.1609 -1.02816 0.14035
8.84 -8.73466 13.6999 -1.03968 0.152248
8.85 -8.72935 13.9307 -1.02848 0.136348
8.86 -8.58696 13.6404 -1.02959 0.1499
8.87 -8.60657 13.9077 -1.02068 0.133699
8.88 -8.39611 13.5404 -1.01982 0.145051
8.89 -8.50189 13.8692 -1.01999 0.131914
8.9 -8.47229 13.7135 -1.02106 0.148217
8.91 -8.52831 14.036 -1.03365 0.141402
8.92 -8.46025 13.7902 -1.02714 0.149127
8.93 -8.67468 14.2085 -1.03946 0.144651
8.94 -8.76667 13.7631 -1.03811 0.155691
8.95 -8.75977 14.3363 -1.03749 0.15322
8.96 -8.87051 13.8638 -1.05375 0.169831
8.97 -8.93244 14.439 -1.04059 0.159347
8.98 -8.88234 13.9687 -1.05863 0.175449
8.99 -8.98106 14.5368 -1.05152 0.171293
9 -8.82779 14.1205 -1.05919 0.18683
9.01 -8.83812 14.3721 -1.05128 0.171848
9.02 -8.61004 14.1798 -1.04989 0.187927
9.03 -8.6653 14.4471 -1.03636 0.172119
9.04 -8.56847 13.9215 -1.04115 0.179215
9.05 -8.71573 14.1885 -1.03438 0.163894
9.06 -8.62575 13.8542 -1.04613 0.17413
9.07 -8.81857 14.2467 -1.04356 0.156441
9.08 -8.8145 14.1592 -1.05604 0.159371
9.09 -8.89683 14.6305 -1.05175 0.133313
9.1 -8.70733 14.1639 -1.05787 0.141201
9.11 -8.6999 14.4469 -1.04314 0.123693
9.12 -8.51925 14.0906 -1.0388 0.131726
9.13 -8.33391 14.4944 -1.03398 0.117597
9.14 -8.38237 14.1063 -1.02316 0.119844
9.15 -8.39475 14.3424 -1.03091 0.105831
9.16 -8.49315 14.2121 -1.03516 0.115581
9.17 -8.45662 14.6768 -1.02569 0.116651
9.18 -8.59939 14.099 -1.05192 0.115979
9.19 -8.695 14.6417 -1.04374 0.107274
9.2 -8.61551 14.1469 -1.0446 0.121088
9.21 -8.71086 14.5814 -1.06641 0.114047
9.22 -8.67182 14.3377 -1.05286 0.123047
9.23 -8.60308 14.5193 -1.0531 0.119752
9.24 -8.62018 14.1251 -1.04483 0.128245
9.25 -8.46673 14.4478 -1.04874 0.130499
9.26 -8.47175 13.9673 -1.04234 0.142671
9.27 -8.36309 14.5568 -1.03889 0.138873
9.28 -8.35991 13.9188 -1.02962 0.145827
9.29 -8.28539 14.4556 -1.03568 0.143729
9.3 -8.24133 13.9337 -1.02893 0.153329
9.31 -8.24035 14.4822 -1.03778 0.147502
9.32 -8.43296 14.0273 -1.0384 0.15442
9.33 -8.47646 14.5787 -1.05032 0.150698
9.34 -8.55052 14.0319 -1.05717 0.157042
9.35 -8.5961 14.6887 -1.06095 0.150081
9.36 -8.71799 14.3507 -1.06694 0.159159
9.37 -8.59276 14.8325 -1.06595 0.147304
9.38 -8.68138 14.2877 -1.06286 0.155296
9.39 -8.61615 14.9578 -1.06816 0.144935
9.4 -8.5241 14.3925 -1.05564 0.151092
9.41 -8.41452 14.7741 -1.06365 0.145032
9.42 -8.43187 14.4067 -1.04927 0.148091
9.43 -8.3714 14.7375 -1.05988 0.145006
9.44 -8.29334 14.5585 -1.04723 0.148545
9.45 -8.31632 14.8065 -1.05765 0.141208
9.46 -8.30858 14.3826 -1.05133 0.143372
9.47 -8.29622 14.6797 -1.06405 0.142384
9.48 -8.27625 14.311 -1.05463 0.154624
9.49 -8.29856 14.6892 -1.06421 0.147418
9.5 -8.28133 14.5237 -1.04875 0.158997
9.51 -8.16987 14.8725 -1.05825 0.155445
9.52 -8.17265 14.5859 -1.04705 0.161866
9.53 -8.2072 14.8327 -1.05482 0.154159
9.54 -8.2112 14.306 -1.03996 0.161618
9.55 -8.21789 14.7834 -1.04739 0.158242
9.56 -8.25928 14.3154 -1.05067 0.166714
9.57 -8.23151 15.0093 -1.05609 0.159315
9.58 -8.44717 14.6315 -1.07322 0.167236
9.59 -8.40651 15.2582 -1.06098 0.154254
9.6 -8.35129 14.6526 -1.07568 0.168074
9.61 -8.34725 14.9781 -1.05631 0.153513
9.62 -8.33781 14.6501 -1.06826 0.167176
9.63 -8.43019 15.0372 -1.06511 0.155793
9.64 -8.30211 14.6808 -1.06598 0.163399
9.65 -8.56157 15.2023 -1.07777 0.154824
9.66 -8.36832 14.8287 -1.07149 0.163587
9.67 -8.56927 15.1207 -1.08196 0.150935
9.68 -8.40557 14.7742 -1.07104 0.164406
9.69 -8.41138 15.1585 -1.06812 0.15079
9.7 -8.25556 14.8531 -1.0681 0.155908
9.71 -8.28378 15.0307 -1.06303 0.141713
9.72 -8.16498 14.7557 -1.06314 0.153596
9.73 -8.24151 15.0889 -1.05179 0.133254
9.74 -8.0853 14.583 -1.062 0.140355
9.75 -8.18854 15.1151 -1.05644 0.126933
9.76 -8.17601 14.7407 -1.06305 0.135933
9.77 -8.25472 15.2118 -1.07611 0.118785
9.78 -8.15363 14.9176 -1.06122 0.130629
9.79 -8.21765 15.231 -1.07254 0.119185
9.8 -8.14561 14.8985 -1.06231 0.120508
9.81 -8.06119 15.2391 -1.06133 0.11275
9.82 -8.14922 14.8204 -1.0561 0.118359
9.83 -8.01429 15.196 -1.05445 0.109297
9.84 -8.14866 14.7695 -1.0657 0.11966
9.85 -8.12276 15.2979 -1.05698 0.113717
9.86 -8.21733 14.9715 -1.07991 0.12874
9.87 -8.32809 15.4787 -1.07657 0.111197
9.88 -8.25295 15.0872 -1.07468 0.130601
9.89 -8.36679 15.3636 -1.09027 0.119154
9.9 -8.264 15.086 -1.08126 0.129769
9.91 -8.322 15.3684 -1.08192 0.12164
9.92 -8.29168 15.0009 -1.08349 0.133942
9.93 -8.21698 15.2456 -1.07446 0.125146
9.94 -8.02785 14.8742 -1.07771 0.134424
9.95 -7.9405 15.3757 -1.06487 0.123773
9.96 -7.94332 14.9741 -1.06969 0.138196
9.97 -7.99995 15.3581 -1.05953 0.12502
9.98 -7.97933 14.7495 -1.07055 0.137571
9.99 -7.97606 15.3196 -1.06034 0.124102
10 -7.91735 14.8273 -1.07165 0.139291
10.01 -8.04619 15.3022 -1.06023 0.125403
10.02 -7.91534 14.9574 -1.07212 0.139395
10.03 -7.93527 15.3186 -1.06299 0.123671
10.04 -7.93915 14.9384 -1.07247 0.139414
10.05 -8.04592 15.3772 -1.06828 0.125505
10.06 -7.976 14.9695 -1.07378 0.136111
10.07 -8.0944 15.2201 -1.07777 0.120836
10.08 -8.00483 14.9514 -1.07519 0.136137
10.09 -8.08473 15.4816 -1.08959 0.120689
10.1 -8.03115 15.0122 -1.08288 0.128236
10.11 -8.04031 15.4497 -1.0894 0.12316
10.12 -8.01186 15.225 -1.08494 0.132214
10.13 -8.09232 15.4861 -1.08937 0.122835
10.14 -7.96932 15.1578 -1.08855 0.135492
10.15 -7.90507 15.5352 -1.08391 0.128149
10.16 -7.89699 15.0753 -1.09426 0.140866
10.17 -7.92103 15.4833 -1.077 0.13065
10.18 -7.89083 15.2364 -1.09512 0.147331
10.19 -7.94995 15.6058 -1.08461 0.136247
10.2 -7.95269 15.0605 -1.10293 0.153147
10.21 -7.9025 15.7012 -1.08924 0.13716
10.22 -7.93113 15.2295 -1.10314 0.153714
10.23 -7.90268 15.5394 -1.09149 0.140401
10.24 -7.94226 15.2123 -1.10168 0.154951
10.25 -7.97638 15.5715 -1.09234 0.137976
10.26 -7.90782 15.2276 -1.10028 0.152823
10.27 -7.90411 15.648 -1.09159 0.138798
10.28 -7.81161 15.2295 -1.09806 0.153612
10.29 -7.85638 15.6654 -1.09349 0.137976
10.3 -7.72832 15.2249 -1.09464 0.150588
10.31 -7.80613 15.6216 -1.09437 0.134128
10.32 -7.71488 15.2353 -1.08955 0.146376
10.33 -7.8062 15.5277 -1.09798 0.133655
10.34 -7.80955 15.2257 -1.09168 0.141815
10.35 -7.8448 15.7309 -1.10579 0.132656
10.36 -7.95802 15.1939 -1.09822 0.134768
10.37 -7.9681 15.6192 -1.111 0.13308
10.38 -8.0202 15.3033 -1.1202 0.143441
10.39 -7.98226 15.9391 -1.11376 0.135077
10.4 -7.92807 15.3854 -1.11728 0.147247
10.41 -7.78498 15.9856 -1.11152 0.138752
10.42 -7.88384 15.3711 -1.11318 0.149276
10.43 -7.82453 15.9918 -1.1068 0.142541
10.44 -7.79133 15.4222 -1.11305 0.156396
10.45 -7.72789 15.8555 -1.10197 0.149479
10.46 -7.74145 15.2747 -1.11536 0.157051
10.47 -7.77282 15.9376 -1.09979 0.144126
10.48 -7.73571 15.3262 -1.11316 0.155419
10.49 -7.8516 15.8368 -1.10383 0.140702
10.5 -7.81226 15.4731 -1.11539 0.155579
10.51 -7.79758 15.8698 -1.10856 0.138605
10.52 -7.76314 15.4042 -1.11155 0.14831
10.53 -7.86419 15.8981 -1.11172 0.134488
10.54 -7.68366 15.5544 -1.10571 0.139121
10.55 -7.76241 15.9191 -1.1157 0.125208
10.56 -7.73872 15.3851 -1.09868 0.12889
10.57 -7.76843 15.9056 -1.1111 0.118456
10.58 -7.81956 15.5093 -1.10445 0.126168
10.59 -7.70593 16.0241 -1.11089 0.111809
10.6 -7.84539 15.4444 -1.11469 0.131253
10.61 -7.70308 16.0621 -1.11007 0.121989
10.62 -7.81488 15.5497 -1.11145 0.127147
10.63 -7.84708 16.1866 -1.12064 0.119318
10.64 -7.93573 15.5572 -1.1321 0.131091
10.65 -8.04111 16.1199 -1.12256 0.113934
10.66 -7.99792 15.8325 -1.14552 0.128494
10.67 -7.99662 16.3262 -1.13173 0.113655
10.68 -7.91538 15.8497 -1.14585 0.126742
10.69 -7.82033 16.2028 -1.13798 0.115531
10.7 -7.6433 15.7197 -1.13101 0.125128
10.71 -7.5589 16.13 -1.11515 0.115236
10.72 -7.42582 15.5623 -1.12385 0.12941
10.73 -7.49537 16.0162 -1.11175 0.113758
10.74 -7.47426 15.673 -1.12882 0.128695
10.75 -7.66468 16.2812 -1.12153 0.116654
10.76 -7.6789 15.8031 -1.13893 0.129391
10.77 -7.80997 16.2851 -1.13503 0.11894
10.78 -7.66805 15.84 -1.13518 0.129008
10.79 -7.75086 16.2334 -1.13796 0.120543
10.8 -7.66917 15.8773 -1.1316 0.129006
10.81 -7.67498 16.213 -1.13839 0.119219
10.82 -7.59512 15.9314 -1.12806 0.127717
10.83 -7.63889 16.4052 -1.13707 0.122284
10.84 -7.6411 15.9693 -1.13169 0.128181
10.85 -7.59993 16.4207 -1.14131 0.12015
10.86 -7.72685 15.8427 -1.1359 0.130228
10.87 -7.65019 16.4404 -1.13561 0.121011
10.88 -7.72473 15.9028 -1.15018 0.132024
10.89 -7.7362 16.5311 -1.14308 0.119465
10.9 -7.81113 15.9075 -1.16233 0.134233
10.91 -7.76057 16.6686 -1.15177 0.123029
10.92 -7.80129 16.0799 -1.16341 0.136501
10.93 -7.68969 16.5415 -1.1566 0.123724
10.94 -7.68195 15.9543 -1.15351 0.138356
10.95 -7.53251 16.434 -1.1497 0.125165
10.96 -7.60624 15.9132 -1.14493 0.136102
10.97 -7.51818 16.4372 -1.1544 0.126396
10.98 -7.64001 15.9125 -1.15223 0.135285
10.99 -7.64915 16.6443 -1.16468 0.12794
11 -7.71194 16.062 -1.16428 0.135492
11.01 -7.63597 16.5886 -1.17262 0.127465
11.02 -7.65273 16.0366 -1.16454 0.130781
11.03 -7.55391 16.4207 -1.16713 0.115865
11.04 -7.56006 15.9243 -1.16569 0.128897
11.05 -7.47259 16.4689 -1.16879 0.12091
11.06 -7.47652 16.0008 -1.16587 0.129333
11.07 -7.4166 16.5117 -1.16687 0.122986
11.08 -7.51613 15.9693 -1.16238 0.132264
11.09 -7.41984 16.6082 -1.17077 0.124361
11.1 -7.50828 16.2133 -1.17158 0.132507
11.11 -7.49386 16.7412 -1.17784 0.125833
11.12 -7.51979 16.0829 -1.17444 0.1324
11.13 -7.37157 16.5697 -1.16627 0.123413
11.14 -7.49703 16.0172 -1.17557 0.136946
11.15 -7.46716 16.7036 -1.1744 0.125717
11.16 -7.60493 16.1319 -1.18978 0.138851
11.17 -7.62627 16.727 -1.18629 0.12882
11.18 -7.68962 16.2324 -1.20053 0.143268
11.19 -7.62829 16.6922 -1.1952 0.129713
11.2 -7.70613 16.2812 -1.19885 0.139163
11.21 -7.5136 16.7885 -1.20051 0.130178
11.22 -7.53019 16.324 -1.1932 0.141116
11.23 -7.46789 16.6828 -1.20235 0.132985
11.24 -7.42374 16.1603 -1.18911 0.142543
11.25 -7.36051 16.6837 -1.18936 0.133276
11.26 -7.33061 16.2542 -1.19834 0.141803
11.27 -7.36193 16.7484 -1.19388 0.127479
11.28 -7.27106 16.2643 -1.2028 0.136281
11.29 -7.12307 16.6231 -1.18704 0.118268
11.3 -7.16478 16.0967 -1.19546 0.13557
11.31 -7.25153 16.7032 -1.19467 0.122251
11.32 -7.37445 16.2837 -1.21214 0.137185
11.33 -7.38254 16.8719 -1.20544 0.123331
11.34 -7.49572 16.3574 -1.22309 0.136966
11.35 -7.47906 16.9988 -1.21872 0.121494
11.36 -7.55899 16.4473 -1.2328 0.135049
11.37 -7.44774 16.9406 -1.21663 0.119777
11.38 -7.31877 16.2805 -1.21581 0.134687
11.39 -7.23243 16.7419 -1.20337 0.12231
11.4 -7.33306 16.225 -1.21138 0.135037
11.41 -7.20965 16.8248 -1.21058 0.126623
11.42 -7.33561 16.3614 -1.21608 0.138135
11.43 -7.3338 17.0064 -1.2246 0.124014
11.44 -7.46057 16.3636 -1.22984 0.139145
11.45 -7.27692 17.0402 -1.22486 0.131971
11.46 -7.29369 16.4219 -1.22225 0.139845
11.47 -7.20675 16.988 -1.22238 0.13356
11.48 -7.14072 16.3508 -1.22252 0.140539
11.49 -7.11371 16.8528 -1.22192 0.130019
11.5 -7.16373 16.3172 -1.21719 0.143019
11.51 -7.11038 16.9697 -1.22547 0.133046
11.52 -7.26087 16.4216 -1.22704 0.13899
11.53 -7.13689 16.8194 -1.22559 0.132066
11.54 -7.20918 16.2772 -1.2293 0.141334
11.55 -7.19075 16.9946 -1.23638 0.126383
11.56 -7.34151 16.4158 -1.2536 0.135338
11.57 -7.34016 17.0788 -1.24504 0.121565
11.58 -7.32043 16.3427 -1.25558 0.135712
11.59 -7.30453 17.1752 -1.24522 0.123298
11.6 -7.29986 16.5642 -1.25805 0.13421
11.61 -7.3243 16.9883 -1.24439 0.12234

11.62 -7.18605 16.4164 -1.24726 0.134034
11.63 -7.11331 17.0998 -1.24008 0.120621
11.64 -7.21055 16.5939 -1.25713 0.139251
11.65 -7.18384 17.1132 -1.24822 0.128271
11.66 -7.09398 16.4634 -1.25154 0.138183
11.67 -6.93707 17.0255 -1.24278 0.129235
11.68 -7.11985 16.4128 -1.24485 0.141014
11.69 -7.10222 16.9877 -1.25552 0.129331
11.7 -7.09642 16.5573 -1.25551 0.137823
11.71 -7.06751 17.1946 -1.26215 0.12993
11.72 -7.17634 16.6191 -1.26255 0.141703
11.73 -7.25647 17.0335 -1.2722 0.134568
11.74 -7.26071 16.6346 -1.26184 0.140518
11.75 -7.30458 17.3108 -1.2814 0.133648
11.76 -7.38036 16.9182 -1.28571 0.143064
11.77 -7.4946 17.4792 -1.2913 0.135227
11.78 -7.28159 16.9801 -1.29136 0.146027
11.79 -7.10039 17.2866 -1.27686 0.12969
11.8 -7.01146 16.7304 -1.27959 0.140162
11.81 -6.89929 17.2689 -1.26338 0.12952
11.82 -6.81843 16.4698 -1.2638 0.139708
11.83 -6.82965 17.011 -1.26796 0.130095
11.84 -6.88306 16.6005 -1.26536 0.139913
11.85 -7.03659 17.0755 -1.28225 0.124879
11.86 -7.26721 16.7667 -1.29064 0.140384
11.87 -7.32154 17.574 -1.30834 0.134019
11.88 -7.39171 17.0932 -1.31088 0.145443
11.89 -7.2434 17.5836 -1.3093 0.138173
11.9 -7.15211 16.9363 -1.29414 0.140035
11.91 -7.03045 17.466 -1.29849 0.13368
11.92 -6.88737 16.9633 -1.28585 0.143594
11.93 -6.91788 17.2388 -1.2891 0.131643
11.94 -6.81533 16.6257 -1.28011 0.141963
11.95 -6.8588 17.0872 -1.29026 0.129779
11.96 -7.06375 16.9925 -1.29535 0.140447
11.97 -7.26504 17.6484 -1.32155 0.133261
11.98 -7.39865 17.2162 -1.32656 0.141857
11.99 -7.21775 17.7051 -1.32652 0.133305
12 -7.01857 17.2726 -1.30921 0.140298
12.01 -6.92178 17.5435 -1.31228 0.135043
12.02 -6.8068 16.8295 -1.29711 0.141036
12.03 -6.70883 17.1614 -1.2921 0.128565
12.04 -6.69769 16.8877 -1.2939 0.141856
12.05 -7.05668 17.5429 -1.31172 0.135126
12.06 -7.18933 17.2134 -1.32307 0.148879
12.07 -7.24793 17.6229 -1.33398 0.138361
12.08 -7.14686 17.3021 -1.33054 0.14521
12.09 -7.17976 17.8322 -1.34103 0.139781
12.1 -7.12201 17.2259 -1.33417 0.143799
12.11 -7.06161 17.5721 -1.34078 0.139017
12.12 -6.93437 17.2315 -1.32537 0.145753
12.13 -6.9074 17.6719 -1.32805 0.131821
12.14 -6.92512 17.2012 -1.32272 0.138991
12.15 -6.92072 17.5108 -1.33469 0.135058
12.16 -6.8383 17.2231 -1.32213 0.140605
12.17 -6.81077 17.8234 -1.33225 0.132737
12.18 -6.88794 17.1551 -1.32678 0.144391
12.19 -6.86991 17.6942 -1.33133 0.133913
12.2 -6.9696 17.1134 -1.33598 0.142364
12.21 -6.90723 17.7978 -1.3373 0.129453
12.22 -7.07697 17.3441 -1.35562 0.146516
12.23 -7.03601 17.8591 -1.34249 0.133394
12.24 -6.94728 17.1986 -1.34972 0.147557
12.25 -6.78836 17.8534 -1.333 0.128592
12.26 -6.74807 17.123 -1.33854 0.145611
12.27 -6.72995 17.6722 -1.3292 0.130856
12.28 -6.81929 17.031 -1.3423 0.14646
12.29 -6.79118 17.7872 -1.34151 0.132324
12.3 -6.92758 17.3552 -1.36065 0.15064
12.31 -7.05498 18.077 -1.3615 0.139155
12.32 -7.08268 17.5228 -1.37851 0.150973
12.33 -7.01167 18.1504 -1.37122 0.137531
12.34 -6.88241 17.5381 -1.37125 0.158372
12.35 -6.74799 17.7831 -1.34975 0.139418
12.36 -6.65736 17.0834 -1.34749 0.153086
12.37 -6.61835 17.6839 -1.33853 0.135387
12.38 -6.68027 17.3055 -1.35377 0.152491
12.39 -6.99922 17.9908 -1.37055 0.141979
12.4 -7.21659 17.508 -1.38648 0.153617
12.41 -7.38159 18.3147 -1.40853 0.147326
12.42 -7.44421 18.1438 -1.41623 0.155685
12.43 -7.54964 18.5769 -1.42596 0.148581
12.44 -7.43314 17.9396 -1.42222 0.155528
12.45 -7.1328 18.4256 -1.41488 0.144727
12.46 -6.8593 17.7303 -1.39546 0.150177
12.47 -6.78761 17.9899 -1.38959 0.138957
12.48 -6.59098 17.2373 -1.37906 0.143186
12.49 -6.67298 17.8263 -1.38438 0.139956
12.5 -6.86434 17.734 -1.3998 0.151446
12.51 -7.22315 18.3504 -1.4266 0.143487
12.52 -7.39829 18.0785 -1.44285 0.15777
12.53 -7.54743 19.0698 -1.46432 0.150779
12.54 -7.73238 18.8259 -1.47202 0.160483
12.55 -7.7806 19.2212 -1.48817 0.152083
12.56 -7.55441 18.8091 -1.47487 0.159923
12.57 -7.38115 19.2283 -1.46805 0.154611
12.58 -7.33707 18.6265 -1.46079 0.161214
12.59 -7.34714 19.0557 -1.46387 0.151494
12.6 -7.31297 18.5751 -1.45688 0.163629
12.61 -7.49803 19.3149 -1.47189 0.151809
12.62 -7.70537 19.0547 -1.49668 0.162413
12.63 -7.87192 19.7109 -1.51683 0.155144
12.64 -8.08632 19.4063 -1.52452 0.173576
12.65 -8.23901 20.1907 -1.54395 0.165161
12.66 -8.44969 19.8715 -1.55431 0.174411
12.67 -8.44569 20.4773 -1.56237 0.169857
12.68 -8.46125 19.9226 -1.56525 0.182039
12.69 -8.39972 20.4392 -1.56741 0.169043
12.7 -8.4402 19.8306 -1.56688 0.182405
12.71 -8.44776 20.4763 -1.57338 0.169088
12.72 -8.61144 19.8985 -1.58373 0.178889
12.73 -8.59546 20.7191 -1.59941 0.169092
12.74 -8.82564 20.2613 -1.61149 0.184486
12.75 -8.72877 20.9241 -1.62072 0.168991
12.76 -8.76828 20.2648 -1.61978 0.18533
12.77 -8.53486 20.9111 -1.6205 0.170937
12.78 -8.6359 20.2202 -1.61085 0.180489
12.79 -8.47716 20.7053 -1.61481 0.16987
12.8 -8.39808 20.1824 -1.60622 0.178604
12.81 -8.47885 20.8385 -1.61726 0.171279
12.82 -8.52715 20.2433 -1.61555 0.182185
12.83 -8.51185 20.745 -1.62186 0.171192
12.84 -8.52528 20.168 -1.62626 0.181299
12.85 -8.59641 20.8402 -1.62682 0.172661
12.86 -8.59845 20.5508 -1.64944 0.186797
12.87 -8.76255 20.9849 -1.65322 0.170449
12.88 -8.74175 20.3642 -1.66478 0.186829
12.89 -8.54717 20.9354 -1.6536 0.172799
12.9 -8.52727 20.2507 -1.65539 0.184837
12.91 -8.43242 20.602 -1.65253 0.172459
12.92 -8.27773 19.9757 -1.64725 0.185674
12.93 -8.21683 20.4557 -1.64343 0.172985
12.94 -8.23673 19.8706 -1.64658 0.178032
12.95 -8.27821 20.4896 -1.65216 0.170995
12.96 -8.22283 19.8996 -1.65733 0.183524
12.97 -8.17443 20.4254 -1.64782 0.165378
12.98 -8.15283 19.8197 -1.65339 0.180019
12.99 -8.00485 20.3747 -1.64889 0.167309
13 -8.0238 19.5785 -1.64466 0.179687
13.01 -7.79203 20.0704 -1.63445 0.17313
13.02 -7.69156 19.4333 -1.62597 0.180088
13.03 -7.73764 19.9326 -1.6256 0.168347
13.04 -7.76373 19.4607 -1.63879 0.184825
13.05 -7.90378 20.0875 -1.64426 0.172021
13.06 -8.04313 19.7558 -1.663 0.183731
13.07 -8.2276 20.4866 -1.67149 0.177716
13.08 -8.26987 19.917 -1.68788 0.191227
13.09 -8.19607 20.4287 -1.68804 0.175227
13.1 -8.09308 19.8769 -1.68042 0.188514
13.11 -7.95873 20.2846 -1.67923 0.176578
13.12 -7.83746 19.6219 -1.67028 0.189828
13.13 -7.75748 20.0285 -1.66442 0.178269
13.14 -7.67081 19.4751 -1.66722 0.189983
13.15 -7.66917 19.931 -1.66123 0.174773
13.16 -7.76551 19.383 -1.66874 0.191232
13.17 -7.78833 20.1377 -1.68043 0.175937
13.18 -7.82792 19.8699 -1.69277 0.192239
13.19 -7.96784 20.366 -1.69935 0.179265
13.2 -7.86786 19.6798 -1.70853 0.18919
13.21 -7.79067 20.0858 -1.69156 0.177603
13.22 -7.66263 19.6031 -1.69199 0.18766
13.23 -7.61314 20.0929 -1.69274 0.169954
13.24 -7.65535 19.3285 -1.68897 0.189905
13.25 -7.59335 19.6942 -1.69279 0.175473
13.26 -7.5376 19.3111 -1.69656 0.189435
13.27 -7.70069 20.1832 -1.70995 0.178564
13.28 -7.83045 19.6007 -1.72712 0.1955
13.29 -7.74068 19.9209 -1.72276 0.187248
13.3 -7.56584 19.3349 -1.71619 0.191268
13.31 -7.55787 20.005 -1.71664 0.180455
13.32 -7.52288 19.3315 -1.72216 0.198794
13.33 -7.53662 19.8062 -1.71956 0.183211
13.34 -7.47978 19.2933 -1.72176 0.197491
13.35 -7.52366 20.108 -1.72767 0.185205
13.36 -7.63739 19.5136 -1.74298 0.195765
13.37 -7.72602 20.0567 -1.74867 0.188284
13.38 -7.67205 19.5754 -1.75898 0.198878
13.39 -7.66977 20.0203 -1.75611 0.187862
13.4 -7.69772 19.4678 -1.76541 0.200918
13.41 -7.69249 20.2263 -1.76751 0.188547
13.42 -7.65177 19.6777 -1.78324 0.202829
13.43 -7.62389 20.0954 -1.77561 0.187167
13.44 -7.42837 19.4451 -1.76589 0.196544
13.45 -7.22183 19.9611 -1.76032 0.182488
13.46 -7.27615 19.4398 -1.76761 0.192242
13.47 -7.28247 19.8897 -1.76815 0.184162
13.48 -7.32442 19.3181 -1.77792 0.196808
13.49 -7.40431 19.9585 -1.77139 0.181372
13.5 -7.52698 19.523 -1.7863 0.197971
13.51 -7.66639 20.1496 -1.7995 0.184771
13.52 -7.71095 19.603 -1.81084 0.200798
13.53 -7.7023 20.3971 -1.81499 0.187585
13.54 -7.80701 19.847 -1.8265 0.202002
13.55 -7.75513 20.3947 -1.82725 0.196095
13.56 -7.68704 19.7082 -1.82733 0.206844
13.57 -7.37347 20.1166 -1.81112 0.194645
13.58 -7.20777 19.4199 -1.81334 0.209497
13.59 -7.3254 20.0464 -1.81247 0.19666
13.6 -7.49812 19.362 -1.83163 0.20935
13.61 -7.56823 20.1766 -1.84499 0.196687
13.62 -7.67736 20.0933 -1.86681 0.212384
13.63 -8.01498 20.8517 -1.88699 0.200708
13.64 -7.9597 20.1418 -1.89733 0.219072
13.65 -7.77862 20.5851 -1.8867 0.206215
13.66 -7.44789 19.9134 -1.87695 0.213397
13.67 -7.30354 20.2243 -1.86643 0.199646
13.68 -7.3089 19.5523 -1.86816 0.208357
13.69 -7.30761 20.1059 -1.86301 0.195758
13.7 -7.26109 19.6626 -1.88186 0.206809
13.71 -7.49897 20.3434 -1.88536 0.193643
13.72 -7.7099 19.8813 -1.90706 0.216257
13.73 -7.86379 20.6008 -1.91747 0.203155
13.74 -7.89665 20.1604 -1.93218 0.215927
13.75 -7.93008 20.7461 -1.94026 0.210579
13.76 -7.92503 20.1361 -1.94875 0.222322
13.77 -7.93606 20.7521 -1.94903 0.213156
13.78 -7.80957 20.1689 -1.95369 0.229062
13.79 -7.73459 20.5157 -1.94664 0.214937
13.8 -7.66752 19.9341 -1.95091 0.232088
13.81 -7.66626 20.4845 -1.95126 0.217399
13.82 -7.57424 20.031 -1.96373 0.233026
13.83 -7.70036 20.6059 -1.96979 0.222635
13.84 -7.75674 19.9029 -1.97671 0.23477
13.85 -7.6074 20.3999 -1.98012 0.220754
13.86 -7.57614 19.9401 -1.99288 0.23305
13.87 -7.70551 20.6497 -2.00127 0.224936
13.88 -7.70929 20.1076 -2.0089 0.233359
13.89 -7.65958 20.5693 -2.0124 0.220675
13.9 -7.57727 20.0528 -2.01714 0.23283
13.91 -7.65884 20.6893 -2.02674 0.225063
13.92 -7.6524 20.0843 -2.03647 0.239744
13.93 -7.66233 20.5807 -2.03779 0.226289
13.94 -7.66581 20.1756 -2.04458 0.238645
13.95 -7.63085 20.7702 -2.05163 0.227381
13.96 -7.74629 20.1215 -2.05672 0.239171
13.97 -7.69819 20.6327 -2.061 0.233275
13.98 -7.5695 19.9461 -2.06396 0.243581
13.99 -7.60335 20.586 -2.06215 0.237824
14 -7.73111 20.0716 -2.07847 0.251471
14.01 -7.81315 20.7054 -2.09131 0.242041
14.02 -7.9961 20.3398 -2.11338 0.256273
14.03 -8.06665 21.1707 -2.12627 0.242311
14.04 -8.13129 20.6287 -2.14827 0.260949
14.05 -8.20395 21.1138 -2.14851 0.251724
14.06 -8.02498 20.4887 -2.15214 0.264983
14.07 -7.91858 20.9209 -2.14482 0.245888
14.08 -7.72113 20.1913 -2.14432 0.262834
14.09 -7.51544 20.4295 -2.13871 0.249391
14.1 -7.27728 19.845 -2.12967 0.264688
14.11 -6.91472 20.2461 -2.11162 0.24829
14.12 -6.79777 19.4726 -2.10064 0.262665
14.13 -6.76856 20.0227 -2.10018 0.247951
14.14 -6.73363 19.6192 -2.10769 0.26108
14.15 -7.04256 20.2871 -2.12168 0.251432
14.16 -7.25866 20.0304 -2.14486 0.264441
14.17 -7.49318 20.6274 -2.16078 0.256324
14.18 -7.60544 20.3665 -2.1745 0.266411
14.19 -7.54585 20.884 -2.17036 0.253741
14.2 -7.46748 20.2227 -2.16333 0.268244
14.21 -7.35536 20.7188 -2.15506 0.254237
14.22 -7.24256 19.9286 -2.14912 0.269042
14.23 -7.18024 20.5594 -2.14051 0.257738
14.24 -7.24895 19.7789 -2.13938 0.26849
14.25 -7.20872 20.4489 -2.14467 0.258098
14.26 -7.37238 19.9471 -2.15852 0.268868
14.27 -7.45275 20.6322 -2.16153 0.257313
14.28 -7.48293 20.0115 -2.17067 0.273639
14.29 -7.50482 20.6959 -2.17319 0.261215
14.3 -7.55735 19.9452 -2.17485 0.278298
14.31 -7.52689 20.6285 -2.18364 0.26498
14.32 -7.52166 20.1753 -2.19287 0.281059
14.33 -7.67479 20.6925 -2.20071 0.269387
14.34 -7.6232 20.2533 -2.21424 0.283335
14.35 -7.62087 20.619 -2.21534 0.269315
14.36 -7.52554 20.0132 -2.22061 0.283488
14.37 -7.49131 20.5576 -2.21787 0.264981
14.38 -7.43144 19.8057 -2.21757 0.281136
14.39 -7.2603 20.4882 -2.21817 0.266426
14.4 -7.13348 19.8953 -2.21311 0.277185
14.41 -7.18258 20.216 -2.21142 0.269476
14.42 -7.12007 19.6056 -2.21633 0.281555
14.43 -7.19076 20.2476 -2.22298 0.266198
14.44 -7.17107 20.2386 -2.23774 0.281022
14.45 -7.48154 20.631 -2.25011 0.273139
14.46 -7.46134 19.9666 -2.26074 0.285702
14.47 -7.13939 20.3705 -2.24838 0.270242
14.48 -6.92817 19.9119 -2.23396 0.283087
14.49 -6.93512 20.4147 -2.24186 0.273023
14.5 -6.96919 19.7198 -2.24589 0.28931
14.51 -6.90545 20.1232 -2.24512 0.275266
14.52 -6.99286 19.878 -2.24992 0.283995
14.53 -7.22929 20.4536 -2.26289 0.274221
14.54 -7.34321 19.8205 -2.27721 0.294412
14.55 -7.3254 20.4303 -2.28773 0.281464
14.56 -7.40203 20.2081 -2.29632 0.29233
14.57 -7.60319 20.8232 -2.30409 0.283773
14.58 -7.56894 20.1877 -2.31702 0.302159
14.59 -7.50401 20.699 -2.31851 0.286113
14.6 -7.43738 20.02 -2.31623 0.301102
14.61 -7.39719 20.6294 -2.31592 0.28811
14.62 -7.41093 20.0569 -2.32089 0.300649
14.63 -7.40737 20.4129 -2.31502 0.292076
14.64 -7.48067 19.9855 -2.32613 0.302786
14.65 -7.55229 20.7145 -2.33571 0.294192
14.66 -7.58943 20.2666 -2.35459 0.313682
14.67 -7.76637 20.6634 -2.35966 0.297322
14.68 -7.69222 20.2055 -2.37052 0.310043
14.69 -7.67917 20.9705 -2.36761 0.300948
14.7 -7.77231 20.644 -2.39058 0.315955
14.71 -7.87502 21.0554 -2.39977 0.295855
14.72 -7.78495 20.3467 -2.40276 0.314583
14.73 -7.52679 20.8249 -2.3962 0.299979
14.74 -7.42308 20.085 -2.39317 0.311951
14.75 -7.37471 20.5277 -2.38752 0.299203
14.76 -7.20016 19.8001 -2.39555 0.317025
14.77 -7.34152 20.5149 -2.40173 0.301345
14.78 -7.48703 20.223 -2.4201 0.315196
14.79 -7.82187 20.8006 -2.43888 0.306715
14.8 -7.91895 20.4211 -2.4649 0.322999
14.81 -7.97744 20.9982 -2.46934 0.313012
14.82 -8.07941 20.5786 -2.47917 0.327931
14.83 -7.94411 21.1996 -2.48003 0.320793
14.84 -7.78377 20.2989 -2.47395 0.335825
14.85 -7.58956 20.8105 -2.4679 0.319296
14.86 -7.34504 20.1174 -2.45664 0.325276
14.87 -7.1707 20.4537 -2.45669 0.314934
14.88 -7.36716 19.9315 -2.45699 0.336044
14.89 -7.61318 20.6172 -2.47464 0.325483
14.9 -7.75922 20.4502 -2.49533 0.336116
14.91 -7.93193 21.3844 -2.51887 0.328653
14.92 -8.16839 20.6326 -2.52497 0.345877
14.93 -7.97333 21.1631 -2.53041 0.328955
14.94 -7.66502 20.5058 -2.51842 0.344555
14.95 -7.62993 20.9524 -2.51587 0.33395
14.96 -7.72868 20.2302 -2.52098 0.346478
14.97 -7.4648 20.8594 -2.51583 0.332514
14.98 -7.5437 20.2261 -2.52294 0.342171
14.99 -7.6377 20.7957 -2.53213 0.338536
15 -7.74729 20.2604 -2.54848 0.351268
15.01 -7.78212 20.995 -2.55207 0.335494
15.02 -7.72756 20.2337 -2.56363 0.35588
15.03 -7.9513 21.0431 -2.57391 0.341634
15.04 -8.06396 20.4995 -2.59305 0.359883
15.05 -8.06316 21.1493 -2.60176 0.348261
15.06 -8.14074 20.5839 -2.61115 0.364723
15.07 -8.15891 21.149 -2.61717 0.347949
15.08 -8.11847 20.5356 -2.62139 0.368062
15.09 -8.00903 21.071 -2.62261 0.35455
15.1 -8.01 20.4132 -2.63114 0.371283
15.11 -8.04223 21.0023 -2.63729 0.357511
15.12 -8.05012 20.5961 -2.64835 0.379117
15.13 -8.00983 21.2293 -2.65639 0.368659
15.14 -8.04976 20.5451 -2.6694 0.380799
15.15 -7.96231 21.1714 -2.66882 0.366544
15.16 -7.92918 20.5224 -2.67611 0.377307
15.17 -7.88604 21.1068 -2.67872 0.360944
15.18 -7.98716 20.4465 -2.68934 0.376489
15.19 -7.93317 21.0188 -2.69411 0.363453
15.2 -7.93344 20.5162 -2.7069 0.373197
15.21 -7.97744 21.1193 -2.71439 0.367399
15.22 -7.99152 20.4307 -2.72001 0.377394
15.23 -8.02487 21.1648 -2.72325 0.3617
15.24 -7.98362 20.4906 -2.73413 0.378835
15.25 -7.84639 21.1574 -2.73386 0.366258
15.26 -8.1546 20.5229 -2.74466 0.376546
15.27 -8.16365 20.98 -2.75381 0.371904
15.28 -8.08695 20.7279 -2.76123 0.385594
15.29 -8.18711 21.0954 -2.75855 0.372965
15.3 -8.11091 20.4341 -2.77352 0.386286
15.31 -8.08492 20.9393 -2.77624 0.377473
15.32 -8.0199 20.3818 -2.78202 0.387119
15.33 -8.18465 21.3328 -2.79254 0.378822
15.34 -8.30893 20.6285 -2.80976 0.401087
15.35 -8.30421 21.1959 -2.81686 0.385647
15.36 -8.12998 20.4636 -2.81155 0.401328
15.37 -7.90037 21.1837 -2.8004 0.386994
15.38 -7.76213 20.2305 -2.80696 0.4038
15.39 -7.8989 20.9277 -2.80853 0.389339
15.4 -7.86123 20.4138 -2.82595 0.402824
15.41 -7.92986 20.9617 -2.82648 0.397823
15.42 -8.06661 20.5323 -2.84784 0.406921
15.43 -8.07508 21.2149 -2.85388 0.403691
15.44 -8.12554 20.491 -2.86959 0.414513
15.45 -8.096 21.0749 -2.87831 0.397383
15.46 -8.13828 20.4539 -2.87736 0.414119
15.47 -8.19067 20.8503 -2.88928 0.407367
15.48 -8.10614 20.399 -2.89373 0.413365
15.49 -8.05295 21.1553 -2.89647 0.409737
15.5 -8.08006 20.5085 -2.90289 0.422269
15.51 -8.13058 20.9078 -2.91246 0.405907
15.52 -8.08451 20.4998 -2.91536 0.42702
15.53 -8.14958 21.0696 -2.92547 0.413219
15.54 -8.09004 20.5022 -2.93513 0.427111
15.55 -8.12132 21.1213 -2.93233 0.420414
15.56 -8.15511 20.2885 -2.93343 0.432866
15.57 -7.9849 20.809 -2.93397 0.421425
15.58 -8.00312 20.21 -2.93472 0.429378
15.59 -8.02514 20.8132 -2.93807 0.413076
15.6 -7.98362 20.0453 -2.94581 0.43016
15.61 -8.0133 20.829 -2.94931 0.411083
15.62 -7.90158 20.0849 -2.95977 0.430173
15.63 -7.87856 20.6746 -2.96225 0.417164
15.64 -7.85074 19.9851 -2.96707 0.425892
15.65 -7.65443 20.4993 -2.95796 0.421466
15.66 -7.53822 20.0073 -2.96572 0.436126
15.67 -7.64543 20.5987 -2.95878 0.424479
15.68 -7.7058 19.712 -2.981 0.437689
15.69 -7.70189 20.5197 -2.97888 0.421503
15.7 -7.6487 19.8515 -2.98625 0.442039
15.71 -7.6293 20.4338 -2.98314 0.424802
15.72 -7.65248 19.754 -2.9897 0.439043
15.73 -7.68736 20.357 -2.98946 0.433234
15.74 -7.64357 19.7842 -2.99915 0.444988
15.75 -7.76135 20.3588 -3.01253 0.433871
15.76 -7.88847 19.8682 -3.02084 0.450809
15.77 -8.11497 20.6339 -3.03345 0.443276
15.78 -8.02353 20.1187 -3.04686 0.455505
15.79 -7.96222 20.7009 -3.05278 0.447548
15.8 -7.97789 19.8881 -3.05914 0.46081
15.81 -7.84429 20.4659 -3.06694 0.449866
15.82 -7.85023 19.8621 -3.07103 0.465367
15.83 -7.77237 20.2027 -3.07228 0.458028
15.84 -7.78822 19.6635 -3.0862 0.467769
15.85 -7.60965 20.2346 -3.08901 0.46303
15.86 -7.67288 19.853 -3.09886 0.478395
15.87 -7.71628 20.2779 -3.10525 0.466525
15.88 -7.75388 19.6893 -3.12351 0.480018
15.89 -7.98632 20.6317 -3.1286 0.46797
15.9 -7.91626 19.8196 -3.14402 0.480707
15.91 -7.93126 20.5435 -3.14879 0.46994
15.92 -8.09015 19.8748 -3.1583 0.481362
15.93 -8.01448 20.4819 -3.15394 0.467075
15.94 -7.9213 19.6414 -3.16454 0.474339
15.95 -7.86908 20.331 -3.16111 0.464837
15.96 -7.94562 19.6555 -3.16748 0.471925
15.97 -7.98322 20.4255 -3.17116 0.465513
15.98 -7.93899 19.7663 -3.1791 0.480951
15.99 -7.96097 20.4664 -3.19086 0.466451
16 -8.06098 19.7034 -3.20489 0.486957
16.01 -7.96171 20.2184 -3.21543 0.472209
16.02 -7.84967 19.7635 -3.2147 0.486947
16.03 -7.75347 20.4016 -3.21307 0.479025
16.04 -7.64086 19.5477 -3.21907 0.499265
16.05 -7.70036 20.0782 -3.21579 0.484199
16.06 -7.70711 19.2932 -3.22401 0.502056
16.07 -7.72527 20.2634 -3.23678 0.493238
16.08 -7.97972 19.7066 -3.25322 0.505219
16.09 -8.13436 20.4186 -3.27 0.498009
16.1 -8.17489 19.9075 -3.28417 0.513259
16.11 -8.14916 20.5232 -3.28718 0.503646
16.12 -8.12349 19.7922 -3.29711 0.521094
16.13 -7.94643 20.4231 -3.29766 0.509312
16.14 -7.83788 19.5721 -3.29036 0.521167
16.15 -7.71104 20.0553 -3.29211 0.510076
16.16 -7.74969 19.4007 -3.29821 0.518433
16.17 -7.68855 19.9558 -3.30045 0.505802
16.18 -7.84991 19.432 -3.31822 0.514463
16.19 -7.95659 19.9514 -3.32675 0.503588
16.2 -7.93459 19.5924 -3.34793 0.520213
16.21 -8.1167 20.331 -3.36035 0.50719
16.22 -8.1076 19.4345 -3.37079 0.525415
16.23 -7.92355 20.0591 -3.37348 0.509424
16.24 -7.89658 19.3088 -3.37049 0.526036
16.25 -7.84646 19.8047 -3.37248 0.511689
16.26 -7.61417 19.2324 -3.37996 0.532519
16.27 -7.71456 19.6997 -3.38155 0.514107
16.28 -7.69486 19.2828 -3.3926 0.529836
16.29 -7.7913 19.8121 -3.39691 0.524419
16.3 -7.7979 19.2073 -3.42053 0.538338
16.31 -7.81011 19.9746 -3.42588 0.530178
16.32 -7.81138 19.301 -3.43969 0.548156
16.33 -8.02488 20.0406 -3.44878 0.536345
16.34 -7.78186 19.4989 -3.46221 0.553069
16.35 -7.86378 19.9834 -3.46038 0.54379
16.36 -7.83419 19.3211 -3.47139 0.557143
16.37 -7.71165 19.923 -3.47494 0.549595
16.38 -7.72976 19.0671 -3.48594 0.569537
16.39 -7.82299 19.832 -3.49808 0.550111
16.4 -7.90458 19.3617 -3.51371 0.56709
16.41 -7.95518 19.9666 -3.52666 0.56258
16.42 -8.01484 19.352 -3.54539 0.572273
16.43 -8.06541 19.8922 -3.55561 0.561891
16.44 -8.02672 19.3621 -3.56059 0.577418
16.45 -7.96589 19.7532 -3.56185 0.566722
16.46 -7.81401 19.0569 -3.56558 0.581681
16.47 -7.60263 19.7645 -3.5526 0.570313
16.48 -7.55044 19.1442 -3.55936 0.58743
16.49 -7.58786 19.4509 -3.5565 0.571716
16.5 -7.55493 19.0082 -3.57173 0.583211
16.51 -7.73381 19.5741 -3.5693 0.56904
16.52 -7.72368 19.1518 -3.57598 0.582202
16.53 -7.78149 19.8328 -3.5757 0.568127
16.54 -7.71688 19.0559 -3.5751 0.580038
16.55 -7.64984 19.6592 -3.56826 0.564096
16.56 -7.54546 19.0926 -3.57118 0.579117
16.57 -7.51709 19.5962 -3.57402 0.56943
16.58 -7.58868 19.0375 -3.57915 0.578747
16.59 -7.54478 19.5973 -3.58237 0.569493
16.6 -7.59545 19.1837 -3.59164 0.587767
16.61 -7.5162 19.4361 -3.59791 0.571536
16.62 -7.60575 18.9523 -3.60422 0.592286
16.63 -7.57762 19.6612 -3.61014 0.582754
16.64 -7.57232 18.958 -3.62649 0.59405
16.65 -7.83226 19.4493 -3.63459 0.589592
16.66 -7.74269 18.9929 -3.6522 0.603187
16.67 -7.64851 19.4716 -3.64898 0.599648
16.68 -7.55594 18.8164 -3.66121 0.617964
16.69 -7.57398 19.4892 -3.66777 0.598013
16.7 -7.5495 18.8382 -3.6778 0.618525
16.71 -7.48209 19.2712 -3.67701 0.600679
16.72 -7.5488 18.7448 -3.69481 0.617656
16.73 -7.73914 19.3267 -3.70439 0.600671
16.74 -7.75073 18.8381 -3.71826 0.618441
16.75 -7.76213 19.425 -3.72671 0.603011
16.76 -7.70998 18.9188 -3.73765 0.620292
16.77 -7.67161 19.518 -3.73913 0.611962
16.78 -7.523 18.6993 -3.74636 0.630961
16.79 -7.53266 19.4723 -3.74623 0.616104
16.8 -7.41793 18.6476 -3.75192 0.632167
16.81 -7.43221 19.1976 -3.74946 0.617119
16.82 -7.34725 18.5805 -3.75746 0.635532
16.83 -7.38095 19.1703 -3.76066 0.62211
16.84 -7.36547 18.6172 -3.77531 0.64449
16.85 -7.4318 19.1166 -3.77853 0.63311
16.86 -7.56835 18.6974 -3.79872 0.648137
16.87 -7.61772 19.3075 -3.80841 0.635242
16.88 -7.66442 18.7793 -3.81894 0.652134
16.89 -7.74781 19.4154 -3.81974 0.633849
16.9 -7.67423 18.678 -3.82932 0.656834
16.91 -7.5027 19.1177 -3.82536 0.65235
16.92 -7.5112 18.3509 -3.83903 0.65946
16.93 -7.55097 19.0188 -3.83978 0.647882
16.94 -7.4715 18.5977 -3.8562 0.67108
16.95 -7.47534 19.0572 -3.86123 0.65802
16.96 -7.65422 18.3977 -3.87947 0.673699
16.97 -7.54054 18.8143 -3.87858 0.667188
16.98 -7.6009 18.0524 -3.89963 0.677654
16.99 -7.44681 18.7001 -3.90443 0.663856
17 -7.26089 17.8754 -3.90721 0.689993
17.01 -7.26484 18.6058 -3.91561 0.6721
17.02 -7.00433 17.6173 -3.92412 0.689176
17.03 -6.90288 18.2922 -3.92061 0.681596
17.04 -6.9277 17.5944 -3.93464 0.696649
17.05 -6.7321 18.1834 -3.93753 0.68152
17.06 -6.58223 17.5877 -3.93812 0.700681
17.07 -6.6499 18.2936 -3.94074 0.679871
17.08 -6.66266 17.298 -3.94879 0.695106
17.09 -6.80612 18.1272 -3.95851 0.68077
17.1 -6.7996 17.6147 -3.96671 0.695106
17.11 -6.90263 18.0304 -3.97741 0.6783
17.12 -6.77333 17.6159 -3.9799 0.695178
17.13 -6.70226 17.9342 -3.9776 0.674743
17.14 -6.65153 17.4518 -3.97551 0.695397
17.15 -6.55336 17.9438 -3.97785 0.67852
17.16 -6.53506 16.9363 -3.98193 0.69701
17.17 -6.4411 17.7915 -3.98712 0.685042
17.18 -6.53687 17.1565 -3.99211 0.704063
17.19 -6.62977 17.8684 -3.9935 0.697088
17.2 -6.54927 17.2022 -4.01172 0.71839
17.21 -6.77762 18.1606 -4.0228 0.703836
17.22 -6.90683 17.8013 -4.0424 0.721787
17.23 -7.02353 18.2558 -4.05475 0.70589
17.24 -6.83625 17.2028 -4.05533 0.729269
17.25 -6.52271 18.2039 -4.05399 0.705488
17.26 -6.40757 17.17 -4.04459 0.719617
17.27 -6.4031 17.659 -4.04472 0.71242
17.28 -6.34622 16.7833 -4.04856 0.721347
17.29 -6.30064 17.6432 -4.05093 0.703153
17.3 -6.45918 17.1867 -4.06063 0.718894
17.31 -6.48236 17.6923 -4.06856 0.710062
17.32 -6.55969 16.8904 -4.07663 0.729663
17.33 -6.47915 17.7031 -4.08615 0.705135
17.34 -6.60619 17.2172 -4.09626 0.724679
17.35 -6.76134 17.6927 -4.09974 0.710474
17.36 -6.7528 17.1373 -4.11571 0.721482
17.37 -6.59571 17.746 -4.1144 0.717664
17.38 -6.50719 16.9555 -4.12587 0.731694
17.39 -6.60159 17.7075 -4.13288 0.715682
17.4 -6.59859 17.1116 -4.14291 0.734937
17.41 -6.84093 17.682 -4.15585 0.732269
17.42 -6.98087 17.1098 -4.17738 0.744652
17.43 -7.0628 17.6622 -4.18447 0.731297
17.44 -7.06331 17.5744 -4.21182 0.75408
17.45 -7.19742 18.0582 -4.22803 0.74365
17.46 -7.15304 17.5398 -4.23512 0.765137
17.47 -6.94404 17.5901 -4.24019 0.750287
17.48 -6.56079 17.0297 -4.23539 0.767637
17.49 -6.392 17.4615 -4.22759 0.758565
17.5 -6.25032 16.7193 -4.23059 0.779298
17.51 -6.17931 16.9557 -4.23673 0.765949
17.52 -6.32382 16.3571 -4.25045 0.774851
17.53 -6.48864 17.5113 -4.26722 0.765492
17.54 -6.92197 17.1723 -4.28471 0.775703
17.55 -7.16357 17.8646 -4.30693 0.758454
17.56 -7.19193 17.0567 -4.32534 0.77385
17.57 -7.2614 18.0808 -4.33065 0.764269
17.58 -7.22751 17.1911 -4.34058 0.775743
17.59 -7.04044 17.7707 -4.34565 0.766028
17.6 -6.92876 16.881 -4.35086 0.776606
17.61 -6.79648 17.5251 -4.35405 0.771643
17.62 -6.72326 16.5622 -4.3574 0.793496
17.63 -6.67187 17.5018 -4.36355 0.777484
17.64 -6.6488 16.6975 -4.37693 0.794126
17.65 -6.67554 17.5501 -4.38183 0.793142
17.66 -6.89238 17.0442 -4.40149 0.801024
17.67 -6.91243 17.6814 -4.41205 0.793161
17.68 -7.01965 16.948 -4.42567 0.809905
17.69 -7.18798 17.7934 -4.43308 0.794356
17.7 -7.15613 17.0285 -4.44427 0.813084
17.71 -7.16929 17.7944 -4.44776 0.805286
17.72 -7.10679 17.1416 -4.45817 0.813204
17.73 -7.07416 17.6153 -4.45974 0.808045
17.74 -6.99514 16.8554 -4.46132 0.819241
17.75 -6.68352 17.1732 -4.46288 0.807508
17.76 -6.5864 16.7224 -4.46259 0.825544
17.77 -6.3927 16.7318 -4.46537 0.808601
17.78 -6.35045 16.319 -4.46809 0.826794
17.79 -6.3231 16.8481 -4.47041 0.810411
17.8 -6.3029 16.3021 -4.48134 0.826831
17.81 -6.45646 17.0993 -4.49466 0.815433
17.82 -6.61898 16.4088 -4.49683 0.835675
17.83 -6.56747 17.0979 -4.51023 0.814423
17.84 -6.61142 16.4129 -4.50883 0.837026
17.85 -6.53744 17.0795 -4.51596 0.824013
17.86 -6.45578 16.3086 -4.52073 0.839345
17.87 -6.38339 16.9225 -4.51739 0.817958
17.88 -6.28309 16.2087 -4.52375 0.843762
17.89 -6.47302 16.7546 -4.52049 0.827952
17.9 -6.33005 16.3622 -4.53059 0.846464
17.91 -6.28089 17.1447 -4.53462 0.836189
17.92 -6.48409 16.3421 -4.54683 0.855448
17.93 -6.3575 17.0914 -4.54822 0.847534
17.94 -6.33195 16.1497 -4.55268 0.861894
17.95 -6.36107 16.8975 -4.55529 0.843653
17.96 -6.32344 16.5385 -4.559 0.860209
17.97 -6.35615 16.8698 -4.55051 0.859117
17.98 -6.37322 16.5038 -4.56573 0.862742
17.99 -6.42226 16.8697 -4.56304 0.849177
18 -6.31704 16.2912 -4.56983 0.86805
18.01 -6.35985 16.908 -4.5743 0.85974
18.02 -6.50319 16.1456 -4.57732 0.871379
18.03 -6.2926 17.0244 -4.59209 0.851422
18.04 -6.34492 16.214 -4.59456 0.866415
18.05 -6.41596 16.7422 -4.60007 0.840476
18.06 -6.31055 16.1533 -4.60907 0.862633
18.07 -6.1644 16.6306 -4.59882 0.858602
18.08 -6.14491 16.0075 -4.6124 0.862835
18.09 -6.18133 16.6701 -4.61627 0.84833
18.1 -6.26974 15.8936 -4.61928 0.872125
18.11 -6.25616 16.9942 -4.63709 0.852112
18.12 -6.29406 16.1448 -4.63531 0.875898
18.13 -6.40326 16.9838 -4.65027 0.867394
18.14 -6.47715 16.1831 -4.67053 0.876976
18.15 -6.50533 16.7424 -4.67909 0.8666
18.16 -6.50604 16.2316 -4.69373 0.892747
18.17 -6.61504 17.0333 -4.71316 0.883018
18.18 -6.55734 16.36 -4.72321 0.900965
18.19 -6.55177 16.8016 -4.73895 0.887517
18.2 -6.49801 16.3395 -4.74538 0.898505
18.21 -6.48893 16.6221 -4.74481 0.880238
18.22 -6.4482 16.0078 -4.75789 0.899531
18.23 -6.35834 16.6711 -4.76597 0.89537
18.24 -6.44964 15.89 -4.77864 0.905378
18.25 -6.49294 16.5439 -4.77918 0.897134
18.26 -6.54431 16.0388 -4.7913 0.905669
18.27 -6.64664 16.8185 -4.79937 0.89503
18.28 -6.70108 16.4602 -4.8217 0.912159
18.29 -6.93236 17.682 -4.82847 0.900273
18.3 -7.07298 16.4058 -4.84382 0.91455
18.31 -7.01809 17.0766 -4.83505 0.894852
18.32 -6.5256 16.4006 -4.83681 0.918345
18.33 -6.38467 16.8944 -4.82857 0.912742
18.34 -6.55549 16.0363 -4.83338 0.933184
18.35 -6.64669 16.8341 -4.84177 0.911691
18.36 -6.58349 16.0256 -4.85356 0.926162
18.37 -6.69529 16.7421 -4.86139 0.911709
18.38 -6.88763 16.1675 -4.88454 0.923701
18.39 -7.00044 16.9716 -4.89623 0.915199
18.4 -6.90443 16.15 -4.89788 0.933872
18.41 -6.74321 16.7682 -4.90165 0.914479
18.42 -6.79159 16.0487 -4.91943 0.927871
18.43 -6.76826 16.5739 -4.92149 0.919471
18.44 -6.71776 15.9388 -4.9377 0.937044
18.45 -6.49346 16.2363 -4.93693 0.936196
18.46 -6.7108 15.7294 -4.95053 0.93432
18.47 -6.51287 16.8095 -4.95786 0.923377
18.48 -6.75744 16.1529 -4.96893 0.941972
18.49 -6.70868 16.7658 -4.98202 0.920637
18.5 -6.78823 15.9343 -4.97066 0.945197
18.51 -6.40069 16.4922 -4.96049 0.922191
18.52 -6.15403 15.7176 -4.94963 0.934828
18.53 -5.97457 16.33 -4.93247 0.922911
18.54 -5.9853 15.5184 -4.92568 0.937776
18.55 -5.89958 16.1555 -4.91759 0.919311
18.56 -6.08076 15.6456 -4.92082 0.935955
18.57 -6.23601 16.3343 -4.92273 0.927653
18.58 -6.41833 15.9453 -4.9409 0.93935
18.59 -6.60517 16.7539 -4.9427 0.923795
18.6 -6.63779 16.2891 -4.95593 0.9449
18.61 -6.69349 16.7395 -4.96688 0.926408
18.62 -6.66249 16.0345 -4.97149 0.937225
18.63 -6.47658 16.7093 -4.97432 0.928795
18.64 -6.47335 15.8249 -4.98608 0.953321
18.65 -6.60292 16.5088 -4.99498 0.930518
18.66 -6.31379 15.7859 -5.01316 0.950416
18.67 -6.42342 16.2403 -5.03029 0.944127
18.68 -6.47295 15.783 -5.03663 0.958982
18.69 -6.45974 16.3729 -5.04837 0.93436
18.7 -6.28041 15.6471 -5.05916 0.953358
18.71 -6.34084 16.3231 -5.07216 0.935495
18.72 -6.48434 15.3545 -5.08585 0.955038
18.73 -6.3513 16.511 -5.09305 0.946263
18.74 -6.45654 15.5862 -5.10265 0.959055
18.75 -6.51361 16.4935 -5.1106 0.946382
18.76 -6.50359 15.7841 -5.11354 0.955116
18.77 -6.58624 16.29 -5.11646 0.947145
18.78 -6.53296 15.9258 -5.13346 0.970868
18.79 -6.62429 16.577 -5.1367 0.950929
18.8 -6.58295 15.772 -5.15182 0.97798
18.81 -6.51752 16.4886 -5.14085 0.962901
18.82 -6.29675 15.2598 -5.15367 0.980732
18.83 -6.12452 15.9998 -5.14104 0.967714
18.84 -6.11798 14.9757 -5.14446 0.987493
18.85 -6.21228 15.6274 -5.1468 0.967508
18.86 -6.17857 15.4242 -5.16797 0.998511
18.87 -6.78124 16.2391 -5.1872 0.969054
18.88 -7.14235 16.1532 -5.2118 0.984904
18.89 -7.05402 16.6375 -5.23488 0.973544
18.9 -7.0673 15.8126 -5.24322 0.990576
18.91 -6.69711 16.5528 -5.23624 0.966124
18.92 -6.445 15.1875 -5.23354 0.990872
18.93 -6.03575 15.7195 -5.21851 0.974135
18.94 -5.49516 14.7652 -5.19436 0.998959
18.95 -5.36161 15.3098 -5.18741 0.980339
18.96 -5.32224 14.6159 -5.18892 1.00749
18.97 -5.65364 15.4395 -5.19698 0.981193
18.98 -5.84769 14.9526 -5.21113 1.0007
18.99 -6.03744 15.8615 -5.22427 0.990644
19 -6.44616 15.5104 -5.24035 1.00339
19.01 -6.49962 16.3844 -5.25754 0.992823
19.02 -6.54472 15.575 -5.25974 1.00894
19.03 -6.50531 16.358 -5.25823 0.989007
19.04 -6.24966 15.3939 -5.26695 1.0091
19.05 -5.91731 15.8542 -5.25747 0.994871
19.06 -5.91248 14.9747 -5.25943 1.01226
19.07 -5.74237 15.765 -5.24794 0.9959
19.08 -5.63817 14.6071 -5.2564 1.01302
19.09 -5.55771 15.507 -5.24928 0.996437
19.1 -5.46966 14.7546 -5.25345 1.01139
19.11 -5.5607 15.6778 -5.24686 0.99832
19.12 -5.72266 14.8533 -5.25126 1.00579
19.13 -5.75883 15.7946 -5.24913 0.991423
19.14 -5.8537 15.0809 -5.24782 1.01987
19.15 -6.16773 16.0952 -5.25779 0.995381
19.16 -6.27321 15.3856 -5.25652 1.01587
19.17 -6.22482 16.1374 -5.26801 0.987923
19.18 -6.20785 15.4492 -5.26494 1.00839
19.19 -6.2366 16.1522 -5.26159 0.996732
19.2 -6.26694 15.4518 -5.27098 1.01012
19.21 -5.92588 15.7323 -5.26788 0.998691
19.22 -5.77984 14.9348 -5.28174 1.0186
19.23 -5.65283 15.5203 -5.26883 1.00298
19.24 -5.62593 14.8006 -5.28393 1.01508
19.25 -5.60859 15.575 -5.2855 1.01149
19.26 -5.62494 14.5906 -5.29735 1.02209
19.27 -5.63561 15.5788 -5.30186 1.01281
19.28 -5.79483 14.8427 -5.31775 1.02798
19.29 -6.01724 15.5384 -5.32594 1.01278
19.3 -5.98682 15.04 -5.34258 1.0347
19.31 -6.02037 15.6446 -5.35304 1.01893
19.32 -6.15045 15.0295 -5.3609 1.03998
19.33 -6.09059 15.8504 -5.37506 1.01923
19.34 -5.82752 14.7325 -5.3743 1.04794
19.35 -5.8899 15.4524 -5.37814 1.02383
19.36 -5.61956 14.7922 -5.37616 1.04796
19.37 -5.57916 15.3474 -5.38062 1.03573
19.38 -5.39915 14.4375 -5.38593 1.0551
19.39 -5.52266 15.145 -5.37832 1.03636
19.4 -5.50226 14.5905 -5.39555 1.05828
19.41 -5.63546 15.4128 -5.39531 1.04013
19.42 -5.85673 14.4448 -5.41389 1.06097
19.43 -5.97716 15.6334 -5.42409 1.04027
19.44 -6.26076 15.0526 -5.45051 1.05904
19.45 -6.37832 16.1119 -5.46309 1.04947
19.46 -6.58585 15.4467 -5.48553 1.06263
19.47 -6.39576 15.953 -5.48694 1.04236
19.48 -5.98728 14.69 -5.48304 1.06199
19.49 -5.55636 15.1065 -5.46921 1.04264
19.5 -5.19486 13.8964 -5.45738 1.07081
19.51 -5.03385 14.8155 -5.46702 1.05297
19.52 -4.90831 13.9042 -5.46427 1.07271
19.53 -5.2033 14.6789 -5.47117 1.05001
19.54 -5.30223 14.0998 -5.47664 1.06983
19.55 -5.55291 15.1811 -5.48441 1.05162
19.56 -5.9519 14.7606 -5.49942 1.06804
19.57 -6.06075 15.8611 -5.51497 1.04974
19.58 -6.2255 15.0311 -5.5312 1.06399
19.59 -6.23489 15.7709 -5.52641 1.05153
19.6 -5.90257 14.686 -5.51498 1.06719
19.61 -5.44809 15.3575 -5.49983 1.05516
19.62 -4.99796 13.7823 -5.48672 1.07658
19.63 -4.852 14.5621 -5.46686 1.05477
19.64 -4.56837 13.4542 -5.46879 1.078
19.65 -4.68627 14.2193 -5.45884 1.05974
19.66 -4.85989 13.7521 -5.47765 1.06886
19.67 -5.07165 14.917 -5.47661 1.06655
19.68 -5.21952 13.8284 -5.4982 1.08177
19.69 -5.3217 15.0513 -5.51356 1.05862
19.7 -5.4831 14.4425 -5.51448 1.08304
19.71 -5.66852 15.3453 -5.51089 1.05911
19.72 -5.64364 14.3572 -5.52203 1.07722
19.73 -5.37843 15.2985 -5.50688 1.06261
19.74 -5.36474 14.0299 -5.51002 1.08049
19.75 -4.9648 14.7716 -5.49671 1.05642
19.76 -4.75501 13.594 -5.49959 1.08261
19.77 -4.71593 14.3564 -5.49247 1.06175
19.78 -4.65733 13.8754 -5.50514 1.08323
19.79 -4.88885 14.5186 -5.49938 1.06031
19.8 -5.16751 13.8894 -5.52577 1.08368
19.81 -5.37431 15.0567 -5.53797 1.06174
19.82 -5.55693 14.3528 -5.55987 1.08449
19.83 -5.68373 15.2481 -5.57121 1.06555
19.84 -5.46256 14.1458 -5.58095 1.09187
19.85 -5.12058 14.8818 -5.5735 1.06492
19.86 -4.95592 13.805 -5.57215 1.08579
19.87 -4.3906 14.0021 -5.55279 1.06814
19.88 -4.2085 12.8844 -5.55507 1.08606
19.89 -4.33491 14.0871 -5.55368 1.07324
19.9 -4.39698 13.2862 -5.56857 1.08279
19.91 -4.74461 14.2682 -5.58204 1.0717
19.92 -4.91545 13.6036 -5.59921 1.09575
19.93 -5.12966 14.9897 -5.60127 1.07103
19.94 -5.09016 13.9553 -5.6136 1.09459
19.95 -4.94209 14.5911 -5.61317 1.07477
19.96 -5.03739 14.0665 -5.61176 1.10389
19.97 -4.99618 14.8661 -5.61774 1.08265
19.98 -4.97617 13.8944 -5.62583 1.10035
19.99 -5.25966 14.5999 -5.62369 1.08095
20 -5.20941 13.6881 -5.64755 1.11008
20.01 -5.23771 14.6386 -5.64343 1.08062
20.02 -5.19422 13.8594 -5.65852 1.10151
20.03 -4.96105 14.9156 -5.65183 1.0879
20.04 -4.80084 14.2792 -5.65263 1.11544
20.05 -4.35013 15.2423 -5.62053 1.09096
20.06 -3.76169 14.0044 -5.58387 1.11329
20.07 -3.16917 14.369 -5.51311 1.08763
20.08 -2.45614 13.1535 -5.4434 1.10258
20.09 -2.35621 13.6181 -5.37329 1.07356
20.1 -2.47905 12.4182 -5.32941 1.08125
20.11 -2.9825 13.7293 -5.29554 1.05012
20.12 -3.88811 13.8322 -5.30515 1.06187
20.13 -5.15926 15.6381 -5.32135 1.0294
20.14 -5.88199 15.2495 -5.33898 1.04477
20.15 -5.95412 16.4642 -5.33524 1.01808
20.16 -5.80634 15.6034 -5.32608 1.03489
20.17 -5.30418 16.0815 -5.29919 1.01878
20.18 -4.70769 14.737 -5.29094 1.04244
20.19 -4.11631 15.2147 -5.27824 1.02551
20.2 -3.64603 13.9816 -5.27507 1.05025
20.21 -3.33325 14.5317 -5.26584 1.03362
20.22 -3.12696 13.3864 -5.26677 1.05696
20.23 -3.01292 14.0245 -5.25842 1.03923
20.24 -2.99898 13.2311 -5.25777 1.05246
20.25 -3.13631 14.3816 -5.25078 1.03163
20.26 -3.48801 13.8726 -5.25143 1.05083
20.27 -3.76512 14.9736 -5.24759 1.02415
20.28 -4.02123 14.3811 -5.24446 1.03774
20.29 -4.19044 15.492 -5.23113 1.01641
20.3 -4.27685 14.604 -5.23205 1.03002
20.31 -4.37701 15.4776 -5.22568 1.01016
20.32 -4.25831 14.5623 -5.23384 1.02785
20.33 -4.20542 15.314 -5.23463 1.01115
20.34 -4.10135 14.2385 -5.2469 1.03254
20.35 -4.03432 15.0339 -5.25498 1.01931
20.36 -3.80086 14.0189 -5.2668 1.04231
20.37 -3.68737 14.8663 -5.26431 1.02696
20.38 -3.57885 13.8288 -5.26208 1.04873
20.39 -3.48997 14.7072 -5.24925 1.03039
20.4 -3.43662 13.7751 -5.24179 1.04977
20.41 -3.49134 14.7793 -5.22743 1.02998
20.42 -3.54859 13.9579 -5.22322 1.04909
20.43 -3.76777 14.9402 -5.21658 1.02856
20.44 -3.92597 14.1489 -5.22399 1.04444
20.45 -4.11867 15.2933 -5.22192 1.0207
20.46 -4.2404 14.466 -5.23216 1.03698
20.47 -4.29205 15.3545 -5.23123 1.01458
20.48 -4.29763 14.63 -5.23704 1.03549
20.49 -4.1698 15.3887 -5.23672 1.01201
20.5 -4.01109 14.336 -5.2379 1.03545
20.51 -3.80263 14.9348 -5.2263 1.01598
20.52 -3.51159 13.8031 -5.22098 1.03629
20.53 -3.26998 14.5355 -5.21028 1.01815
20.54 -3.14796 13.3306 -5.20375 1.04018
20.55 -3.08314 14.2044 -5.19264 1.01936
20.56 -3.05511 13.3996 -5.1919 1.03677
20.57 -3.09725 14.3338 -5.18601 1.01908
20.58 -3.23717 13.5116 -5.18526 1.03825
20.59 -3.31684 14.5329 -5.18106 1.01723
20.6 -3.40582 13.7693 -5.18612 1.03776
20.61 -3.54251 14.6988 -5.18366 1.018
20.62 -3.47894 13.8417 -5.18576 1.03701
20.63 -3.44863 14.6008 -5.18202 1.01444
20.64 -3.38215 13.604 -5.18432 1.03884
20.65 -3.22984 14.454 -5.17858 1.01454
20.66 -3.19881 13.4346 -5.1834 1.03684
20.67 -3.10279 14.254 -5.18129 1.01687
20.68 -3.01487 13.252 -5.1853 1.03782
20.69 -2.93472 14.1824 -5.17886 1.01746
20.7 -2.90345 13.2474 -5.17667 1.03518
20.71 -2.83341 14.103 -5.17201 1.01477
20.72 -2.79442 13.1537 -5.16844 1.03457
20.73 -2.9091 14.1218 -5.16704 1.01524
20.74 -2.98682 13.264 -5.16499 1.03522
20.75 -3.01564 14.1539 -5.16541 1.01323
20.76 -3.05834 13.3522 -5.16935 1.03282
20.77 -3.02811 14.2426 -5.16693 1.01082
20.78 -3.02454 13.2573 -5.16679 1.03144
20.79 -2.99692 14.1698 -5.16487 1.01112
20.8 -2.94151 13.1102 -5.16789 1.03172
20.81 -2.80389 14.1576 -5.16672 1.01353
20.82 -2.82653 13.1429 -5.16971 1.03841
20.83 -2.73555 13.9399 -5.16757 1.01582
20.84 -2.68134 13.0292 -5.16699 1.03652
20.85 -2.67669 13.9395 -5.16156 1.01535
20.86 -2.72905 12.9724 -5.16202 1.03649
20.87 -2.70044 13.864 -5.15441 1.01526
20.88 -2.68321 12.97 -5.15048 1.03514
20.89 -2.71059 13.9095 -5.14213 1.0102
20.9 -2.7521 13.0168 -5.13763 1.03137
20.91 -2.72439 13.9443 -5.12841 1.00934
20.92 -2.68453 12.962 -5.12532 1.03163
20.93 -2.60737 13.9074 -5.11249 1.00918
20.94 -2.56724 12.962 -5.11337 1.03111
20.95 -2.44277 13.7816 -5.10528 1.01062
20.96 -2.3795 12.7659 -5.10721 1.03457
20.97 -2.3234 13.7104 -5.10195 1.01172
20.98 -2.24542 12.7251 -5.10693 1.03192
20.99 -2.27383 13.6578 -5.10371 1.01333
21 -2.21792 12.5797 -5.10877 1.03389
21.01 -2.29459 13.578 -5.1032 1.01072
21.02 -2.29925 12.6492 -5.10936 1.03188
21.03 -2.35336 13.7048 -5.10404 1.00917
21.04 -2.40225 12.8461 -5.10676 1.02872
21.05 -2.44535 13.7202 -5.10327 1.00841
21.06 -2.44037 12.7534 -5.1035 1.02905
21.07 -2.45883 13.6634 -5.0998 1.00794
21.08 -2.40639 12.7582 -5.1083 1.03116
21.09 -2.37677 13.6313 -5.10344 1.00996
21.1 -2.36246 12.7411 -5.11277 1.03115
21.11 -2.34209 13.5666 -5.10675 1.01496
21.12 -2.30087 12.7098 -5.11709 1.03406
21.13 -2.31948 13.5668 -5.11246 1.01456
21.14 -2.28797 12.6714 -5.1133 1.03357
21.15 -2.29224 13.5785 -5.10331 1.01113
21.16 -2.22604 12.611 -5.09966 1.03132
21.17 -2.25855 13.5896 -5.08542 1.00724
21.18 -2.30147 12.7535 -5.08631 1.02849
21.19 -2.2683 13.6081 -5.08099 1.00772
21.2 -2.30127 12.7322 -5.08265 1.02719
21.21 -2.32968 13.682 -5.07856 1.00779
21.22 -2.34822 12.7894 -5.08761 1.02814
21.23 -2.39156 13.776 -5.08297 1.00835
21.24 -2.32299 12.8655 -5.0883 1.02903
21.25 -2.38761 13.6631 -5.08635 1.00784
21.26 -2.36846 12.7734 -5.09356 1.02986
21.27 -2.30306 13.6489 -5.08488 1.00985
21.28 -2.32114 12.7012 -5.08727 1.03098
21.29 -2.2892 13.5934 -5.08296 1.01019
21.3 -2.25732 12.7743 -5.0874 1.03014
21.31 -2.28782 13.6445 -5.08187 1.0077
21.32 -2.40144 12.8636 -5.0864 1.02905
21.33 -2.41844 13.81 -5.08357 1.00753
21.34 -2.4741 12.8825 -5.08806 1.02955
21.35 -2.48082 13.8125 -5.08174 1.00925
21.36 -2.44991 12.8034 -5.08459 1.02694
21.37 -2.42503 13.832 -5.07604 1.00923
21.38 -2.42999 12.804 -5.08154 1.02691
21.39 -2.36253 13.7384 -5.07714 1.0087
21.4 -2.38197 12.8821 -5.08256 1.02863
21.41 -2.31418 13.7738 -5.07617 1.00744
21.42 -2.3648 12.8621 -5.08237 1.02818
21.43 -2.40613 13.7685 -5.07742 1.00537
21.44 -2.44896 12.9289 -5.08067 1.02449
21.45 -2.52482 13.8935 -5.07422 1.00343
21.46 -2.56634 13.038 -5.07698 1.02425
21.47 -2.56133 13.8886 -5.07263 1.00092
21.48 -2.50807 13.0232 -5.07734 1.02588
21.49 -2.57565 13.95 -5.07357 1.00394
21.5 -2.54592 12.948 -5.07881 1.02541
