0 -0.129473 -0.242554 -0.0300125 0.0164163
0.01 -0.268334 0.123771 -0.0174644 -0.00595568
0.02 0.0193846 -0.0325582 -0.0286737 0.0189289
0.03 0.155508 1.24151 -0.025229 0.0026226
0.04 0.301271 0.103074 -0.00919468 0.00999316
0.05 0.83386 0.0257324 0.0427758 -0.0028756
0.06 1.3076 -1.24089 0.0888196 0.0052147
0.07 1.21211 -0.534157 0.117405 -0.0139918
0.08 0.895579 -0.925725 0.109611 0.00782437
0.09 0.416481 -0.246768 0.112617 -0.00472485
0.1 0.0508936 -0.569326 0.096376 0.0138637
0.11 -0.341043 0.558603 0.0740156 0.00129959
0.12 -0.8044 0.199141 0.0454614 0.0199856
0.13 -0.896048 0.889659 0.0389901 0.0113546
0.14 -0.646164 0.116808 0.0373597 0.0248387
0.15 -0.280821 0.710494 0.0472378 0.0119745
0.16 0.0858595 -0.206476 0.0515823 0.027343
0.17 0.55851 0.27029 0.0744785 0.0112965
0.18 0.972945 -0.630623 0.0888878 0.0253408
0.19 1.09721 0.0300147 0.100158 0.00973923
0.2 1.15545 -0.572837 0.100842 0.0260344
0.21 1.08933 -0.0266481 0.108949 0.0100693
0.22 0.942189 -0.70938 0.107123 0.0243662
0.23 0.626832 0.220867 0.103976 0.00601325
0.24 0.228958 -0.186943 0.0886994 0.0191001
0.25 -0.0674079 0.600809 0.0817564 0.00359232
0.26 -0.193321 -0.117243 0.0737313 0.0182736
0.27 -0.281741 0.65117 0.0744643 0.00171354
0.28 -0.286123 0.00467207 0.0689665 0.0142439
0.29 -0.173625 0.534032 0.0710051 -0.00224378
0.3 0.122459 -0.217739 0.0673189 0.0120697
0.31 0.235134 0.50252 0.0678129 -0.00172682
0.32 0.506968 -0.156162 0.0625933 0.0126936
0.33 0.629602 0.492488 0.0689985 0.000520793
0.34 0.88711 -0.406833 0.0742343 0.015968
0.35 0.902714 0.160226 0.0876073 0.000787473
0.36 0.860301 -0.477888 0.0882046 0.0184168
0.37 0.646948 0.236103 0.0926125 0.00314199
0.38 0.436791 -0.347162 0.085131 0.0209354
0.39 0.188453 0.572041 0.0804959 0.00591258
0.4 -0.0841741 -0.0851405 0.0719938 0.0241205
0.41 -0.251817 0.937206 0.0654599 0.00453111
0.42 -0.310917 -0.0891662 0.0638556 0.0230688
0.43 -0.234849 0.703205 0.0632787 0.00809098
0.44 -0.118078 -0.0467564 0.059655 0.0246639
0.45 0.0947171 0.554498 0.0611193 0.00646593
0.46 0.44296 -0.832127 0.068436 0.0294079
0.47 0.577794 0.313646 0.0698902 0.00459844
0.48 0.719268 -0.457525 0.071742 0.0198325
0.49 0.821539 0.103724 0.0796356 0.000802096
0.5 0.827098 -0.666538 0.0798188 0.0169814
0.51 0.772991 0.0990788 0.085652 -0.00131207
0.52 0.541918 -0.544749 0.0808496 0.0143649
0.53 0.363863 0.211732 0.0820482 0.001672
0.54 0.178458 -0.543927 0.0787521 0.0167645
0.55 0.0972817 0.226651 0.0815995 0.00103353
0.56 0.0409241 -0.449645 0.0775699 0.0178064
0.57 0.0197589 0.321411 0.0818512 0.00202039
0.58 0.0624386 -0.466725 0.0754049 0.0181918
0.59 0.28528 0.195884 0.0791253 0.00301666
0.6 0.400381 -0.590778 0.0805827 0.0199473
0.61 0.657022 -0.00394069 0.0894465 0.00375973
0.62 0.842715 -0.868909 0.0938092 0.0180439
0.63 0.921889 -0.301913 0.0998464 0.00243097
0.64 1.04948 -0.887784 0.098195 0.0170034
0.65 0.949676 -0.118107 0.0990817 0.00129958
0.66 0.821746 -0.849668 0.095777 0.0188937
0.67 0.624013 -0.137962 0.0956572 0.00236946
0.68 0.513285 -0.761095 0.0888889 0.0183824
0.69 0.315023 0.0440141 0.0868535 0.00193206
0.7 0.131418 -0.539837 0.0757297 0.0192949
0.71 0.030393 0.156031 0.0703853 0.00354783
0.72 0.0239052 -0.49958 0.0620671 0.021161
0.73 0.0617376 0.309899 0.0617521 0.00540871
0.74 0.150422 -0.533769 0.0603404 0.0214938
0.75 0.417689 0.0707685 0.0665866 0.00449376
0.76 0.532432 -0.696251 0.0657066 0.0219123
0.77 0.690243 -0.0150547 0.0718822 0.00675811
0.78 0.769706 -0.713981 0.0708589 0.0208506
0.79 0.75165 -0.148987 0.0825215 0.00487145
0.8 0.793078 -0.898214 0.0852588 0.0223088
0.81 0.727824 -0.168136 0.0941104 0.0052387
0.82 0.689732 -0.905823 0.0921243 0.0194207
0.83 0.528793 -0.158465 0.096128 0.00200667
0.84 0.392181 -0.745091 0.0901 0.0176542
0.85 0.228281 0.00541621 0.0889183 0.00157948
0.86 0.198643 -0.768442 0.0819033 0.0157117
0.87 0.301296 0.0383522 0.0851809 -0.00137064
0.88 0.366501 -0.763113 0.0832583 0.0177138
0.89 0.528042 -0.0131522 0.0891049 -0.000318897
0.9 0.570688 -0.91196 0.0870152 0.0165767
0.91 0.722484 -0.104898 0.0907117 -0.00055741
0.92 0.873223 -0.930944 0.0869851 0.014647
0.93 0.817675 -0.23286 0.0920904 9.35088e-05
0.94 0.871984 -1.0027 0.0915951 0.016225
0.95 0.782825 -0.253214 0.0971007 -0.000371151
0.96 0.691793 -1.00299 0.0915686 0.0171981
0.97 0.516533 -0.122066 0.0879231 0.00124942
0.98 0.331218 -0.782557 0.0784658 0.0173049
0.99 0.286231 0.00948344 0.0782674 0.00283698
1 0.232311 -0.742585 0.0756439 0.0191104
1.01 0.308871 0.00902201 0.0802572 0.00240065
1.02 0.31511 -0.837309 0.0798207 0.0176931
1.03 0.439292 -0.141846 0.0849246 0.000469229
1.04 0.55711 -0.797446 0.0828329 0.0179764
1.05 0.659051 -0.159528 0.083737 -0.000120131
1.06 0.690175 -0.891697 0.0830173 0.0165245
1.07 0.803699 -0.269639 0.0885318 7.3075e-05
1.08 0.873629 -1.09515 0.0891325 0.0165973
1.09 0.854087 -0.328355 0.0966348 -0.00132539
1.1 0.75591 -0.951724 0.093068 0.0146747
1.11 0.628899 -0.143844 0.0946732 -0.00055474
1.12 0.577423 -0.897405 0.0876592 0.0148971
1.13 0.459426 -0.106291 0.0916324 0.000463048
1.14 0.393056 -0.819413 0.0861466 0.0176204
1.15 0.387118 -0.200356 0.0855841 4.19654e-05
1.16 0.417876 -0.985841 0.0814655 0.0179016
1.17 0.434807 -0.103566 0.084224 0.00177594
1.18 0.476909 -0.74259 0.0782619 0.0180962
1.19 0.541583 -0.0996572 0.0795929 0.00297765
1.2 0.644902 -0.904214 0.0793407 0.0203274
1.21 0.770117 -0.302138 0.0852546 0.00303483
1.22 0.776977 -1.07186 0.0855548 0.0196584
1.23 0.779964 -0.263421 0.0910182 0.00388446
1.24 0.765275 -0.99832 0.0864539 0.0193104
1.25 0.602713 -0.21395 0.0877029 0.00154591
1.26 0.535318 -0.832853 0.0804331 0.019221
1.27 0.4918 -0.249324 0.0842981 0.00287642
1.28 0.462295 -1.02153 0.0838837 0.0182519
1.29 0.441442 -0.30931 0.0871199 0.00073984
1.3 0.483467 -1.02046 0.0793171 0.0182682
1.31 0.454728 -0.21717 0.0807242 -8.0795e-06
1.32 0.498149 -0.877205 0.0740148 0.0150303
1.33 0.573041 -0.20009 0.081201 -0.00175666
1.34 0.700853 -1.02089 0.0811185 0.0168433
1.35 0.790694 -0.494053 0.0899693 -0.000510059
1.36 0.857962 -1.28351 0.0920007 0.0151846
1.37 0.897167 -0.53004 0.0991125 -0.000268264
1.38 0.870202 -1.20717 0.0979524 0.0164618
1.39 0.813792 -0.511101 0.101965 0.000644011
1.4 0.77478 -1.28075 0.100557 0.0177211
1.41 0.728447 -0.585732 0.10433 0.0010289
1.42 0.725302 -1.35365 0.104708 0.018922
1.43 0.678514 -0.547896 0.104224 0.00152351
1.44 0.673816 -1.20304 0.095923 0.0195661
1.45 0.618063 -0.489612 0.0962953 0.0029394
1.46 0.674313 -1.10951 0.090794 0.0196691
1.47 0.651587 -0.46914 0.0922051 0.00336582
1.48 0.769528 -1.23813 0.0911365 0.019913
1.49 0.809881 -0.43305 0.0940352 0.00202411
1.5 0.793639 -1.12515 0.0885954 0.020417
1.51 0.728772 -0.303864 0.084681 0.00179958
1.52 0.686579 -1.01302 0.0788739 0.0210501
1.53 0.634563 -0.231571 0.078887 0.00111686
1.54 0.558498 -0.926887 0.0774153 0.0182587
1.55 0.574543 -0.214312 0.0791601 0.000736874
1.56 0.536495 -0.66702 0.0738389 0.018129
1.57 0.696245 0.546349 0.076051 -0.00117153
1.58 1.0649 -0.0451635 0.0880299 0.0198658
1.59 1.93708 1.53538 0.161728 -0.0125863
1.6 2.11226 -0.505335 0.20736 0.0110775
1.61 3.44043 0.145753 0.305139 -0.0238404
1.62 4.0644 -1.19776 0.398051 -0.00477986
1.63 4.03395 -0.84759 0.46863 -0.0342269
1.64 3.59072 -1.68618 0.466691 -0.0215326
1.65 2.9783 -0.994111 0.419364 -0.0270593
1.66 1.83481 -1.44333 0.388607 -0.00205953
1.67 0.667087 -0.291722 0.344132 -0.0181642
1.68 -0.0305197 -0.822619 0.306505 -0.000223914
1.69 -0.715122 0.437699 0.274821 -0.0213056
1.7 -1.01479 -0.116556 0.260793 0.00216146
1.71 -0.807136 0.833029 0.267715 -0.00860029
1.72 -0.443918 -0.644431 0.301474 0.00653267
1.73 0.220336 -0.206321 0.343646 -0.0106137
1.74 0.645155 -1.10277 0.377634 -0.00377671
1.75 0.767134 -0.367224 0.397595 -0.018887
1.76 0.657575 -0.942555 0.387566 0.00303644
1.77 0.501304 0.308034 0.356764 -0.0149927
1.78 0.0499698 0.019562 0.311425 0.0113837
1.79 -0.37281 1.43124 0.271499 -0.00927682
1.8 -0.518096 0.908863 0.239136 0.0103305
1.81 -0.299091 1.70662 0.231972 -0.0123236
1.82 0.111641 0.892952 0.235645 -0.00112661
1.83 0.651763 1.50904 0.258905 -0.0222092
1.84 0.888968 0.381099 0.279231 -0.0179856
1.85 1.05956 0.952029 0.304913 -0.0408625
1.86 1.21218 -0.0464784 0.317185 -0.0379326
1.87 0.886224 0.803756 0.330124 -0.0597681
1.88 0.661464 0.445451 0.308054 -0.0291625
1.89 0.384097 1.06039 0.308254 -0.0680011
1.9 0.098242 0.669507 0.287621 -0.0586509
1.91 -0.213202 1.82959 0.27637 -0.0524788
1.92 -0.36499 0.949394 0.256413 -0.0458582
1.93 -0.187643 1.75795 0.256875 -0.0633711
1.94 -0.292256 0.83093 0.259718 -0.0404659
1.95 -0.207618 1.50657 0.263615 -0.0689901
1.96 -0.478991 0.761895 0.262447 -0.0378765
1.97 -0.425315 1.76308 0.263441 -0.05016
1.98 -0.66277 0.974969 0.223434 -0.023516
1.99 -0.85897 1.94688 0.226022 -0.0305902
2 -1.14079 1.42366 0.20497 -0.0105533
2.01 -1.30933 2.42514 0.180554 -0.0229196
2.02 -1.38787 1.42839 0.175482 0.00114187
2.03 -1.18758 2.32717 0.17448 -0.0172099
2.04 -1.27048 1.45791 0.180145 0.00652283
2.05 -1.07585 2.44733 0.184147 -0.00294213
2.06 -1.00194 1.61456 0.172164 0.00824373
2.07 -0.872316 2.31349 0.193613 -0.00695936
2.08 -0.813586 1.5892 0.183605 0.0139092
2.09 -0.794796 2.40478 0.187971 0.00239054
2.1 -0.877719 1.46206 0.197877 0.0267959
2.11 -0.815363 2.42356 0.202496 0.0139955
2.12 -0.768926 1.64683 0.185998 0.0260441
2.13 -0.972077 2.46199 0.206825 0.0157916
2.14 -0.988123 1.68516 0.191616 0.0290603
2.15 -1.10416 2.52938 0.216356 0.01415
2.16 -1.18409 1.66844 0.209494 0.0223956
2.17 -0.96484 2.78751 0.209154 -0.00756434
2.18 -1.26518 1.65892 0.168659 0.0171261
2.19 -1.31936 2.45164 0.192441 -0.0154896
2.2 -1.06016 1.62941 0.206969 -0.00842717
2.21 -1.21151 2.57925 0.188247 -0.0167541
2.22 -1.42856 1.78998 0.191154 -0.00929108
2.23 -1.18864 2.49234 0.19264 -0.0332663
2.24 -1.6557 1.75723 0.192225 -0.0250931
2.25 -1.5401 2.88265 0.164762 -0.0527278
2.26 -1.82382 2.055 0.168471 -0.0250644
2.27 -1.84836 3.1577 0.146073 -0.0651006
2.28 -1.79404 2.19221 0.14615 -0.0344733
2.29 -1.93092 2.93145 0.158272 -0.0436003
2.3 -1.59172 2.15818 0.147294 -0.0644932
2.31 -1.75091 3.08824 0.154109 -0.0635743
2.32 -1.87944 2.27067 0.141369 -0.0518965
2.33 -1.76368 3.15128 0.149227 -0.0702918
2.34 -1.94118 2.06809 0.133089 -0.0415005
2.35 -2.06557 3.31316 0.131515 -0.0630815
2.36 -2.13341 2.4053 0.110667 -0.0316952
2.37 -2.52331 4.32764 0.0900876 -0.0565866
2.38 -2.39112 2.88839 0.0901464 -0.0213391
2.39 -2.22606 3.67162 0.0977245 -0.031778
2.4 -2.19233 2.47657 0.100376 -0.00299338
2.41 -2.2419 3.35388 0.114153 -0.0320927
2.42 -1.89354 2.2727 0.112333 -0.00504584
2.43 -1.98547 3.13114 0.11242 -0.0131415
2.44 -2.20646 2.34366 0.10147 0.0154193
2.45 -2.29568 3.10927 0.0935412 -0.00319988
2.46 -2.50557 2.74633 0.0776287 0.021982
2.47 -2.42816 3.5694 0.0736998 0.0138538
2.48 -2.62302 2.58445 0.0672399 0.0350257
2.49 -2.38905 3.72123 0.0637013 0.0244747
2.5 -2.37599 2.80389 0.0618895 0.0526372
2.51 -2.5895 3.62223 0.0676727 0.0332726
2.52 -2.47864 2.27728 0.06821 0.0602314
2.53 -2.48847 3.51335 0.0619677 0.0343839
2.54 -2.56466 2.59707 0.0650002 0.0530254
2.55 -2.50411 3.62138 0.0708329 0.0335991
2.56 -2.44126 2.58348 0.0775312 0.0465138
2.57 -2.54951 3.7561 0.074669 0.0273543
2.58 -2.46404 2.75114 0.0761252 0.037373
2.59 -2.62735 3.69707 0.0763878 0.0172509
2.6 -2.62855 3.11586 0.0684939 0.0248207
2.61 -2.68438 3.86355 0.0820347 -0.00237173
2.62 -2.72861 3.08919 0.0695595 0.0122023
2.63 -2.83654 4.43104 0.0745954 -0.0160262
2.64 -2.72103 3.05 0.0789006 -0.0088562
2.65 -2.9247 3.26923 0.056605 -0.0202704
2.66 -2.55334 2.49401 0.0758196 -0.0287155
2.67 -2.56771 3.65656 0.0949121 -0.0554735
2.68 -3.1015 3.11758 0.040335 -0.00123924
2.69 -3.34906 4.11564 0.0313566 -0.054858
2.7 -3.36472 3.02901 0.0304462 -0.040435
2.71 -3.47485 4.69207 0.0124236 -0.0566058
2.72 -3.62738 3.57181 -0.00567211 -0.0278906
2.73 -3.47381 4.31691 0.0101204 -0.048934
2.74 -3.06827 2.97666 0.0199209 -0.0306556
2.75 -3.16176 3.99163 0.0384822 -0.0557917
2.76 -3.10303 3.37646 0.02227 -0.027218
2.77 -3.16186 4.3651 0.0273117 -0.0356293
2.78 -3.09203 3.26374 0.016936 -0.00840122
2.79 -3.11352 4.12991 0.0259182 -0.0123834
2.8 -3.26705 3.32262 0.011376 0.0144595
2.81 -3.4578 4.23552 0.0151871 -0.00438808
2.82 -3.3995 3.49533 0.00569311 0.0168955
2.83 -3.27453 4.17953 0.00989723 0.00385623
2.84 -3.40339 3.27237 -0.00381909 0.0373501
2.85 -3.3525 4.21847 -0.00731466 0.0145241
2.86 -3.49846 3.50246 -0.00782051 0.0406363
2.87 -3.48329 4.24446 -0.00856573 0.0290679
2.88 -3.7413 3.65755 -0.0223214 0.0552518
2.89 -3.89046 4.49778 -0.0126146 0.0483721
2.9 -3.84119 3.657 -0.0354083 0.0662948
2.91 -3.80492 4.59129 -0.0285819 0.0476278
2.92 -3.74382 3.89588 -0.0237415 0.0647026
2.93 -3.67278 4.27568 -0.0165813 0.0488557
2.94 -3.56169 3.49429 -0.0155985 0.059026
2.95 -3.64484 4.27825 0.00310673 0.0419374
2.96 -3.56081 3.60108 0.000351249 0.0581331
2.97 -3.64896 4.31371 -0.00549593 0.0214347
2.98 -3.81389 3.28346 -0.0190521 0.0392556
2.99 -3.89363 4.1306 -0.0215113 0.0151539
3 -4.00589 3.55291 -0.0250216 0.0252751
3.01 -4.00705 4.66582 -0.0268651 0.00432433
3.02 -4.17291 3.01629 -0.0331618 0.018303
3.03 -4.04688 4.65821 -0.0359991 -0.0203339
3.04 -4.02583 4.03169 -0.0397898 0.00355587
3.05 -3.97188 5.01138 -0.0346863 -0.0426908
3.06 -3.9269 3.77851 -0.0344061 -0.00509684
3.07 -3.8317 4.21524 -0.0244988 -0.0192648
3.08 -3.62972 3.69974 -0.0213216 -0.0394474
3.09 -4.0232 4.74886 -0.0274334 -0.0445432
3.1 -4.33558 4.05894 -0.0570067 -0.0237615
3.11 -4.30836 4.51512 -0.0614726 -0.0394214
3.12 -4.30661 4.09682 -0.0747466 -0.0144962
3.13 -4.52617 5.06453 -0.0705774 -0.0446114
3.14 -4.40175 3.82356 -0.0793072 -0.0128299
3.15 -4.42152 4.52356 -0.0752898 -0.0266771
3.16 -4.23751 3.78084 -0.0775667 -0.00678478
3.17 -4.26593 4.95304 -0.0795027 -0.00702036
3.18 -4.32147 4.10723 -0.0901481 0.0188507
3.19 -4.33474 4.90813 -0.0774936 -0.00110493
3.2 -4.08245 4.30383 -0.0797539 0.0226717
3.21 -4.12796 4.98869 -0.0812485 0.0106099
3.22 -4.3078 3.98173 -0.0871986 0.0406109
3.23 -4.3025 5.07905 -0.0903312 0.030225
3.24 -4.25083 4.01926 -0.103189 0.0500273
3.25 -4.38584 5.20563 -0.0939456 0.0379565
3.26 -4.43173 4.33447 -0.107042 0.0701772
3.27 -4.56029 5.48516 -0.107378 0.0496911
3.28 -4.35588 4.13967 -0.0936992 0.0761013
3.29 -4.29152 4.77606 -0.0727165 0.0487126
3.3 -4.16356 3.66554 -0.0670673 0.072084
3.31 -4.17214 4.49519 -0.0474012 0.0490138
3.32 -4.32588 3.74749 -0.0590852 0.0687212
3.33 -4.63919 5.22784 -0.0739449 0.0349894
3.34 -4.72025 4.39451 -0.0877816 0.0584119
3.35 -4.8482 5.2247 -0.11572 0.0239335
3.36 -4.82238 4.47918 -0.105497 0.0446739
3.37 -4.8294 5.50086 -0.0943937 0.0143791
3.38 -4.70843 4.42139 -0.0885625 0.0242963
3.39 -4.62193 5.2545 -0.0883224 0.00172761
3.4 -4.7721 4.40569 -0.0925355 0.00706398
3.41 -4.84714 5.35092 -0.0867589 -0.0144229
3.42 -4.96378 4.96541 -0.10555 -0.000614796
3.43 -4.99578 5.69937 -0.108381 -0.0385096
3.44 -4.96333 4.39186 -0.100624 -0.0227698
3.45 -4.9103 5.75415 -0.10112 -0.037113
3.46 -4.79077 3.74327 -0.104621 -0.0327383
3.47 -4.82481 5.65241 -0.108348 -0.0575778
3.48 -5.28024 4.93576 -0.131401 -0.0191345
3.49 -5.50038 5.56372 -0.132994 -0.0407566
3.5 -5.06154 4.13914 -0.132485 -0.0195556
3.51 -5.14007 5.51978 -0.138131 -0.0376189
3.52 -5.39283 4.72623 -0.156655 -0.0143753
3.53 -5.25227 5.80565 -0.163741 -0.0262217
3.54 -5.13799 4.63999 -0.166881 0.00760318
3.55 -4.94808 5.4582 -0.157129 -0.0145992
3.56 -4.82183 4.72852 -0.151964 0.0229957
3.57 -4.65658 5.28341 -0.155792 0.0102349
3.58 -4.78775 4.24963 -0.15815 0.0251223
3.59 -4.61885 5.48205 -0.156948 0.0151394
3.6 -4.98678 4.73326 -0.170458 0.055547
3.61 -5.25506 5.74182 -0.184246 0.0280801
3.62 -5.24468 4.76436 -0.195886 0.0626794
3.63 -5.2702 5.70356 -0.195474 0.0477986
3.64 -5.45084 4.95245 -0.201583 0.0646788
3.65 -5.21837 5.58118 -0.188919 0.0514573
3.66 -5.11153 4.5232 -0.186905 0.0835992
3.67 -5.02696 5.51686 -0.17773 0.0573575
3.68 -4.98559 4.39447 -0.168414 0.0745055
3.69 -4.97076 5.66774 -0.164116 0.05945
3.7 -5.2215 4.72607 -0.156432 0.0760682
3.71 -5.00283 5.44227 -0.158742 0.0495384
3.72 -5.04627 4.5248 -0.153977 0.0681447
3.73 -5.1647 5.66492 -0.156022 0.0309349
3.74 -5.24109 4.81221 -0.152351 0.0550471
3.75 -5.39369 5.66753 -0.160696 0.0146655
3.76 -5.27019 4.85395 -0.158452 0.026588
3.77 -5.45508 5.57498 -0.150934 0.00613773
3.78 -5.3895 5.00605 -0.150067 0.00020753
3.79 -5.29703 5.97741 -0.139993 -0.0180005
3.8 -5.28408 4.65543 -0.133546 -0.00778788
3.81 -5.39572 5.66086 -0.121744 -0.0485049
3.82 -5.24891 4.31673 -0.128402 -0.0226592
3.83 -5.47569 5.67208 -0.123762 -0.0529614
3.84 -5.57445 5.17066 -0.14555 -0.0309693
3.85 -5.37751 6.20281 -0.150699 -0.0700784
3.86 -5.51962 5.40087 -0.15081 -0.0302411
3.87 -5.53357 6.25748 -0.166374 -0.0505771
3.88 -5.57696 5.26135 -0.172727 -0.0264926
3.89 -5.23453 5.94167 -0.161351 -0.04269
3.9 -5.332 5.16862 -0.161316 -0.0279925
3.91 -5.43738 6.08052 -0.160708 -0.0385188
3.92 -5.54581 5.20402 -0.166598 0.00164265
3.93 -5.42736 6.41576 -0.171698 -0.0180397
3.94 -5.56383 5.17199 -0.166709 0.014648
3.95 -5.37674 5.84845 -0.164977 -0.00298995
3.96 -5.42631 5.24267 -0.172348 0.0214522
3.97 -5.60971 6.04922 -0.171175 0.0154718
3.98 -5.61971 5.41631 -0.177648 0.04569
3.99 -5.69663 6.39987 -0.181984 0.0230838
4 -5.84725 5.54451 -0.197486 0.0650489
4.01 -5.98049 6.56831 -0.204015 0.0562245
4.02 -5.82785 5.15205 -0.206982 0.0734415
4.03 -5.82419 6.11178 -0.201138 0.0590651
4.04 -5.93525 5.31721 -0.215407 0.0934363
4.05 -5.85815 6.30441 -0.218182 0.0634551
4.06 -5.73398 5.27122 -0.221688 0.087765
4.07 -5.67018 6.44509 -0.218964 0.0688802
4.08 -5.66963 5.27675 -0.214411 0.0922246
4.09 -5.68868 6.2052 -0.212517 0.0614374
4.1 -5.65024 4.90075 -0.21062 0.0709135
4.11 -5.61732 6.34271 -0.218545 0.0355086
4.12 -5.85302 5.6611 -0.223938 0.062029
4.13 -5.84833 6.14204 -0.223714 0.0198799
4.14 -5.94542 5.6198 -0.21831 0.0409711
4.15 -5.80333 6.49022 -0.209158 0.00860478
4.16 -5.89326 5.50957 -0.215689 0.0125686
4.17 -5.90846 6.44807 -0.201598 -0.023244
4.18 -5.62438 5.85003 -0.192362 -0.0158914
4.19 -5.71424 6.32068 -0.18364 -0.032337
4.2 -5.79675 5.25629 -0.179472 -0.0347487
4.21 -5.70922 6.5289 -0.180724 -0.0518136
4.22 -5.70543 5.85127 -0.18009 -0.0359658
4.23 -5.56481 6.42208 -0.182401 -0.0616489
4.24 -5.90991 5.86193 -0.190754 -0.0302823
4.25 -5.89667 6.35733 -0.198075 -0.0555477
4.26 -6.00234 5.53304 -0.195081 -0.0283878
4.27 -5.95165 6.78015 -0.206115 -0.0390741
4.28 -5.97766 5.61149 -0.208298 -0.0172759
4.29 -5.99247 6.53815 -0.208234 -0.029988
4.3 -5.86023 5.43771 -0.201796 -0.00160439
4.31 -5.80792 6.53212 -0.207952 -0.0141713
4.32 -5.71209 5.63548 -0.208118 0.0136476
4.33 -5.7246 6.61681 -0.205806 0.000567989
4.34 -5.69319 5.55873 -0.216151 0.0312884
4.35 -5.9535 6.31588 -0.217424 0.0299683
4.36 -6.15823 5.48696 -0.22302 0.0450828
4.37 -6.111 6.77111 -0.241516 0.0335819
4.38 -6.27586 5.84671 -0.240437 0.0686633
4.39 -6.18256 6.68578 -0.245549 0.0486819
4.4 -6.23896 5.81715 -0.249189 0.0724013
4.41 -5.94584 6.58194 -0.235705 0.0621562
4.42 -5.94487 5.50619 -0.234113 0.0851667
4.43 -5.87991 6.24246 -0.226885 0.0600466
4.44 -6.07375 5.65421 -0.226564 0.0862304
4.45 -6.0837 6.77679 -0.231782 0.0594216
4.46 -6.23051 5.8653 -0.235568 0.0811039
4.47 -6.40608 6.73116 -0.234075 0.0578927
4.48 -6.20306 5.64366 -0.241963 0.0619667
4.49 -6.3562 6.98216 -0.235269 0.042989
4.5 -6.29861 5.63756 -0.237961 0.0615378
4.51 -6.1921 6.57425 -0.22684 0.0238915
4.52 -6.20072 5.24982 -0.225227 0.0434286
4.53 -6.27922 6.84554 -0.225117 0.0115315
4.54 -6.27195 5.64146 -0.23576 0.024098
4.55 -6.2294 6.67127 -0.229092 -0.00207918
4.56 -6.26214 5.87219 -0.237579 0.00915197
4.57 -6.351 6.55346 -0.220708 -0.0360654
4.58 -5.94798 5.94443 -0.232512 -0.00525101
4.59 -6.03682 6.76574 -0.22971 -0.0339719
4.6 -6.26664 5.91606 -0.23766 -0.0200664
4.61 -6.08023 6.75183 -0.249331 -0.043039
4.62 -6.35667 5.89842 -0.257222 -0.020391
4.63 -6.37338 6.91085 -0.262946 -0.0375762
4.64 -6.28357 6.55051 -0.281257 -0.0117219
4.65 -6.4167 7.1764 -0.285207 -0.0359793
4.66 -6.38125 6.19147 -0.282406 -0.00603661
4.67 -6.00839 6.51297 -0.263064 -0.0150249
4.68 -5.79999 5.32481 -0.259177 0.00567868
4.69 -6.0162 6.23941 -0.261079 -0.0123725
4.7 -6.14929 5.73289 -0.272515 0.026529
4.71 -6.24809 7.07336 -0.28178 0.0071634
4.72 -6.23016 5.8263 -0.287169 0.036448
4.73 -6.62191 7.6996 -0.302564 0.0248647
4.74 -6.4809 6.29109 -0.31041 0.0569085
4.75 -6.50628 6.9459 -0.308125 0.048586
4.76 -6.46247 6.01759 -0.307622 0.0700317
4.77 -6.4903 7.13161 -0.317008 0.0587301
4.78 -6.62174 6.27976 -0.328439 0.0813607
4.79 -6.65792 7.01035 -0.326471 0.0634577
4.8 -6.58396 6.23054 -0.326927 0.0955315
4.81 -6.53829 6.92127 -0.312413 0.0665161
4.82 -6.28954 5.58864 -0.301317 0.0795713
4.83 -6.21365 6.3247 -0.284863 0.0660792
4.84 -6.13156 5.8403 -0.302477 0.0757816
4.85 -6.24357 6.95096 -0.306035 0.0423468
4.86 -6.51334 6.24798 -0.328086 0.0668563
4.87 -6.63889 7.17581 -0.316677 0.0368539
4.88 -6.83166 6.15696 -0.318712 0.0404682
4.89 -6.74143 7.12842 -0.312548 0.0230171
4.9 -6.7758 5.81988 -0.304605 0.0307699
4.91 -6.85831 7.01825 -0.304826 -0.00514565
4.92 -6.85849 5.69034 -0.301442 0.0216056
4.93 -6.79788 7.22784 -0.310379 -0.0237962
4.94 -6.82161 6.18726 -0.300553 -0.00357789
4.95 -6.42325 7.44189 -0.301798 -0.00970527
4.96 -6.3514 6.47134 -0.29972 -0.0118112
4.97 -6.39611 7.20091 -0.289858 -0.0421486
4.98 -6.43141 5.1311 -0.296638 0.00650072
4.99 -6.46319 6.99199 -0.304279 -0.0339434
5 -6.72985 6.24758 -0.326234 -0.0136285
5.01 -7.12165 7.49248 -0.341695 -0.0239657
5.02 -7.23082 6.72486 -0.363495 0.00343145
5.03 -7.12788 7.5537 -0.359488 -0.0128036
5.04 -7.20436 6.76379 -0.380559 0.0119513
5.05 -7.05952 7.73368 -0.377729 0.0125849
5.06 -6.80926 6.4966 -0.381276 0.0369911
5.07 -6.74214 7.28598 -0.37364 0.0199357
5.08 -6.613 6.36397 -0.380161 0.0536243
5.09 -6.4739 7.08326 -0.378097 0.0393262
5.1 -6.76171 6.13963 -0.387046 0.0636429
5.11 -6.61654 7.00099 -0.387509 0.0553973
5.12 -6.78721 6.46115 -0.407909 0.0867647
5.13 -7.05638 7.23543 -0.419547 0.0623748
5.14 -7.20939 6.41817 -0.440267 0.0938839
5.15 -7.31619 7.49662 -0.444552 0.0847249
5.16 -7.0515 6.49756 -0.454258 0.0963123
5.17 -7.15662 7.4162 -0.45108 0.0592716
5.18 -7.0225 6.54412 -0.464606 0.10136
5.19 -7.01483 7.21936 -0.458445 0.0643776
5.2 -6.94612 6.40719 -0.454354 0.0780429
5.21 -6.83274 7.51081 -0.455485 0.0611301
5.22 -7.04291 6.48904 -0.465275 0.073965
5.23 -6.97416 7.16131 -0.457115 0.0445447
5.24 -6.89909 6.18843 -0.459146 0.0622193
5.25 -6.93356 7.39455 -0.44825 0.041293
5.26 -6.75766 6.44482 -0.456768 0.05048
5.27 -6.94865 7.45126 -0.446634 0.0332792
5.28 -6.96535 6.32248 -0.447982 0.0374341
5.29 -7.00107 7.56221 -0.443838 0.00364308
5.3 -7.03682 6.50931 -0.441531 0.00514561
5.31 -7.19756 7.73186 -0.444599 0.0129173
5.32 -7.22963 6.8011 -0.466341 0.04694
5.33 -6.97967 7.54204 -0.454312 -0.0307073
5.34 -6.77447 6.47422 -0.427402 0.00402583
5.35 -6.93781 7.11985 -0.44416 -0.00679425
5.36 -7.10067 6.41187 -0.453541 0.0021413
5.37 -6.92294 7.5207 -0.453787 -0.00340623
5.38 -7.2403 6.56648 -0.469146 0.0154373
5.39 -7.3696 7.58533 -0.48395 -0.0086417
5.4 -7.66484 6.88715 -0.492061 0.0276418
5.41 -7.40682 7.91957 -0.511722 0.0203444
5.42 -7.49542 6.97781 -0.519753 0.0440932
5.43 -7.32585 7.79851 -0.512484 0.0444922
5.44 -7.20778 7.19072 -0.525374 0.0675429
5.45 -7.13307 7.97617 -0.52333 0.0475414
5.46 -6.96814 6.3315 -0.510573 0.0834381
5.47 -6.89973 7.31535 -0.501934 0.0618404
5.48 -6.7349 6.32054 -0.461042 0.0783546
5.49 -7.09972 7.52934 -0.480871 0.0696198
5.5 -7.30127 6.72407 -0.501862 0.0861404
5.51 -7.64103 7.92904 -0.523952 0.0740486
5.52 -7.69282 7.02809 -0.532649 0.11116
5.53 -7.7753 8.17519 -0.551816 0.0978917
5.54 -7.55218 7.22756 -0.555895 0.11761
5.55 -7.55999 7.96254 -0.540195 0.0924909
5.56 -7.15985 6.75164 -0.5298 0.110852
5.57 -7.00822 7.88208 -0.495084 0.0790299
5.58 -7.01672 6.96605 -0.509528 0.0867577
5.59 -7.13583 7.65134 -0.508037 0.0659317
5.6 -7.28257 6.74719 -0.532098 0.0813599
5.61 -7.30825 7.67735 -0.525723 0.0522559
5.62 -7.34766 6.83172 -0.52674 0.0684265
5.63 -7.08064 7.85645 -0.50693 0.0383082
5.64 -7.18004 7.06922 -0.507637 0.0574645
5.65 -7.11266 7.82608 -0.5003 0.0243142
5.66 -7.14087 7.03957 -0.494458 0.0321923
5.67 -6.94539 8.18226 -0.484912 -0.00680549
5.68 -7.27431 6.98392 -0.488219 0.0198164
5.69 -7.44477 7.71708 -0.498907 0.0298755
5.7 -7.277 6.71053 -0.503393 -0.00496173
5.71 -7.15107 8.11979 -0.496679 -0.0201009
5.72 -7.46719 7.3332 -0.506681 0.0097546
5.73 -7.53338 8.16377 -0.520719 -0.014703
5.74 -7.34282 7.08622 -0.51766 0.0153382
5.75 -7.25734 7.9512 -0.515183 -0.0113086
5.76 -7.44144 6.93184 -0.527523 0.0100512
5.77 -7.43202 7.98361 -0.541198 0.00419603
5.78 -7.62879 7.38186 -0.554793 0.0417345
5.79 -7.53467 8.31608 -0.552888 0.0222333
5.8 -7.53862 7.4319 -0.562837 0.0569238
5.81 -7.48568 8.28767 -0.576618 0.0458172
5.82 -7.38899 7.51612 -0.592642 0.0699925
5.83 -7.36675 7.9148 -0.576083 0.064279
5.84 -7.31586 6.91661 -0.583457 0.0874841
5.85 -7.30618 7.80076 -0.577794 0.072962
5.86 -7.34806 7.27011 -0.553373 0.089264
5.87 -7.35134 8.13021 -0.556035 0.0702914
5.88 -7.6656 7.09063 -0.566076 0.103355
5.89 -7.50567 8.18385 -0.577498 0.0902014
5.9 -7.55582 7.1482 -0.57761 0.113805
5.91 -7.44904 8.43114 -0.581236 0.0926064
5.92 -7.61515 7.28311 -0.578173 0.116956
5.93 -7.51334 8.32416 -0.574591 0.096633
5.94 -7.34451 7.18614 -0.566052 0.115248
5.95 -7.4543 8.27869 -0.555164 0.0829763
5.96 -7.34266 7.1118 -0.560298 0.106358
5.97 -7.44771 8.18817 -0.568305 0.0748989
5.98 -7.41629 7.32084 -0.562199 0.0796339
5.99 -7.45106 8.1371 -0.559012 0.0588173
6 -7.44233 7.35406 -0.551291 0.0799469
6.01 -7.3198 8.09876 -0.548245 0.0388777
6.02 -7.21297 7.24452 -0.539898 0.0603455
6.03 -7.24223 8.18792 -0.534019 0.0278467
6.04 -7.48078 7.05863 -0.544626 0.0427077
6.05 -7.39628 8.3669 -0.535861 0.0155316
6.06 -7.52455 7.76093 -0.553241 0.0184443
6.07 -7.69267 8.38963 -0.548591 0.00473209
6.08 -7.71043 7.45249 -0.577229 0.0559186
6.09 -7.47422 8.00778 -0.55771 -0.019062
6.1 -7.32027 7.18315 -0.548989 0.00512338
6.11 -7.60884 8.40823 -0.568178 -0.00496411
6.12 -7.74444 7.39615 -0.598657 0.00999417
6.13 -7.64636 8.35082 -0.582776 0.00307114
6.14 -7.58191 7.75248 -0.589808 0.0210895
6.15 -7.64126 8.61929 -0.61043 -0.00571957
6.16 -7.74212 7.47781 -0.622897 0.0300764
6.17 -7.66548 8.60768 -0.624725 0.0271258
6.18 -7.55898 7.60389 -0.597163 0.0479184
6.19 -7.7101 8.46582 -0.611602 0.0311544
6.2 -7.70984 7.49744 -0.621523 0.0606568
6.21 -7.63754 8.6317 -0.61472 0.0391967
6.22 -7.64666 7.83813 -0.617983 0.0734681
6.23 -7.60909 8.59093 -0.608886 0.0470559
6.24 -7.57326 7.67803 -0.616816 0.0761899
6.25 -7.49952 8.42103 -0.616704 0.0762287
6.26 -7.54194 7.53599 -0.604646 0.0810183
6.27 -7.59302 8.41411 -0.614826 0.061699
6.28 -7.37598 7.68923 -0.615483 0.0912495
6.29 -7.41256 8.51091 -0.603706 0.0737397
6.3 -7.53181 7.34463 -0.613032 0.0985028
6.31 -7.4985 8.5052 -0.621262 0.0713602
6.32 -7.64685 7.74948 -0.625541 0.0957415
6.33 -7.74023 8.75371 -0.617808 0.0767688
6.34 -7.72603 7.49528 -0.625562 0.101392
6.35 -7.483 8.69547 -0.620141 0.0752314
6.36 -7.66448 7.59581 -0.615833 0.0962521
6.37 -7.45298 8.61973 -0.610026 0.0657422
6.38 -7.59215 7.59767 -0.622835 0.0881842
6.39 -7.64026 8.77479 -0.628714 0.0606042
6.4 -7.73448 7.71945 -0.624942 0.0749454
6.41 -7.60245 8.59974 -0.607418 0.0477148
6.42 -7.50247 7.72551 -0.610646 0.0579004
6.43 -7.44822 8.72556 -0.605597 0.0241479
6.44 -7.58395 7.91583 -0.609226 0.0505384
6.45 -7.56506 8.9704 -0.609286 0.0173049
6.46 -7.50661 7.91895 -0.618366 0.0320052
6.47 -7.6369 8.86028 -0.598189 -0.00394868
6.48 -7.631 8.18584 -0.613052 0.0341884
6.49 -7.67252 8.93636 -0.616277 0.0207284
6.5 -7.71384 8.01662 -0.621745 0.00422589
6.51 -7.59557 8.94695 -0.601716 -0.00727815
6.52 -7.78731 8.11244 -0.628944 0.015348
6.53 -7.67453 8.98174 -0.630083 -0.0087639
6.54 -7.58619 7.85885 -0.617341 0.0183275
6.55 -7.44631 8.72486 -0.618899 -0.00878257
6.56 -7.58128 7.90555 -0.63125 0.0202875
6.57 -7.70375 9.00478 -0.641183 0.0107485
6.58 -7.71334 8.31378 -0.657406 0.0392907
6.59 -7.87201 8.91491 -0.668076 0.032287
6.6 -7.94456 8.27683 -0.684337 0.0592836
6.61 -8.0762 9.20613 -0.690695 0.0487746
6.62 -8.24056 8.22385 -0.693135 0.0720268
6.63 -8.02009 9.33348 -0.665468 0.0474568
6.64 -8.0411 8.15583 -0.676385 0.0852131
6.65 -7.8762 9.14379 -0.670357 0.0651878
6.66 -7.66882 8.0842 -0.674244 0.0948793
6.67 -7.62775 8.75254 -0.6501 0.063769
6.68 -7.5813 8.11117 -0.656369 0.0886032
6.69 -7.56909 9.06622 -0.656658 0.072046
6.7 -7.72443 7.91893 -0.666624 0.0960669
6.71 -7.65662 8.9714 -0.666756 0.0708332
6.72 -7.77027 8.59674 -0.672376 0.100988
6.73 -7.93065 9.2872 -0.683883 0.0823003
6.74 -7.83927 8.28847 -0.673689 0.106145
6.75 -7.71338 9.0764 -0.670874 0.0793008
6.76 -7.59682 8.21473 -0.666972 0.0961395
6.77 -7.47175 9.25433 -0.650316 0.0753534
6.78 -7.45274 7.76445 -0.65563 0.0947439
6.79 -7.38447 8.92873 -0.635879 0.060988
6.8 -7.62815 8.05317 -0.654768 0.0723253
6.81 -7.78661 9.14304 -0.668203 0.0482012
6.82 -7.75689 8.09389 -0.662708 0.0645389
6.83 -7.73906 9.17567 -0.66435 0.0359548
6.84 -7.64983 8.1589 -0.671859 0.0591119
6.85 -7.64875 9.27473 -0.662925 0.0288564
6.86 -7.59788 8.49517 -0.660788 0.040406
6.87 -7.58452 9.18312 -0.643092 0.00938564
6.88 -7.58832 8.19079 -0.645062 0.024283
6.89 -7.57629 9.15585 -0.654834 0.0244788
6.9 -7.6942 8.35997 -0.669533 0.028162
6.91 -7.68531 9.17104 -0.666663 -0.00888142
6.92 -7.78428 8.24725 -0.662834 0.0257566
6.93 -7.833 9.68394 -0.679119 -0.00278556
6.94 -7.77719 8.45712 -0.684206 0.0273386
6.95 -7.50029 9.39106 -0.672556 0.00722135
6.96 -7.53528 8.27038 -0.66966 0.0240757
6.97 -7.5183 9.08319 -0.659855 0.00997643
6.98 -7.55667 8.4955 -0.675528 0.0440821
6.99 -7.81077 9.45867 -0.678858 0.0324263
7 -7.80065 8.69389 -0.693771 0.060897
7.01 -7.94095 9.51556 -0.704674 0.0528097
7.02 -8.02103 8.65543 -0.706032 0.0710858
7.03 -8.10536 9.68268 -0.710199 0.0526999
7.04 -7.92096 8.69364 -0.707697 0.0807378
7.05 -7.97056 9.67576 -0.705269 0.0693255
7.06 -7.845 8.60347 -0.698287 0.093116
7.07 -7.7558 9.47154 -0.69526 0.0684915
7.08 -7.70939 8.34178 -0.69017 0.0911017
7.09 -7.50868 9.39443 -0.68756 0.0758179
7.1 -7.71148 8.28743 -0.701647 0.102772
7.11 -7.78331 9.63394 -0.687454 0.0773891
7.12 -7.66802 8.61232 -0.709638 0.0971939
7.13 -7.81212 9.5415 -0.706883 0.0766236
7.14 -7.66857 8.74947 -0.700051 0.101506
7.15 -7.84135 9.59888 -0.710549 0.0791303
7.16 -7.80695 8.50056 -0.706078 0.0996736
7.17 -7.78341 9.63895 -0.696311 0.0703158
7.18 -7.77487 8.7944 -0.713134 0.0966068
7.19 -7.82496 9.69737 -0.708344 0.0720597
7.2 -7.75049 8.82975 -0.711462 0.0860313
7.21 -7.75152 9.75376 -0.713964 0.0623873
7.22 -7.7365 8.77181 -0.715993 0.0742436
7.23 -7.84199 9.61346 -0.715782 0.0577035
7.24 -7.78998 8.73157 -0.714117 0.0745722
7.25 -7.71028 9.81459 -0.702936 0.0459518
7.26 -7.84568 8.85539 -0.711571 0.0717665
7.27 -7.76569 9.82059 -0.714948 0.0401103
7.28 -7.9308 8.90516 -0.713695 0.0593174
7.29 -7.71325 9.77264 -0.713119 0.0342292
7.3 -7.81072 9.02036 -0.718765 0.050927
7.31 -7.90186 10.1605 -0.710948 0.0237707
7.32 -7.92947 9.19355 -0.717422 0.0320325
7.33 -7.6773 9.84251 -0.717796 0.0301427
7.34 -7.8398 8.73199 -0.718607 0.0464483
7.35 -7.69294 9.52489 -0.699706 -0.000455672
7.36 -7.56464 8.67313 -0.708492 0.0308221
7.37 -7.84334 9.70331 -0.726307 0.0154885
7.38 -7.85358 9.071 -0.730652 0.035621
7.39 -7.74814 10.1005 -0.71733 0.0178714
7.4 -7.89173 9.05239 -0.744726 0.0340732
7.41 -7.91029 9.89964 -0.734174 0.0187527
7.42 -7.86199 9.11707 -0.732528 0.0484121
7.43 -7.71899 9.99928 -0.739364 0.030474
7.44 -7.64435 9.08649 -0.724795 0.0607405
7.45 -7.7377 9.82085 -0.735421 0.0450284
7.46 -7.66835 8.95077 -0.738107 0.0665822
7.47 -7.73909 10.0265 -0.743599 0.0544908
7.48 -7.86749 9.05277 -0.746357 0.0823888
7.49 -7.76484 10.0701 -0.755274 0.0679871
7.5 -7.79128 9.06745 -0.750488 0.0902058
7.51 -7.8933 10.2765 -0.757755 0.0699605
7.52 -7.71449 9.19689 -0.740054 0.0890792
7.53 -7.57292 9.89687 -0.735545 0.074739
7.54 -7.31517 9.6962 -0.722678 0.0764167
7.55 -7.31521 9.69615 -0.722679 0.076417
7.56 -7.46189 8.83154 -0.716333 0.0934986
7.57 -7.46896 10.1473 -0.723173 0.069789
7.58 -7.72817 9.24552 -0.757547 0.095886
7.59 -7.9065 10.2086 -0.755204 0.074945
7.6 -7.85689 9.23529 -0.756824 0.0913748
7.61 -7.90783 10.0881 -0.756207 0.0697936
7.62 -7.75066 9.09923 -0.741759 0.088929
7.63 -7.45367 9.981 -0.733707 0.0503223
7.64 -7.41172 8.90962 -0.737644 0.0746663
7.65 -7.42193 9.93056 -0.721407 0.0648304
7.66 -7.51435 9.06272 -0.743329 0.0790086
7.67 -7.53138 9.97749 -0.735604 0.0502854
7.68 -7.53291 9.18504 -0.746776 0.0749257
7.69 -7.77193 10.2258 -0.760811 0.0553805
7.7 -7.8025 9.37923 -0.759563 0.070717
7.71 -7.8894 10.1973 -0.7578 0.0508112
7.72 -7.90071 9.14909 -0.765032 0.0680747
7.73 -7.68211 10.3109 -0.760126 0.0403158
7.74 -7.66727 9.15398 -0.746917 0.0590421
7.75 -7.42576 10.0882 -0.748855 0.039908
7.76 -7.5614 9.14385 -0.747898 0.0535341
7.77 -7.74686 10.2391 -0.744626 0.0226579
7.78 -7.76923 9.61666 -0.754767 0.0366694
7.79 -7.72183 10.5791 -0.757806 0.0343656
7.8 -7.82201 9.03601 -0.76343 0.0465827
7.81 -7.63655 10.1409 -0.742615 0.00784286
7.82 -7.71981 9.39625 -0.746707 0.0384972
7.83 -7.86443 10.2842 -0.762388 0.0157774
7.84 -7.76195 9.49418 -0.769091 0.0399315
7.85 -7.74951 11.0823 -0.773833 0.0130901
7.86 -7.79085 9.44317 -0.777309 0.0420865
7.87 -7.68831 10.2678 -0.758944 0.0241173
7.88 -7.60813 9.15213 -0.771072 0.0534775
7.89 -7.56851 10.4085 -0.754167 0.0388304
7.9 -7.57763 9.6627 -0.77467 0.0677859
7.91 -7.69809 10.4248 -0.766357 0.0473196
7.92 -7.79029 9.73986 -0.786748 0.0798014
7.93 -7.93269 10.7591 -0.784957 0.0575881
7.94 -8.01294 9.83531 -0.801316 0.091845
7.95 -8.03333 10.6793 -0.794672 0.0659602
7.96 -7.90898 9.57855 -0.802416 0.0939891
7.97 -8.00423 10.588 -0.79314 0.066281
7.98 -7.82128 9.67774 -0.805251 0.0961383
7.99 -7.80005 10.3831 -0.790671 0.0755536
8 -7.72214 9.54307 -0.785206 0.0941831
8.01 -7.38201 10.3772 -0.77234 0.07016
8.02 -7.24459 9.30064 -0.766549 0.0914181
8.03 -7.26877 10.1099 -0.764203 0.0559504
8.04 -7.30052 9.35557 -0.769221 0.081025
8.05 -7.46414 10.4863 -0.778112 0.0598318
8.06 -7.67866 9.77354 -0.788018 0.0776013
8.07 -7.80114 10.6497 -0.791661 0.0589993
8.08 -7.6088 9.6905 -0.795555 0.0832775
8.09 -7.82702 10.5478 -0.793546 0.0539349
8.1 -7.71 9.81727 -0.798499 0.0814634
8.11 -7.72601 10.6541 -0.797987 0.0610994
8.12 -7.49889 9.59808 -0.782715 0.0826805
8.13 -7.41888 10.2832 -0.784804 0.0600189
8.14 -7.36942 9.34278 -0.778018 0.0848824
8.15 -7.5018 10.6385 -0.787392 0.0616817
8.16 -7.49026 9.64987 -0.78069 0.0814417
8.17 -7.51265 10.5284 -0.790972 0.0531679
8.18 -7.66089 9.70927 -0.791101 0.0744885
8.19 -7.54916 10.8141 -0.801938 0.0471555
8.2 -7.63403 9.98278 -0.796004 0.0616862
8.21 -7.4092 10.6455 -0.795998 0.0359688
8.22 -7.46311 9.68911 -0.777913 0.0532822
8.23 -7.33401 10.554 -0.77524 0.0269648
8.24 -7.32038 9.47036 -0.778334 0.0442253
8.25 -7.34853 10.6649 -0.771162 0.0149769
8.26 -7.36923 9.8984 -0.785061 0.0547266
8.27 -7.5835 10.9697 -0.789387 0.0212455
8.28 -7.60583 9.79066 -0.800393 0.0360828
8.29 -7.59364 10.7283 -0.792209 0.0195397
8.3 -7.60596 9.70789 -0.792449 0.0422246
8.31 -7.61452 10.8605 -0.78816 0.0213047
8.32 -7.48144 9.63598 -0.795464 0.0421349
8.33 -7.42273 10.6348 -0.780207 0.0180407
8.34 -7.40923 9.46594 -0.790428 0.0499324
8.35 -7.32048 10.7454 -0.77911 0.0268768
8.36 -7.24859 9.6614 -0.785399 0.0536952
8.37 -7.254 10.6196 -0.777319 0.0388846
8.38 -7.31138 9.68381 -0.785896 0.0663924
8.39 -7.49169 10.932 -0.79468 0.0469708
8.4 -7.57402 10.1706 -0.804139 0.0784356
8.41 -7.69792 10.9356 -0.818429 0.059412
8.42 -7.67922 10.0863 -0.810251 0.0838753
8.43 -7.61195 10.8542 -0.819262 0.0655217
8.44 -7.55873 9.99443 -0.812168 0.0836994
8.45 -7.50236 10.7563 -0.808801 0.0627971
8.46 -7.48269 9.85683 -0.808321 0.0797165
8.47 -7.46535 10.7215 -0.803335 0.0538687
8.48 -7.25336 9.9757 -0.808074 0.0720755
8.49 -7.46269 10.6997 -0.807433 0.0521732
8.5 -7.39838 9.87835 -0.812158 0.0704301
8.51 -7.51161 10.8254 -0.810314 0.0498331
8.52 -7.35973 10.2288 -0.814871 0.0686674
8.53 -7.413 10.8807 -0.806015 0.0493725
8.54 -7.22705 9.78422 -0.804836 0.0693297
8.55 -7.12739 10.5703 -0.78903 0.0513409
8.56 -7.14418 9.95681 -0.805506 0.071589
8.57 -7.30824 10.8742 -0.804696 0.044704
8.58 -7.23209 10.0187 -0.80644 0.0751177
8.59 -7.22334 10.6881 -0.796497 0.0549448
8.6 -7.18473 10.0035 -0.8034 0.0767331
8.61 -7.25464 10.9931 -0.804038 0.058233
8.62 -7.2897 10.015 -0.817429 0.0823674
8.63 -7.44198 10.9537 -0.811825 0.0676142
8.64 -7.47387 10.2379 -0.831781 0.092797
8.65 -7.66301 11.5439 -0.837161 0.0751109
8.66 -7.62387 10.2953 -0.839728 0.104339
8.67 -7.47242 10.8082 -0.82176 0.0792925
8.68 -7.30856 9.86161 -0.821984 0.100282
8.69 -7.27071 11.0756 -0.808827 0.0730063
8.7 -7.40308 9.99952 -0.817426 0.0857151
8.71 -7.31976 10.8588 -0.813198 0.0568734
8.72 -7.17116 10.1384 -0.815716 0.0696564
8.73 -7.38712 11.4483 -0.810102 0.0452138
8.74 -7.24283 10.1528 -0.816801 0.0583184
8.75 -7.25798 11.035 -0.798303 0.0329313
8.76 -7.03403 9.97765 -0.792757 0.0541569
8.77 -7.00909 11.0853 -0.790315 0.0293929
8.78 -7.1301 10.0028 -0.800876 0.0475703
8.79 -7.07207 11.1961 -0.791147 0.0174589
8.8 -7.24897 10.3137 -0.809589 0.0555795
8.81 -7.26812 11.1816 -0.813526 0.0217477
8.82 -7.22779 10.3627 -0.806394 0.0304237
8.83 -7.25954 11.2493 -0.814895 0.0165344
8.84 -7.20329 10.5252 -0.805398 0.0381112
8.85 -7.09321 11.4772 -0.808323 0.0182375
8.86 -7.02091 10.2516 -0.799609 0.0394511
8.87 -6.9835 11.0606 -0.794509 0.023662
8.88 -7.11518 10.1511 -0.804001 0.0453449
8.89 -7.06684 11.2047 -0.797129 0.0310344
8.9 -7.08832 10.0815 -0.816842 0.0571184
8.91 -7.19447 11.0913 -0.808631 0.0403162
8.92 -7.18164 10.1975 -0.826646 0.0695055
8.93 -7.26684 11.3536 -0.820379 0.0507364
8.94 -7.26053 10.5299 -0.832046 0.078289
8.95 -7.29429 11.4788 -0.816033 0.0583746
8.96 -7.16778 10.5057 -0.82609 0.0848817
8.97 -7.18482 11.3447 -0.814731 0.0661378
8.98 -7.1765 10.4128 -0.820127 0.0855646
8.99 -7.25462 11.4748 -0.823142 0.0663197
9 -7.20962 10.4701 -0.819768 0.0868977
9.01 -7.22683 11.474 -0.829098 0.0658832
9.02 -7.30234 10.7103 -0.824623 0.0867571
9.03 -7.30839 12.2524 -0.826437 0.0451364
9.04 -7.04345 9.78363 -0.824544 0.0866491
9.05 -6.99201 11.4166 -0.806078 0.0440912
9.06 -6.86131 10.415 -0.81332 0.0655506
9.07 -6.75964 11.2146 -0.793691 0.0449955
9.08 -6.72849 10.1281 -0.799519 0.0609324
9.09 -6.56729 11.0939 -0.788887 0.0389164
9.1 -6.7219 10.3579 -0.790572 0.0645053
9.11 -6.7857 11.4066 -0.805731 0.0477766
9.12 -6.7946 10.3884 -0.804561 0.0709311
9.13 -6.78958 11.3213 -0.804028 0.0518848
9.14 -6.7492 10.5649 -0.794286 0.0760458
9.15 -6.81381 11.3453 -0.79854 0.0552894
9.16 -6.62187 10.4806 -0.793948 0.0796806
9.17 -6.70373 11.3869 -0.800441 0.0666058
9.18 -6.92955 10.649 -0.807747 0.091444
9.19 -6.97769 11.4344 -0.812151 0.0727951
9.2 -7.24871 10.6322 -0.836124 0.103165
9.21 -7.26954 11.7553 -0.835575 0.0759367
9.22 -7.37761 10.9356 -0.852471 0.105701
9.23 -7.41783 11.8879 -0.844248 0.0879075
9.24 -7.342 10.9398 -0.852073 0.107738
9.25 -7.15397 11.7599 -0.840358 0.0876097
9.26 -7.14238 10.717 -0.834991 0.108129
9.27 -6.95098 11.5436 -0.825808 0.0812756
9.28 -6.78382 10.5535 -0.81675 0.0991953
9.29 -6.77165 11.4896 -0.80565 0.0725173
9.3 -6.68177 10.5034 -0.804575 0.0829791
9.31 -6.62847 11.4938 -0.812444 0.0547467
9.32 -6.82809 10.6411 -0.808194 0.0689048
9.33 -6.8797 11.6017 -0.812966 0.0449251
9.34 -6.85747 10.6169 -0.811729 0.0559303
9.35 -6.75486 11.605 -0.812034 0.0360814
9.36 -6.85515 10.9204 -0.801095 0.0494723
9.37 -6.65579 11.5878 -0.805091 0.0263415
9.38 -6.69345 10.6154 -0.809599 0.0433452
9.39 -6.66594 11.802 -0.797746 0.0206999
9.4 -6.75236 10.7458 -0.815485 0.0551569
9.41 -6.67551 11.7071 -0.795231 0.0104642
9.42 -6.57549 10.7194 -0.803197 0.0382801
9.43 -6.78459 11.5914 -0.80683 0.0176356
9.44 -6.82549 10.915 -0.822824 0.0445666
9.45 -6.88854 11.9021 -0.821149 0.0243967
9.46 -6.79493 10.8163 -0.826315 0.0499779
9.47 -6.86743 11.7548 -0.820305 0.0343687
9.48 -6.85459 11.0334 -0.832778 0.0561634
9.49 -6.86858 11.8312 -0.827971 0.0445912
9.5 -6.96298 10.9856 -0.841415 0.0705059
9.51 -6.87735 11.9534 -0.832284 0.0497816
9.52 -6.8799 11.0785 -0.831866 0.0797553
9.53 -6.87421 12.0926 -0.839143 0.0642317
9.54 -6.84502 10.9727 -0.835715 0.0825859
9.55 -6.75186 11.7113 -0.825677 0.0591057
9.56 -6.70705 10.9883 -0.831298 0.0807733
9.57 -6.65283 12.0218 -0.826546 0.065993
9.58 -6.70198 11.0041 -0.825273 0.0798942
9.59 -6.61906 12.0597 -0.82265 0.0566914
9.6 -6.51267 10.9268 -0.830767 0.077557
9.61 -6.60489 11.7952 -0.824515 0.0543057
9.62 -6.63127 10.9352 -0.821876 0.0729944
9.63 -6.53875 12.0046 -0.827161 0.0464964
9.64 -6.55827 11.0601 -0.827303 0.0693113
9.65 -6.63428 12.0059 -0.826215 0.0373051
9.66 -6.7989 11.2287 -0.847645 0.0600405
9.67 -6.78262 12.0835 -0.835579 0.0392357
9.68 -6.85003 11.068 -0.841426 0.0641486
9.69 -6.70331 11.9858 -0.835629 0.0462326
9.7 -6.59452 10.9312 -0.835179 0.0688456
9.71 -6.63574 11.9713 -0.833655 0.0478891
9.72 -6.56086 11.1116 -0.837879 0.0757254
9.73 -6.42475 12.0125 -0.829243 0.059084
9.74 -6.32401 10.9493 -0.823263 0.0774431
9.75 -6.30671 11.7538 -0.819176 0.0595347
9.76 -6.38772 11.0167 -0.829249 0.0838723
9.77 -6.42935 12.1163 -0.823639 0.065006
9.78 -6.43801 11.0658 -0.838476 0.0902634
9.79 -6.41008 12.1471 -0.833275 0.070921
9.8 -6.53569 11.0866 -0.837741 0.0920228
9.81 -6.45447 12.1441 -0.837046 0.0697174
9.82 -6.36483 11.058 -0.827191 0.0859541
9.83 -6.38117 12.0437 -0.822709 0.0657587
9.84 -6.34108 11.1487 -0.820213 0.0847753
9.85 -6.25282 11.9022 -0.818033 0.0584098
9.86 -6.21269 11.0698 -0.823363 0.0808661
9.87 -6.2162 11.9718 -0.816516 0.0555052
9.88 -6.30685 11.0055 -0.826476 0.076696
9.89 -6.21693 12.0242 -0.817668 0.0534353
9.9 -6.34582 11.1714 -0.831449 0.0756306
9.91 -6.39085 12.2697 -0.831109 0.0555502
9.92 -6.4894 11.3848 -0.84383 0.081
9.93 -6.5533 12.317 -0.840229 0.0624204
9.94 -6.63273 11.3677 -0.846207 0.0827723
9.95 -6.50433 12.3008 -0.84818 0.0632421
9.96 -6.52955 11.2556 -0.845627 0.0825383
9.97 -6.46221 12.3321 -0.84647 0.0602211
9.98 -6.36726 11.4307 -0.845781 0.0758206
9.99 -6.3228 12.234 -0.830008 0.0578325
10 -6.21715 11.2427 -0.837382 0.0746651
10.01 -6.17286 12.0897 -0.826875 0.0496034
10.02 -6.29715 11.1412 -0.828201 0.071188
10.03 -6.17537 12.0969 -0.835101 0.0437069
10.04 -6.2892 11.2557 -0.830706 0.0628846
10.05 -6.24532 12.2952 -0.839247 0.0405984
10.06 -6.24904 11.5269 -0.83437 0.0584896
10.07 -6.23176 12.3263 -0.840057 0.0372604
10.08 -6.11745 11.3586 -0.828282 0.0573775
10.09 -6.05166 12.2094 -0.828848 0.0336435
10.1 -6.05927 11.3826 -0.82067 0.0497751
10.11 -6.02247 12.2029 -0.824603 0.0294132
10.12 -6.12923 11.2448 -0.821132 0.0556412
10.13 -6.13693 12.2062 -0.831875 0.0312404
10.14 -6.17096 11.3325 -0.839767 0.05165
10.15 -6.20981 12.2489 -0.836667 0.0335533
10.16 -6.27946 11.5305 -0.852628 0.0575187
10.17 -6.28176 12.4984 -0.844203 0.0380134
10.18 -6.2913 11.6352 -0.860448 0.0533846
10.19 -6.36066 12.7888 -0.847489 0.0337856
10.2 -6.47229 11.6278 -0.864503 0.0606977
10.21 -6.33384 12.4161 -0.850702 0.0334
10.22 -6.23493 11.6544 -0.855948 0.0533543
10.23 -6.15751 12.5446 -0.844198 0.0312865
10.24 -6.22906 11.3755 -0.851612 0.0530911
10.25 -6.08993 12.62 -0.848806 0.0308784
10.26 -6.11043 11.5611 -0.844552 0.0523091
10.27 -6.09158 12.3326 -0.849493 0.0365456
10.28 -6.11977 11.469 -0.839457 0.0534593
10.29 -6.02134 12.3489 -0.84734 0.034827
10.3 -6.073 11.5069 -0.840846 0.0534507
10.31 -6.11163 12.6635 -0.847241 0.0351285
10.32 -6.18963 11.6583 -0.847804 0.0558221
10.33 -6.157 12.4797 -0.855214 0.0367083
10.34 -6.16107 11.7137 -0.850527 0.0558332
10.35 -6.16532 12.4949 -0.852123 0.0354645
10.36 -6.05309 11.6024 -0.845378 0.055616
10.37 -6.0594 12.388 -0.851294 0.0373895
10.38 -5.99422 11.6469 -0.84457 0.0594209
10.39 -5.92801 12.4855 -0.852512 0.0390768
10.4 -5.87661 11.5556 -0.840928 0.0596558
10.41 -5.75067 12.4395 -0.838388 0.04388
10.42 -5.77808 11.6911 -0.833817 0.0626081
10.43 -5.83915 12.4769 -0.835888 0.0443856
10.44 -6.01385 11.5601 -0.852551 0.0623269
10.45 -6.22989 12.6467 -0.856548 0.0469971
10.46 -6.49943 11.9015 -0.8894 0.0673762
10.47 -6.69187 12.9276 -0.896015 0.0490099
10.48 -6.59132 12.1859 -0.903582 0.0698811
10.49 -6.60257 12.8529 -0.89985 0.0476669
10.5 -6.33479 12.0413 -0.894986 0.0703808
10.51 -6.10105 12.7996 -0.873803 0.0467775
10.52 -5.94035 11.8364 -0.862713 0.068954
10.53 -5.75279 12.5803 -0.856044 0.0475302
10.54 -5.6026 11.5765 -0.844077 0.0679887
10.55 -5.56057 12.2954 -0.833299 0.0440653
10.56 -5.57864 11.4817 -0.842608 0.0670312
10.57 -5.67043 12.406 -0.839761 0.0438327
10.58 -5.84324 11.6698 -0.861859 0.0691381
10.59 -5.99421 12.6111 -0.858553 0.0455927
10.6 -6.15376 11.8534 -0.882627 0.0691923
10.61 -6.19873 12.8955 -0.881495 0.0490133
10.62 -6.21568 11.9302 -0.896632 0.0701874
10.63 -6.08122 12.8088 -0.885484 0.0513992
10.64 -6.04955 11.9903 -0.886583 0.0717625
10.65 -5.96014 12.7357 -0.879033 0.0516173
10.66 -5.79789 11.6964 -0.876202 0.0725204
10.67 -5.65125 12.4946 -0.862558 0.0502795
10.68 -5.65491 11.6869 -0.864678 0.0664633
10.69 -5.6128 12.5607 -0.865518 0.045263
10.7 -5.69132 11.7268 -0.877051 0.0674096
10.71 -5.81917 12.7419 -0.882978 0.0531954
10.72 -5.95822 12.0597 -0.89792 0.0772001
10.73 -6.0233 12.9496 -0.902159 0.0552749
10.74 -5.95869 12.1017 -0.905178 0.0793809
10.75 -5.89586 12.7863 -0.889422 0.0566676
10.76 -5.76945 11.8376 -0.887939 0.0764244
10.77 -5.68191 12.7909 -0.885191 0.0577999
10.78 -5.66598 11.8631 -0.883969 0.0793216
10.79 -5.62324 12.7289 -0.880543 0.0538577
10.8 -5.61349 11.8572 -0.884553 0.0759103
10.81 -5.71805 12.7904 -0.880401 0.0577909
10.82 -5.74939 11.8051 -0.892823 0.078099
10.83 -5.69524 12.8879 -0.889167 0.059568
10.84 -5.81868 12.0457 -0.895761 0.0779271
10.85 -5.81268 13.0153 -0.905738 0.0581313
10.86 -5.76842 12.0466 -0.902045 0.0778788
10.87 -5.77351 12.9755 -0.899917 0.0567836
10.88 -5.68294 11.9375 -0.904059 0.0785859
10.89 -5.65056 12.7129 -0.893163 0.0551306
10.9 -5.64324 11.8116 -0.894675 0.0708005
10.91 -5.58697 12.9025 -0.89137 0.0463724
10.92 -5.61462 11.9911 -0.902082 0.0667198
10.93 -5.53445 12.954 -0.897508 0.0434385
10.94 -5.55193 11.9445 -0.898676 0.0611478
10.95 -5.56965 12.8109 -0.898651 0.0362064
10.96 -5.44505 12.0855 -0.90719 0.0553271
10.97 -5.53239 13.0485 -0.899411 0.0334341
10.98 -5.62358 12.0634 -0.904598 0.0545875
10.99 -5.46259 12.9609 -0.903664 0.0354676
11 -5.58042 12.0125 -0.900564 0.0566198
11.01 -5.51281 12.9627 -0.904194 0.0363331
11.02 -5.55304 12.1417 -0.902298 0.0558774
11.03 -5.48348 12.9418 -0.906363 0.0350319
11.04 -5.49771 12.1024 -0.898973 0.0549349
11.05 -5.46624 12.9741 -0.905227 0.032486
11.06 -5.50705 12.1532 -0.904427 0.0520376
11.07 -5.47803 12.9558 -0.90907 0.0324963
11.08 -5.46123 12.2098 -0.909307 0.0516551
11.09 -5.4964 12.938 -0.906243 0.0324774
11.1 -5.39158 12.0879 -0.906548 0.0556868
11.11 -5.48295 12.9409 -0.904213 0.034145
11.12 -5.51471 12.0894 -0.92145 0.0562665
11.13 -5.58105 13.1288 -0.911214 0.0352231
11.14 -5.59824 12.2267 -0.934059 0.060285
11.15 -5.6905 13.241 -0.924971 0.0355083
11.16 -5.61567 12.2591 -0.929998 0.0573878
11.17 -5.49267 13.2255 -0.929068 0.0353935
11.18 -5.47871 12.4948 -0.921794 0.0528795
11.19 -5.34308 13.1813 -0.923412 0.0301838
11.2 -5.28937 12.1455 -0.924941 0.0536952
11.21 -5.20312 12.9091 -0.906526 0.0335563
11.22 -5.2083 12.0549 -0.913239 0.0547512
11.23 -5.1993 13.1315 -0.917605 0.0329428
11.24 -5.32954 12.2025 -0.924576 0.0541682
11.25 -5.35798 13.2629 -0.931475 0.0336333
11.26 -5.27916 12.2065 -0.932929 0.0558406
11.27 -5.2003 13.0928 -0.91914 0.0316164
11.28 -5.06458 12.0767 -0.917469 0.0550941
11.29 -4.91453 12.9048 -0.90328 0.0291066
11.3 -4.93352 11.8643 -0.899496 0.0505391
11.31 -4.92316 12.9664 -0.906628 0.0325275
11.32 -5.08558 12.0705 -0.911914 0.0520871
11.33 -5.19977 13.15 -0.922385 0.032096
11.34 -5.13517 12.2787 -0.918417 0.0540577
11.35 -5.17861 13.0791 -0.922263 0.0337089
11.36 -5.18761 12.2372 -0.917985 0.0515508
11.37 -5.13167 13.1153 -0.920126 0.0328749
11.38 -5.1499 12.2259 -0.923806 0.0552931
11.39 -5.25196 13.1561 -0.923012 0.0354885
11.4 -5.20833 12.2086 -0.941559 0.0557928
11.41 -5.20148 13.2048 -0.934575 0.03091
11.42 -5.13587 12.2363 -0.944226 0.0498748
11.43 -5.08464 13.2419 -0.939108 0.0295731
11.44 -4.99418 12.2449 -0.937382 0.0539293
11.45 -4.89327 13.0609 -0.925838 0.0317243
11.46 -4.92687 12.0844 -0.935138 0.0570612
11.47 -4.82232 13.0855 -0.933761 0.0342421
11.48 -4.8935 11.4393 -0.944071 0.0692112
11.49 -4.97229 13.1206 -0.942231 0.0332112
11.5 -4.98081 12.1769 -0.952563 0.0560349
11.51 -4.96286 13.1632 -0.947534 0.0357849
11.52 -5.00711 12.2951 -0.955574 0.0595372
11.53 -4.96458 13.2978 -0.957844 0.0376183
11.54 -5.07191 12.2295 -0.953412 0.054074
11.55 -4.9913 13.2368 -0.953965 0.0346455
11.56 -4.89082 12.2344 -0.953483 0.0556123
11.57 -5.00074 13.1785 -0.956191 0.0333166
11.58 -4.99498 12.2518 -0.965766 0.0553276
11.59 -4.93028 13.2138 -0.955385 0.0316267
11.6 -4.90253 12.2702 -0.960684 0.0543921
11.61 -4.90862 13.2896 -0.961396 0.0317102
11.62 -4.95621 12.1747 -0.962261 0.0527127
11.63 -4.78293 13.2326 -0.965017 0.0294776
11.64 -4.87687 12.3836 -0.963865 0.054118
11.65 -4.97868 13.3847 -0.972028 0.03191
11.66 -4.93655 12.5141 -0.979788 0.0539485
11.67 -4.89635 13.3329 -0.964399 0.0338538
11.68 -4.82895 12.2857 -0.972484 0.0506582
11.69 -4.87015 13.2853 -0.975714 0.0275777
11.7 -4.82768 12.3368 -0.973617 0.0481832
11.71 -4.80943 13.3679 -0.978323 0.0317744
11.72 -4.8032 12.3851 -0.979193 0.0541206
11.73 -4.8212 13.3167 -0.976034 0.0346856
11.74 -4.74394 12.2154 -0.975688 0.0526258
11.75 -4.59445 13.154 -0.971198 0.0360318
11.76 -4.61527 12.191 -0.973269 0.0588228
11.77 -4.67067 13.1935 -0.97323 0.0373897
11.78 -4.66765 12.3659 -0.985965 0.0624094
11.79 -4.68101 13.5924 -0.986594 0.0415413
11.8 -4.78573 12.5159 -0.995272 0.0634794
11.81 -4.85845 13.374 -0.993418 0.0452696
11.82 -4.58967 12.4108 -0.987945 0.0665592
11.83 -4.55947 13.219 -0.974258 0.0406268
11.84 -4.61367 12.3129 -0.987022 0.0639353
11.85 -4.54487 13.1839 -0.984968 0.0414237
11.86 -4.61204 12.2723 -0.986244 0.0622208
11.87 -4.67608 13.4249 -0.995821 0.0413533
11.88 -4.71034 12.4566 -1.00516 0.0608477
11.89 -4.72904 13.3308 -0.999563 0.0405459
11.9 -4.57994 12.4001 -1.0053 0.0594975
11.91 -4.61447 13.5159 -0.995544 0.0389641
11.92 -4.70775 12.501 -1.01008 0.0638976
11.93 -4.60708 13.5586 -1.00736 0.0411531
11.94 -4.52157 12.5079 -1.00583 0.0557774
11.95 -4.58795 13.4012 -1.00458 0.0359402
11.96 -4.44148 12.3083 -1.00183 0.0580352
11.97 -4.48156 13.2956 -1.00158 0.0386957
11.98 -4.44169 12.4297 -1.0084 0.0632325
11.99 -4.54551 13.3901 -1.00925 0.0392683
12 -4.63587 12.3919 -1.02075 0.0633788
12.01 -4.58197 13.4184 -1.02032 0.0443962
12.02 -4.59111 12.5813 -1.02726 0.0643516
12.03 -4.56966 13.528 -1.02593 0.0428122
12.04 -4.54248 12.4015 -1.02622 0.0675484
12.05 -4.42598 13.3618 -1.02326 0.0425405
12.06 -4.47493 12.5635 -1.02516 0.0646234
12.07 -4.59037 13.474 -1.0345 0.0436341
12.08 -4.56247 12.5262 -1.03529 0.0642932
12.09 -4.37551 13.4711 -1.0249 0.0409242
12.1 -4.37484 12.6237 -1.02839 0.0654774
12.11 -4.26892 13.4773 -1.0208 0.0437678
12.12 -4.20635 12.2507 -1.01407 0.0645946
12.13 -4.04263 13.3088 -1.00901 0.0421908
12.14 -4.15551 12.4407 -1.01545 0.0667829
12.15 -4.33085 13.4796 -1.02675 0.0451006
12.16 -4.40264 12.5531 -1.03853 0.0672063
12.17 -4.39419 13.5773 -1.0378 0.0473667
12.18 -4.45991 12.8221 -1.0488 0.0721041
12.19 -4.42905 13.5842 -1.04513 0.0512117
12.2 -4.28488 12.5585 -1.03805 0.0691694
12.21 -4.112 13.4915 -1.0337 0.0491947
12.22 -4.08436 12.3891 -1.03169 0.0667303
12.23 -4.31421 13.4481 -1.04178 0.046757
12.24 -4.39353 12.5212 -1.0569 0.0688595
12.25 -4.53105 13.667 -1.06328 0.0446719
12.26 -4.62431 12.7688 -1.08072 0.0723192
12.27 -4.72643 13.6893 -1.07996 0.047014
12.28 -4.56722 12.9126 -1.08649 0.0686348
12.29 -4.35795 13.9182 -1.07416 0.0478293
12.3 -4.18471 12.788 -1.06426 0.0702923
12.31 -3.88828 13.3608 -1.04266 0.0468415
12.32 -3.74222 12.3245 -1.03638 0.0694315
12.33 -3.66394 13.2817 -1.02401 0.0431676
12.34 -3.75117 12.3417 -1.03329 0.0690171
12.35 -3.94681 13.3248 -1.0457 0.0476803
12.36 -4.23097 12.6561 -1.06006 0.0697472
12.37 -4.39236 13.9419 -1.08294 0.0504091
12.38 -4.56528 13.0343 -1.09429 0.0737929
12.39 -4.55086 13.9925 -1.10176 0.0577669
12.4 -4.49075 13.0167 -1.09586 0.0728795
12.41 -4.25746 13.913 -1.08372 0.05324
12.42 -4.1821 12.6945 -1.0776 0.0786301
12.43 -4.07799 13.338 -1.06813 0.0537865
12.44 -3.89744 12.5561 -1.06825 0.0724166
12.45 -3.91845 13.6648 -1.06524 0.0581724
12.46 -4.18781 12.7526 -1.08745 0.0791577
12.47 -4.2433 13.7908 -1.09456 0.0565548
12.48 -4.18896 12.9517 -1.09668 0.0756288
12.49 -4.23015 14.0112 -1.10242 0.0546628
12.5 -4.27412 13.0045 -1.11118 0.0736603
12.51 -4.19396 13.8422 -1.10952 0.0532424
12.52 -4.10023 12.894 -1.10128 0.0742321
12.53 -4.03412 13.7312 -1.09852 0.0533615
12.54 -4.05343 12.7327 -1.10631 0.0770128
12.55 -4.03249 13.6342 -1.09997 0.0511749
12.56 -4.04219 12.7704 -1.1084 0.0770173
12.57 -4.1063 13.7129 -1.10927 0.0534478
12.58 -4.16602 13.0087 -1.12137 0.0748611
12.59 -4.23303 13.9468 -1.12744 0.0588869
12.6 -4.27832 13.0218 -1.13102 0.0821616
12.61 -4.25963 13.9646 -1.13407 0.0581084
12.62 -4.17323 13.0205 -1.13418 0.0804635
12.63 -4.14376 13.8755 -1.12592 0.0596045
12.64 -4.15176 12.7222 -1.13424 0.0797362
12.65 -4.05877 14.0233 -1.13845 0.058079
12.66 -4.25747 13.2446 -1.15101 0.0807494
12.67 -4.30984 14.2166 -1.16369 0.0626746
12.68 -4.12773 13.1074 -1.15646 0.0860022
12.69 -3.82034 13.7646 -1.13319 0.0576063
12.7 -3.5637 12.8366 -1.1229 0.0780567
12.71 -3.64061 13.7609 -1.12107 0.0548836
12.72 -3.64631 12.6027 -1.12731 0.0724492
12.73 -3.68609 13.6381 -1.12278 0.0488857
12.74 -3.73908 12.7785 -1.13226 0.0671592
12.75 -3.94957 13.872 -1.14203 0.0451223
12.76 -4.12145 12.9849 -1.16119 0.0694511
12.77 -4.34067 14.0179 -1.16875 0.0452371
12.78 -4.49909 12.9423 -1.19529 0.0774009
12.79 -4.59061 14.5384 -1.19808 0.0455652
12.8 -4.61486 13.6523 -1.21465 0.0689269
12.81 -4.43937 14.3454 -1.20162 0.0507576
12.82 -4.02654 13.2275 -1.18482 0.0684394
12.83 -3.72023 13.8705 -1.169 0.0421481
12.84 -3.65632 12.7215 -1.16637 0.0646731
12.85 -3.62272 13.6111 -1.16961 0.0422496
12.86 -3.81206 12.8105 -1.18928 0.0624447
12.87 -3.98514 14.099 -1.21313 0.0448138
12.88 -4.24682 13.42 -1.24188 0.0706767
12.89 -4.45466 14.4227 -1.25883 0.0498217
12.9 -4.53674 13.5546 -1.27611 0.0732466
12.91 -4.43361 14.7025 -1.27093 0.0492897
12.92 -4.40613 13.6132 -1.27225 0.0740198
12.93 -4.17206 14.3657 -1.26419 0.0466768
12.94 -3.9776 13.2842 -1.24889 0.0649536
12.95 -3.85696 14.6071 -1.23444 0.0356268
12.96 -3.83707 13.066 -1.2386 0.0671446
12.97 -3.91317 14.1206 -1.23724 0.0440849
12.98 -4.02593 13.211 -1.2557 0.065808
12.99 -4.21046 14.4661 -1.25825 0.0408852
13 -4.42016 13.624 -1.28121 0.0694793
13.01 -4.52122 14.6727 -1.28282 0.0430707
13.02 -4.51686 13.8547 -1.29775 0.0631128
13.03 -4.48759 14.7276 -1.28978 0.0418643
13.04 -4.57398 13.7228 -1.30249 0.0625927
13.05 -4.47259 14.895 -1.29892 0.0415883
13.06 -4.36587 13.8922 -1.29746 0.0629691
13.07 -4.29855 14.6654 -1.29027 0.0378162
13.08 -4.03987 13.5674 -1.27348 0.0572371
13.09 -3.84838 14.2886 -1.25337 0.0344601
13.1 -3.68757 13.4676 -1.25174 0.0525964
13.11 -3.81157 14.2863 -1.25166 0.0331624
13.12 -3.95305 13.4298 -1.26651 0.0532422
13.13 -3.97514 14.5502 -1.27784 0.0344798
13.14 -4.20499 13.875 -1.28714 0.0627898
13.15 -4.32557 14.8231 -1.30371 0.0414608
13.16 -4.41333 14.0055 -1.30965 0.0724673
13.17 -4.36077 14.9534 -1.30241 0.0512556
13.18 -4.36461 14.0861 -1.3117 0.0746248
13.19 -4.38768 15.0076 -1.31238 0.0594403
13.2 -4.38654 13.9746 -1.31777 0.0842552
13.21 -4.34533 14.8557 -1.31748 0.067292
13.22 -4.22533 13.9332 -1.31741 0.0908829
13.23 -4.34109 14.927 -1.31747 0.0753835
13.24 -4.25451 13.967 -1.33166 0.0985983
13.25 -4.24943 14.9057 -1.32887 0.0829362
13.26 -4.17356 13.9198 -1.33821 0.102309
13.27 -4.29086 14.9118 -1.34036 0.0855599
13.28 -4.18034 14.0059 -1.34848 0.107896
13.29 -4.31841 15.086 -1.3534 0.0887106
13.3 -4.37547 14.2548 -1.36511 0.112132
13.31 -4.43182 15.2458 -1.36931 0.0944732
13.32 -4.38096 14.3203 -1.38254 0.116506
13.33 -4.24481 15.2168 -1.37391 0.0973281
13.34 -4.21641 14.0482 -1.37259 0.119461
13.35 -4.11248 14.9984 -1.36677 0.0995421
13.36 -4.12063 14.0329 -1.36676 0.121065
13.37 -4.08996 15.0723 -1.37299 0.0987683
13.38 -4.13021 14.1173 -1.38385 0.115734
13.39 -4.20669 15.1625 -1.38533 0.0977521
13.4 -4.29773 14.2669 -1.40354 0.116474
13.41 -4.40907 15.3927 -1.41303 0.101934
13.42 -4.41629 14.4063 -1.42237 0.12181
13.43 -4.33819 15.3583 -1.4206 0.102781
13.44 -4.27317 14.5327 -1.42763 0.118497
13.45 -4.31477 15.5252 -1.42752 0.1021
13.46 -4.25837 14.5228 -1.42986 0.123521
13.47 -4.21743 15.192 -1.42663 0.102556
13.48 -4.05381 14.3219 -1.42842 0.124437
13.49 -4.06156 15.2222 -1.43035 0.107907
13.5 -4.2239 14.3223 -1.45068 0.124627
13.51 -4.34941 15.4061 -1.46455 0.107158
13.52 -4.46539 14.6099 -1.47767 0.129763
13.53 -4.64012 15.5626 -1.49495 0.11181
13.54 -4.6355 14.8537 -1.50477 0.1306
13.55 -4.63237 15.6176 -1.51037 0.110242
13.56 -4.54742 14.7278 -1.51406 0.131345
13.57 -4.57939 15.6063 -1.51621 0.113172
13.58 -4.58036 14.8633 -1.52716 0.133256
13.59 -4.66071 15.7405 -1.53731 0.114342
13.6 -4.7524 15.0021 -1.55267 0.137883
13.61 -4.79488 15.8816 -1.56239 0.120164
13.62 -4.74407 15.0222 -1.5721 0.137498
13.63 -4.75014 15.7893 -1.57893 0.119223
13.64 -4.782 14.9896 -1.59273 0.139297
13.65 -4.89757 15.9241 -1.59947 0.121659
13.66 -4.90259 15.1523 -1.6123 0.13664
13.67 -4.95785 16.1013 -1.62429 0.116071
13.68 -4.987 15.1904 -1.63395 0.136839
13.69 -4.99501 16.0854 -1.63451 0.117389
13.7 -4.84526 15.1007 -1.63602 0.137507
13.71 -4.78114 15.8876 -1.63553 0.119549
13.72 -4.72896 14.9955 -1.63972 0.139865
13.73 -4.74946 15.9038 -1.64029 0.117524
13.74 -4.85396 14.9666 -1.65053 0.144649
13.75 -4.78695 16.0654 -1.66062 0.124069
13.76 -4.96382 15.0673 -1.671 0.148671
13.77 -4.9564 16.199 -1.68193 0.126105
13.78 -4.9416 15.323 -1.69385 0.144792
13.79 -5.02132 16.2057 -1.70744 0.128819
13.8 -4.98016 15.2816 -1.71557 0.15201
13.81 -4.8553 15.9893 -1.71505 0.131055
13.82 -4.6935 15.1941 -1.71838 0.15299
13.83 -4.74734 16.0151 -1.71688 0.134355
13.84 -4.79043 15.1259 -1.73329 0.156447
13.85 -4.91639 16.0556 -1.73976 0.136296
13.86 -4.94477 15.347 -1.76221 0.155184
13.87 -5.10547 16.3539 -1.77212 0.136792
13.88 -5.18627 15.374 -1.78408 0.160499
13.89 -5.13216 16.2576 -1.78749 0.134282
13.9 -5.19803 15.5069 -1.79989 0.151027
13.91 -5.30496 16.4257 -1.80752 0.134625
13.92 -5.29763 15.5122 -1.81851 0.153721
13.93 -5.30546 16.4667 -1.82042 0.136414
13.94 -5.28957 15.7186 -1.82256 0.154377
13.95 -5.2713 16.4697 -1.83281 0.137321
13.96 -5.31228 15.5939 -1.83645 0.157255
13.97 -5.33245 16.5926 -1.8487 0.143419
13.98 -5.4241 15.8911 -1.85967 0.156419
13.99 -5.49482 16.6469 -1.87412 0.14202
14 -5.48917 15.7684 -1.8817 0.159814
14.01 -5.32555 16.5708 -1.88271 0.139702
14.02 -5.21332 15.5816 -1.88454 0.157371
14.03 -5.10178 16.3844 -1.88052 0.137704
14.04 -5.02637 15.4507 -1.88086 0.155435
14.05 -5.06036 16.3527 -1.88564 0.139812
14.06 -5.18616 15.5521 -1.90391 0.159949
14.07 -5.40282 16.5364 -1.92125 0.138716
14.08 -5.62137 16.0799 -1.94732 0.164713
14.09 -5.83485 17.0659 -1.96388 0.14469
14.1 -5.77985 16.2182 -1.97775 0.16886
14.11 -5.62201 16.9601 -1.96623 0.146186
14.12 -5.3301 16.017 -1.95272 0.168269
14.13 -5.20529 16.5296 -1.94512 0.142498
14.14 -5.24479 15.6429 -1.94507 0.167053
14.15 -5.21759 16.4233 -1.9494 0.14538
14.16 -5.29357 15.8823 -1.95927 0.165212
14.17 -5.52311 16.8679 -1.97016 0.146008
14.18 -5.64786 16.0777 -1.99004 0.161485
14.19 -5.80697 17.0302 -1.99436 0.144304
14.2 -5.79801 16.1898 -2.00588 0.16258
14.21 -5.86531 17.3478 -2.00556 0.145051
14.22 -6.00175 16.1305 -2.01005 0.161837
14.23 -5.93666 17.0729 -2.008 0.147825
14.24 -5.88129 16.1471 -2.01504 0.159699
14.25 -5.9016 17.1432 -2.01429 0.144937
14.26 -5.95413 16.2963 -2.02381 0.159897
14.27 -6.02164 17.1238 -2.02655 0.144663
14.28 -5.97168 16.2197 -2.03289 0.157805
14.29 -6.0024 17.2106 -2.03509 0.150615
14.3 -5.99165 16.4176 -2.04658 0.164297
14.31 -6.08699 17.0116 -2.05216 0.143006
14.32 -6.03111 16.3613 -2.05703 0.163479
14.33 -6.05858 17.1086 -2.06537 0.14479
14.34 -6.03745 16.3345 -2.06748 0.158868
14.35 -6.06838 16.9725 -2.06488 0.141719
14.36 -5.92779 16.1057 -2.05541 0.155619
14.37 -5.8369 17.0703 -2.06099 0.132779
14.38 -5.88748 16.2115 -2.05829 0.152287
14.39 -5.92842 17.0642 -2.06199 0.130329
14.4 -5.98079 16.3408 -2.07196 0.152077
14.41 -6.05163 17.3408 -2.07484 0.129026
14.42 -6.0795 16.4269 -2.08426 0.14814
14.43 -6.05673 17.3457 -2.08677 0.130785
14.44 -6.07436 16.3253 -2.09322 0.152698
14.45 -5.97743 17.3503 -2.09529 0.132054
14.46 -5.87425 16.3558 -2.09386 0.157637
14.47 -5.8377 16.9917 -2.09196 0.138352
14.48 -5.67672 16.1852 -2.09802 0.164109
14.49 -5.75832 17.0873 -2.09235 0.149311
14.5 -5.6678 16.1486 -2.11472 0.173813
14.51 -5.88143 17.2213 -2.12288 0.16099
14.52 -5.9233 16.2754 -2.13163 0.182993
14.53 -5.96708 17.2492 -2.14293 0.165826
14.54 -6.09525 16.4071 -2.15172 0.194257
14.55 -6.05362 17.2848 -2.15571 0.175216
14.56 -6.00317 16.4909 -2.16412 0.19814
14.57 -6.0619 17.3724 -2.16555 0.181751
14.58 -6.21869 16.4944 -2.17745 0.210648
14.59 -6.27773 17.4427 -2.18394 0.200113
14.6 -6.36245 16.4648 -2.20242 0.22427
14.61 -6.36157 17.4018 -2.20805 0.207018
14.62 -6.38299 16.4766 -2.22146 0.240005
14.63 -6.30821 17.4136 -2.22053 0.22262
14.64 -6.3313 16.5783 -2.2282 0.243475
14.65 -6.17143 17.5399 -2.23749 0.228618
14.66 -6.25436 16.684 -2.24848 0.259149
14.67 -6.25901 17.3883 -2.25525 0.237037
14.68 -6.24439 16.6435 -2.26535 0.256231
14.69 -6.26709 17.4144 -2.26521 0.240083
14.7 -6.33389 16.7375 -2.28322 0.266586
14.71 -6.40392 17.6548 -2.29316 0.248943
14.72 -6.44601 16.7287 -2.31454 0.270975
14.73 -6.43074 17.7393 -2.31857 0.253329
14.74 -6.44768 16.6687 -2.33052 0.278175
14.75 -6.37795 17.2095 -2.32393 0.257491
14.76 -6.19102 16.6221 -2.33349 0.280944
14.77 -6.24527 17.5177 -2.33374 0.262338
14.78 -6.38104 16.9985 -2.35521 0.284008
14.79 -6.38093 17.4405 -2.35798 0.270878
14.8 -6.1299 16.6341 -2.35993 0.286461
14.81 -6.07827 17.3328 -2.35177 0.271832
14.82 -6.09573 16.5564 -2.35662 0.284731
14.83 -6.31016 17.4472 -2.36443 0.2638
14.84 -6.38393 16.6977 -2.3824 0.281392
14.85 -6.57238 17.4963 -2.39444 0.271243
14.86 -6.65647 16.9184 -2.41775 0.280636
14.87 -6.73327 17.7971 -2.4259 0.273426
14.88 -6.72484 16.8252 -2.43381 0.291149
14.89 -6.59065 17.5942 -2.43785 0.272783
14.9 -6.48781 16.6565 -2.43739 0.288378
14.91 -6.58893 17.466 -2.44845 0.27356
14.92 -6.59158 16.4764 -2.46256 0.291701
14.93 -6.52558 17.3013 -2.47235 0.273877
14.94 -6.4365 16.5523 -2.48106 0.2905
14.95 -6.40587 17.0943 -2.48388 0.281634
14.96 -6.27894 16.2988 -2.4889 0.293144
14.97 -6.24143 17.1758 -2.49482 0.273307
14.98 -6.31869 16.4575 -2.50366 0.29798
14.99 -6.47645 17.1966 -2.5158 0.275624
15 -6.5329 16.5788 -2.53266 0.293407
15.01 -6.60594 17.4029 -2.53872 0.275643
15.02 -6.64267 16.8211 -2.544 0.304183
15.03 -6.6602 17.5765 -2.54855 0.279561
15.04 -6.74116 16.7149 -2.55598 0.296674
15.05 -6.74278 17.608 -2.55336 0.276779
15.06 -6.66922 16.7867 -2.56431 0.295361
15.07 -6.48364 17.3046 -2.55085 0.272475
15.08 -6.35628 16.4733 -2.55412 0.284757
15.09 -6.3118 17.2528 -2.53985 0.263862
15.1 -6.23754 16.1423 -2.53292 0.277535
15.11 -6.2375 16.9628 -2.52031 0.248688
15.12 -6.38914 16.4466 -2.5256 0.263108
15.13 -6.53389 17.3746 -2.52313 0.242915
15.14 -6.75756 16.8751 -2.53027 0.256527
15.15 -6.78582 17.5221 -2.52546 0.23439
15.16 -6.73695 16.8441 -2.52225 0.250585
15.17 -6.62152 17.5501 -2.50864 0.22954
15.18 -6.52969 16.5527 -2.50283 0.24334
15.19 -6.48962 17.3741 -2.49918 0.224204
15.2 -6.37794 16.6939 -2.49575 0.24955
15.21 -6.44874 17.3027 -2.4974 0.215689
15.22 -6.45429 16.4931 -2.50169 0.241106
15.23 -6.63824 17.397 -2.51474 0.227693
15.24 -6.76559 16.6841 -2.53678 0.244587
15.25 -6.8146 17.4301 -2.54889 0.234795
15.26 -6.86832 16.7976 -2.57245 0.254621
15.27 -6.8235 17.4335 -2.58017 0.245075
15.28 -6.83549 16.6437 -2.60205 0.269783
15.29 -6.84007 17.4427 -2.62 0.26801
15.3 -6.79531 16.5466 -2.63914 0.295121
15.31 -6.76614 17.371 -2.6494 0.286569
15.32 -6.75786 16.5904 -2.66494 0.316306
15.33 -6.80622 17.0938 -2.67978 0.305912
15.34 -6.83576 16.4211 -2.69496 0.333648
15.35 -6.80021 17.0864 -2.70329 0.319911
15.36 -6.81154 16.4984 -2.72492 0.343088
15.37 -6.98647 17.5309 -2.73469 0.339065
15.38 -7.14057 16.8271 -2.76454 0.360578
15.39 -7.11203 17.4882 -2.76287 0.34555
15.4 -7.00349 16.6204 -2.76597 0.368359
15.41 -6.91609 17.5403 -2.75799 0.352239
15.42 -6.94937 16.6495 -2.76662 0.373473
15.43 -7.01266 17.5796 -2.77505 0.353263
15.44 -7.1783 16.9334 -2.79495 0.376474
15.45 -7.43631 18.1567 -2.80838 0.365181
15.46 -7.6935 17.4628 -2.8385 0.382981
15.47 -7.92139 18.4637 -2.85138 0.371438
15.48 -8.10472 17.7878 -2.86936 0.389196
15.49 -8.09884 18.5539 -2.88067 0.370098
15.5 -8.17599 17.8637 -2.89628 0.389435
15.51 -8.12322 18.4569 -2.90914 0.377298
15.52 -8.21245 17.6905 -2.91642 0.396145
15.53 -7.89914 18.3928 -2.91903 0.380953
15.54 -7.93747 17.5558 -2.92688 0.401757
15.55 -7.82577 18.1335 -2.93901 0.390807
15.56 -7.77828 17.272 -2.95367 0.406576
15.57 -7.78214 18.2274 -2.96115 0.400169
15.58 -7.93995 17.6309 -2.98307 0.42052
15.59 -7.98397 18.2836 -3.00369 0.400126
15.6 -8.13077 17.7778 -3.01882 0.419241
15.61 -8.1352 18.5893 -3.033 0.404828
15.62 -8.29295 17.8008 -3.04701 0.42199
15.63 -8.35125 18.4919 -3.06156 0.40246
15.64 -8.40367 17.8108 -3.07432 0.426792
15.65 -8.54883 18.629 -3.08703 0.407025
15.66 -8.46021 17.7538 -3.09997 0.425614
15.67 -8.22626 18.411 -3.09739 0.407062
15.68 -7.94356 17.5485 -3.10084 0.421718
15.69 -7.95624 18.1211 -3.09473 0.398653
15.7 -7.77145 17.3735 -3.09785 0.415629
15.71 -7.59222 17.7446 -3.09116 0.403564
15.72 -7.35215 16.815 -3.0926 0.421973
15.73 -7.47394 17.9294 -3.09608 0.401564
15.74 -7.71014 17.2954 -3.11085 0.421898
15.75 -7.82773 17.9593 -3.1208 0.408668
15.76 -7.71654 17.3423 -3.13349 0.425822
15.77 -7.70157 18.0598 -3.13512 0.410833
15.78 -7.74756 17.4052 -3.14397 0.428908
15.79 -7.76583 17.8383 -3.1493 0.411235
15.8 -7.7003 17.1125 -3.15594 0.430834
15.81 -7.4971 17.7685 -3.15969 0.421542
15.82 -7.50182 17.0912 -3.16226 0.437835
15.83 -7.4269 17.7061 -3.16175 0.427703
15.84 -7.34379 17.0865 -3.17168 0.444486
15.85 -7.45299 17.7472 -3.17294 0.429542
15.86 -7.35927 17.2431 -3.18752 0.448104
15.87 -7.47586 17.6767 -3.1911 0.441735
15.88 -7.50924 17.1949 -3.2137 0.452832
15.89 -7.54633 17.8422 -3.21209 0.440352
15.9 -7.46651 16.9809 -3.22084 0.45685
15.91 -7.50612 17.8734 -3.22959 0.43623
15.92 -7.32305 16.9828 -3.2324 0.456385
15.93 -7.1849 17.761 -3.22893 0.443879
15.94 -7.17056 16.8355 -3.23433 0.455779
15.95 -6.99776 17.5587 -3.23459 0.443202
15.96 -7.10294 16.8796 -3.23593 0.458715
15.97 -7.06296 17.6528 -3.25194 0.443007
15.98 -7.18763 16.9253 -3.26422 0.462722
15.99 -7.31899 17.8151 -3.27374 0.451015
16 -7.17194 16.979 -3.28263 0.470438
16.01 -7.12878 17.6776 -3.28624 0.455458
16.02 -7.00483 16.8199 -3.29001 0.473612
16.03 -6.89835 17.4604 -3.28665 0.4564
16.04 -6.87825 16.776 -3.30039 0.478578
16.05 -6.97049 17.5498 -3.30504 0.464596
16.06 -7.02678 16.8356 -3.31822 0.480529
16.07 -7.01489 17.5197 -3.32586 0.467202
16.08 -7.04958 16.8188 -3.33624 0.491518
16.09 -6.92851 17.4233 -3.34247 0.474684
16.1 -6.96971 16.764 -3.34928 0.490633
16.11 -6.83241 17.3804 -3.35119 0.480977
16.12 -6.74377 16.7883 -3.35526 0.49185
16.13 -6.85566 17.3568 -3.35225 0.487746
16.14 -6.67724 16.6078 -3.36125 0.504256
16.15 -6.69891 17.2399 -3.36165 0.493879
16.16 -6.65799 16.4062 -3.37265 0.505002
16.17 -6.75411 17.0396 -3.37577 0.495475
16.18 -6.82718 16.5792 -3.3939 0.518779
16.19 -7.02422 17.3395 -3.40812 0.497755
16.2 -6.99484 16.6822 -3.4191 0.514085
16.21 -6.83109 17.0795 -3.42392 0.506694
16.22 -6.80233 16.3416 -3.43 0.519568
16.23 -6.6958 17.0076 -3.43061 0.506152
16.24 -6.63469 16.4293 -3.43245 0.525857
16.25 -6.57331 16.9993 -3.43599 0.511166
16.26 -6.56582 16.1203 -3.44041 0.528925
16.27 -6.44757 16.8275 -3.44413 0.518482
16.28 -6.44265 15.9525 -3.45609 0.527504
16.29 -6.50723 16.5803 -3.45627 0.515408
16.3 -6.58042 16.2277 -3.47087 0.52624
16.31 -6.53696 16.668 -3.47343 0.511515
16.32 -6.38559 16.0365 -3.48531 0.531128
16.33 -6.27366 16.6837 -3.48228 0.518095
16.34 -6.2692 16.0379 -3.48776 0.530638
16.35 -6.36793 16.7123 -3.49334 0.512426
16.36 -6.29749 15.9128 -3.5002 0.543187
16.37 -6.41861 16.5789 -3.51103 0.520365
16.38 -6.4485 16.1776 -3.52398 0.534475
16.39 -6.56157 17.0688 -3.54181 0.523562
16.4 -6.64065 16.0028 -3.5423 0.541256
16.41 -6.76398 16.6018 -3.54809 0.522614
16.42 -6.59824 15.9484 -3.5599 0.550973
16.43 -6.59673 16.4671 -3.57196 0.538754
16.44 -6.67466 16.249 -3.59129 0.561883
16.45 -6.9412 16.9531 -3.60711 0.551724
16.46 -6.85928 16.1 -3.63004 0.56205
16.47 -6.63059 16.5637 -3.6226 0.549598
16.48 -6.39138 15.6662 -3.61519 0.566702
16.49 -6.36145 16.5178 -3.61935 0.553975
16.5 -6.41794 15.9222 -3.63472 0.573828
16.51 -6.56379 16.2733 -3.64833 0.563257
16.52 -6.77192 15.8878 -3.67183 0.576667
16.53 -6.80279 16.6145 -3.68695 0.566891
16.54 -6.93915 16.0804 -3.70718 0.580126
16.55 -6.91211 16.8495 -3.71867 0.572783
16.56 -6.90829 15.8619 -3.72616 0.591758
16.57 -6.53403 16.4657 -3.72952 0.57312
16.58 -6.47188 15.7242 -3.73557 0.593995
16.59 -6.52851 16.373 -3.73718 0.582775
16.6 -6.31037 15.2363 -3.74765 0.599775
16.61 -6.38987 16.0852 -3.75787 0.585942
16.62 -6.27887 15.665 -3.76993 0.609139
16.63 -6.38297 16.2402 -3.78933 0.597957
16.64 -6.49669 15.6771 -3.80383 0.615721
16.65 -6.4807 16.3047 -3.81877 0.602013
16.66 -6.53603 15.8385 -3.83141 0.621498
16.67 -6.70848 16.5006 -3.84502 0.60792
16.68 -6.61227 15.5003 -3.85227 0.629331
16.69 -6.52212 16.4039 -3.84849 0.614453
16.7 -6.3449 15.6482 -3.84798 0.626403
16.71 -6.31898 16.0372 -3.84926 0.614815
16.72 -6.32329 15.3642 -3.86702 0.632894
16.73 -6.37245 15.9237 -3.86897 0.612827
16.74 -6.43611 15.4262 -3.89097 0.635664
16.75 -6.63028 16.3375 -3.90721 0.626499
16.76 -6.78435 15.6 -3.92726 0.640047
16.77 -6.70648 16.3787 -3.93863 0.627622
16.78 -6.83791 15.6771 -3.95133 0.65198
16.79 -6.7186 16.2541 -3.96468 0.629697
16.8 -6.65094 15.5069 -3.96768 0.647994
16.81 -6.52447 16.0354 -3.97459 0.641167
16.82 -6.51261 15.3186 -3.98197 0.656188
16.83 -6.3202 15.7996 -3.97896 0.642914
16.84 -6.31718 15.1819 -3.9927 0.661371
16.85 -6.39147 16.0113 -4.00296 0.636964
16.86 -6.4021 15.1253 -4.0089 0.650165
16.87 -6.38548 15.7618 -4.01656 0.641843
16.88 -6.43432 15.2131 -4.02996 0.656202
16.89 -6.36126 15.7945 -4.03051 0.638574
16.9 -6.31908 15.2755 -4.03657 0.659627
16.91 -6.38947 16.0888 -4.03442 0.636437
16.92 -6.27921 15.1256 -4.04129 0.657895
16.93 -6.27056 15.8179 -4.04005 0.639966
16.94 -6.2352 14.8436 -4.0426 0.655563
16.95 -6.22165 15.8251 -4.0434 0.642573
16.96 -6.20452 15.0656 -4.0622 0.66386
16.97 -6.2899 15.9219 -4.06935 0.65377
16.98 -6.31874 15.0494 -4.08219 0.674944
16.99 -6.35016 15.8217 -4.08881 0.659623
17 -6.19957 14.7245 -4.10118 0.677581
17.01 -6.18189 15.5438 -4.09733 0.668085
17.02 -6.03093 15.1687 -4.10538 0.686656
17.03 -6.27072 15.5677 -4.11221 0.661064
17.04 -6.18776 14.9653 -4.12163 0.687445
17.05 -6.14189 15.4354 -4.13312 0.66931
17.06 -6.26967 14.7273 -4.14008 0.678977
17.07 -6.26236 15.3623 -4.14663 0.670231
17.08 -6.10812 14.8411 -4.1564 0.689499
17.09 -6.10383 15.3107 -4.15746 0.671368
17.1 -5.91388 14.4866 -4.16601 0.68742
17.11 -6.06608 15.6067 -4.1657 0.669989
17.12 -5.94118 14.5219 -4.17512 0.685829
17.13 -5.98635 15.2052 -4.1771 0.673037
17.14 -6.01828 14.3673 -4.18927 0.682124
17.15 -5.99201 15.2861 -4.18926 0.675727
17.16 -5.74864 14.2652 -4.1957 0.69532
17.17 -5.89218 15.064 -4.20551 0.674323
17.18 -5.90935 14.4266 -4.20533 0.692342
17.19 -6.06158 15.0513 -4.22523 0.677872
17.2 -6.10751 14.6927 -4.23652 0.694984
17.21 -6.29194 15.5241 -4.24878 0.692068
17.22 -6.40204 14.697 -4.26824 0.707909
17.23 -6.6043 15.5443 -4.28806 0.693344
17.24 -6.74831 14.4599 -4.31584 0.72041
17.25 -6.7625 15.4153 -4.32877 0.703538
17.26 -6.80156 15.0445 -4.34758 0.724436
17.27 -6.65382 15.3062 -4.35506 0.713576
17.28 -6.32147 14.6513 -4.36965 0.72928
17.29 -6.17773 15.106 -4.37077 0.722392
17.3 -6.13029 14.2857 -4.37344 0.741849
17.31 -6.21177 15.0959 -4.38237 0.727047
17.32 -6.07001 14.1783 -4.4016 0.742695
17.33 -6.3463 15.1165 -4.40752 0.728966
17.34 -6.36593 14.5148 -4.43559 0.744589
17.35 -6.50538 15.3463 -4.43501 0.73241
17.36 -6.48364 14.5221 -4.44761 0.749359
17.37 -6.30018 15.1021 -4.45272 0.739647
17.38 -6.24203 14.2789 -4.45406 0.747
17.39 -6.11846 14.8401 -4.4482 0.72764
17.4 -5.95701 14.1995 -4.45343 0.752662
17.41 -5.87084 14.666 -4.45544 0.731954
17.42 -5.87897 13.8905 -4.46116 0.744884
17.43 -5.84211 14.7867 -4.46408 0.74645
17.44 -6.11277 14.1971 -4.48189 0.750017
17.45 -6.08742 15.0611 -4.49261 0.743659
17.46 -6.25861 14.2051 -4.51065 0.754079
17.47 -6.41093 14.9467 -4.51947 0.74304
17.48 -6.47957 14.3755 -4.53331 0.7662
17.49 -6.48386 15.1943 -4.54573 0.755918
17.5 -6.61374 14.4711 -4.55661 0.767312
17.51 -6.70298 14.9929 -4.55653 0.758501
17.52 -6.60613 14.7102 -4.57795 0.775983
17.53 -6.54623 15.0944 -4.58456 0.761124
17.54 -6.52629 14.3251 -4.58895 0.777731
17.55 -6.59257 14.6783 -4.59127 0.767948
17.56 -6.39173 14.184 -4.6086 0.780538
17.57 -6.35523 14.904 -4.61586 0.76644
17.58 -6.39949 14.2099 -4.62433 0.784415
17.59 -6.55386 14.8329 -4.62955 0.769529
17.6 -6.40509 14.3021 -4.63816 0.793355
17.61 -6.20622 15.0613 -4.64033 0.779992
17.62 -6.14453 14.0942 -4.64107 0.789292
17.63 -6.15859 14.9256 -4.65127 0.786625
17.64 -6.16551 14.0125 -4.65241 0.795579
17.65 -6.17597 14.8959 -4.65981 0.779595
17.66 -6.09175 14.1245 -4.66621 0.794867
17.67 -6.19922 14.4502 -4.66279 0.780064
17.68 -6.14473 14.041 -4.67033 0.799895
17.69 -6.11426 14.7782 -4.6714 0.785754
17.7 -6.08291 14.0012 -4.68202 0.807031
17.71 -6.21883 14.7524 -4.68919 0.791359
17.72 -6.39402 13.9192 -4.70391 0.814441
17.73 -6.40289 14.8182 -4.71545 0.796732
17.74 -6.47018 14.4016 -4.72537 0.81295
17.75 -6.50132 14.8369 -4.73079 0.806986
17.76 -6.44602 13.9433 -4.73859 0.815929
17.77 -6.31946 14.6681 -4.74816 0.80427
17.78 -6.25471 14.203 -4.75896 0.823661
17.79 -6.3377 14.5581 -4.7656 0.814292
17.8 -6.32724 13.9807 -4.78035 0.834027
17.81 -6.26353 14.4216 -4.79447 0.819698
17.82 -6.44738 13.8924 -4.80806 0.836224
17.83 -6.48653 14.8424 -4.8377 0.826221
17.84 -6.71123 14.3094 -4.8559 0.840343
17.85 -6.5959 14.9186 -4.85991 0.826881
17.86 -6.22286 14.1136 -4.86451 0.842351
17.87 -5.82984 14.5467 -4.847 0.832722
17.88 -5.59219 13.6513 -4.83377 0.851112
17.89 -5.60235 14.0011 -4.8333 0.828284
17.9 -5.73282 13.0888 -4.84205 0.838992
17.91 -5.93627 14.1351 -4.85895 0.821274
17.92 -6.03388 13.9893 -4.87988 0.843579
17.93 -6.44038 14.5845 -4.89459 0.824711
17.94 -6.52074 14.0335 -4.91202 0.848746
17.95 -6.44059 14.5627 -4.91954 0.832325
17.96 -6.33332 13.9022 -4.92359 0.846064
17.97 -6.35284 14.4157 -4.92847 0.842279
17.98 -6.29798 13.7082 -4.94417 0.851046
17.99 -6.47302 14.5856 -4.95457 0.84348
18 -6.46736 13.9332 -4.97288 0.862412
18.01 -6.53701 14.3979 -4.98391 0.851924
18.02 -6.6329 13.5849 -5.00497 0.865253
18.03 -6.6678 14.3932 -5.02514 0.848399
18.04 -6.78765 13.7922 -5.05319 0.876233
18.05 -6.83317 14.8017 -5.06864 0.857821
18.06 -6.71466 13.9523 -5.09444 0.880256
18.07 -6.48563 14.2423 -5.08463 0.864285
18.08 -6.09405 13.7579 -5.07653 0.882146
18.09 -5.68708 13.7166 -5.06203 0.867039
18.1 -5.66751 13.0274 -5.05811 0.88701
18.11 -5.68913 13.6731 -5.05908 0.873626
18.12 -5.78926 13.3635 -5.08388 0.887082
18.13 -6.43415 14.0997 -5.09886 0.876
18.14 -6.63983 13.5635 -5.12391 0.888416
18.15 -6.84131 14.6761 -5.13545 0.876844
18.16 -6.65278 13.9715 -5.14505 0.897224
18.17 -6.71209 14.525 -5.14369 0.884655
18.18 -6.44477 13.9037 -5.15041 0.909231
18.19 -6.30279 14.2922 -5.14706 0.88715
18.2 -6.241 13.3598 -5.15514 0.905319
18.21 -6.14428 13.8695 -5.1637 0.898081
18.22 -6.26499 13.504 -5.18297 0.922798
18.23 -6.40408 14.2406 -5.19711 0.898414
18.24 -6.51771 13.3752 -5.21759 0.913477
18.25 -6.37853 14.0536 -5.22214 0.906356
18.26 -6.13298 13.6031 -5.23237 0.923489
18.27 -6.22637 14.3443 -5.23734 0.901526
18.28 -6.32251 13.6165 -5.24349 0.911108
18.29 -6.22617 13.9546 -5.23848 0.902015
18.3 -5.87219 13.1995 -5.23285 0.924634
18.31 -5.9007 13.7723 -5.22011 0.902782
18.32 -5.98265 13.2971 -5.2353 0.907653
18.33 -6.16652 13.5669 -5.23327 0.892839
18.34 -6.20877 13.2601 -5.24196 0.909005
18.35 -6.21787 14.0593 -5.24371 0.88783
18.36 -6.16585 13.188 -5.24615 0.909395
18.37 -5.96749 13.904 -5.24018 0.892954
18.38 -5.8682 13.2341 -5.2372 0.902079
18.39 -5.82703 13.6347 -5.22391 0.89682
18.4 -5.87489 13.2461 -5.23533 0.918805
18.41 -6.01684 13.7766 -5.24749 0.903884
18.42 -6.37461 13.4173 -5.26304 0.922437
18.43 -6.53083 14.5038 -5.28729 0.906775
18.44 -6.63461 13.5263 -5.30617 0.921209
18.45 -6.6298 14.3243 -5.31573 0.90973
18.46 -6.35946 13.5977 -5.32503 0.927488
18.47 -6.34015 14.0396 -5.3124 0.915608
18.48 -5.96007 13.0335 -5.33061 0.930977
18.49 -5.76002 13.4764 -5.31551 0.929051
18.5 -5.66842 12.6687 -5.32437 0.933878
18.51 -5.56813 13.3631 -5.32976 0.915929
18.52 -5.82767 12.6596 -5.3398 0.939532
18.53 -5.9082 13.3243 -5.35687 0.926307
18.54 -6.04262 12.8674 -5.36771 0.941664
18.55 -6.15719 14.0087 -5.38913 0.924743
18.56 -6.25763 13.0571 -5.40162 0.943823
18.57 -6.1723 13.7143 -5.40057 0.925804
18.58 -5.7964 12.8403 -5.40051 0.943723
18.59 -5.70204 13.3791 -5.39291 0.932266
18.6 -5.93564 12.7727 -5.40407 0.947542
18.61 -5.70678 13.2832 -5.4116 0.939829
18.62 -5.73703 12.5097 -5.41199 0.95436
18.63 -5.77524 13.2282 -5.41942 0.930239
18.64 -5.9388 12.5004 -5.43772 0.949606
18.65 -5.81664 13.1073 -5.44835 0.944551
18.66 -5.86759 12.3005 -5.46079 0.95078
18.67 -5.94244 13.3899 -5.46407 0.935815
18.68 -5.78412 12.5528 -5.48096 0.965718
18.69 -5.91897 12.9301 -5.48829 0.948091
18.7 -5.88321 12.8638 -5.51868 0.972131
18.71 -6.07328 13.1896 -5.52109 0.957801
18.72 -6.26762 13.1401 -5.54723 0.97189
18.73 -6.14386 13.3628 -5.55488 0.970639
18.74 -6.2296 12.6545 -5.56651 0.980349
18.75 -5.88764 13.172 -5.57357 0.965826
18.76 -5.80604 12.3333 -5.57187 0.985225
18.77 -5.71183 12.9039 -5.5702 0.970505
18.78 -5.4494 12.1902 -5.57072 0.98574
18.79 -5.53116 12.6699 -5.57397 0.973602
18.8 -5.50939 12.2862 -5.57919 0.986382
18.81 -5.4743 12.6226 -5.58165 0.987751
18.82 -5.71335 12.0484 -5.59016 0.990459
18.83 -5.82782 12.9105 -5.59811 0.972843
18.84 -6.0611 12.6305 -5.60832 0.995068
18.85 -6.07429 13.1041 -5.62104 0.9783
18.86 -6.12874 12.4692 -5.62409 0.997552
18.87 -6.0751 12.8971 -5.62171 0.9768
18.88 -5.87644 12.3919 -5.62021 0.994309
18.89 -5.8157 12.9092 -5.62344 0.981295
18.9 -5.50597 12.148 -5.61952 0.9905
18.91 -5.53804 12.8006 -5.61915 0.981376
18.92 -5.37544 12.1709 -5.62257 0.991681
18.93 -5.36968 12.3785 -5.61927 0.983402
18.94 -5.23111 12.0786 -5.63066 0.990762
18.95 -5.33795 12.9227 -5.62479 0.98512
18.96 -5.45223 12.1322 -5.63689 1.00059
18.97 -5.46173 12.8739 -5.63636 0.989017
18.98 -5.64545 12.4327 -5.65033 1.00273
18.99 -5.83403 13.2247 -5.65206 0.98922
19 -5.96574 12.4786 -5.66592 0.998898
19.01 -5.94149 12.9997 -5.67492 0.987936
19.02 -5.94662 11.9549 -5.68555 1.01568
19.03 -6.02791 13.2704 -5.69217 0.993387
19.04 -5.82628 12.2528 -5.70271 1.01554
19.05 -5.85311 12.6034 -5.70511 0.992774
19.06 -5.38605 12.0288 -5.70763 1.02223
19.07 -5.41991 12.5556 -5.71475 1.00463
19.08 -5.52266 11.8447 -5.72545 1.0231
19.09 -5.70828 12.5136 -5.7478 1.01293
19.1 -5.82147 12.2467 -5.77022 1.02977
19.11 -6.11134 12.9674 -5.78368 1.01883
19.12 -6.34642 12.3788 -5.81839 1.02203
19.13 -6.21944 13.0988 -5.82681 1.02881
19.14 -6.08422 12.0594 -5.84587 1.03803
19.15 -5.84813 12.7813 -5.83781 1.02501
19.16 -5.68983 12.1028 -5.83881 1.0391
19.17 -5.25264 12.0983 -5.83687 1.03404
19.18 -5.33027 11.6626 -5.84746 1.03976
19.19 -5.45146 12.02 -5.84769 1.03218
19.2 -5.73551 11.7405 -5.86364 1.04403
19.21 -5.79952 12.8868 -5.87935 1.02995
19.22 -5.73709 11.7356 -5.88243 1.05076
19.23 -5.74937 12.7675 -5.89627 1.03406
19.24 -5.73979 11.8875 -5.89151 1.05185
19.25 -5.70162 12.5553 -5.89139 1.04014
19.26 -5.68789 11.8734 -5.89518 1.05306
19.27 -5.79852 12.6951 -5.90616 1.04543
19.28 -6.04472 11.8866 -5.91658 1.05172
19.29 -6.10374 12.6378 -5.92527 1.0453
19.3 -6.11504 12.2033 -5.94394 1.06178
19.31 -6.12481 12.7266 -5.94238 1.04247
19.32 -6.04531 11.9396 -5.95792 1.05868
19.33 -5.846 12.3721 -5.95077 1.05037
19.34 -5.52777 11.4889 -5.95094 1.06372
19.35 -5.31437 12.2009 -5.94117 1.05492
19.36 -5.13888 11.1793 -5.94575 1.07495
19.37 -5.25281 11.8159 -5.93899 1.05782
19.38 -5.35035 11.6328 -5.95862 1.06971
19.39 -5.43167 12.1562 -5.96094 1.06131
19.4 -5.74274 11.8122 -5.97754 1.06807
19.41 -5.73959 12.4859 -5.98235 1.04932
19.42 -5.71116 11.6823 -5.98712 1.06716
19.43 -5.67984 12.4617 -5.98799 1.0455
19.44 -5.55196 11.8423 -5.99 1.07264
19.45 -5.39898 11.7952 -5.9859 1.04597
19.46 -5.09118 11.3424 -5.98654 1.06098
19.47 -4.96158 11.7155 -5.98148 1.05023
19.48 -5.00135 10.9332 -5.98062 1.06012
19.49 -4.95095 11.6815 -5.98076 1.0519
19.5 -4.8391 10.954 -5.98484 1.07016
19.51 -4.8892 11.5238 -5.98488 1.05596
19.52 -4.90179 11.0709 -5.9961 1.07291
19.53 -5.15201 11.6559 -5.99758 1.05841
19.54 -5.5098 11.7182 -6.02533 1.07393
19.55 -5.71105 12.5677 -6.03632 1.06102
19.56 -5.85281 11.8733 -6.05432 1.07791
19.57 -5.86666 12.4188 -6.04061 1.0618
19.58 -5.53654 11.4993 -6.04201 1.0756
19.59 -4.95979 12.1949 -6.0255 1.066
19.6 -4.76269 11.0056 -6.01483 1.08626
19.61 -4.68609 11.4177 -5.99614 1.06746
19.62 -4.53551 10.7922 -5.99796 1.08036
19.63 -4.60938 11.7309 -5.99767 1.06557
19.64 -4.97686 11.2501 -6.01084 1.07897
19.65 -5.40179 11.9999 -6.0265 1.06398
19.66 -5.48032 11.539 -6.03469 1.07761
19.67 -5.50556 12.3237 -6.04573 1.0477
19.68 -5.58232 11.8855 -6.04906 1.07348
19.69 -5.42568 12.0832 -6.04326 1.05835
19.7 -5.27186 11.3916 -6.04714 1.06578
19.71 -5.05328 12.1199 -6.04687 1.05572
19.72 -4.895 11.2893 -6.04704 1.0785
19.73 -4.85677 11.8676 -6.06178 1.05879
19.74 -4.8352 11.0236 -6.06992 1.08461
19.75 -4.81176 11.1985 -6.07327 1.06745
19.76 -4.89763 11.1369 -6.09865 1.08448
19.77 -4.97722 11.5599 -6.10543 1.07185
19.78 -5.08706 11.0821 -6.12184 1.08546
19.79 -5.04657 12.1717 -6.12732 1.08095
19.8 -5.0345 11.1679 -6.1282 1.09061
19.81 -5.25544 12.0893 -6.12851 1.07728
19.82 -5.3099 11.2278 -6.14157 1.09425
19.83 -5.42763 12.3046 -6.16495 1.07309
19.84 -5.53753 11.3976 -6.1682 1.09599
19.85 -5.48234 11.8508 -6.17749 1.08911
19.86 -5.53589 11.3236 -6.18785 1.10603
19.87 -5.34008 11.6659 -6.19043 1.08815
19.88 -5.1162 10.8389 -6.19181 1.10245
19.89 -4.86376 11.2242 -6.19585 1.08709
19.9 -4.702 10.6613 -6.19627 1.11422
19.91 -4.84628 11.1597 -6.19187 1.09324
19.92 -4.89624 10.7451 -6.21081 1.10948
19.93 -4.97015 11.4757 -6.20719 1.10337
19.94 -5.09662 10.7582 -6.22844 1.11766
19.95 -5.09858 11.6978 -6.22996 1.10286
19.96 -5.1545 10.7087 -6.23556 1.11098
19.97 -5.19504 11.5609 -6.23369 1.09951
19.98 -4.98846 11.2347 -6.23573 1.12308
19.99 -5.02494 11.9193 -6.2413 1.10104
20 -5.07655 10.8544 -6.23458 1.11866
20.01 -4.79048 11.4468 -6.23604 1.11592
20.02 -4.6583 10.6024 -6.23471 1.12147
20.03 -4.42426 11.1365 -6.22618 1.10617
20.04 -4.28988 11.357 -6.22096 1.13562
20.05 -4.18796 12.0927 -6.21176 1.11006
20.06 -4.0849 11.5155 -6.18372 1.1308
20.07 -3.69694 11.8417 -6.12203 1.10523
20.08 -2.95712 10.721 -6.04665 1.11103
20.09 -2.36785 10.7572 -5.95532 1.08956
20.1 -2.34629 9.63912 -5.89171 1.09084
20.11 -2.72502 10.7207 -5.82949 1.06644
20.12 -3.46264 11.0298 -5.82477 1.06803
20.13 -4.73165 12.4498 -5.82874 1.039
20.14 -5.9302 12.5842 -5.85138 1.03794
20.15 -6.1025 13.3601 -5.85293 1.0261
20.16 -5.98663 13.2144 -5.85185 1.03732
20.17 -5.59245 13.6015 -5.8396 1.02252
20.18 -4.9779 12.4752 -5.82931 1.04385
20.19 -4.23623 12.481 -5.81001 1.03227
20.2 -3.62161 11.4239 -5.80002 1.05072
20.21 -3.13021 11.3742 -5.78435 1.04097
20.22 -2.71572 10.4603 -5.78168 1.05757
20.23 -2.50952 10.9109 -5.77473 1.04849
20.24 -2.42838 10.2973 -5.77433 1.05843
20.25 -2.61616 11.046 -5.76765 1.0419
20.26 -2.90419 10.6879 -5.76341 1.05191
20.27 -3.18398 11.5842 -5.75864 1.03556
20.28 -3.53338 11.2392 -5.75521 1.04266
20.29 -3.84937 12.2462 -5.74988 1.02604
20.3 -4.04991 11.833 -5.75124 1.03594
20.31 -4.15058 12.5297 -5.75112 1.02101
20.32 -4.24961 11.9003 -5.76028 1.03321
20.33 -4.19941 12.4021 -5.76238 1.02222
20.34 -4.12932 11.5229 -5.76943 1.03958
20.35 -3.91335 11.935 -5.77726 1.02883
20.36 -3.66801 11.247 -5.78452 1.0475
20.37 -3.53693 11.5858 -5.78109 1.03838
20.38 -3.28031 10.952 -5.78409 1.05624
20.39 -3.16052 11.4712 -5.77526 1.04434
20.4 -3.11691 10.8838 -5.76797 1.05897
20.41 -3.07707 11.4331 -5.75348 1.04417
20.42 -3.12729 10.926 -5.74267 1.05257
20.43 -3.24042 11.6514 -5.72982 1.03343
20.44 -3.41259 11.1885 -5.72495 1.04618
20.45 -3.57128 11.9331 -5.71968 1.02753
20.46 -3.7054 11.4642 -5.72181 1.03649
20.47 -3.86858 12.1077 -5.71968 1.02327
20.48 -3.75437 11.4248 -5.727 1.03526
20.49 -3.68785 11.9433 -5.72848 1.02345
20.5 -3.46744 11.1001 -5.73588 1.03862
20.51 -3.26114 11.6193 -5.738 1.02585
20.52 -3.08782 10.8553 -5.74627 1.04409
20.53 -2.96735 11.3035 -5.74476 1.03384
20.54 -2.84364 10.6105 -5.7495 1.05046
20.55 -2.75519 11.1267 -5.74354 1.03734
20.56 -2.75084 10.5955 -5.73932 1.05202
20.57 -2.81874 11.2559 -5.73109 1.03744
20.58 -2.96713 10.7565 -5.73008 1.05018
20.59 -3.19058 11.4703 -5.72116 1.03531
20.6 -3.3117 11.0055 -5.719 1.0468
20.61 -3.36917 11.6283 -5.71135 1.03174
20.62 -3.36839 11.0865 -5.71245 1.04098
20.63 -3.48419 11.7321 -5.71101 1.02855
20.64 -3.42605 11.2536 -5.71729 1.04118
20.65 -3.37595 11.7509 -5.71819 1.02767
20.66 -3.2978 10.9865 -5.72538 1.04638
20.67 -3.14969 11.539 -5.71868 1.03239
20.68 -2.90263 10.7311 -5.72179 1.04668
20.69 -2.79202 11.0804 -5.71058 1.0338
20.7 -2.68724 10.5286 -5.70608 1.04713
20.71 -2.71642 11.1721 -5.70003 1.03338
20.72 -2.81706 10.7065 -5.69719 1.04397
20.73 -2.85814 11.3111 -5.69148 1.02933
20.74 -2.99105 10.7704 -5.68459 1.04028
20.75 -3.13002 11.562 -5.67809 1.02671
20.76 -3.21517 11.0427 -5.67859 1.03855
20.77 -3.25615 11.7202 -5.68094 1.02274
20.78 -3.36939 11.1508 -5.68438 1.03752
20.79 -3.34127 11.7781 -5.68647 1.02415
20.8 -3.29741 11.0833 -5.68821 1.0408
20.81 -3.19781 11.5615 -5.68837 1.02679
20.82 -3.00931 10.7923 -5.69246 1.04245
20.83 -2.8989 11.3292 -5.68726 1.03015
20.84 -2.84346 10.6862 -5.69129 1.04432
20.85 -2.83666 11.2581 -5.68857 1.03177
20.86 -2.8067 10.6314 -5.69175 1.04467
20.87 -2.80146 11.2336 -5.68434 1.02831
20.88 -2.7927 10.6564 -5.68159 1.03832
20.89 -2.87566 11.3021 -5.67181 1.02583
20.9 -2.98213 10.8515 -5.67214 1.03483
20.91 -3.07489 11.4986 -5.66671 1.02319
20.92 -3.07737 10.9935 -5.66404 1.03204
20.93 -3.08703 11.55 -5.65887 1.02111
20.94 -3.01733 10.8826 -5.65929 1.0323
20.95 -2.92104 11.3312 -5.65645 1.02248
20.96 -2.7919 10.6851 -5.66123 1.03451
20.97 -2.69406 11.1494 -5.66211 1.02302
20.98 -2.56673 10.4723 -5.66728 1.0384
20.99 -2.5064 11.0467 -5.66654 1.02619
21 -2.4246 10.3843 -5.67155 1.03992
21.01 -2.47107 10.8627 -5.671 1.02687
21.02 -2.39037 10.2938 -5.66789 1.04108
21.03 -2.45948 10.8647 -5.66568 1.0281
21.04 -2.41215 10.3216 -5.66945 1.03606
21.05 -2.71024 11.0803 -5.66584 1.02553
21.06 -2.77151 10.5772 -5.67032 1.03569
21.07 -2.8536 11.2999 -5.6652 1.02456
21.08 -2.85574 10.6075 -5.66886 1.03241
21.09 -2.87924 11.1675 -5.66785 1.02321
21.1 -2.88274 10.614 -5.67298 1.03582
21.11 -2.83403 11.1731 -5.66949 1.02572
21.12 -2.75351 10.5845 -5.67268 1.03908
21.13 -2.70393 11.0112 -5.66552 1.028
21.14 -2.54159 10.4244 -5.66641 1.04172
21.15 -2.48067 10.869 -5.65764 1.03021
21.16 -2.39988 10.3522 -5.65449 1.04236
21.17 -2.49215 10.9549 -5.64384 1.02688
21.18 -2.42272 10.3799 -5.64391 1.03773
21.19 -2.47664 11.0021 -5.63529 1.02265
21.2 -2.54127 10.445 -5.62864 1.034
21.21 -2.5004 11.0893 -5.62133 1.02017
21.22 -2.52763 10.4976 -5.61784 1.03272
21.23 -2.53384 11.0868 -5.61774 1.01932
21.24 -2.53822 10.4962 -5.62335 1.03188
21.25 -2.5684 11.1032 -5.62545 1.01811
21.26 -2.58494 10.5366 -5.63338 1.03368
21.27 -2.5102 11.0579 -5.63391 1.02311
21.28 -2.52608 10.2629 -5.63857 1.03594
21.29 -2.42617 10.8551 -5.63963 1.02333
21.3 -2.47813 10.4144 -5.6442 1.03691
21.31 -2.46082 10.9502 -5.64318 1.02473
21.32 -2.4653 10.3946 -5.6472 1.03607
21.33 -2.54417 10.9655 -5.6415 1.02352
21.34 -2.60844 10.4296 -5.64081 1.03616
21.35 -2.59269 11.0322 -5.63367 1.01977
21.36 -2.58372 10.4806 -5.6333 1.03365
21.37 -2.61616 11.0849 -5.62668 1.01856
21.38 -2.65604 10.5541 -5.63069 1.03374
21.39 -2.65221 11.1987 -5.62839 1.01997
21.4 -2.67879 10.6259 -5.62968 1.03256
21.41 -2.56867 11.1801 -5.62691 1.01946
21.42 -2.63057 10.5743 -5.6313 1.0346
21.43 -2.5547 11.0877 -5.62866 1.01978
21.44 -2.59374 10.5389 -5.63219 1.03538
21.45 -2.52952 11.123 -5.63079 1.01853
21.46 -2.58068 10.4822 -5.63233 1.0349
21.47 -2.62636 11.0494 -5.62607 1.01977
21.48 -2.5932 10.5516 -5.62508 1.03237
21.49 -2.6138 11.1398 -5.6191 1.01857
21.5 -2.65751 10.4235 -5.61729 1.03397
