0 0.836624 -0.219219 0.0697178 -0.021012
0.01 0.767398 -1.38747 0.0816266 0.0117326
0.02 0.855425 0.140791 0.0664467 -0.0169812
0.03 1.02933 -1.1158 0.0702781 0.0167435
0.04 1.2602 -0.120685 0.0845209 -0.0196436
0.05 1.74918 -2.411 0.136712 0.00856445
0.06 1.98519 -1.02459 0.166152 -0.0262979
0.07 1.87579 -2.4781 0.186103 0.00321283
0.08 1.57072 -0.887477 0.180634 -0.019619
0.09 1.23541 -2.43046 0.171027 0.012198
0.1 0.722235 -0.506815 0.151914 -0.0113486
0.11 0.3425 -1.7814 0.129794 0.0249675
0.12 0.0265046 0.200534 0.0958577 0.00132974
0.13 -0.0472033 -1.57025 0.0581698 0.0484184
0.14 0.0811581 -0.159012 0.0207505 0.0253126
0.15 0.362265 -1.72992 0.027217 0.0595009
0.16 0.720182 -0.434286 0.0491762 0.0248991
0.17 1.13083 -2.21742 0.0647762 0.0541407
0.18 1.4088 -0.659434 0.0782459 0.0211405
0.19 1.57257 -2.18718 0.0839309 0.0491259
0.2 1.46306 -0.664894 0.0840255 0.0185181
0.21 1.51699 -2.45559 0.0875012 0.0455391
0.22 1.25336 -0.644628 0.089127 0.0110763
0.23 1.08208 -2.25154 0.0818728 0.038063
0.24 0.71867 -0.385612 0.0725201 0.00289995
0.25 0.625322 -2.07383 0.0695502 0.0356625
0.26 0.379946 -0.389382 0.0647871 0.00237407
0.27 0.419853 -1.95052 0.0618311 0.0325826
0.28 0.46291 -0.524536 0.0621179 -0.00114138
0.29 0.644222 -2.17906 0.0659172 0.0280164
0.3 0.819631 -0.505595 0.0630989 -0.00347281
0.31 0.94292 -2.19114 0.0616804 0.0295119
0.32 1.01947 -0.424313 0.0591527 -0.00143602
0.33 1.21583 -2.29297 0.0615463 0.0329973
0.34 1.29499 -0.695088 0.0689769 0.00188033
0.35 1.41691 -2.51182 0.0789251 0.0347039
0.36 1.30302 -0.855149 0.0841739 0.00629804
0.37 1.23669 -2.52704 0.088066 0.0381625
0.38 1.06534 -0.614041 0.0909921 0.00790695
0.39 0.926663 -2.28666 0.0868196 0.0394072
0.4 0.670989 -0.482315 0.0786248 0.0108417
0.41 0.641474 -2.28392 0.0768827 0.0425784
0.42 0.611451 -0.53186 0.0749816 0.0146613
0.43 0.752244 -2.2294 0.0745183 0.0413039
0.44 0.771956 -0.482101 0.0696977 0.0103829
0.45 0.955745 -2.31627 0.0694229 0.0431968
0.46 1.03807 -0.64981 0.070901 0.00877824
0.47 1.2549 -2.44935 0.0761069 0.0398892
0.48 1.27497 -0.779296 0.0762356 0.00764925
0.49 1.43648 -2.52851 0.0787771 0.0363202
0.5 1.28929 -0.766455 0.0801229 0.00468764
0.51 1.21173 -2.52892 0.0771271 0.0377634
0.52 0.942516 -0.542407 0.0665885 0.00685309
0.53 0.852339 -2.20348 0.0629247 0.03417
0.54 0.571024 -0.3859 0.0570264 0.00269778
0.55 0.5023 -2.06899 0.0567124 0.0383309
0.56 0.437032 -0.327895 0.0554102 0.00454942
0.57 0.594468 -2.16131 0.0563825 0.0377688
0.58 0.544915 -0.470772 0.0570212 0.00729172
0.59 0.748811 -2.10157 0.0588879 0.0389593
0.6 0.840701 -0.465039 0.0589178 0.00833246
0.61 1.03933 -2.28206 0.0634339 0.0406832
0.62 1.10356 -0.697955 0.0702497 0.0120877
0.63 1.31293 -2.50075 0.0777127 0.0419239
0.64 1.26231 -0.853425 0.0800285 0.00799624
0.65 1.27843 -2.55541 0.0824781 0.0431415
0.66 1.11962 -0.664102 0.0779985 0.0107908
0.67 1.05059 -2.412 0.0778726 0.0413344
0.68 0.893753 -0.598627 0.0748016 0.00721614
0.69 0.804894 -2.41471 0.0773266 0.0419014
0.7 0.683118 -0.635615 0.0714069 0.00902894
0.71 0.758247 -2.32735 0.0672952 0.0386813
0.72 0.624038 -0.452939 0.0617554 0.00714179
0.73 0.748562 -2.15445 0.0618247 0.0418
0.74 0.804205 -0.450422 0.0618791 0.00745271
0.75 1.01133 -2.40964 0.0637161 0.0430549
0.76 1.03169 -0.590789 0.0663279 0.0109219
0.77 1.20427 -2.50294 0.0685728 0.041946
0.78 1.15201 -0.630281 0.0708938 0.0090569
0.79 1.20282 -2.46138 0.0733574 0.0444969
0.8 1.06549 -0.574377 0.0743047 0.0096053
0.81 1.11523 -2.40559 0.0712439 0.0446369
0.82 0.921711 -0.595129 0.0730592 0.00926544
0.83 0.862021 -2.49675 0.0726527 0.0472342
0.84 0.752617 -0.444989 0.0688624 0.0107992
0.85 0.716433 -2.25808 0.065408 0.0459154
0.86 0.638943 -0.440737 0.0603196 0.0130208
0.87 0.820466 -2.21811 0.0623987 0.0463191
0.88 0.816608 -0.478332 0.0633626 0.01159
0.89 0.926238 -2.48954 0.0633452 0.049803
0.9 0.925988 -0.5676 0.0629573 0.0131555
0.91 1.07579 -2.3644 0.0622546 0.046433
0.92 1.04892 -0.403498 0.0613195 0.0106588
0.93 1.06473 -2.3865 0.0647783 0.0446932
0.94 1.01647 -0.51521 0.0671289 0.0113951
0.95 1.04331 -2.44437 0.0715103 0.04419
0.96 0.912381 -0.539673 0.0719417 0.00930416
0.97 0.854128 -2.26019 0.0690379 0.0445018
0.98 0.730885 -0.464723 0.0660665 0.0103658
0.99 0.682607 -2.20412 0.0624126 0.0451378
1 0.6552 -0.330111 0.0589702 0.0126829
1.01 0.751356 -2.28905 0.0590026 0.0488203
1.02 0.711166 -0.475159 0.0612851 0.014202
1.03 0.850569 -2.23725 0.0600305 0.0462648
1.04 0.859703 -0.288554 0.0579454 0.0138379
1.05 0.934224 -2.15639 0.0575536 0.0492378
1.06 0.942828 -0.396296 0.0568231 0.0153539
1.07 0.963083 -2.32577 0.0625788 0.0486093
1.08 0.924159 -0.512347 0.0679588 0.0139455
1.09 0.963226 -2.43562 0.065578 0.0497157
1.1 0.868519 -0.408312 0.0653015 0.0102873
1.11 0.809612 -2.25452 0.0605572 0.047911
1.12 0.628626 -0.183089 0.0527317 0.0123813
1.13 0.594766 -2.01137 0.0483942 0.0495763
1.14 0.496846 -0.124106 0.0443354 0.0146555
1.15 0.667538 -2.21198 0.0482049 0.0514528
1.16 0.625583 -0.342109 0.0527097 0.016875
1.17 0.70002 -2.2829 0.0514484 0.0530351
1.18 0.781203 -0.429718 0.0502918 0.0187741
1.19 0.829782 -2.20775 0.0549488 0.0525573
1.2 0.864169 -0.281565 0.0551622 0.0179816
1.21 0.935899 -2.27617 0.0605202 0.0553322
1.22 0.920489 -0.487782 0.0660764 0.0168478
1.23 1.02885 -2.44308 0.0681808 0.0550855
1.24 0.916239 -0.320383 0.0684918 0.0165915
1.25 0.940773 -2.28102 0.0618101 0.0519818
1.26 0.758205 -0.356694 0.0602182 0.017563
1.27 0.763134 -2.26414 0.0569316 0.0521356
1.28 0.668801 -0.288395 0.0575547 0.0151566
1.29 0.745038 -2.39194 0.0563894 0.0541495
1.3 0.722403 -0.383148 0.0541928 0.0141821
1.31 0.725426 -2.27117 0.0538906 0.0491871
1.32 0.73356 -0.366834 0.049403 0.0125375
1.33 0.782972 -2.19408 0.0442094 0.0497022
1.34 0.756881 -0.309909 0.0414257 0.0126002
1.35 0.841414 -2.30581 0.044512 0.0491218
1.36 0.76555 -0.349963 0.0466492 0.0108832
1.37 0.861303 -2.3207 0.0459505 0.0508108
1.38 0.753948 -0.326827 0.0441773 0.0134455
1.39 0.756651 -2.28583 0.0465018 0.0504998
1.4 0.696254 -0.291259 0.0440655 0.0130851
1.41 0.688246 -2.24741 0.0441148 0.0518109
1.42 0.64111 -0.311979 0.0439272 0.0126765
1.43 0.713965 -2.28706 0.0456412 0.0504873
1.44 0.716177 -0.423819 0.0473305 0.0124984
1.45 0.787747 -2.35999 0.0494913 0.0511969
1.46 0.809743 -0.406344 0.0504304 0.0112005
1.47 0.882095 -2.43351 0.0520158 0.0510535
1.48 0.870265 -0.495153 0.0577955 0.0135241
1.49 0.944103 -2.58162 0.0616269 0.0516394
1.5 0.994549 -0.478146 0.0569608 0.0121781
1.51 0.9463 -2.39074 0.0566682 0.054328
1.52 0.862642 -0.269638 0.0519915 0.0149483
1.53 0.829059 -2.35646 0.0462532 0.0532016
1.54 0.695551 -0.30635 0.0416836 0.0159466
1.55 0.764948 -2.26858 0.0388542 0.0500191
1.56 0.787609 0.120843 0.0324019 0.0142208
1.57 0.968973 -1.24292 0.0349398 0.0499401
1.58 1.5874 0.76191 0.0628493 0.014887
1.59 2.21868 -1.40712 0.127061 0.0375313
1.6 3.23977 -0.691897 0.218216 -0.010522
1.61 3.99367 -2.76336 0.317553 0.0157766
1.62 4.27631 -1.06946 0.385841 -0.0321039
1.63 3.93984 -2.7762 0.428408 -0.00530468
1.64 3.3405 -0.836277 0.435586 -0.0474274
1.65 2.86234 -2.76587 0.316513 0.0250161
1.66 1.24788 -0.579648 0.273848 -0.0113553
1.67 0.405808 -1.84876 0.244304 0.0299998
1.68 0.0514807 -0.346777 0.206793 -0.0116646
1.69 -0.58998 -1.56822 0.172496 0.0232404
1.7 -0.712854 0.633417 0.154348 -0.0133348
1.71 -0.671234 -1.91056 0.166714 0.0290183
1.72 -0.0680439 -0.315171 0.195151 -0.0156016
1.73 0.262906 -2.465 0.222386 0.0276135
1.74 0.410306 -0.285725 0.245048 -0.011499
1.75 0.553826 -2.80614 0.262275 0.0232314
1.76 0.635584 -1.04247 0.25598 -0.00818423
1.77 0.258499 -2.36657 0.224791 0.020971
1.78 -0.17032 0.252533 0.17522 -0.00994015
1.79 -0.673541 -1.34628 0.128874 0.0316849
1.8 -0.62027 1.07889 0.105946 -0.00529624
1.81 -0.304064 -0.779115 0.0919888 0.033659
1.82 -0.0816696 1.2352 0.0972475 -0.0143648
1.83 0.183526 -1.07855 0.121985 0.0212456
1.84 0.820888 0.527607 0.145284 -0.0284261
1.85 1.10632 -1.61505 0.165483 0.00861681
1.86 1.26064 0.609187 0.166673 -0.0254393
1.87 1.00887 -1.70808 0.169784 -0.00955947
1.88 0.73509 0.63519 0.16474 -0.0493515
1.89 0.144065 -0.846171 0.146154 -0.00297458
1.9 0.179238 1.41916 0.13733 -0.0460609
1.91 -0.0823115 -1.12266 0.14322 -0.000111692
1.92 -0.155752 0.805627 0.159961 -0.0531456
1.93 0.0228341 -1.29559 0.183945 -0.0139237
1.94 -0.232769 1.02073 0.170166 -0.04788
1.95 -0.32347 -1.10564 0.122595 0.00783312
1.96 -0.744701 0.558282 0.113375 -0.0253866
1.97 -0.677195 -0.852474 0.130481 0.0267065
1.98 -0.922582 1.42189 0.11392 -0.0102575
1.99 -1.09752 -0.361871 0.0779473 0.0297879
2 -1.39936 1.36687 0.0399251 -0.000373252
2.01 -1.1893 -0.744503 0.0593357 0.0438832
2.02 -1.24113 1.50863 0.0574029 0.0155254
2.03 -1.33653 -0.163806 0.0386966 0.0563157
2.04 -1.37911 1.99695 0.0255647 0.0170482
2.05 -1.00429 0.0611017 0.0600054 0.0557672
2.06 -0.893727 1.48579 0.0779873 0.0118365
2.07 -0.39141 -0.709147 0.106111 0.0498316
2.08 -0.470989 1.22766 0.0980168 0.0116904
2.09 -0.646253 -0.338729 0.112071 0.0411606
2.1 -0.646955 1.34557 0.0938852 0.0164522
2.11 -0.729679 0.224088 0.0848898 0.0547305
2.12 -0.977886 1.58284 0.0950815 0.00594846
2.13 -0.918088 -0.607717 0.117404 0.0501912
2.14 -0.883777 1.78073 0.110281 0.00424063
2.15 -1.05243 -0.0583154 0.10776 0.0360578
2.16 -1.41964 1.97857 0.097341 0.00359108
2.17 -1.21239 0.14689 0.099571 0.0283465
2.18 -1.36037 1.84857 0.0887274 -0.00540511
2.19 -1.55967 -0.192843 0.0337964 0.0261073
2.2 -1.34547 1.89383 0.0614245 -0.0228691
2.21 -1.29172 0.000637871 0.0779686 0.00989646
2.22 -1.26777 1.91217 0.0691755 -0.0447225
2.23 -1.44471 0.351062 0.033001 0.0273784
2.24 -1.58441 2.35107 0.0307567 -0.0259974
2.25 -1.6787 0.164722 0.0446627 -0.00291805
2.26 -1.82979 2.59312 0.0479734 -0.0357002
2.27 -1.82957 0.403464 0.00677502 -0.00493699
2.28 -1.81768 2.07302 0.0279909 -0.0267558
2.29 -1.44922 0.228619 0.0365007 -1.98155e-05
2.3 -1.62158 2.29898 0.0476188 -0.0473402
2.31 -1.57989 0.379426 0.0398765 0.00108434
2.32 -1.81628 2.62325 0.0130982 -0.0433827
2.33 -1.71646 0.187498 0.0317969 0.0166582
2.34 -1.96132 2.32429 0.021977 -0.0125164
2.35 -2.04715 0.339337 -0.0146091 0.0293598
2.36 -2.28719 2.51067 -0.0246423 -0.00308812
2.37 -2.3167 0.543219 -0.0172406 0.0499133
2.38 -2.41541 2.66193 -0.0321817 0.00856472
2.39 -2.21825 0.594637 -0.0222285 0.0562665
2.4 -2.30677 2.85511 -0.0233473 0.0228241
2.41 -2.3197 0.697783 -0.0332531 0.06272
2.42 -2.08501 3.00962 -0.0144525 0.0244804
2.43 -2.06261 0.36587 -0.00418852 0.0634395
2.44 -2.03155 2.32753 0.000233258 0.0287861
2.45 -2.00536 0.283707 -0.00476817 0.0699833
2.46 -2.33431 2.45698 -0.025706 0.028874
2.47 -2.4221 0.869355 -0.0328519 0.0755795
2.48 -2.61798 2.85278 -0.0485807 0.0433985
2.49 -2.69101 1.15876 -0.0356226 0.0730636
2.5 -2.38075 2.82607 -0.0434272 0.0372626
2.51 -2.52167 0.84693 -0.041304 0.0848747
2.52 -2.73403 2.84797 -0.0385708 0.0421463
2.53 -2.56245 0.79922 -0.0421714 0.0798285
2.54 -2.42454 3.10528 -0.0409203 0.0496866
2.55 -2.41081 0.730371 -0.0278761 0.0832834
2.56 -2.50951 2.6187 -0.0210779 0.0399329
2.57 -2.40583 0.783352 -0.0173075 0.0626866
2.58 -2.32096 3.1858 -0.015227 0.0238262
2.59 -2.37563 0.541815 -0.00750213 0.0636743
2.6 -2.30529 3.15452 -0.0177637 0.00732818
2.61 -2.38187 1.05466 -0.00835284 0.0396984
2.62 -2.47649 2.87249 -0.00672943 -0.0129277
2.63 -2.64675 1.1675 0.000804056 0.0203084
2.64 -2.60747 3.31354 -0.00433257 -0.00455101
2.65 -2.73565 1.38458 -0.00260189 0.0199827
2.66 -2.70441 3.2382 -0.0819864 -0.018347
2.67 -3.06439 1.10982 -0.0741253 0.0292818
2.68 -3.01825 3.01152 -0.0725989 -0.00870829
2.69 -2.83015 1.39186 -0.0572845 0.0191982
2.7 -2.90525 3.05904 -0.070235 -0.00411236
2.71 -3.15137 1.36425 -0.102016 0.0238128
2.72 -3.21793 3.34218 -0.0920262 0.00746999
2.73 -3.18542 1.32576 -0.083521 0.0536333
2.74 -3.1276 3.69034 -0.0979069 0.013565
2.75 -3.12724 1.31672 -0.0837852 0.0678676
2.76 -3.10218 2.95392 -0.0999871 0.0376866
2.77 -3.16432 1.32561 -0.0935191 0.072531
2.78 -3.21286 3.10932 -0.0966104 0.0409271
2.79 -3.29499 1.40623 -0.0977034 0.08616
2.8 -3.27472 3.31973 -0.111405 0.0541396
2.81 -3.2165 1.03484 -0.109783 0.0955037
2.82 -3.30987 3.40424 -0.102488 0.060548
2.83 -3.05864 1.57102 -0.107636 0.0929637
2.84 -2.94929 3.61716 -0.120589 0.0622628
2.85 -3.14946 1.75082 -0.112193 0.111269
2.86 -3.1786 3.43034 -0.0944759 0.0642545
2.87 -2.74479 0.877394 -0.0616087 0.100752
2.88 -2.66498 2.74361 -0.0346809 0.0655387
2.89 -2.98099 0.801976 -0.0478684 0.103695
2.9 -3.22298 3.13743 -0.0708427 0.0593177
2.91 -3.68296 1.6727 -0.0815657 0.0946717
2.92 -3.64419 3.60967 -0.085568 0.0558141
2.93 -3.7224 1.74058 -0.0959727 0.101896
2.94 -3.56944 3.89257 -0.0937234 0.0479829
2.95 -3.38245 1.4984 -0.0807548 0.0806945
2.96 -3.31469 3.2029 -0.0637254 0.0378254
2.97 -2.915 1.31974 -0.0745408 0.0633399
2.98 -3.30553 3.63958 -0.119986 0.0421599
2.99 -3.40931 1.37545 -0.112845 0.0655415
3 -3.51833 3.49576 -0.107136 0.0156834
3.01 -3.51654 1.7736 -0.121974 0.0480704
3.02 -3.75783 3.92231 -0.140666 0.0244076
3.03 -3.88351 1.3899 -0.155211 0.0647258
3.04 -3.66955 3.35995 -0.148752 0.00158733
3.05 -3.47317 1.57495 -0.129911 0.0398591
3.06 -3.73963 3.5119 -0.157158 0.00140678
3.07 -3.74199 1.84924 -0.134446 0.0381806
3.08 -3.4225 3.02199 -0.113817 -0.00275681
3.09 -3.61054 1.13292 -0.13003 0.0417399
3.1 -3.97396 3.68879 -0.164642 0.00522198
3.11 -4.46616 1.66596 -0.185768 0.059453
3.12 -4.50726 3.94163 -0.204267 0.0325106
3.13 -4.43436 2.44757 -0.210696 0.0674316
3.14 -4.3309 4.37612 -0.217065 0.0436965
3.15 -4.33236 2.2532 -0.216985 0.0822859
3.16 -3.8684 3.90638 -0.194298 0.0387246
3.17 -3.54628 1.82269 -0.17925 0.0875106
3.18 -3.4777 3.51608 -0.176959 0.0577491
3.19 -3.54419 1.59856 -0.176793 0.0978438
3.2 -3.51045 3.31494 -0.170266 0.0605415
3.21 -3.71292 1.64494 -0.178558 0.0934744
3.22 -3.85368 4.21819 -0.185849 0.0671287
3.23 -3.96858 2.19775 -0.189818 0.101705
3.24 -4.10105 3.92556 -0.182405 0.0616376
3.25 -3.7463 1.82027 -0.154298 0.0994113
3.26 -3.89534 4.00111 -0.153801 0.0634935
3.27 -4.05127 2.07191 -0.15676 0.107418
3.28 -3.9852 3.9685 -0.161104 0.0668853
3.29 -4.07076 2.0717 -0.136412 0.099279
3.3 -3.9928 3.8212 -0.127916 0.0497881
3.31 -3.88745 1.66752 -0.117157 0.0927361
3.32 -3.92262 3.66134 -0.124678 0.0452052
3.33 -4.15393 2.27542 -0.17893 0.0798349
3.34 -4.61912 3.91707 -0.20444 0.0446553
3.35 -4.53985 2.54474 -0.195371 0.077009
3.36 -4.52023 4.24108 -0.194176 0.0396651
3.37 -4.42803 2.22784 -0.188655 0.0660789
3.38 -4.47711 4.43638 -0.18007 0.0132772
3.39 -4.58409 2.02186 -0.199235 0.0532003
3.4 -4.79391 4.36497 -0.228677 0.0343591
3.41 -4.68183 2.23287 -0.211864 0.0588444
3.42 -4.37891 4.31375 -0.204088 0.00455783
3.43 -4.46868 2.07176 -0.198618 0.03927
3.44 -4.47296 4.39311 -0.213293 -0.00281311
3.45 -4.46347 2.46019 -0.192479 0.0386742
3.46 -4.36285 4.47091 -0.199421 -0.000926277
3.47 -4.46103 2.37529 -0.199016 0.0315819
3.48 -4.70502 4.82668 -0.208594 -0.000552283
3.49 -4.72198 2.63994 -0.215586 0.0540032
3.5 -4.84999 4.52236 -0.215326 0.00555632
3.51 -4.77931 2.58629 -0.205016 0.0656973
3.52 -4.7602 4.34876 -0.212462 0.0326791
3.53 -4.86208 2.48756 -0.226095 0.0716342
3.54 -5.04935 4.7829 -0.235578 0.0464528
3.55 -4.94297 2.94647 -0.243566 0.0881694
3.56 -4.64179 4.92665 -0.249022 0.0613851
3.57 -4.74064 2.99959 -0.25319 0.10688
3.58 -4.76817 4.46635 -0.247047 0.0644519
3.59 -4.50978 2.05972 -0.228588 0.109751
3.6 -4.69832 4.4037 -0.234489 0.0710212
3.61 -4.85669 2.8737 -0.263566 0.107903
3.62 -5.06155 4.86904 -0.28264 0.0921106
3.63 -5.30716 2.8019 -0.289622 0.132629
3.64 -5.18865 4.88854 -0.28169 0.0833833
3.65 -4.98153 3.06378 -0.291173 0.120842
3.66 -5.06357 5.51198 -0.296792 0.0876288
3.67 -4.85356 2.96679 -0.281283 0.118895
3.68 -4.58088 4.84805 -0.261408 0.0802108
3.69 -4.3245 3.06693 -0.235324 0.102819
3.7 -4.4935 4.14812 -0.217358 0.055393
3.71 -4.47874 2.40624 -0.204377 0.0904548
3.72 -4.6069 4.84802 -0.218457 0.0442584
3.73 -5.13675 3.62525 -0.240567 0.0786814
3.74 -5.51528 5.7214 -0.246816 0.0378196
3.75 -5.18487 2.85796 -0.227757 0.0569314
3.76 -5.16708 4.5558 -0.197999 0.0100073
3.77 -4.8907 2.65745 -0.183949 0.0367232
3.78 -5.16491 5.18964 -0.203699 0.0221929
3.79 -5.30664 3.29991 -0.217762 0.0355125
3.8 -5.20371 5.19369 -0.209358 -0.00830971
3.81 -5.31952 3.75582 -0.20919 0.0297298
3.82 -5.29806 5.3281 -0.21958 -0.00555124
3.83 -5.16878 3.56521 -0.220343 0.0357918
3.84 -4.94627 5.4931 -0.219741 0.000733864
3.85 -4.98295 3.27768 -0.218382 0.038849
3.86 -5.01331 5.45323 -0.221193 0.00831921
3.87 -4.84017 3.25583 -0.20856 0.056305
3.88 -4.9079 5.21067 -0.210966 0.0272864
3.89 -4.82663 3.42371 -0.214016 0.0761973
3.9 -5.16052 5.05451 -0.236262 0.0434348
3.91 -5.38168 3.40319 -0.243767 0.0969103
3.92 -5.24027 5.21005 -0.244802 0.057099
3.93 -5.35821 3.46831 -0.251777 0.101618
3.94 -5.36243 5.15988 -0.251967 0.0815487
3.95 -5.31104 3.55282 -0.247651 0.107051
3.96 -5.12737 5.22439 -0.245936 0.0743082
3.97 -5.24483 4.94265 -0.248656 0.0934803
3.98 -5.36847 5.48228 -0.252416 0.0843983
3.99 -5.32301 3.88664 -0.266365 0.115106
4 -5.51463 5.5766 -0.269667 0.0956328
4.01 -5.65141 3.64059 -0.273334 0.136087
4.02 -5.71014 5.69535 -0.284527 0.0903945
4.03 -5.51242 4.14543 -0.291681 0.125986
4.04 -5.61467 5.67348 -0.293044 0.0991459
4.05 -5.60181 3.36926 -0.291315 0.120691
4.06 -5.4076 5.23154 -0.273289 0.0816502
4.07 -4.99437 3.44 -0.267532 0.107152
4.08 -5.19053 5.44431 -0.275298 0.055588
4.09 -5.32508 3.61209 -0.286355 0.0915779
4.1 -5.32958 5.59604 -0.276853 0.049104
4.11 -5.43446 3.50167 -0.265651 0.0843098
4.12 -5.36599 5.33359 -0.267398 0.0391435
4.13 -5.18676 3.68665 -0.264789 0.0504475
4.14 -5.5083 6.13884 -0.262165 0.030782
4.15 -5.7031 4.26599 -0.27788 0.0776259
4.16 -5.44153 5.49944 -0.265397 -0.0034685
4.17 -5.1047 3.15675 -0.226977 0.0463916
4.18 -5.23031 5.25585 -0.22533 0.00615325
4.19 -5.37535 3.68736 -0.233259 0.0327909
4.2 -5.44952 6.14562 -0.252166 0.00426957
4.21 -5.47805 4.16665 -0.25123 0.0400719
4.22 -5.64294 5.946 -0.262552 0.00566296
4.23 -5.49192 4.01606 -0.255047 0.0576739
4.24 -5.66641 5.98089 -0.268644 0.0346265
4.25 -5.79354 4.22716 -0.283887 0.0712177
4.26 -5.72803 6.26816 -0.288419 0.0480692
4.27 -5.70461 3.85785 -0.2817 0.0926926
4.28 -5.46275 5.29935 -0.281177 0.0554026
4.29 -5.45865 4.12619 -0.28564 0.0948252
4.3 -5.71991 5.76942 -0.290232 0.0800108
4.31 -5.67969 3.88835 -0.300959 0.118399
4.32 -5.63675 5.95025 -0.30226 0.0864797
4.33 -5.79583 4.23937 -0.307156 0.116776
4.34 -5.69317 6.13812 -0.310277 0.0867892
4.35 -5.67496 4.24546 -0.314378 0.129696
4.36 -5.74936 5.8321 -0.302756 0.0936269
4.37 -5.63672 4.22796 -0.302025 0.130936
4.38 -5.65662 6.44868 -0.303205 0.0952983
4.39 -5.68501 4.24475 -0.300171 0.131314
4.4 -5.62098 5.97804 -0.300013 0.0931659
4.41 -5.57198 3.77724 -0.294803 0.129923
4.42 -5.77393 6.11265 -0.291661 0.0982969
4.43 -5.91477 3.83213 -0.294503 0.122609
4.44 -5.96926 6.19088 -0.295135 0.0813593
4.45 -6.04497 4.05662 -0.285739 0.115258
4.46 -5.91141 5.6667 -0.284314 0.0710321
4.47 -5.83135 4.17351 -0.283521 0.0979194
4.48 -5.69506 6.15508 -0.294569 0.0624998
4.49 -6.05202 4.035 -0.290476 0.10551
4.5 -6.0239 6.07965 -0.300237 0.0433958
4.51 -5.89229 4.52138 -0.286787 0.07406
4.52 -5.99945 6.33806 -0.299527 0.0516542
4.53 -6.21749 4.43962 -0.310786 0.0834208
4.54 -5.90395 6.06875 -0.307679 0.0257699
4.55 -5.64241 4.09282 -0.295023 0.0726239
4.56 -5.70317 6.21439 -0.308622 0.0328668
4.57 -5.50666 4.10696 -0.297884 0.0683634
4.58 -5.30437 5.48452 -0.285504 0.0386099
4.59 -5.22404 3.3827 -0.267198 0.0682488
4.6 -5.38161 5.63762 -0.276193 0.0300018
4.61 -5.73824 4.06725 -0.298032 0.0765503
4.62 -6.31012 6.37234 -0.335312 0.047509
4.63 -6.37989 4.35697 -0.330964 0.0941969
4.64 -6.20274 6.3483 -0.334825 0.0637836
4.65 -6.17036 3.92077 -0.339 0.108396
4.66 -5.94177 5.74575 -0.335775 0.0672795
4.67 -5.80879 4.08867 -0.333184 0.116254
4.68 -5.66633 5.64752 -0.340356 0.0833804
4.69 -5.69441 3.71815 -0.335969 0.126352
4.7 -5.55374 5.6863 -0.339984 0.0934364
4.71 -5.6592 3.89921 -0.355029 0.132898
4.72 -5.76978 5.9389 -0.363788 0.0998745
4.73 -6.04805 4.29347 -0.373252 0.136153
4.74 -6.08329 6.39502 -0.386642 0.116517
4.75 -6.14221 4.21867 -0.391685 0.146268
4.76 -6.06516 6.33073 -0.395354 0.11062
4.77 -6.28287 4.35375 -0.398167 0.16036
4.78 -6.19436 6.4179 -0.403719 0.109079
4.79 -6.06459 4.62871 -0.392729 0.146624
4.8 -5.9612 6.5034 -0.383998 0.115211
4.81 -5.99016 4.21723 -0.375321 0.146871
4.82 -5.79707 5.87823 -0.353936 0.0993362
4.83 -5.80607 3.93899 -0.346919 0.138418
4.84 -6.13455 6.31222 -0.37022 0.0852363
4.85 -6.32937 4.52271 -0.380792 0.114279
4.86 -6.56209 6.68595 -0.377267 0.0795651
4.87 -6.58453 4.95763 -0.385979 0.100497
4.88 -6.59301 7.13973 -0.383988 0.0411114
4.89 -6.48345 5.15734 -0.377321 0.0842631
4.9 -6.58643 6.56165 -0.381776 0.0630326
4.91 -6.25822 4.39981 -0.377249 0.0572775
4.92 -6.18965 7.13975 -0.370814 0.018843
4.93 -6.35866 5.26764 -0.375031 0.0749617
4.94 -6.27914 6.80666 -0.376409 0.0102543
4.95 -5.87263 4.39717 -0.356856 0.0637478
4.96 -5.80832 6.57047 -0.342522 0.0225343
4.97 -5.96311 4.52453 -0.368914 0.051018
4.98 -6.27836 6.55391 -0.38594 0.0328423
4.99 -6.70435 5.09467 -0.410735 0.0807446
5 -6.68721 7.26329 -0.421493 0.0456179
5.01 -6.67556 5.1903 -0.43208 0.100266
5.02 -6.69384 7.17798 -0.442141 0.0788527
5.03 -6.87702 5.14067 -0.449067 0.113931
5.04 -6.59235 7.05181 -0.443561 0.0787493
5.05 -6.37251 4.94174 -0.44769 0.133952
5.06 -6.59624 6.7074 -0.459051 0.104893
5.07 -6.55485 4.92475 -0.465638 0.145535
5.08 -6.36271 6.90506 -0.464472 0.109124
5.09 -6.60781 4.75739 -0.473662 0.155541
5.1 -6.47346 6.71038 -0.48948 0.123474
5.11 -6.58654 4.97618 -0.495914 0.172553
5.12 -6.61186 7.03334 -0.508395 0.13821
5.13 -6.7135 4.89967 -0.507806 0.171017
5.14 -6.57625 6.711 -0.50784 0.145056
5.15 -6.55659 4.6412 -0.508481 0.182763
5.16 -6.70959 6.54451 -0.524598 0.12566
5.17 -6.78504 5.08524 -0.53785 0.161578
5.18 -6.82542 6.93559 -0.549177 0.137407
5.19 -6.82547 5.07522 -0.551369 0.157308
5.2 -6.76437 6.94079 -0.558821 0.119799
5.21 -6.77569 4.86985 -0.550195 0.157935
5.22 -6.61277 6.63545 -0.547488 0.106308
5.23 -6.46207 4.7936 -0.537374 0.135741
5.24 -6.54722 7.17102 -0.543698 0.0949446
5.25 -6.50817 5.27416 -0.540982 0.124866
5.26 -6.56077 6.60494 -0.530652 0.0689181
5.27 -6.45897 4.86904 -0.520849 0.115257
5.28 -6.7532 6.88405 -0.534239 0.0930013
5.29 -6.82951 5.03864 -0.549538 0.088343
5.3 -6.97166 6.92086 -0.547395 0.059896
5.31 -7.08261 5.45653 -0.55192 0.0936053
5.32 -6.9414 6.89316 -0.555563 0.0547404
5.33 -6.82098 5.3067 -0.552016 0.0911956
5.34 -6.7447 7.28458 -0.54795 0.0536521
5.35 -6.73207 4.99006 -0.541731 0.0997234
5.36 -6.55512 6.56418 -0.538452 0.0638724
5.37 -6.44006 4.7898 -0.532294 0.109371
5.38 -6.65346 6.88962 -0.545545 0.0890401
5.39 -6.94084 5.2022 -0.57608 0.132497
5.4 -7.15715 7.04637 -0.600548 0.103629
5.41 -7.24824 5.39882 -0.614918 0.14743
5.42 -7.25856 7.65111 -0.633355 0.117075
5.43 -7.32406 5.57082 -0.634256 0.169203
5.44 -7.2257 7.15168 -0.646066 0.138441
5.45 -6.93697 5.06657 -0.640445 0.175969
5.46 -6.89378 6.87287 -0.630884 0.147202
5.47 -6.85805 4.83976 -0.632991 0.183758
5.48 -6.89276 7.02017 -0.6382 0.156585
5.49 -6.72187 5.12564 -0.645906 0.196935
5.5 -6.98457 6.90397 -0.645854 0.164966
5.51 -6.97603 5.0556 -0.650026 0.191264
5.52 -7.0128 7.1076 -0.657904 0.164874
5.53 -7.52521 4.90328 -0.673772 0.202477
5.54 -7.36399 7.37516 -0.690657 0.159886
5.55 -7.2469 5.49631 -0.685916 0.200259
5.56 -7.09659 7.14114 -0.668748 0.154749
5.57 -6.94107 5.12092 -0.666357 0.188641
5.58 -6.75269 6.9726 -0.651434 0.144147
5.59 -6.60511 4.43682 -0.62657 0.170816
5.6 -6.55546 6.35162 -0.629089 0.131116
5.61 -6.93239 4.85722 -0.636436 0.150338
5.62 -7.0451 6.98817 -0.648205 0.105631
5.63 -7.29296 5.27827 -0.664103 0.147798
5.64 -7.42908 7.64067 -0.674935 0.0858194
5.65 -7.31162 5.79174 -0.684757 0.140134
5.66 -7.45666 7.53771 -0.688866 0.114017
5.67 -7.10077 5.01037 -0.678111 0.11133
5.68 -6.86997 6.77876 -0.647423 0.0689676
5.69 -6.69679 4.8466 -0.652608 0.120971
5.7 -7.0447 6.82127 -0.665604 0.0841942
5.71 -6.92997 5.23449 -0.672717 0.119472
5.72 -7.0617 7.16211 -0.679884 0.085549
5.73 -7.15233 5.47134 -0.697089 0.125903
5.74 -7.23762 7.47084 -0.717661 0.0894592
5.75 -7.23419 5.46686 -0.726162 0.141667
5.76 -7.21851 7.5026 -0.733246 0.11563
5.77 -7.16608 5.40874 -0.731929 0.169756
5.78 -7.01326 7.44329 -0.735555 0.132211
5.79 -6.97488 5.56976 -0.737284 0.173968
5.8 -7.03073 7.41191 -0.745886 0.144119
5.81 -7.13251 5.55752 -0.75137 0.187159
5.82 -7.31225 7.79449 -0.727831 0.151985
5.83 -7.18685 5.36467 -0.683839 0.187096
5.84 -7.07194 6.84642 -0.697911 0.141617
5.85 -7.15167 5.02071 -0.701121 0.190267
5.86 -7.39815 7.45762 -0.723127 0.161861
5.87 -7.53862 5.52043 -0.74032 0.200803
5.88 -7.44473 7.45665 -0.728098 0.161487
5.89 -7.2918 5.66182 -0.73184 0.196096
5.9 -7.34291 7.5511 -0.743034 0.161597
5.91 -7.40502 5.55959 -0.740572 0.202425
5.92 -7.0981 7.36002 -0.737257 0.169546
5.93 -7.14617 5.31883 -0.739361 0.203229
5.94 -7.31381 7.48706 -0.74735 0.159335
5.95 -7.26976 5.51556 -0.753113 0.199714
5.96 -7.30876 7.68315 -0.746288 0.145589
5.97 -7.19709 5.70458 -0.704863 0.172641
5.98 -7.2126 7.74398 -0.700989 0.140264
5.99 -7.14052 5.34473 -0.710962 0.170169
6 -6.93066 7.09693 -0.691883 0.13231
6.01 -6.7223 4.85828 -0.673541 0.147481
6.02 -6.85029 7.22514 -0.686758 0.110512
6.03 -7.07851 5.19781 -0.691523 0.151856
6.04 -7.18059 7.5923 -0.70953 0.0977762
6.05 -7.2543 5.85415 -0.719725 0.143456
6.06 -7.63279 8.17154 -0.736096 0.11286
6.07 -7.63704 5.72814 -0.740333 0.127751
6.08 -7.3444 7.43724 -0.734079 0.0936667
6.09 -7.18062 5.46244 -0.739167 0.141895
6.1 -7.41142 7.91537 -0.759353 0.0904253
6.11 -7.49412 5.65695 -0.760645 0.136165
6.12 -7.3957 7.55089 -0.762866 0.0926838
6.13 -7.30201 5.70935 -0.774511 0.131568
6.14 -7.49754 8.02861 -0.779178 0.098361
6.15 -7.55266 5.79 -0.790107 0.155023
6.16 -7.57782 7.74224 -0.792013 0.113353
6.17 -7.40137 5.67599 -0.801303 0.171689
6.18 -7.63156 7.98777 -0.81769 0.135173
6.19 -7.62509 6.09962 -0.835239 0.179101
6.2 -7.6386 8.11767 -0.846323 0.142539
6.21 -7.64949 6.49678 -0.848045 0.191697
6.22 -7.67623 8.19366 -0.803915 0.155809
6.23 -7.38224 5.98414 -0.771601 0.177216
6.24 -7.25423 7.79624 -0.774097 0.139202
6.25 -7.40949 6.09055 -0.794691 0.193028
6.26 -7.787 8.45687 -0.811763 0.157473
6.27 -7.80164 6.41822 -0.844556 0.189639
6.28 -7.96077 8.62181 -0.840809 0.155449
6.29 -7.99079 6.84715 -0.809289 0.193329
6.3 -8.08269 8.78685 -0.836315 0.156046
6.31 -7.98183 6.89109 -0.843078 0.196461
6.32 -7.80968 8.99392 -0.839628 0.156405
6.33 -7.73974 6.62113 -0.832528 0.201785
6.34 -7.53728 8.63575 -0.789405 0.145523
6.35 -7.40557 6.42312 -0.780302 0.185592
6.36 -7.30465 8.61728 -0.78674 0.145696
6.37 -7.4725 6.3189 -0.776028 0.182505
6.38 -7.41208 8.61587 -0.786885 0.137358
6.39 -7.56332 6.44674 -0.790102 0.172175
6.4 -7.68755 8.77994 -0.784174 0.117463
6.41 -7.64018 6.44888 -0.776994 0.16467
6.42 -7.60577 8.27739 -0.77438 0.118163
6.43 -7.58007 6.44976 -0.76897 0.145312
6.44 -7.64148 8.89939 -0.777815 0.10081
6.45 -7.78347 6.92275 -0.78956 0.172303
6.46 -7.8825 8.81805 -0.804155 0.100443
6.47 -7.72885 7.02586 -0.791874 0.135084
6.48 -7.93412 8.87958 -0.800671 0.102735
6.49 -7.81158 6.42442 -0.803196 0.142223
6.5 -7.82396 8.33206 -0.803432 0.0975534
6.51 -7.74534 6.77233 -0.8086 0.13788
6.52 -8.02501 8.70501 -0.841633 0.106247
6.53 -8.00512 7.04946 -0.84953 0.145318
6.54 -8.01576 9.0478 -0.861108 0.118853
6.55 -7.85581 6.88851 -0.856888 0.16689
6.56 -7.81315 8.98266 -0.868694 0.131685
6.57 -7.83938 6.55884 -0.872893 0.177664
6.58 -7.90872 8.97357 -0.883208 0.145302
6.59 -8.04832 7.03818 -0.901088 0.1948
6.6 -8.19682 9.14943 -0.920157 0.159705
6.61 -8.31828 7.0239 -0.929723 0.20762
6.62 -8.29526 9.03028 -0.920377 0.166306
6.63 -8.07808 7.15263 -0.831438 0.178126
6.64 -7.82522 9.24488 -0.837084 0.151953
6.65 -7.93527 6.88202 -0.857335 0.201817
6.66 -7.76822 8.84268 -0.861886 0.164622
6.67 -7.72085 6.3613 -0.856262 0.200357
6.68 -7.61386 8.76309 -0.857247 0.160734
6.69 -7.79611 7.06572 -0.823958 0.200518
6.7 -7.57304 8.57842 -0.845681 0.16212
6.71 -7.76985 6.55251 -0.84942 0.194278
6.72 -7.83494 8.84105 -0.864837 0.153887
6.73 -8.033 6.96877 -0.852478 0.199845
6.74 -7.9629 9.09239 -0.862476 0.161623
6.75 -7.98495 6.66285 -0.866971 0.205879
6.76 -7.8079 8.98457 -0.842747 0.154171
6.77 -7.62529 6.9508 -0.842156 0.200269
6.78 -7.66458 8.78456 -0.860501 0.156036
6.79 -7.62864 6.71889 -0.836367 0.186895
6.8 -7.36842 8.91005 -0.815813 0.134229
6.81 -7.606 6.80067 -0.84166 0.170603
6.82 -7.70799 9.05006 -0.850933 0.120031
6.83 -7.58957 6.57391 -0.845152 0.168724
6.84 -7.48314 8.75282 -0.846121 0.129329
6.85 -7.44939 6.82085 -0.834334 0.148788
6.86 -7.49604 9.20152 -0.824488 0.118818
6.87 -7.46319 6.92488 -0.83196 0.167572
6.88 -7.66855 8.75857 -0.832564 0.0928249
6.89 -7.49861 6.81712 -0.827094 0.136626
6.9 -7.64656 9.20779 -0.834217 0.103403
6.91 -7.70197 7.00404 -0.8397 0.139037
6.92 -7.71881 9.34918 -0.840705 0.0993782
6.93 -7.62108 6.82067 -0.836767 0.138836
6.94 -7.68853 8.7731 -0.838803 0.0981263
6.95 -7.53702 6.60713 -0.835111 0.142876
6.96 -7.43129 8.88287 -0.842945 0.105168
6.97 -7.64421 6.79095 -0.85913 0.161276
6.98 -7.86365 9.26744 -0.879853 0.122835
6.99 -7.93734 7.10255 -0.89629 0.178347
7 -8.17715 9.38571 -0.917161 0.145649
7.01 -8.15944 7.27246 -0.931675 0.198982
7.02 -8.13944 9.0878 -0.930517 0.164677
7.03 -7.94845 6.90569 -0.9128 0.211414
7.04 -7.60699 9.4348 -0.846883 0.140622
7.05 -7.64201 6.81167 -0.87172 0.210113
7.06 -7.85384 9.07098 -0.894295 0.165108
7.07 -7.80655 7.0025 -0.880602 0.213705
7.08 -7.69347 9.53069 -0.871296 0.162355
7.09 -7.78931 7.30226 -0.887521 0.214874
7.1 -7.77449 9.30339 -0.902219 0.169866
7.11 -7.65379 6.77225 -0.8669 0.209997
7.12 -7.38093 9.43713 -0.851417 0.161949
7.13 -7.59422 7.10759 -0.871926 0.200227
7.14 -7.78202 9.35562 -0.889987 0.159405
7.15 -7.76516 7.1373 -0.890586 0.207534
7.16 -7.8583 9.53217 -0.89203 0.145707
7.17 -7.82002 7.1199 -0.861179 0.189393
7.18 -7.7401 9.62925 -0.877803 0.147742
7.19 -7.8559 7.11788 -0.891813 0.188231
7.2 -7.8491 9.4374 -0.891774 0.156048
7.21 -7.86821 7.51138 -0.888582 0.191076
7.22 -7.71276 9.48999 -0.871345 0.144181
7.23 -7.59624 6.93899 -0.872143 0.203687
7.24 -7.55147 9.24556 -0.875534 0.142966
7.25 -7.51912 7.06471 -0.877764 0.179852
7.26 -7.6971 9.0609 -0.865775 0.14497
7.27 -7.66853 7.01144 -0.868831 0.172674
7.28 -7.84332 9.59545 -0.886539 0.132646
7.29 -7.93881 7.24831 -0.902878 0.181244
7.3 -8.06093 9.53123 -0.908021 0.1282
7.31 -7.89128 7.29482 -0.905098 0.164105
7.32 -7.80265 9.48767 -0.909036 0.133022
7.33 -7.98567 7.65878 -0.903987 0.171963
7.34 -7.78889 9.62973 -0.89252 0.109115
7.35 -7.81436 7.12987 -0.896463 0.155442
7.36 -7.69352 9.46485 -0.90445 0.119895
7.37 -7.55543 7.2096 -0.882593 0.156914
7.38 -7.5604 9.45862 -0.872778 0.115914
7.39 -7.55272 6.96922 -0.884982 0.156806
7.4 -7.54743 9.27608 -0.892938 0.115906
7.41 -7.43582 7.23124 -0.872442 0.166599
7.42 -7.42822 9.60278 -0.883192 0.130732
7.43 -7.51098 7.1862 -0.899842 0.181042
7.44 -7.55968 9.77454 -0.915209 0.142085
7.45 -7.78781 7.37464 -0.906798 0.19317
7.46 -7.753 9.76916 -0.919344 0.149358
7.47 -8.02579 7.43431 -0.925592 0.205691
7.48 -7.79554 9.75919 -0.927487 0.164074
7.49 -7.78585 7.40612 -0.917378 0.209572
7.5 -7.86858 9.58007 -0.931738 0.168206
7.51 -7.70662 7.11456 -0.914432 0.212242
7.52 -7.47274 9.54456 -0.897356 0.168168
7.53 -7.41294 6.87234 -0.909133 0.221389
7.54 -7.57883 9.42482 -0.908263 0.174434
7.55 -7.54514 7.03696 -0.906159 0.220822
7.56 -7.6554 9.4636 -0.92341 0.175864
7.57 -7.79472 7.72152 -0.940958 0.220047
7.58 -7.97573 10.261 -0.923302 0.166291
7.59 -8.07996 7.73974 -0.94055 0.221875
7.6 -7.79891 9.84253 -0.950268 0.170081
7.61 -7.72165 7.53809 -0.925025 0.211389
7.62 -7.56671 10.0127 -0.907149 0.172385
7.63 -7.61555 7.18276 -0.921559 0.201167
7.64 -7.48422 9.57695 -0.919857 0.157234
7.65 -7.35646 7.40198 -0.906643 0.198474
7.66 -7.43247 9.81454 -0.908268 0.156421
7.67 -7.71803 7.37657 -0.92462 0.19717
7.68 -7.63915 9.70945 -0.932224 0.150724
7.69 -7.63296 7.53626 -0.923768 0.1934
7.7 -7.56706 9.75468 -0.899481 0.136226
7.71 -7.59104 7.38843 -0.91709 0.183975
7.72 -7.67381 9.5764 -0.929515 0.140097
7.73 -7.66858 7.1776 -0.933423 0.179804
7.74 -7.70171 9.69693 -0.931033 0.134441
7.75 -7.70247 7.4141 -0.937736 0.177106
7.76 -7.6918 10.0069 -0.938962 0.118859
7.77 -7.65176 7.46351 -0.937391 0.181841
7.78 -7.7591 9.88864 -0.949613 0.127153
7.79 -7.66268 7.61168 -0.920925 0.152061
7.8 -7.50193 9.93199 -0.910095 0.108057
7.81 -7.72614 7.48032 -0.936167 0.161289
7.82 -7.68921 9.57908 -0.937526 0.119261
7.83 -7.58319 7.739 -0.9438 0.158966
7.84 -7.69896 9.78448 -0.91483 0.109326
7.85 -7.63445 7.42253 -0.940855 0.168432
7.86 -7.79181 9.6353 -0.949845 0.128345
7.87 -7.559 7.56952 -0.942536 0.176454
7.88 -7.57962 10.0893 -0.922617 0.141506
7.89 -7.52505 7.39391 -0.941361 0.19141
7.9 -7.59898 9.94632 -0.955637 0.153288
7.91 -7.71311 7.66888 -0.94765 0.1998
7.92 -7.6169 10.3912 -0.955471 0.151987
7.93 -7.7981 7.66939 -0.971198 0.20995
7.94 -7.88331 9.81574 -0.974126 0.174367
7.95 -7.77798 7.65235 -0.947042 0.211484
7.96 -7.72746 9.87365 -0.971615 0.16423
7.97 -7.9656 7.62167 -0.97242 0.214679
7.98 -7.88861 9.96221 -0.962598 0.173202
7.99 -7.61002 7.47527 -0.978383 0.214287
8 -7.48448 10.1218 -0.947632 0.166669
8.01 -7.36575 7.50615 -0.958672 0.219954
8.02 -7.38389 9.39552 -0.950001 0.165965
8.03 -7.14466 7.22436 -0.94164 0.207717
8.04 -7.37982 9.6283 -0.951094 0.161182
8.05 -7.28062 7.7543 -0.938305 0.204091
8.06 -7.50373 10.0432 -0.96971 0.15461
8.07 -7.63012 7.71497 -0.977062 0.20324
8.08 -7.47101 10.0393 -0.954808 0.162882
8.09 -7.59019 7.65467 -0.97095 0.201026
8.1 -7.44698 9.76287 -0.96164 0.153439
8.11 -7.25519 7.61599 -0.948056 0.19894
8.12 -7.3953 9.90884 -0.970734 0.15145
8.13 -7.64603 7.94178 -0.97981 0.195381
8.14 -7.40103 10.3281 -0.961999 0.147483
8.15 -7.53923 7.6847 -0.971813 0.197968
8.16 -7.38944 9.84174 -0.970441 0.157114
8.17 -7.4961 7.83679 -0.946096 0.190773
8.18 -7.56433 9.96979 -0.973241 0.146854
8.19 -7.58032 7.74622 -0.983125 0.192121
8.2 -7.49347 10.2306 -0.959806 0.1377
8.21 -7.26326 7.78874 -0.964737 0.183881
8.22 -7.34124 10.184 -0.961007 0.132056
8.23 -7.31094 7.55623 -0.954321 0.179442
8.24 -7.22488 10.0454 -0.941934 0.127188
8.25 -7.29925 7.75938 -0.949414 0.168313
8.26 -7.29738 10.2892 -0.962896 0.116288
8.27 -7.55059 7.76119 -0.970404 0.179508
8.28 -7.75834 10.1291 -0.990819 0.122838
8.29 -7.69573 8.06892 -0.993752 0.164162
8.3 -7.70237 10.4264 -0.977729 0.121473
8.31 -7.4682 8.16696 -0.979063 0.166043
8.32 -7.52758 10.33 -0.984776 0.118731
8.33 -7.25937 7.80031 -0.973962 0.167285
8.34 -7.2655 10.2245 -0.946103 0.12083
8.35 -7.32765 7.69747 -0.971962 0.171886
8.36 -7.36592 9.94433 -0.981819 0.129249
8.37 -7.48408 7.9351 -0.972487 0.179757
8.38 -7.38729 10.3576 -0.975149 0.141374
8.39 -7.6594 7.81435 -0.993987 0.19502
8.4 -7.7007 10.1433 -1.00657 0.156229
8.41 -7.75707 7.99293 -0.992846 0.20071
8.42 -7.67264 10.5251 -1.001 0.161164
8.43 -7.83017 8.32109 -1.01389 0.217474
8.44 -7.707 10.6392 -0.994536 0.16328
8.45 -7.6369 8.22031 -1.00095 0.212599
8.46 -7.6595 10.577 -1.0133 0.1692
8.47 -7.53865 8.31422 -0.997803 0.212949
8.48 -7.60465 10.5166 -1.01189 0.17746
8.49 -7.58393 8.06644 -0.988275 0.210589
8.5 -7.32226 10.444 -0.997679 0.167442
8.51 -7.36122 7.96928 -0.980397 0.207774
8.52 -7.22918 10.4229 -0.98708 0.165687
8.53 -7.39548 8.02872 -1.00293 0.20923
8.54 -7.4213 10.3695 -0.983974 0.168244
8.55 -7.2292 7.94046 -0.999578 0.210746
8.56 -7.26574 10.5093 -0.986214 0.161996
8.57 -7.18455 8.44484 -0.985892 0.21193
8.58 -7.40792 10.6552 -1.00545 0.160539
8.59 -7.36948 8.06354 -1.0073 0.207566
8.6 -7.26236 10.361 -0.977413 0.152492
8.61 -7.40551 7.88966 -1.00236 0.214973
8.62 -7.56991 10.3348 -1.01405 0.170007
8.63 -7.61463 8.10246 -1.00642 0.220325
8.64 -7.495 10.5515 -1.00686 0.176022
8.65 -7.73352 8.04525 -1.03037 0.230084
8.66 -7.93687 10.9253 -1.03664 0.178845
8.67 -7.73631 8.80276 -1.03963 0.226603
8.68 -7.68253 10.7024 -1.04726 0.187757
8.69 -7.55187 8.10984 -1.01327 0.224434
8.7 -7.42382 10.5003 -1.0225 0.178865
8.71 -7.26461 8.29964 -1.00001 0.215886
8.72 -7.3043 10.4646 -1.01479 0.169862
8.73 -7.35879 8.30054 -0.995699 0.207969
8.74 -7.23763 10.4029 -1.01711 0.15711
8.75 -7.30366 8.2683 -0.995389 0.191009
8.76 -7.21106 10.7141 -1.01077 0.145119
8.77 -7.16006 8.24292 -0.990239 0.176994
8.78 -6.98718 10.505 -0.993589 0.130924
8.79 -7.11996 7.95898 -0.990342 0.171049
8.8 -7.10178 10.7652 -1.00384 0.151415
8.81 -7.22407 8.39517 -0.99997 0.168012
8.82 -7.18718 10.7233 -0.99691 0.117128
8.83 -7.35524 8.45848 -1.00834 0.170896
8.84 -7.43578 10.8102 -1.03216 0.12461
8.85 -7.41125 8.50365 -1.02385 0.174398
8.86 -7.37068 10.749 -1.00575 0.131224
8.87 -7.37546 8.07259 -1.01843 0.182047
8.88 -7.42471 10.7461 -1.02032 0.128812
8.89 -7.25316 8.47379 -1.01558 0.186499
8.9 -7.27474 10.6499 -1.03435 0.145887
8.91 -7.29346 8.48157 -1.01532 0.190712
8.92 -7.14221 10.6363 -1.02539 0.15754
8.93 -7.24455 8.44145 -1.02261 0.197816
8.94 -7.10458 10.7469 -1.01265 0.156286
8.95 -7.26444 8.27373 -1.02552 0.207358
8.96 -7.09052 10.7595 -1.00455 0.163761
8.97 -7.20945 8.5074 -1.02796 0.213327
8.98 -7.34389 10.9666 -1.03098 0.165463
8.99 -7.35844 8.2632 -1.03875 0.222522
9 -7.45069 10.5821 -1.05593 0.179192
9.01 -7.4372 8.91568 -1.0379 0.213847
9.02 -7.36221 11.052 -1.05033 0.171449
9.03 -7.36397 8.51242 -1.04942 0.216441
9.04 -7.12618 10.631 -1.01835 0.164522
9.05 -7.04102 8.19062 -1.02925 0.212095
9.06 -6.9179 10.7514 -1.0069 0.158533
9.07 -6.84642 8.19582 -1.01123 0.204266
9.08 -6.80789 10.2139 -1.00419 0.159242
9.09 -6.69027 8.13461 -0.990594 0.201158
9.1 -6.77291 10.1758 -1.01253 0.157972
9.11 -6.85667 8.08633 -0.996795 0.195747
9.12 -6.75996 10.2213 -1.0135 0.162635
9.13 -6.78081 8.15969 -1.01468 0.204606
9.14 -6.65201 10.518 -0.990285 0.16223
9.15 -6.63468 7.93993 -1.00257 0.195812
9.16 -6.70658 10.251 -1.01427 0.158321
9.17 -6.67805 8.30161 -0.98717 0.20071
9.18 -6.93287 10.3202 -1.01798 0.166175
9.19 -7.07849 8.41822 -1.03817 0.213936
9.2 -7.12618 10.6322 -1.02623 0.175002
9.21 -7.16628 8.22823 -1.04089 0.222259
9.22 -7.08496 10.6718 -1.02743 0.175433
9.23 -6.93045 8.36639 -1.02661 0.225512
9.24 -6.96398 10.4092 -1.03933 0.18351
9.25 -6.82386 8.30274 -1.0181 0.220686
9.26 -6.85869 10.3249 -1.03005 0.187952
9.27 -6.86965 8.34966 -1.0187 0.226598
9.28 -6.87793 10.485 -1.03982 0.183906
9.29 -7.03871 8.40623 -1.02483 0.218344
9.3 -6.88515 10.5464 -1.03259 0.178431
9.31 -6.88925 8.34044 -1.02913 0.202602
9.32 -6.83233 10.5706 -1.02873 0.161969
9.33 -6.97135 8.22057 -1.03137 0.199634
9.34 -6.78033 10.9597 -1.01778 0.141597
9.35 -6.74135 8.33123 -1.02571 0.18858
9.36 -6.71014 10.6846 -1.01021 0.134107
9.37 -6.57564 8.40104 -1.02177 0.175442
9.38 -6.64919 10.4392 -1.02819 0.130963
9.39 -6.62475 8.36046 -1.00394 0.164045
9.4 -6.64603 10.4784 -1.02152 0.122128
9.41 -6.64339 8.1819 -1.03074 0.166551
9.42 -6.76704 10.6451 -1.01919 0.120375
9.43 -6.70238 8.52531 -1.03321 0.1812
9.44 -6.89593 10.7486 -1.05721 0.125711
9.45 -6.86754 8.72946 -1.03575 0.169422
9.46 -6.89234 10.7494 -1.06085 0.134647
9.47 -7.06453 8.75468 -1.0568 0.173045
9.48 -6.81089 10.8953 -1.05554 0.141869
9.49 -6.91326 8.49266 -1.04555 0.18065
9.5 -6.67647 10.6367 -1.03883 0.141898
9.51 -6.69276 8.33054 -1.04378 0.18161
9.52 -6.52092 10.5728 -1.03364 0.145941
9.53 -6.53583 8.08249 -1.04165 0.186752
9.54 -6.51414 10.3524 -1.02617 0.147376
9.55 -6.44081 7.97723 -1.03513 0.189936
9.56 -6.40749 10.3549 -1.0169 0.13797
9.57 -6.32032 8.14415 -1.03252 0.178599
9.58 -6.46171 10.4932 -1.03146 0.132249
9.59 -6.37715 8.611 -1.03239 0.180283
9.6 -6.61626 10.4881 -1.04557 0.140458
9.61 -6.56535 8.75016 -1.03417 0.176325
9.62 -6.67145 10.5225 -1.05447 0.139292
9.63 -6.66499 8.61303 -1.0446 0.173387
9.64 -6.81954 10.7974 -1.05939 0.138376
9.65 -6.68719 8.8556 -1.04564 0.174068
9.66 -6.71095 10.6675 -1.0535 0.138205
9.67 -6.51412 8.65343 -1.04039 0.175016
9.68 -6.5066 10.6853 -1.03792 0.126632
9.69 -6.36423 8.50918 -1.04123 0.176088
9.7 -6.46064 10.5235 -1.03607 0.12944
9.71 -6.40092 8.81871 -1.04698 0.172194
9.72 -6.42012 10.663 -1.03469 0.133749
9.73 -6.35191 8.62677 -1.05007 0.177917
9.74 -6.43659 10.6848 -1.04805 0.134672
9.75 -6.37622 8.78492 -1.03661 0.183858
9.76 -6.49729 11.012 -1.0549 0.140892
9.77 -6.54734 8.83025 -1.04964 0.188701
9.78 -6.59682 10.9053 -1.06683 0.153945
9.79 -6.76368 9.38683 -1.07368 0.188125
9.8 -6.62573 11.2987 -1.05995 0.155536
9.81 -6.61255 9.06222 -1.07623 0.202934
9.82 -6.59188 11.2446 -1.05595 0.156293
9.83 -6.47856 9.14756 -1.06857 0.198261
9.84 -6.69722 11.5911 -1.06377 0.152919
9.85 -6.68538 9.46607 -1.07332 0.200408
9.86 -6.88765 11.673 -1.08922 0.157467
9.87 -6.81555 9.58019 -1.08506 0.202316
9.88 -6.88511 11.512 -1.10149 0.160724
9.89 -6.82365 9.35843 -1.07959 0.203775
9.9 -6.79583 11.6006 -1.09128 0.158577
9.91 -6.91281 9.67525 -1.09478 0.19409
9.92 -6.72118 11.6574 -1.08029 0.159339
9.93 -6.8204 9.53246 -1.09578 0.197598
9.94 -6.73898 11.8094 -1.07706 0.151408
9.95 -6.71502 9.58788 -1.09055 0.196687
9.96 -6.86121 11.7449 -1.09162 0.156997
9.97 -6.78849 9.90771 -1.08921 0.199139
9.98 -6.83478 11.9149 -1.10295 0.158015
9.99 -6.76396 9.87825 -1.08251 0.193168
10 -6.79701 11.7785 -1.10176 0.154519
10.01 -6.67104 9.92421 -1.08578 0.187683
10.02 -6.69487 11.8957 -1.09469 0.147328
10.03 -6.7141 9.78388 -1.08027 0.182969
10.04 -6.75771 11.9925 -1.09358 0.140348
10.05 -6.73244 9.73895 -1.08352 0.179197
10.06 -6.79317 11.9981 -1.09554 0.143731
10.07 -6.7299 9.98695 -1.10379 0.182012
10.08 -6.79491 11.856 -1.07964 0.137659
10.09 -6.65128 9.72419 -1.08949 0.18044
10.1 -6.76993 11.9691 -1.09393 0.13785
10.11 -6.73246 9.85643 -1.08236 0.1722
10.12 -6.67312 12.3777 -1.08669 0.126777
10.13 -6.73381 10.0795 -1.09329 0.171603
10.14 -6.69909 12.2322 -1.10308 0.128027
10.15 -6.80394 10.1442 -1.09017 0.165865
10.16 -6.67462 12.2964 -1.08911 0.132222
10.17 -6.77117 10.0748 -1.10253 0.17923
10.18 -6.80003 12.4292 -1.10272 0.124028
10.19 -6.80399 10.3298 -1.09164 0.176097
10.2 -6.8383 12.1151 -1.11665 0.135212
10.21 -6.97053 10.2747 -1.10857 0.177037
10.22 -6.74795 12.2725 -1.10763 0.139442
10.23 -6.76036 9.87742 -1.11729 0.181645
10.24 -6.66931 12.1666 -1.09881 0.142192
10.25 -6.54877 9.85209 -1.11176 0.186874
10.26 -6.56419 12.1713 -1.09456 0.144218
10.27 -6.38431 9.84651 -1.0914 0.193843
10.28 -6.37356 11.671 -1.08493 0.144422
10.29 -6.24218 9.76047 -1.07728 0.186873
10.3 -6.44776 11.9885 -1.09232 0.145231
10.31 -6.46012 9.94234 -1.09489 0.185137
10.32 -6.58357 12.1042 -1.09724 0.14799
10.33 -6.722 10.0893 -1.11723 0.185217
10.34 -6.77162 12.255 -1.11577 0.139489
10.35 -6.57969 10.1236 -1.10763 0.182991
10.36 -6.55549 12.1477 -1.11165 0.14094
10.37 -6.50458 10.0917 -1.09169 0.176097
10.38 -6.48164 12.1819 -1.10679 0.139191
10.39 -6.58062 9.97414 -1.1071 0.182828
10.4 -6.44869 12.265 -1.0956 0.14424
10.41 -6.49731 10.0163 -1.11231 0.184909
10.42 -6.5152 12.03 -1.10113 0.147887
10.43 -6.42948 10.0638 -1.11267 0.189986
10.44 -6.58011 12.2253 -1.11199 0.152743
10.45 -6.46246 10.0688 -1.11009 0.20302
10.46 -6.59702 12.1509 -1.12747 0.162473
10.47 -6.47923 10.2489 -1.1113 0.199411
10.48 -6.5334 12.1588 -1.12708 0.16582
10.49 -6.49687 10.0323 -1.11762 0.202652
10.5 -6.45227 12.2885 -1.12404 0.165024
10.51 -6.53388 10.0716 -1.13109 0.203618
10.52 -6.51224 12.5888 -1.11974 0.156867
10.53 -6.49863 10.2377 -1.13705 0.202495
10.54 -6.61846 12.2568 -1.13498 0.15882
10.55 -6.52543 10.1614 -1.12431 0.20197
10.56 -6.4389 12.3123 -1.13388 0.157467
10.57 -6.31714 10.147 -1.10717 0.193705
10.58 -6.28122 12.2327 -1.12209 0.15431
10.59 -6.29336 9.9484 -1.11762 0.196527
10.6 -6.2237 12.177 -1.11404 0.154183
10.61 -6.36566 9.96868 -1.12906 0.197513
10.62 -6.46191 12.2825 -1.11875 0.152378
10.63 -6.44814 10.2105 -1.13946 0.197821
10.64 -6.59409 12.196 -1.14293 0.155846
10.65 -6.54538 10.2958 -1.14436 0.204277
10.66 -6.68103 12.3748 -1.15305 0.161977
10.67 -6.51504 10.3037 -1.14691 0.207642
10.68 -6.42273 12.3578 -1.14365 0.160902
10.69 -6.24217 10.1086 -1.13751 0.211004
10.7 -6.30654 12.2776 -1.12597 0.167355
10.71 -6.16243 10.2229 -1.13738 0.211462
10.72 -6.2494 12.2104 -1.13602 0.170274
10.73 -6.21743 10.0517 -1.14518 0.21896
10.74 -6.41191 12.387 -1.14615 0.175218
10.75 -6.32808 10.3212 -1.14932 0.213809
10.76 -6.39424 12.2464 -1.1576 0.17852
10.77 -6.39285 10.4409 -1.15056 0.218209
10.78 -6.36874 12.5064 -1.16317 0.177881
10.79 -6.36941 10.3865 -1.14547 0.218943
10.8 -6.21183 12.3747 -1.15694 0.176371
10.81 -6.15949 10.1669 -1.13297 0.210112
10.82 -6.04975 12.2629 -1.13929 0.165992
10.83 -6.17005 10.0662 -1.13531 0.20584
10.84 -6.2498 12.3219 -1.15382 0.168695
10.85 -6.49759 10.4318 -1.16529 0.203511
10.86 -6.54271 12.6874 -1.17728 0.16638
10.87 -6.56614 10.6332 -1.17824 0.201696
10.88 -6.49595 12.9385 -1.18045 0.160297
10.89 -6.38741 10.5703 -1.16471 0.196865
10.9 -6.17302 12.5596 -1.16597 0.154614
10.91 -6.10169 10.3642 -1.14868 0.194301
10.92 -6.12446 12.3478 -1.15023 0.150553
10.93 -6.03657 10.1761 -1.15225 0.192858
10.94 -6.17722 12.5306 -1.161 0.149091
10.95 -6.1985 10.62 -1.16574 0.192131
10.96 -6.42509 12.5569 -1.18247 0.154021
10.97 -6.28843 10.7612 -1.16747 0.188541
10.98 -6.26028 12.8079 -1.18285 0.148239
10.99 -6.21346 10.6664 -1.16562 0.187089
11 -6.00351 12.5611 -1.16604 0.144775
11.01 -5.91801 10.2616 -1.14297 0.178811
11.02 -5.61629 12.3802 -1.13561 0.136185
11.03 -5.73604 10.1924 -1.14267 0.180715
11.04 -5.73622 12.4302 -1.13206 0.133748
11.05 -5.8699 10.1352 -1.1542 0.179966
11.06 -6.1026 12.5845 -1.17001 0.136844
11.07 -6.11748 10.6625 -1.16903 0.183627
11.08 -6.27354 12.8701 -1.19091 0.140265
11.09 -6.24251 10.553 -1.18299 0.184502
11.1 -6.1251 12.767 -1.17836 0.143812
11.11 -6.16307 10.4983 -1.18374 0.184002
11.12 -6.05511 12.6695 -1.1742 0.140675
11.13 -6.03393 10.3482 -1.18446 0.182104
11.14 -6.05853 12.7253 -1.17639 0.140304
11.15 -6.13894 10.4893 -1.19719 0.188611
11.16 -6.21522 12.6474 -1.19047 0.138751
11.17 -5.93461 10.3373 -1.18845 0.185021
11.18 -5.86424 12.5703 -1.17403 0.135082
11.19 -5.93055 10.4998 -1.18493 0.18182
11.2 -5.89052 12.8126 -1.17637 0.135309
11.21 -5.77518 10.5403 -1.18642 0.182599
11.22 -5.76401 12.5029 -1.17253 0.137927
11.23 -5.70701 10.3757 -1.17936 0.183669
11.24 -5.71602 12.6134 -1.17538 0.136714
11.25 -5.72714 10.5809 -1.18108 0.184267
11.26 -5.68683 12.686 -1.17384 0.135913
11.27 -5.6774 10.2885 -1.18038 0.186886
11.28 -5.67206 12.4897 -1.17142 0.140721
11.29 -5.62887 10.1979 -1.17722 0.18797
11.3 -5.7322 12.6291 -1.17479 0.135391
11.31 -5.71921 10.5246 -1.18271 0.184123
11.32 -5.76149 12.5168 -1.19331 0.134935
11.33 -5.68073 10.4553 -1.1743 0.176845
11.34 -5.66876 12.7238 -1.18388 0.135906
11.35 -5.79457 10.2731 -1.18249 0.178902
11.36 -5.75617 12.5772 -1.19089 0.137137
11.37 -5.88793 10.4297 -1.20076 0.183408
11.38 -5.91146 12.9012 -1.19971 0.142199
11.39 -6.06508 10.6262 -1.22437 0.189698
11.4 -6.0652 13.0458 -1.21631 0.140377
11.41 -5.93718 10.5114 -1.22258 0.186979
11.42 -5.80338 12.9858 -1.20622 0.136733
11.43 -5.72139 10.6044 -1.21274 0.186017
11.44 -5.57742 12.778 -1.20369 0.143931
11.45 -5.56769 10.4101 -1.20227 0.191092
11.46 -5.42403 12.653 -1.20076 0.145809
11.47 -5.47418 10.2007 -1.19483 0.187879
11.48 -5.37603 12.5348 -1.20459 0.141471
11.49 -5.41281 10.3406 -1.19516 0.182478
11.5 -5.4485 12.5588 -1.21315 0.144482
11.51 -5.51918 10.6462 -1.20993 0.187046
11.52 -5.48576 12.8657 -1.22092 0.149419
11.53 -5.62364 10.4798 -1.22053 0.187051
11.54 -5.53166 12.6944 -1.2246 0.146379
11.55 -5.6026 10.5382 -1.23065 0.187544
11.56 -5.5448 12.77 -1.22601 0.146856
11.57 -5.63243 10.4558 -1.24176 0.192565
11.58 -5.58893 12.6066 -1.22873 0.148436
11.59 -5.49499 10.5123 -1.23687 0.191631
11.6 -5.67414 12.6429 -1.24043 0.147735
11.61 -5.6289 10.676 -1.24386 0.189812
11.62 -5.69066 12.6402 -1.25219 0.14527
11.63 -5.52426 10.7509 -1.24539 0.18897
11.64 -5.65878 12.8088 -1.25141 0.145396
11.65 -5.5479 10.8124 -1.25304 0.191978
11.66 -5.66528 12.8621 -1.25824 0.144155
11.67 -5.46284 10.7131 -1.25338 0.188029
11.68 -5.45737 12.9448 -1.2526 0.137749
11.69 -5.45123 10.619 -1.2516 0.187537
11.7 -5.51137 12.5525 -1.25839 0.147151
11.71 -5.49738 10.7667 -1.25841 0.187316
11.72 -5.64602 13.0761 -1.27902 0.148667
11.73 -5.77956 11.1954 -1.28412 0.18804
11.74 -5.87913 13.0654 -1.29568 0.15353
11.75 -5.69824 10.9876 -1.28221 0.196167
11.76 -5.594 13.0852 -1.28634 0.152451
11.77 -5.55072 10.9008 -1.2853 0.197697
11.78 -5.56183 12.9486 -1.27662 0.148427
11.79 -5.21074 10.7065 -1.26943 0.19169
11.8 -5.23308 12.727 -1.25977 0.148336
11.81 -5.37696 10.7688 -1.27748 0.196082
11.82 -5.48062 12.879 -1.27524 0.151202
11.83 -5.48207 10.6216 -1.28774 0.1973
11.84 -5.62262 13.0242 -1.29292 0.149393
11.85 -5.67099 10.9843 -1.3124 0.192391
11.86 -5.84969 13.0851 -1.31881 0.15266
11.87 -5.65494 11.1878 -1.31127 0.192116
11.88 -5.61708 13.3658 -1.30857 0.142617
11.89 -5.48154 10.9593 -1.30205 0.188012
11.9 -5.42188 12.8981 -1.29383 0.150431
11.91 -5.22682 10.903 -1.292 0.186891
11.92 -5.34856 13.0541 -1.29123 0.143789
11.93 -5.38841 10.8147 -1.30553 0.189566
11.94 -5.41246 12.9141 -1.30165 0.148421
11.95 -5.25703 10.9523 -1.31197 0.192552
11.96 -5.35296 13.0502 -1.30735 0.15101
11.97 -5.30794 10.9789 -1.3172 0.196851
11.98 -5.27071 13.1771 -1.30295 0.14855
11.99 -5.10892 10.8288 -1.30575 0.194818
12 -5.18071 13.0031 -1.30051 0.154193
12.01 -5.28009 10.8946 -1.32026 0.200517
12.02 -5.24347 12.9448 -1.30755 0.152498
12.03 -5.08841 10.668 -1.31267 0.19761
12.04 -5.17023 13.0827 -1.31017 0.145838
12.05 -5.26668 10.9237 -1.31785 0.195869
12.06 -5.38411 13.0265 -1.33371 0.156566
12.07 -5.37265 10.9764 -1.32342 0.194705
12.08 -5.41882 12.9693 -1.33439 0.156126
12.09 -5.38413 10.8996 -1.3272 0.193426
12.1 -5.30852 13.2494 -1.34357 0.15589
12.11 -5.36782 11.1054 -1.33491 0.194022
12.12 -5.20395 13.0448 -1.34063 0.155242
12.13 -5.14644 10.865 -1.32151 0.193663
12.14 -5.01434 13.0301 -1.32741 0.156694
12.15 -5.11227 10.7953 -1.32063 0.196086
12.16 -5.00703 13.1477 -1.32523 0.149262
12.17 -5.14379 10.839 -1.3318 0.198744
12.18 -5.11812 13.2336 -1.3344 0.155733
12.19 -5.27489 11.0094 -1.35234 0.200297
12.2 -5.32631 13.3814 -1.35013 0.155224
12.21 -5.41259 11.1658 -1.36346 0.204372
12.22 -5.38543 13.2973 -1.35875 0.160258
12.23 -5.32627 10.9838 -1.36202 0.206231
12.24 -5.34006 13.4126 -1.36138 0.161612
12.25 -5.2703 11.0887 -1.37215 0.211819
12.26 -5.29166 13.3389 -1.36491 0.161524
12.27 -5.0547 10.9229 -1.35852 0.20135
12.28 -4.98438 13.0185 -1.34677 0.157607
12.29 -4.95978 10.7581 -1.36072 0.201996
12.3 -5.08952 13.0162 -1.36326 0.156453
12.31 -5.1045 11.0009 -1.38243 0.202394
12.32 -5.21272 13.3153 -1.38302 0.156873
12.33 -5.01192 10.8824 -1.38241 0.208068
12.34 -4.95091 13.0621 -1.36809 0.159739
12.35 -4.79935 10.5748 -1.36222 0.201727
12.36 -4.80186 12.9079 -1.35554 0.155717
12.37 -4.64664 10.7642 -1.35678 0.202593
12.38 -4.88645 12.9374 -1.36938 0.161733
12.39 -4.93589 10.8545 -1.37153 0.202111
12.4 -4.9367 13.0893 -1.38695 0.162844
12.41 -4.92753 11.052 -1.3821 0.207771
12.42 -5.04198 13.3753 -1.4036 0.166981
12.43 -5.00901 11.0835 -1.39054 0.204959
12.44 -4.7204 13.1167 -1.38792 0.166489
12.45 -4.56561 10.9167 -1.36639 0.203528
12.46 -4.56564 12.8544 -1.37814 0.16484
12.47 -4.56861 10.5747 -1.36393 0.199471
12.48 -4.49723 12.9656 -1.37333 0.164046
12.49 -4.72504 10.7176 -1.3768 0.206911
12.5 -4.88217 12.9895 -1.40523 0.167848
12.51 -5.05024 10.9987 -1.41017 0.208366
12.52 -5.17202 13.351 -1.42523 0.17308
12.53 -5.25341 11.2305 -1.43419 0.213431
12.54 -5.27747 13.7925 -1.45135 0.169848
12.55 -5.30368 11.4012 -1.44356 0.214893
12.56 -5.02401 13.5334 -1.4452 0.169354
12.57 -4.73748 10.9622 -1.41678 0.206378
12.58 -4.40153 13.1482 -1.40776 0.159599
12.59 -4.39145 10.6716 -1.39216 0.209125
12.6 -4.3418 12.8395 -1.39926 0.163849
12.61 -4.40552 10.4464 -1.39729 0.207731
12.62 -4.42728 13.0759 -1.40721 0.160802
12.63 -4.74061 10.8307 -1.42722 0.215568
12.64 -4.92186 13.511 -1.44269 0.166324
12.65 -5.04446 11.2413 -1.46318 0.21634
12.66 -5.09494 13.5757 -1.46046 0.171202
12.67 -5.09603 11.3916 -1.46896 0.216924
12.68 -5.00168 13.3546 -1.46598 0.171388
12.69 -4.95845 11.1757 -1.46268 0.22003
12.7 -4.87161 13.5969 -1.46568 0.170663
12.71 -4.81712 11.0319 -1.4682 0.221478
12.72 -4.69609 13.2475 -1.45645 0.17187
12.73 -4.54042 10.9025 -1.45702 0.220668
12.74 -4.59883 13.2872 -1.44983 0.173028
12.75 -4.58765 10.8407 -1.46512 0.217325
12.76 -4.69602 13.1556 -1.46248 0.172204
12.77 -4.77057 11.1071 -1.48447 0.220729
12.78 -4.96115 13.5253 -1.49268 0.171212
12.79 -5.0005 11.3365 -1.51575 0.224188
12.8 -5.08663 13.7944 -1.5151 0.175402
12.81 -4.97025 11.2646 -1.51446 0.22497
12.82 -4.86106 13.466 -1.50566 0.177883
12.83 -4.67549 11.0825 -1.50353 0.225369
12.84 -4.63795 13.2122 -1.49226 0.180394
12.85 -4.62705 11.0469 -1.50003 0.226146
12.86 -4.67491 13.3136 -1.49494 0.174643
12.87 -4.71726 11.2291 -1.51242 0.223477
12.88 -4.76389 13.5058 -1.51191 0.177458
12.89 -4.79002 11.1409 -1.52404 0.226024
12.9 -4.79114 13.4354 -1.52221 0.179143
12.91 -4.74402 11.2391 -1.52322 0.228597
12.92 -4.84824 13.4396 -1.52494 0.182148
12.93 -4.70817 11.2727 -1.53786 0.225658
12.94 -4.77632 13.644 -1.52998 0.181435
12.95 -4.81404 11.1101 -1.53756 0.229424
12.96 -4.79945 13.4984 -1.53885 0.183051
12.97 -4.87208 11.2596 -1.54559 0.230006
12.98 -5.05995 13.7252 -1.57214 0.185661
12.99 -5.07676 11.5971 -1.5771 0.231437
13 -5.12035 13.8579 -1.58072 0.187102
13.01 -4.87272 11.6367 -1.58032 0.231335
13.02 -4.63006 13.9676 -1.5668 0.183428
13.03 -4.40854 11.2459 -1.55178 0.229297
13.04 -4.11027 13.3687 -1.52805 0.17905
13.05 -3.84924 10.9612 -1.51233 0.223849
13.06 -3.79912 13.0543 -1.51685 0.178489
13.07 -4.09039 10.796 -1.53262 0.225624
13.08 -4.32513 13.4036 -1.54634 0.1784
13.09 -4.6517 11.2446 -1.57763 0.228691
13.1 -5.02329 14.0228 -1.59844 0.183447
13.11 -5.156 11.8186 -1.62432 0.239041
13.12 -5.43091 14.1837 -1.63932 0.191225
13.13 -5.29002 11.8865 -1.63734 0.23546
13.14 -5.15837 14.055 -1.63024 0.190452
13.15 -4.80219 11.3149 -1.61753 0.235809
13.16 -4.68209 13.3152 -1.5985 0.190982
13.17 -4.45456 11.1321 -1.5997 0.236113
13.18 -4.52576 13.6662 -1.60598 0.188296
13.19 -4.62741 11.3948 -1.61588 0.237382
13.2 -4.79564 13.8033 -1.63615 0.192091
13.21 -4.72881 11.4874 -1.63149 0.236835
13.22 -4.60956 13.9172 -1.62939 0.192077
13.23 -4.5517 11.4646 -1.63521 0.243439
13.24 -4.6092 13.9099 -1.63364 0.187901
13.25 -4.51728 11.3353 -1.63539 0.243714
13.26 -4.50157 13.8764 -1.64085 0.189096
13.27 -4.52842 11.509 -1.63973 0.236777
13.28 -4.58597 13.9743 -1.65492 0.191827
13.29 -4.69669 11.5632 -1.65767 0.236143
13.3 -4.72058 13.9584 -1.66517 0.193626
13.31 -4.7361 11.6279 -1.67472 0.240538
13.32 -4.85509 14.0899 -1.68143 0.194335
13.33 -4.8804 11.6612 -1.69009 0.249133
13.34 -4.889 14.0986 -1.69551 0.199038
13.35 -4.80005 11.6646 -1.69637 0.249988
13.36 -4.84792 13.9585 -1.6973 0.203154
13.37 -4.82976 11.5779 -1.70419 0.252902
13.38 -4.9625 13.887 -1.70767 0.204482
13.39 -5.06062 11.7107 -1.71943 0.254929
13.4 -5.14323 14.4583 -1.74281 0.211594
13.41 -5.33819 12.2403 -1.75598 0.259973
13.42 -5.31679 14.3403 -1.77687 0.217629
13.43 -5.06644 12.0762 -1.75905 0.259697
13.44 -4.78198 14.3176 -1.75176 0.212565
13.45 -4.36381 11.8221 -1.73408 0.25925
13.46 -4.18269 13.6144 -1.7157 0.212163
13.47 -3.88196 11.145 -1.70027 0.253538
13.48 -3.89619 13.5035 -1.69717 0.211358
13.49 -4.23155 11.0917 -1.71583 0.256327
13.5 -4.73254 13.9083 -1.75449 0.212117
13.51 -5.07568 12.2686 -1.79243 0.262079
13.52 -5.55836 14.669 -1.83063 0.223806
13.53 -5.5496 12.4691 -1.84212 0.270804
13.54 -5.4091 14.5544 -1.84094 0.230811
13.55 -4.96797 12.132 -1.81837 0.266199
13.56 -4.68623 13.9955 -1.80026 0.226694
13.57 -4.51743 11.4734 -1.79305 0.270277
13.58 -4.39777 13.692 -1.78239 0.222382
13.59 -4.47343 11.5846 -1.79337 0.26956
13.6 -4.65158 14.2332 -1.81408 0.223615
13.61 -4.90661 11.9079 -1.83636 0.274519
13.62 -5.08537 14.2474 -1.85723 0.232552
13.63 -5.14438 12.0888 -1.86659 0.282541
13.64 -5.2316 14.5294 -1.88301 0.23384
13.65 -5.39431 12.039 -1.89757 0.285352
13.66 -5.42787 14.9779 -1.91576 0.234526
13.67 -5.45718 12.6539 -1.92863 0.284816
13.68 -5.43341 14.81 -1.93083 0.243713
13.69 -4.95614 12.0744 -1.91762 0.29063
13.7 -4.44053 14.0011 -1.88613 0.244202
13.71 -4.1926 11.3879 -1.86611 0.288409
13.72 -4.133 13.6769 -1.86603 0.238127
13.73 -4.26689 11.2577 -1.87475 0.288383
13.74 -4.56216 13.7941 -1.90263 0.242908
13.75 -4.8271 11.9296 -1.9305 0.291315
13.76 -5.23867 14.5806 -1.96475 0.247306
13.77 -5.39894 12.4668 -1.98876 0.30132
13.78 -5.52965 15.0163 -2.00258 0.251868
13.79 -5.42731 12.6389 -2.01151 0.302857
13.8 -5.39435 14.966 -2.01191 0.253046
13.81 -5.19385 12.1979 -2.00008 0.304368
13.82 -4.95553 14.183 -1.99479 0.260007
13.83 -4.74246 11.7588 -1.98566 0.305729
13.84 -4.86248 14.2522 -1.99516 0.256217
13.85 -4.84276 12.0063 -2.01014 0.308222
13.86 -5.0931 14.3216 -2.02878 0.263727
13.87 -5.16739 12.2191 -2.0377 0.313822
13.88 -5.17677 14.6688 -2.05872 0.270097
13.89 -5.27802 12.2224 -2.06054 0.315276
13.9 -5.19348 14.8236 -2.07654 0.272483
13.91 -4.99419 12.3633 -2.07096 0.318623
13.92 -5.06886 14.5148 -2.07168 0.275528
13.93 -4.99066 11.8689 -2.07735 0.322062
13.94 -5.02242 14.3656 -2.078 0.274567
13.95 -4.92885 12.3737 -2.0957 0.32254
13.96 -5.13362 14.9806 -2.11727 0.284584
13.97 -5.28285 12.3154 -2.13645 0.331718
13.98 -5.10292 14.4276 -2.12975 0.286233
13.99 -4.67235 11.7501 -2.12237 0.334554
14 -4.52902 14.3585 -2.11664 0.285682
14.01 -4.49175 12.1044 -2.12275 0.333888
14.02 -4.43316 14.1296 -2.12176 0.292191
14.03 -4.1699 11.5502 -2.10805 0.334354
14.04 -4.04938 13.9719 -2.10361 0.28539
14.05 -4.23798 11.692 -2.11874 0.341298
14.06 -4.57072 14.3119 -2.14145 0.290828
14.07 -4.6722 11.713 -2.15324 0.343908
14.08 -4.6952 14.4336 -2.15983 0.296138
14.09 -4.68366 11.9402 -2.16438 0.345801
14.1 -4.64265 14.5054 -2.16634 0.294502
14.11 -4.57909 11.8243 -2.15746 0.342734
14.12 -4.37302 14.1745 -2.1449 0.295295
14.13 -4.29492 11.858 -2.14186 0.339116
14.14 -4.50903 14.1395 -2.14717 0.297025
14.15 -4.4997 11.7192 -2.15606 0.345568
14.16 -4.59806 14.3855 -2.16722 0.298674
14.17 -4.65959 12.0061 -2.17828 0.34983
14.18 -4.82904 14.2849 -2.18943 0.305217
14.19 -4.77535 11.9557 -2.18907 0.352423
14.2 -4.59255 14.4935 -2.19537 0.305222
14.21 -4.60969 12.0048 -2.18742 0.357812
14.22 -4.63599 14.1445 -2.19125 0.307437
14.23 -4.49883 11.841 -2.19778 0.358841
14.24 -4.66669 14.768 -2.21098 0.302178
14.25 -4.84605 12.4086 -2.23109 0.354697
14.26 -5.13584 14.697 -2.24762 0.30558
14.27 -4.99486 12.0355 -2.25167 0.353702
14.28 -4.77155 14.8774 -2.25333 0.310514
14.29 -4.90863 12.4189 -2.26573 0.359048
14.3 -5.07883 14.5094 -2.27842 0.313064
14.31 -4.69181 12.333 -2.27189 0.361387
14.32 -4.56324 14.4984 -2.26674 0.314309
14.33 -4.53052 12.1539 -2.26126 0.364045
14.34 -4.50521 14.2582 -2.26148 0.314896
14.35 -4.32864 11.65 -2.25594 0.361763
14.36 -4.50884 13.9275 -2.26457 0.316761
14.37 -4.72828 12.0157 -2.2866 0.369673
14.38 -5.08534 14.7772 -2.32052 0.325272
14.39 -5.3132 12.6215 -2.34863 0.377167
14.4 -5.35252 14.9352 -2.35678 0.330341
14.41 -5.13019 12.3744 -2.3557 0.382315
14.42 -4.99533 14.6295 -2.34823 0.334009
14.43 -4.87889 12.0615 -2.34046 0.383053
14.44 -4.68955 14.3459 -2.345 0.339423
14.45 -4.61608 12.2988 -2.35274 0.388548
14.46 -4.89879 14.6363 -2.36278 0.336491
14.47 -4.916 11.754 -2.38089 0.396856
14.48 -4.83931 14.4007 -2.37949 0.338859
14.49 -4.6739 12.3731 -2.38725 0.387579
14.5 -4.79499 14.7154 -2.38709 0.347554
14.51 -4.83208 11.9455 -2.40428 0.398309
14.52 -4.6643 14.6769 -2.39684 0.34533
14.53 -4.73856 11.9321 -2.39526 0.390215
14.54 -4.75104 14.5217 -2.40656 0.352076
14.55 -4.9683 12.3182 -2.42963 0.39801
14.56 -5.13413 14.9386 -2.44238 0.346938
14.57 -5.21641 12.456 -2.46109 0.40181
14.58 -5.07022 14.9078 -2.45971 0.359158
14.59 -5.0727 12.3324 -2.45158 0.404908
14.6 -4.90593 14.7554 -2.46185 0.355572
14.61 -4.97183 11.9863 -2.45543 0.407554
14.62 -4.85973 14.4717 -2.46218 0.362858
14.63 -4.99518 12.1248 -2.46888 0.411951
14.64 -4.9709 14.5698 -2.47815 0.365622
14.65 -5.13139 12.389 -2.49222 0.413633
14.66 -5.18952 14.6753 -2.50604 0.372723
14.67 -5.35987 12.2342 -2.51497 0.421322
14.68 -5.37294 15.0448 -2.5317 0.371246
14.69 -5.52047 12.5016 -2.54339 0.424758
14.7 -5.60358 14.9867 -2.56521 0.380292
14.71 -5.8041 12.1103 -2.57233 0.434903
14.72 -5.63451 15.0665 -2.59242 0.381812
14.73 -5.62426 12.7412 -2.60122 0.442146
14.74 -5.70793 15.3712 -2.61733 0.385162
14.75 -5.46337 12.0839 -2.61854 0.446591
14.76 -5.10446 14.6857 -2.61272 0.392583
14.77 -4.98377 12.2064 -2.61321 0.449729
14.78 -5.0449 14.7148 -2.6292 0.397262
14.79 -5.06144 12.3527 -2.63927 0.447077
14.8 -4.9513 14.6481 -2.64205 0.400139
14.81 -4.83091 12.253 -2.64116 0.452267
14.82 -4.85884 14.4693 -2.64831 0.40288
14.83 -4.93224 12.098 -2.66062 0.45865
14.84 -5.03516 14.6646 -2.67015 0.408661
14.85 -5.02367 12.1586 -2.67436 0.461674
14.86 -5.13657 14.5943 -2.67941 0.410851
14.87 -5.12228 12.252 -2.68579 0.472399
14.88 -5.3854 14.562 -2.69039 0.415205
14.89 -5.3169 12.1406 -2.69682 0.462846
14.9 -5.32577 14.7707 -2.70379 0.416721
14.91 -5.3017 12.5626 -2.71645 0.469573
14.92 -5.5038 14.971 -2.72558 0.415023
14.93 -5.46106 12.1552 -2.72826 0.471127
14.94 -5.13148 14.5573 -2.72181 0.420683
14.95 -5.04958 12.0352 -2.71751 0.474907
14.96 -5.2625 14.8592 -2.73249 0.413185
14.97 -5.18761 12.0455 -2.73888 0.469702
14.98 -5.10405 14.3395 -2.74152 0.421905
14.99 -4.92886 12.11 -2.73992 0.472059
15 -5.16429 14.7901 -2.74948 0.424046
15.01 -5.30171 11.8736 -2.76252 0.476403
15.02 -5.22575 14.5351 -2.76769 0.42647
15.03 -5.12238 12.1455 -2.76967 0.470707
15.04 -5.22981 14.8328 -2.7796 0.425587
15.05 -5.31969 12.02 -2.78996 0.483841
15.06 -5.20827 14.5262 -2.79596 0.42995
15.07 -5.05699 11.9442 -2.79253 0.481109
15.08 -5.15224 14.7173 -2.79567 0.432238
15.09 -5.08133 11.9488 -2.80675 0.49375
15.1 -5.30562 14.8043 -2.81887 0.43961
15.11 -5.62714 12.1877 -2.84544 0.483234
15.12 -5.8266 15.1393 -2.86537 0.440906
15.13 -5.92842 12.6246 -2.89117 0.499944
15.14 -5.78757 15.0982 -2.89031 0.448062
15.15 -5.32303 12.035 -2.88646 0.498605
15.16 -4.98658 14.0822 -2.86636 0.457881
15.17 -4.66703 11.6405 -2.85995 0.50316
15.18 -4.64935 13.9319 -2.85606 0.454165
15.19 -4.88126 11.5238 -2.8838 0.51124
15.2 -5.24648 14.7479 -2.91368 0.455452
15.21 -5.58027 12.2462 -2.942 0.511403
15.22 -5.76601 15.0412 -2.95914 0.454206
15.23 -5.6983 12.3882 -2.96532 0.507513
15.24 -5.58862 15.4091 -2.97367 0.460378
15.25 -5.4865 12.5737 -2.97449 0.515578
15.26 -5.393 14.895 -2.96995 0.462351
15.27 -4.94009 11.6437 -2.95676 0.512281
15.28 -4.66579 14.2664 -2.93403 0.460774
15.29 -4.68147 11.4356 -2.93686 0.519405
15.3 -4.91551 14.1504 -2.9551 0.469737
15.31 -5.0321 11.4263 -2.97084 0.525244
15.32 -5.14459 14.2715 -2.97648 0.475577
15.33 -5.30494 11.9967 -3.00514 0.522296
15.34 -5.58054 14.5026 -3.02303 0.480465
15.35 -5.62746 12.0698 -3.03897 0.532793
15.36 -5.42266 14.9332 -3.03777 0.48036
15.37 -5.4311 11.7527 -3.03698 0.540793
15.38 -5.3233 14.1867 -3.04248 0.487677
15.39 -5.04722 11.9058 -3.03353 0.540622
15.4 -4.92972 14.1211 -3.03929 0.489826
15.41 -4.86171 11.5952 -3.03949 0.541478
15.42 -5.03072 13.7587 -3.04389 0.49506
15.43 -4.90804 11.47 -3.06381 0.543585
15.44 -5.14977 14.7854 -3.08259 0.496141
15.45 -5.45214 12.185 -3.10872 0.549378
15.46 -5.65731 14.6529 -3.13204 0.495767
15.47 -5.47934 11.8495 -3.13103 0.558484
15.48 -5.37349 14.6217 -3.13441 0.496866
15.49 -5.44297 11.9788 -3.14441 0.556204
15.5 -5.48674 14.1535 -3.1544 0.515518
15.51 -5.18635 11.6963 -3.15649 0.562901
15.52 -4.98324 14.444 -3.15123 0.508382
15.53 -4.98759 11.628 -3.15151 0.564867
15.54 -4.9734 13.9008 -3.15526 0.516239
15.55 -4.90451 10.9252 -3.15612 0.566324
15.56 -4.73763 13.8233 -3.16155 0.512331
15.57 -5.01168 11.5817 -3.17876 0.569145
15.58 -5.34275 14.4516 -3.2075 0.523112
15.59 -5.49937 12.053 -3.23499 0.573898
15.6 -5.60225 14.5347 -3.24742 0.527363
15.61 -5.49488 12.037 -3.25195 0.584501
15.62 -5.37974 14.4182 -3.25786 0.53383
15.63 -5.47824 11.8085 -3.26312 0.581384
15.64 -5.39585 14.0498 -3.27649 0.534901
15.65 -5.54893 11.4823 -3.29522 0.595986
15.66 -5.71002 14.3495 -3.31071 0.537589
15.67 -5.55865 11.3678 -3.32231 0.593505
15.68 -5.66635 14.2097 -3.32668 0.541337
15.69 -5.43327 11.3165 -3.33792 0.593879
15.7 -5.49258 14.1256 -3.33684 0.544124
15.71 -5.40157 11.4874 -3.35351 0.594514
15.72 -5.51828 14.23 -3.36145 0.538889
15.73 -5.52636 11.5205 -3.37227 0.602267
15.74 -5.67669 14.3926 -3.38665 0.54641
15.75 -5.86614 11.6462 -3.39324 0.60068
15.76 -5.71058 14.2855 -3.4068 0.547303
15.77 -5.84568 11.794 -3.42131 0.608925
15.78 -5.8005 14.25 -3.4363 0.557614
15.79 -5.75599 12.0434 -3.44679 0.610887
15.8 -5.74033 14.5597 -3.45949 0.562967
15.81 -5.55654 11.6206 -3.46099 0.621864
15.82 -5.31394 14.2922 -3.45644 0.576781
15.83 -5.11378 11.1994 -3.45249 0.633279
15.84 -5.15112 13.7201 -3.45215 0.57788
15.85 -5.12057 11.2976 -3.46392 0.635135
15.86 -5.3802 14.4278 -3.48266 0.589996
15.87 -5.72616 11.5885 -3.51081 0.633905
15.88 -5.80245 14.6218 -3.52393 0.584817
15.89 -5.76585 11.664 -3.53502 0.644979
15.9 -5.78715 14.7683 -3.54236 0.582914
15.91 -5.68716 11.5757 -3.53837 0.646582
15.92 -5.46691 13.9532 -3.53541 0.593324
15.93 -5.2943 11.0439 -3.53215 0.648419
15.94 -5.3621 14.1625 -3.54145 0.594795
15.95 -5.53688 11.2519 -3.5508 0.650973
15.96 -5.5674 14.197 -3.56841 0.593378
15.97 -5.60469 11.7294 -3.58353 0.646966
15.98 -5.77301 14.2585 -3.59536 0.596684
15.99 -5.80494 11.287 -3.60384 0.65946
16 -5.73067 14.1193 -3.61597 0.600419
16.01 -5.50979 11.0172 -3.60951 0.661997
16.02 -5.41437 13.9084 -3.61416 0.60466
16.03 -5.5046 11.152 -3.61973 0.663436
16.04 -5.51116 14.1414 -3.64728 0.609246
16.05 -5.69485 11.645 -3.66975 0.678507
16.06 -5.9581 14.4376 -3.69123 0.619732
16.07 -5.75439 11.5566 -3.69795 0.680272
16.08 -5.66769 13.9869 -3.69587 0.625824
16.09 -5.36854 11.3493 -3.69685 0.685764
16.1 -5.53247 13.938 -3.70802 0.637987
16.11 -5.39731 11.4508 -3.72402 0.690117
16.12 -5.53117 13.7958 -3.72917 0.640911
16.13 -5.36885 11.4279 -3.73457 0.696876
16.14 -5.34892 13.8487 -3.72701 0.648765
16.15 -5.34521 10.9571 -3.72346 0.69388
16.16 -5.17657 13.8077 -3.72551 0.644909
16.17 -5.21435 10.8884 -3.73767 0.705982
16.18 -5.4428 13.7693 -3.74924 0.655191
16.19 -5.579 11.0712 -3.75992 0.705257
16.2 -5.63575 13.9387 -3.77551 0.656441
16.21 -5.67474 11.193 -3.77647 0.710979
16.22 -5.53882 13.7347 -3.78573 0.655849
16.23 -5.47407 11.2216 -3.78575 0.714746
16.24 -5.40903 13.7027 -3.7852 0.657917
16.25 -5.45146 11.2226 -3.79264 0.714766
16.26 -5.56856 13.7744 -3.80916 0.666522
16.27 -5.726 10.8612 -3.82187 0.721468
16.28 -5.75677 13.7809 -3.84866 0.659732
16.29 -5.76222 11.6297 -3.86479 0.723244
16.3 -5.95678 14.1351 -3.88523 0.670798
16.31 -5.97696 11.2789 -3.89798 0.724945
16.32 -5.67438 13.9095 -3.89449 0.666785
16.33 -5.14871 10.836 -3.87822 0.732695
16.34 -4.99351 13.3066 -3.87178 0.669068
16.35 -4.8855 10.2008 -3.8682 0.728649
16.36 -4.84991 12.9935 -3.86827 0.680441
16.37 -5.02587 10.4319 -3.8766 0.723536
16.38 -5.18704 13.4247 -3.88694 0.673167
16.39 -5.52783 10.8196 -3.91881 0.734047
16.4 -5.78359 14.1949 -3.94548 0.679111
16.41 -6.09218 11.731 -3.96156 0.735885
16.42 -5.97946 14.0411 -3.97604 0.686421
16.43 -5.746 11.172 -3.97428 0.742769
16.44 -5.28639 13.5883 -3.96396 0.688897
16.45 -5.10449 10.5664 -3.95412 0.753945
16.46 -5.02732 13.1772 -3.95223 0.696719
16.47 -4.99705 10.3879 -3.96076 0.757084
16.48 -5.07268 13.0829 -3.97618 0.706008
16.49 -5.558 10.4634 -4.00621 0.759829
16.5 -5.86414 13.6063 -4.03864 0.710238
16.51 -6.20177 10.901 -4.06448 0.767601
16.52 -6.31472 13.9678 -4.08981 0.705644
16.53 -6.3005 11.128 -4.09678 0.768976
16.54 -6.24764 13.7973 -4.10219 0.713133
16.55 -5.99138 10.9759 -4.104 0.77495
16.56 -5.73684 13.5322 -4.10827 0.7168
16.57 -5.54391 10.3711 -4.1121 0.775918
16.58 -5.49077 13.1908 -4.11736 0.721013
16.59 -5.49456 10.2089 -4.12822 0.777874
16.6 -5.64889 13.2842 -4.15117 0.720504
16.61 -5.72636 10.7892 -4.18139 0.789312
16.62 -6.15449 13.8856 -4.20173 0.735468
16.63 -6.28169 11.3738 -4.22026 0.795396
16.64 -6.05951 13.7858 -4.22922 0.740043
16.65 -5.6866 10.7356 -4.21735 0.798271
16.66 -5.36072 13.2278 -4.20198 0.74612
16.67 -5.32094 10.2128 -4.19608 0.805405
16.68 -5.07393 12.7182 -4.19962 0.750505
16.69 -5.20338 10.2434 -4.21965 0.81012
16.7 -5.55799 13.5012 -4.23936 0.752649
16.71 -5.95903 10.6087 -4.26402 0.819956
16.72 -6.03707 13.4011 -4.28047 0.760537
16.73 -6.01316 10.5676 -4.28326 0.816712
16.74 -5.99439 13.6431 -4.29634 0.769655
16.75 -6.11643 10.987 -4.31141 0.832734
16.76 -6.17989 13.5704 -4.33086 0.769919
16.77 -6.04907 10.7959 -4.33441 0.838565
16.78 -5.90718 13.5025 -4.33864 0.782631
16.79 -5.80029 10.4832 -4.33552 0.838554
16.8 -5.59231 13.0715 -4.33995 0.798904
16.81 -5.61273 10.1525 -4.3465 0.850359
16.82 -5.71946 12.8001 -4.36256 0.782524
16.83 -5.70825 10.4753 -4.37712 0.853299
16.84 -5.9324 13.244 -4.39646 0.792773
16.85 -6.04444 10.226 -4.41276 0.839272
16.86 -6.08184 13.4242 -4.41786 0.788928
16.87 -5.89164 10.4294 -4.42535 0.848132
16.88 -5.91647 13.0652 -4.42887 0.783974
16.89 -5.74259 10.039 -4.42885 0.846514
16.9 -5.72005 13.3598 -4.44128 0.791279
16.91 -5.87936 10.3054 -4.4575 0.849084
16.92 -5.96391 13.6817 -4.47298 0.794423
16.93 -5.89936 10.5976 -4.47838 0.845669
16.94 -5.6456 13.363 -4.47784 0.790218
16.95 -5.5019 9.91508 -4.46245 0.85657
16.96 -5.21549 13.0264 -4.46138 0.806849
16.97 -5.1836 9.80438 -4.45945 0.865067
16.98 -5.18829 12.6725 -4.46583 0.806512
16.99 -5.40071 9.99096 -4.46919 0.866267
17 -5.54801 12.9043 -4.4837 0.812891
17.01 -5.7718 10.1499 -4.50058 0.873111
17.02 -5.90805 13.2826 -4.51434 0.817339
17.03 -6.07128 10.139 -4.52352 0.878349
17.04 -6.1463 12.9644 -4.52945 0.827762
17.05 -5.99579 10.405 -4.53615 0.880676
17.06 -5.89124 13.1438 -4.54263 0.82188
17.07 -5.73079 10.0989 -4.54205 0.88442
17.08 -5.72297 12.6731 -4.54384 0.817635
17.09 -5.68099 9.67792 -4.54827 0.877398
17.1 -5.63497 12.6039 -4.55763 0.819693
17.11 -5.71857 10.1623 -4.57506 0.876659
17.12 -5.8102 13.2047 -4.59449 0.83228
17.13 -5.74506 9.97468 -4.61219 0.884744
17.14 -5.71833 12.8666 -4.60514 0.829074
17.15 -5.39058 9.59968 -4.60018 0.891246
17.16 -5.24607 12.5083 -4.60429 0.833112
17.17 -5.38639 9.7975 -4.61559 0.89661
17.18 -5.5846 12.8747 -4.6316 0.841337
17.19 -5.67373 9.81242 -4.64529 0.895292
17.2 -5.8655 12.8711 -4.65867 0.839596
17.21 -5.88263 10.0517 -4.6648 0.904594
17.22 -5.84273 12.7499 -4.67613 0.843773
17.23 -5.84329 9.92694 -4.67575 0.916703

17.24 -5.77721 12.8022 -4.68435 0.861451
17.25 -5.76715 10.0882 -4.69761 0.912249
17.26 -5.76286 12.4966 -4.70694 0.86676
17.27 -5.84008 9.70835 -4.71641 0.928457
17.28 -5.81171 12.6156 -4.73505 0.869959
17.29 -5.82832 9.47566 -4.74683 0.932199
17.3 -6.02272 12.6483 -4.77066 0.878227
17.31 -5.9608 10.0177 -4.78925 0.933717
17.32 -6.13803 12.9343 -4.81758 0.881295
17.33 -6.1859 10.1114 -4.82785 0.944604
17.34 -6.1894 12.5239 -4.85344 0.889569
17.35 -6.26748 9.95795 -4.86405 0.950614
17.36 -6.13861 12.3558 -4.87266 0.898693
17.37 -5.93904 9.58617 -4.89353 0.958143
17.38 -5.91168 12.8145 -4.90862 0.891926
17.39 -5.78527 10.1203 -4.91235 0.953152
17.4 -5.73423 12.1039 -4.91389 0.898851
17.41 -5.54048 9.20139 -4.91312 0.957325
17.42 -5.18629 12.243 -4.88992 0.901077
17.43 -5.07117 9.18067 -4.88633 0.954391
17.44 -5.13258 11.8778 -4.88858 0.893645
17.45 -5.34707 9.19183 -4.89787 0.961075
17.46 -5.6306 12.2808 -4.90265 0.902793
17.47 -5.94347 9.5597 -4.91605 0.962232
17.48 -6.13656 12.3352 -4.93587 0.9038
17.49 -6.23568 10.1678 -4.94409 0.969823
17.5 -6.38882 12.98 -4.96108 0.911332
17.51 -6.27209 9.98749 -4.97525 0.971926
17.52 -6.06709 12.7568 -4.97246 0.918944
17.53 -5.73771 9.62235 -4.96647 0.982548
17.54 -5.38319 12.0462 -4.96106 0.923257
17.55 -5.46109 9.02009 -4.96681 0.987272
17.56 -5.38063 12.0153 -4.97811 0.926229
17.57 -5.46169 8.91185 -4.98882 0.988108
17.58 -5.65573 12.1566 -5.01036 0.933014
17.59 -5.90273 9.30371 -5.0298 0.990173
17.6 -5.83415 12.1979 -5.0464 0.934984
17.61 -5.80477 9.24897 -5.05157 0.98935
17.62 -5.67588 11.8888 -5.06152 0.936411
17.63 -5.66159 9.22792 -5.06467 0.996876
17.64 -5.68459 11.747 -5.06717 0.940544
17.65 -5.45983 9.21697 -5.07243 0.988753
17.66 -5.14338 12.385 -5.07181 0.950364
17.67 -5.37011 8.74041 -5.06995 1.00222
17.68 -5.43829 11.5369 -5.07664 0.945278
17.69 -5.33339 9.04068 -5.0829 1.0029
17.7 -5.48292 11.9879 -5.09224 0.946657
17.71 -5.48742 9.0816 -5.10802 1.01449
17.72 -5.7659 11.9817 -5.11745 0.954897
17.73 -5.84969 9.13149 -5.13111 1.01237
17.74 -5.69892 12.395 -5.13948 0.955303
17.75 -5.70268 9.13532 -5.13727 1.02404
17.76 -5.54491 11.787 -5.14357 0.967694
17.77 -5.33027 9.18476 -5.13824 1.02844
17.78 -5.34001 11.6909 -5.14629 0.975024
17.79 -5.43691 8.98157 -5.15579 1.02929
17.8 -5.6433 12.0216 -5.17234 0.974363
17.81 -5.87887 8.72591 -5.18862 1.03366
17.82 -5.92347 11.6374 -5.20303 0.978153
17.83 -5.97662 9.19773 -5.22984 1.03723
17.84 -6.15738 11.8521 -5.25182 0.973233
17.85 -6.0918 9.32943 -5.27021 1.04686
17.86 -6.09525 12.1928 -5.2924 0.984925
17.87 -5.7585 9.47023 -5.28938 1.04005
17.88 -5.48847 11.8384 -5.28437 0.981303
17.89 -5.1085 8.51975 -5.26969 1.04511
17.9 -4.94439 11.148 -5.25707 0.987385
17.91 -4.76421 8.39943 -5.25792 1.04852
17.92 -4.906 11.0152 -5.26535 0.994889
17.93 -5.36931 8.6779 -5.28477 1.04007
17.94 -5.64824 11.6392 -5.30194 0.993551
17.95 -5.79962 8.7742 -5.32532 1.05364
17.96 -5.96832 11.662 -5.33143 0.996029
17.97 -6.01537 8.80243 -5.33738 1.05893
17.98 -6.0557 11.765 -5.35612 1.00098
17.99 -6.10805 9.36234 -5.37805 1.05925
18 -6.26516 11.9869 -5.39883 1.00987
18.01 -6.05883 9.26814 -5.40861 1.07816
18.02 -5.9777 11.6586 -5.42837 1.0209
18.03 -5.598 8.97852 -5.4213 1.07854
18.04 -5.31189 10.9188 -5.41694 1.02947
18.05 -5.12832 8.3584 -5.41698 1.08266
18.06 -5.14824 11.614 -5.42724 1.02201
18.07 -5.27387 8.21163 -5.44066 1.0836
18.08 -5.35686 11.432 -5.45733 1.02378
18.09 -5.3656 8.24303 -5.45857 1.08043
18.1 -5.37225 11.3097 -5.45455 1.02913
18.11 -5.51019 8.99088 -5.46067 1.08326
18.12 -5.60856 11.472 -5.45944 1.01725
18.13 -5.69425 8.68202 -5.47451 1.07809
18.14 -5.70266 11.4623 -5.48107 1.02199
18.15 -5.57393 8.73068 -5.49312 1.08272
18.16 -5.79937 11.3471 -5.50134 1.03007
18.17 -5.72569 8.58992 -5.51441 1.09712
18.18 -5.73655 11.4559 -5.52704 1.03654
18.19 -5.64547 8.24184 -5.54028 1.09812
18.2 -5.76061 11.4291 -5.55655 1.04133
18.21 -5.73152 8.4069 -5.57824 1.10613
18.22 -5.69191 11.1464 -5.59244 1.05796
18.23 -5.67462 8.61215 -5.60483 1.1152
18.24 -5.44336 11.2262 -5.61017 1.06883
18.25 -5.51991 8.39629 -5.62211 1.12798
18.26 -5.5658 11.5885 -5.631 1.07354
18.27 -5.55119 8.60284 -5.64564 1.12868
18.28 -5.68697 11.0872 -5.65304 1.07489
18.29 -5.53627 8.45191 -5.66321 1.12682
18.3 -5.58669 11.1822 -5.67032 1.06449
18.31 -5.73673 8.19467 -5.66737 1.11972
18.32 -5.49784 11.2674 -5.6718 1.07041
18.33 -5.44598 8.07128 -5.66696 1.12198
18.34 -5.27775 10.8276 -5.64575 1.06267
18.35 -4.9823 7.87818 -5.63559 1.11591
18.36 -5.05213 10.6978 -5.62159 1.05183
18.37 -4.92828 7.73545 -5.61325 1.11951
18.38 -5.06611 10.6197 -5.61299 1.0606
18.39 -5.17035 7.96642 -5.62103 1.11452
18.4 -5.32817 11.2289 -5.6212 1.05851
18.41 -5.59799 8.42423 -5.64299 1.1232
18.42 -5.73222 11.2472 -5.65884 1.05974
18.43 -5.74344 8.45255 -5.66977 1.1273
18.44 -5.73227 10.8651 -5.67895 1.07413
18.45 -5.86149 8.43206 -5.70106 1.12579
18.46 -5.60686 11.2934 -5.71821 1.08176
18.47 -5.88786 8.47042 -5.73981 1.14574
18.48 -5.66867 11.1161 -5.76637 1.09531
18.49 -5.60833 8.18188 -5.77168 1.1479
18.5 -5.39567 10.5569 -5.78461 1.10231
18.51 -5.10453 7.75777 -5.76897 1.15729
18.52 -5.01658 10.621 -5.76997 1.09526
18.53 -4.81635 7.79602 -5.76162 1.15634
18.54 -4.86342 10.0071 -5.76495 1.09422
18.55 -5.20431 9.14631 -5.76438 1.11436
18.56 -5.12918 10.5361 -5.77436 1.09075
18.57 -5.38945 8.05959 -5.77821 1.15109
18.58 -5.5019 11.0607 -5.7956 1.09451
18.59 -5.79206 8.5382 -5.80036 1.14019
18.6 -5.91395 10.8686 -5.81013 1.09303
18.61 -5.81174 8.2502 -5.82259 1.15482
18.62 -5.76767 11.1662 -5.82736 1.09164
18.63 -5.74932 8.16527 -5.83816 1.15854
18.64 -5.77493 10.5839 -5.84632 1.09754
18.65 -5.38682 7.69378 -5.85462 1.17185
18.66 -5.61027 10.4526 -5.86824 1.10503
18.67 -5.30883 7.62933 -5.88007 1.17529
18.68 -5.32377 9.8707 -5.89358 1.12925
18.69 -5.51345 7.70959 -5.90991 1.18904
18.7 -5.65178 10.7991 -5.93027 1.12954
18.71 -5.98085 8.30246 -5.95666 1.18882
18.72 -5.97493 10.9758 -5.96475 1.13558
18.73 -5.83477 7.79672 -5.97135 1.19592
18.74 -5.54441 10.7018 -5.96245 1.13541
18.75 -5.07964 7.53375 -5.95416 1.20055
18.76 -4.96218 9.91548 -5.9382 1.13973
18.77 -4.68715 6.96953 -5.9311 1.1951
18.78 -4.67525 9.50633 -5.9245 1.14879
18.79 -4.7564 7.17463 -5.92017 1.19651
18.8 -5.13189 10.0877 -5.93693 1.13293
18.81 -5.34933 7.77948 -5.94689 1.2043
18.82 -5.78796 10.4309 -5.96178 1.13075
18.83 -5.75081 8.07161 -5.98419 1.19241
18.84 -5.82781 10.782 -5.97861 1.13923
18.85 -5.83224 8.05279 -5.98369 1.20256
18.86 -5.58764 10.4827 -5.98878 1.14683
18.87 -5.33485 7.45429 -5.96859 1.19753
18.88 -4.85851 9.72592 -5.96569 1.14604
18.89 -4.58107 7.01566 -5.96869 1.20711
18.9 -4.76732 9.69784 -5.97183 1.14969
18.91 -5.00909 6.75682 -5.99033 1.19971
18.92 -5.06023 10.2323 -6.00414 1.14794
18.93 -5.10382 7.07527 -6.01444 1.21097
18.94 -5.16266 10.0002 -6.0246 1.1525
18.95 -5.12984 7.35547 -6.02704 1.22134
18.96 -5.23376 9.69778 -6.03313 1.14976
18.97 -5.1736 7.37304 -6.03561 1.21051
18.98 -5.09516 9.95548 -6.04574 1.16724
18.99 -5.35698 7.75375 -6.06689 1.22541
19 -5.37389 10.4255 -6.086 1.16041
19.01 -5.39579 7.91974 -6.09533 1.21389
19.02 -5.17213 9.89043 -6.10076 1.16073
19.03 -4.986 7.14261 -6.08751 1.23398
19.04 -4.76478 9.59609 -6.09292 1.17069
19.05 -4.57954 6.72505 -6.09178 1.2367
19.06 -4.58674 9.79045 -6.10855 1.17336
19.07 -4.96354 7.12226 -6.12228 1.23121
19.08 -5.23263 9.45882 -6.13227 1.17857
19.09 -5.32737 7.16669 -6.14834 1.23626
19.1 -5.31631 9.83473 -6.15017 1.19003
19.11 -5.57639 7.49842 -6.17846 1.24562
19.12 -5.80165 10.2921 -6.19632 1.19809
19.13 -5.74184 7.32824 -6.2107 1.24401
19.14 -5.51177 9.97071 -6.21518 1.19269
19.15 -5.14082 7.02617 -6.20618 1.24838
19.16 -4.9475 9.47322 -6.20209 1.19224
19.17 -5.05864 6.84807 -6.20986 1.25202
19.18 -5.16967 9.34379 -6.22948 1.20294
19.19 -5.42779 7.6994 -6.23883 1.25103
19.2 -5.63444 9.87083 -6.26083 1.19797
19.21 -5.55855 6.94429 -6.25687 1.2649
19.22 -5.25537 9.71486 -6.25189 1.20178
19.23 -5.16099 6.8729 -6.24591 1.26449
19.24 -5.20262 8.90283 -6.24184 1.20478
19.25 -5.17727 6.91191 -6.24952 1.265
19.26 -5.13673 9.85144 -6.26035 1.20393
19.27 -5.49253 7.23652 -6.27879 1.27019
19.28 -5.64434 9.61713 -6.28592 1.21006
19.29 -5.40896 6.82402 -6.28781 1.26734
19.3 -4.9991 9.6745 -6.28682 1.2168
19.31 -4.97844 6.87762 -6.29171 1.2734
19.32 -5.07074 9.10344 -6.30196 1.21982
19.33 -4.98099 6.17368 -6.31329 1.27491
19.34 -4.97385 8.80865 -6.31271 1.22037
19.35 -4.94563 6.69613 -6.31599 1.2754
19.36 -4.98312 8.59597 -6.3238 1.22609
19.37 -5.08957 6.35178 -6.32397 1.28109
19.38 -4.98558 9.31166 -6.3359 1.22085
19.39 -5.08243 7.06737 -6.33818 1.27547
19.4 -5.32242 9.16706 -6.33959 1.22523
19.41 -5.35855 7.0864 -6.34961 1.27694
19.42 -5.17406 9.2602 -6.34661 1.22436
19.43 -5.21581 7.02024 -6.34857 1.28061
19.44 -4.99824 9.3599 -6.34959 1.23689
19.45 -5.08585 6.73791 -6.34665 1.28822
19.46 -5.00559 9.37285 -6.35302 1.22349
19.47 -4.87273 6.53741 -6.34925 1.28881
19.48 -4.76829 8.76722 -6.35092 1.2359
19.49 -4.82536 6.53885 -6.35991 1.2888
19.5 -5.07652 9.53029 -6.37974 1.22688
19.51 -5.18667 7.01385 -6.38098 1.29594
19.52 -5.19763 9.08124 -6.38053 1.23664
19.53 -4.94466 6.31818 -6.38118 1.29977
19.54 -4.41168 9.28974 -6.37618 1.24384
19.55 -4.82237 6.6766 -6.37077 1.29205
19.56 -4.69047 8.86961 -6.37357 1.23944
19.57 -4.43929 6.09119 -6.36167 1.2954
19.58 -4.26642 9.01195 -6.35466 1.23421
19.59 -4.43934 6.41651 -6.35717 1.2902
19.6 -4.66852 8.92879 -6.36141 1.23109
19.61 -4.50184 5.96071 -6.35393 1.2957
19.62 -4.42072 8.97463 -6.34915 1.22494
19.63 -4.58881 6.59538 -6.34439 1.28702
19.64 -4.92047 8.95069 -6.34909 1.23493
19.65 -5.2513 6.56367 -6.37043 1.28371
19.66 -5.18058 8.91978 -6.38401 1.22847
19.67 -5.12796 6.81359 -6.40163 1.28528
19.68 -5.40928 9.4428 -6.41834 1.24026
19.69 -5.38021 6.37694 -6.43479 1.29117
19.7 -5.01336 8.99991 -6.43964 1.22838
19.71 -4.36291 6.3739 -6.43572 1.29298
19.72 -4.20948 8.26819 -6.42339 1.25066
19.73 -4.3246 5.96292 -6.43448 1.30273
19.74 -4.19389 7.85637 -6.43405 1.24912
19.75 -4.17243 5.73697 -6.44249 1.2996
19.76 -4.21958 8.18538 -6.44871 1.25584
19.77 -4.66143 6.14552 -6.46901 1.30167
19.78 -4.88323 8.66669 -6.46917 1.24842
19.79 -4.82604 6.43049 -6.48269 1.29536
19.8 -4.744 9.14672 -6.47895 1.24462
19.81 -5.02964 6.56904 -6.49906 1.30079
19.82 -5.19662 9.03699 -6.5057 1.24786
19.83 -5.20777 6.36896 -6.5128 1.30416
19.84 -4.74297 8.81702 -6.51314 1.25663
19.85 -4.53992 6.2774 -6.50972 1.32127
19.86 -4.44381 8.38084 -6.50686 1.26066
19.87 -4.3629 5.31934 -6.52041 1.31407
19.88 -4.13602 7.83879 -6.52672 1.27692
19.89 -4.37849 5.81191 -6.55033 1.32812
19.9 -4.73324 8.58122 -6.56612 1.28905
19.91 -5.05219 6.38176 -6.59994 1.32758
19.92 -5.04239 8.54702 -6.60242 1.281
19.93 -4.8606 6.18778 -6.60704 1.33193
19.94 -4.71815 8.21869 -6.59951 1.28259
19.95 -4.49856 5.96575 -6.6003 1.33063
19.96 -4.25792 7.98369 -6.5978 1.28379
19.97 -4.3027 5.8479 -6.5981 1.32617
19.98 -4.35877 8.34533 -6.5951 1.27828
19.99 -4.37529 5.57451 -6.59791 1.34034
20 -4.386 7.91811 -6.60591 1.28847
20.01 -4.24278 5.66203 -6.59677 1.34575
20.02 -4.25222 8.3631 -6.59332 1.29791
20.03 -4.2687 6.27786 -6.59074 1.34717
20.04 -4.41168 9.04715 -6.58845 1.2965
20.05 -4.28704 6.90031 -6.57886 1.3426
20.06 -3.76104 9.26062 -6.51481 1.27955
20.07 -2.69973 5.82899 -6.43514 1.33107
20.08 -1.76337 7.95028 -6.32659 1.26893
20.09 -1.29067 4.31759 -6.22856 1.31685
20.1 -1.37251 6.85777 -6.15456 1.24465
20.11 -2.01114 4.9061 -6.11872 1.28156
20.12 -3.0999 8.81633 -6.11936 1.21026
20.13 -4.70071 7.35306 -6.13979 1.25357
20.14 -5.72426 10.5195 -6.16216 1.19101
20.15 -6.16608 8.61599 -6.16418 1.24109
20.16 -6.17808 11.1065 -6.1674 1.17885
20.17 -5.68545 8.04874 -6.15181 1.24277
20.18 -4.88738 10.0137 -6.14739 1.19335
20.19 -4.17636 6.77581 -6.14503 1.25869
20.2 -3.18116 9.28797 -6.13607 1.21295
20.21 -2.61576 5.70576 -6.1232 1.27425
20.22 -1.94269 7.70642 -6.11158 1.22574
20.23 -1.57877 4.86675 -6.09365 1.27854
20.24 -1.34039 7.02575 -6.08225 1.22754
20.25 -1.66004 5.03742 -6.07443 1.27149
20.26 -2.188 8.22044 -6.06269 1.2063
20.27 -2.73573 6.14486 -6.06454 1.2546
20.28 -3.30605 9.25333 -6.06257 1.18864
20.29 -3.85266 7.12662 -6.0613 1.23981
20.3 -4.25696 9.96142 -6.05929 1.17556
20.31 -4.37641 7.69925 -6.05896 1.23098
20.32 -4.37939 9.9842 -6.0658 1.17824
20.33 -4.26169 7.36329 -6.07969 1.23872
20.34 -4.10572 9.61553 -6.09111 1.18752
20.35 -3.69123 6.85273 -6.10242 1.24974
20.36 -3.18196 8.78821 -6.10919 1.20603
20.37 -2.87312 6.60252 -6.10669 1.25952
20.38 -2.51638 8.32926 -6.10339 1.21524
20.39 -2.31667 5.63385 -6.09482 1.27592
20.4 -2.24349 8.08189 -6.08167 1.22151
20.41 -2.35529 5.9687 -6.06832 1.2677
20.42 -2.67471 8.53418 -6.05433 1.20899
20.43 -2.9893 6.65518 -6.04432 1.25219
20.44 -3.39118 9.09685 -6.04223 1.19726
20.45 -3.84 7.16479 -6.04274 1.24223
20.46 -4.20545 9.91735 -6.04705 1.18382
20.47 -4.45438 7.81211 -6.05503 1.23403
20.48 -4.38448 9.85037 -6.06323 1.1886
20.49 -4.29689 7.63975 -6.07092 1.24014
20.5 -4.00588 9.26301 -6.07457 1.20006
20.51 -3.73896 6.92375 -6.07941 1.25139
20.52 -3.34738 9.25463 -6.08405 1.20093
20.53 -3.08525 6.6117 -6.08507 1.25911
20.54 -2.88694 8.61481 -6.0863 1.21397
20.55 -2.80083 6.48746 -6.08923 1.26008
20.56 -2.78728 8.61461 -6.08743 1.2135
20.57 -2.95967 6.18301 -6.08105 1.26792
20.58 -3.24108 8.81962 -6.07873 1.20678
20.59 -3.59527 7.21631 -6.07477 1.24776
20.6 -3.88203 9.5165 -6.07653 1.19561
20.61 -4.18145 7.17266 -6.07577 1.24814
20.62 -4.32248 9.71201 -6.07961 1.19358
20.63 -4.41663 7.49799 -6.08394 1.24441
20.64 -4.42949 9.92832 -6.08825 1.19008
20.65 -4.297 7.6842 -6.09333 1.24328
20.66 -4.06053 9.43394 -6.09462 1.20205
20.67 -3.74862 6.97962 -6.09357 1.25109
20.68 -3.46176 9.01985 -6.09104 1.20591
20.69 -3.16087 6.69951 -6.09139 1.25718
20.7 -2.98333 8.47864 -6.08806 1.21225
20.71 -2.9538 6.48136 -6.08303 1.25932
20.72 -3.10058 8.31893 -6.07909 1.21804
20.73 -3.20997 6.50809 -6.07625 1.25613
20.74 -3.39722 9.2126 -6.06864 1.20126
20.75 -3.55013 7.0438 -6.0624 1.24706
20.76 -3.81477 9.29643 -6.05889 1.19948
20.77 -3.92864 7.61849 -6.05968 1.23854
20.78 -4.0395 9.72683 -6.06282 1.192
20.79 -4.11562 7.28473 -6.07028 1.24981
20.8 -4.08051 9.50045 -6.0774 1.19989
20.81 -3.94955 7.16493 -6.08297 1.25384
20.82 -3.82062 9.38497 -6.08991 1.20559
20.83 -3.63329 6.75928 -6.09578 1.26304
20.84 -3.42084 8.92567 -6.09167 1.2159
20.85 -3.3145 6.73105 -6.09109 1.26573
20.86 -3.22408 8.47367 -6.08387 1.22164
20.87 -3.20738 6.85 -6.07288 1.25937
20.88 -3.22205 8.60605 -6.06688 1.21328
20.89 -3.30424 6.85891 -6.05662 1.25518
20.9 -3.4964 9.08662 -6.05029 1.20372
20.91 -3.66371 6.96058 -6.04454 1.25253
20.92 -3.80642 9.26485 -6.04138 1.20196
20.93 -3.94976 7.46495 -6.03812 1.24557
20.94 -3.89241 9.55103 -6.03955 1.19595
20.95 -3.84202 7.67918 -6.0371 1.23979
20.96 -3.66216 9.06969 -6.03678 1.20548
20.97 -3.59696 7.21584 -6.03945 1.2489
20.98 -3.46194 8.57013 -6.04549 1.21547
20.99 -3.33251 7.18597 -6.05062 1.25085
21 -3.22796 8.94707 -6.05272 1.20638
21.01 -3.20221 6.8803 -6.05594 1.25556
21.02 -3.20216 9.0932 -6.05377 1.2048
21.03 -3.3085 6.71138 -6.04919 1.25587
21.04 -3.36718 9.09201 -6.04862 1.20572
21.05 -3.52989 7.17943 -6.04622 1.24925
21.06 -3.6277 9.12333 -6.04402 1.20465
21.07 -3.79915 7.80657 -6.04483 1.23817
21.08 -3.85101 9.42512 -6.04542 1.19832
21.09 -3.93434 7.11838 -6.04248 1.24947
21.1 -3.86332 9.62481 -6.04597 1.19556
21.11 -3.79223 7.36098 -6.04359 1.24871
21.12 -3.6765 9.21118 -6.04759 1.2018
21.13 -3.58157 6.96575 -6.0479 1.25457
21.14 -3.42027 8.69484 -6.04552 1.21255
21.15 -3.35646 6.96745 -6.04271 1.254
21.16 -3.23093 8.82577 -6.04032 1.21169
21.17 -3.21588 6.79103 -6.03858 1.25836
21.18 -3.21217 8.55129 -6.03398 1.21394
21.19 -3.34683 7.16409 -6.02712 1.24988
21.2 -3.39638 9.37743 -6.02424 1.1996
21.21 -3.5397 7.16303 -6.01925 1.25084
21.22 -3.54 9.26177 -6.01499 1.19869
21.23 -3.69083 7.58786 -6.01309 1.24031
21.24 -3.74464 9.22723 -6.01836 1.20136
21.25 -3.83068 8.02162 -6.02129 1.23408
21.26 -3.82637 9.53833 -6.02796 1.19878
21.27 -3.76475 7.25047 -6.02968 1.24895
21.28 -3.63826 8.98322 -6.03325 1.20913
21.29 -3.53633 7.25723 -6.0377 1.25097
21.3 -3.45915 8.92852 -6.04092 1.20814
21.31 -3.32213 7.23585 -6.04537 1.24746
21.32 -3.39248 8.58865 -6.04797 1.21457
21.33 -3.44449 7.04399 -6.052 1.255
21.34 -3.48844 8.4666 -6.05307 1.21961
21.35 -3.51497 6.89019 -6.05151 1.2528
21.36 -3.62536 9.19236 -6.04773 1.2005
21.37 -3.61815 7.35439 -6.03776 1.24353
21.38 -3.52673 8.97144 -6.02796 1.20228
21.39 -3.54137 7.44649 -6.01684 1.23332
21.4 -3.43261 8.5462 -6.00753 1.20386
21.41 -3.27814 7.15628 -6.0053 1.23622
21.42 -3.27349 8.6705 -6.00103 1.20003
21.43 -3.21527 7.33569 -6.00084 1.23254
21.44 -3.19192 8.46086 -6.00102 1.20694
21.45 -3.17398 6.74622 -6.00044 1.24545
21.46 -3.08517 8.12086 -6.00076 1.21375
21.47 -3.11066 6.8706 -5.99826 1.24213
21.48 -3.0444 8.69013 -5.99542 1.19943
21.49 -3.0497 6.95728 -5.99526 1.23837
21.5 -3.20143 8.5474 -5.99953 1.20363
