0 8.44847 -9.79817 0.682875 -0.179563
0.01 8.43225 -10.2071 0.687563 -0.15839
0.02 8.51709 -9.19341 0.67887 -0.174042
0.03 8.54865 -9.7966 0.673522 -0.147601
0.04 8.84788 -9.38096 0.700592 -0.176212
0.05 9.42875 -11.1772 0.752928 -0.152248
0.06 9.80697 -10.7169 0.800081 -0.175503
0.07 9.68441 -11.5589 0.814509 -0.156782
0.08 9.26026 -10.4764 0.810882 -0.172382
0.09 8.80577 -11.0394 0.797263 -0.152671
0.1 8.26825 -9.78632 0.786152 -0.16676
0.11 7.80312 -10.3643 0.754288 -0.145725
0.12 7.5077 -9.14873 0.730052 -0.162069
0.13 7.50155 -10.0749 0.714974 -0.140049
0.14 7.68472 -9.21667 0.718271 -0.160543
0.15 8.07536 -10.1783 0.718089 -0.139276
0.16 8.46693 -9.41572 0.731647 -0.161736
0.17 8.95192 -10.7699 0.750055 -0.141387
0.18 9.42905 -10.0666 0.773702 -0.165667
0.19 9.64283 -10.9797 0.787543 -0.146429
0.2 9.71166 -10.2027 0.799313 -0.169027
0.21 9.60187 -11.0344 0.798718 -0.154917
0.22 9.28436 -9.96478 0.799337 -0.178636
0.23 8.97137 -10.5112 0.783557 -0.16028
0.24 8.56861 -9.49663 0.775365 -0.18352
0.25 8.31083 -10.426 0.76555 -0.161339
0.26 8.16452 -9.50491 0.764815 -0.18573
0.27 8.07745 -10.263 0.752981 -0.162239
0.28 8.02249 -9.27603 0.752115 -0.182022
0.29 8.20845 -10.3529 0.741115 -0.161949
0.3 8.40601 -9.43556 0.74637 -0.180309
0.31 8.68931 -10.3804 0.743629 -0.159395
0.32 8.86487 -9.53667 0.748382 -0.176962
0.33 9.09848 -10.6446 0.74945 -0.153233
0.34 9.24637 -9.82552 0.759415 -0.174181
0.35 9.18773 -10.6589 0.757654 -0.151638
0.36 9.0369 -9.72907 0.759127 -0.171395
0.37 8.84828 -10.5988 0.753918 -0.147553
0.38 8.72237 -9.72981 0.761787 -0.169921
0.39 8.47615 -10.5103 0.755562 -0.147621
0.4 8.21848 -9.58293 0.753999 -0.168122
0.41 8.11876 -10.3847 0.747332 -0.148077
0.42 8.06744 -9.51327 0.74859 -0.169663
0.43 8.2313 -10.4805 0.747742 -0.14994
0.44 8.396 -9.62861 0.75888 -0.172999
0.45 8.76695 -10.8569 0.761657 -0.154529
0.46 9.0365 -9.98395 0.779982 -0.176827
0.47 9.30845 -10.9905 0.780785 -0.158907
0.48 9.39502 -10.0387 0.785771 -0.178385
0.49 9.50678 -10.9884 0.781899 -0.159442
0.5 9.38789 -10.0011 0.785263 -0.178747
0.51 9.24814 -10.9159 0.77942 -0.159562
0.52 9.02 -9.8717 0.778513 -0.177895
0.53 8.77155 -10.7445 0.766528 -0.15564
0.54 8.53272 -9.77745 0.766063 -0.175308
0.55 8.34703 -10.4831 0.753368 -0.15336
0.56 8.16003 -9.44114 0.747536 -0.172974
0.57 8.0966 -10.2575 0.73318 -0.151236
0.58 8.17634 -9.53003 0.734893 -0.170899
0.59 8.30468 -10.4236 0.730636 -0.151524
0.6 8.49307 -9.65598 0.736872 -0.169986
0.61 8.70733 -10.5669 0.733042 -0.150269
0.62 8.86948 -9.70926 0.742034 -0.170356
0.63 9.01518 -10.6263 0.742336 -0.153138
0.64 9.10451 -9.86057 0.756223 -0.17201
0.65 9.07655 -10.7937 0.761408 -0.152555
0.66 9.04693 -9.97621 0.772295 -0.172976
0.67 8.94715 -10.8536 0.770549 -0.153412
0.68 8.77139 -9.8667 0.774396 -0.172289
0.69 8.54998 -10.6503 0.762408 -0.152091
0.7 8.37594 -9.6837 0.765633 -0.171805
0.71 8.34692 -10.5947 0.758264 -0.151035
0.72 8.43295 -9.73818 0.761586 -0.17189
0.73 8.44797 -10.626 0.75687 -0.14899
0.74 8.66981 -9.8098 0.76149 -0.172091
0.75 8.73392 -10.7717 0.755256 -0.149319
0.76 8.90351 -9.8031 0.757699 -0.170534
0.77 9.0043 -10.7523 0.754042 -0.151146
0.78 9.09148 -9.97329 0.764506 -0.17333
0.79 9.09969 -10.8108 0.761855 -0.152956
0.8 9.04655 -9.95693 0.762425 -0.174127
0.81 8.82319 -10.7182 0.754554 -0.151805
0.82 8.67475 -9.75587 0.75518 -0.174077
0.83 8.5051 -10.5605 0.743954 -0.155216
0.84 8.31959 -9.48297 0.746148 -0.175253
0.85 8.351 -10.4144 0.739474 -0.155821
0.86 8.29719 -9.57642 0.743749 -0.175327
0.87 8.3301 -10.3787 0.740073 -0.1562
0.88 8.43016 -9.55289 0.743915 -0.173304
0.89 8.54892 -10.4462 0.739765 -0.153501
0.9 8.70854 -9.75492 0.746496 -0.173318
0.91 8.83716 -10.7014 0.750191 -0.151866
0.92 9.00001 -9.94899 0.760074 -0.168286
0.93 9.06633 -10.8052 0.760304 -0.148419
0.94 9.06821 -9.92428 0.76532 -0.16541
0.95 8.96674 -10.6884 0.758133 -0.145297
0.96 8.80217 -9.69929 0.756454 -0.163298
0.97 8.61423 -10.5724 0.745769 -0.141542
0.98 8.4619 -9.52972 0.746296 -0.160751
0.99 8.33598 -10.4037 0.740487 -0.13946
1 8.30333 -9.55279 0.740833 -0.162756
1.01 8.27349 -10.2779 0.731084 -0.142205
1.02 8.31329 -9.51521 0.733584 -0.16309
1.03 8.36868 -10.2417 0.730408 -0.143488
1.04 8.53068 -9.60915 0.73941 -0.164614
1.05 8.68483 -10.508 0.735009 -0.148186
1.06 8.77525 -9.76424 0.742778 -0.169141
1.07 8.84472 -10.6053 0.74268 -0.150934
1.08 8.85278 -9.78994 0.745435 -0.173036
1.09 8.86001 -10.5034 0.740334 -0.156324
1.1 8.75794 -9.68591 0.744385 -0.17667
1.11 8.6219 -10.5189 0.742426 -0.152804
1.12 8.56593 -9.75692 0.750313 -0.173249
1.13 8.51367 -10.5777 0.746999 -0.153645
1.14 8.44312 -9.70118 0.75191 -0.172678
1.15 8.47213 -10.5339 0.74557 -0.150216
1.16 8.4376 -9.63911 0.750704 -0.169695
1.17 8.51747 -10.5511 0.747711 -0.149831
1.18 8.70896 -9.72373 0.75274 -0.16699
1.19 8.75447 -10.7059 0.752515 -0.144255
1.2 8.87956 -9.86728 0.755728 -0.164731
1.21 8.87347 -10.6678 0.750326 -0.144726
1.22 8.89192 -9.7736 0.750408 -0.164644
1.23 8.87483 -10.5723 0.74629 -0.143358
1.24 8.83148 -9.73902 0.749445 -0.165808
1.25 8.7346 -10.6359 0.74351 -0.146689
1.26 8.60803 -9.65004 0.745704 -0.166432
1.27 8.53555 -10.4585 0.736712 -0.150165
1.28 8.38613 -9.52882 0.737073 -0.169917
1.29 8.29985 -10.2752 0.727068 -0.150221
1.3 8.246 -9.53155 0.727601 -0.170653
1.31 8.36335 -10.3711 0.724857 -0.152023
1.32 8.47659 -9.62694 0.732253 -0.17301
1.33 8.52838 -10.5541 0.728688 -0.151483
1.34 8.5911 -9.62226 0.736493 -0.171399
1.35 8.74201 -10.5505 0.733887 -0.150797
1.36 8.79253 -9.74858 0.743179 -0.170425
1.37 8.82138 -10.6579 0.743928 -0.14888
1.38 8.83695 -9.95048 0.754478 -0.168973
1.39 8.81864 -10.7703 0.756139 -0.149012
1.4 8.78826 -9.84107 0.760507 -0.16972
1.41 8.675 -10.5837 0.753177 -0.147876
1.42 8.6196 -9.71163 0.753563 -0.169426
1.43 8.51919 -10.6235 0.745855 -0.148621
1.44 8.47534 -9.74734 0.753659 -0.167697
1.45 8.52005 -10.623 0.747888 -0.148234
1.46 8.52191 -9.78345 0.748422 -0.167727
1.47 8.59238 -10.5688 0.740588 -0.149868
1.48 8.66887 -9.72835 0.743183 -0.169058
1.49 8.69996 -10.5852 0.736345 -0.149525
1.5 8.6576 -9.78245 0.736922 -0.168193
1.51 8.70347 -10.6957 0.73297 -0.14877
1.52 8.69773 -9.85975 0.73997 -0.169588
1.53 8.73782 -10.6948 0.738039 -0.148395
1.54 8.59748 -9.65693 0.743873 -0.170178
1.55 8.54783 -10.4235 0.73718 -0.151367
1.56 8.65015 -9.30351 0.739506 -0.170323
1.57 8.77648 -9.80961 0.74867 -0.152315
1.58 9.21184 -8.71806 0.779572 -0.167433
1.59 9.95617 -9.32298 0.820186 -0.154774
1.6 10.5906 -9.48398 0.904765 -0.181884
1.61 11.5735 -10.8251 1.00314 -0.174036
1.62 11.737 -9.7092 1.03975 -0.20411
1.63 11.9338 -11.1339 1.14699 -0.185716
1.64 12.0589 -10.702 1.17328 -0.212536
1.65 11.0806 -11.873 1.08225 -0.167731
1.66 9.99491 -10.4838 1.06037 -0.185509
1.67 8.89577 -11.0456 0.997032 -0.161795
1.68 8.05739 -9.44081 0.947496 -0.187379
1.69 7.20589 -9.51121 0.902896 -0.161744
1.7 7.00174 -7.70553 0.886647 -0.180634
1.71 7.13367 -9.30989 0.914148 -0.162806
1.72 7.82082 -9.42656 0.965677 -0.188492
1.73 8.45486 -10.8565 1.01422 -0.168055
1.74 8.6693 -9.93269 1.04989 -0.192849
1.75 8.70982 -10.6366 1.04231 -0.160992
1.76 8.45434 -9.49721 1.02095 -0.188828
1.77 8.05714 -9.90911 1.00088 -0.158436
1.78 7.63037 -8.30718 0.966731 -0.176933
1.79 7.42145 -8.80876 0.918527 -0.15674
1.8 7.36686 -7.41866 0.899862 -0.180719
1.81 7.74644 -8.92397 0.894997 -0.161595
1.82 8.23358 -8.39054 0.919648 -0.187299
1.83 8.5892 -9.30044 0.938188 -0.166944
1.84 8.86494 -8.36367 0.952864 -0.194644
1.85 9.08621 -9.58521 0.969606 -0.171037
1.86 9.18491 -8.49661 0.988884 -0.195553
1.87 8.99519 -9.50538 0.978806 -0.187323
1.88 8.67356 -8.13543 0.974475 -0.198614
1.89 8.48812 -9.20129 0.954399 -0.180756
1.9 8.38739 -8.00855 0.962354 -0.220039
1.91 8.05821 -8.78129 0.951264 -0.182579
1.92 8.08126 -7.49655 0.962087 -0.212301
1.93 8.1709 -8.93509 0.966627 -0.186137
1.94 8.1106 -8.023 0.984565 -0.215327
1.95 8.00197 -9.03902 0.983625 -0.180339
1.96 7.95004 -7.84915 0.951512 -0.202305
1.97 7.47462 -8.80251 0.897523 -0.173529
1.98 7.39134 -7.09299 0.899477 -0.184677
1.99 7.13938 -8.31427 0.882967 -0.160269
2 7.06281 -6.89552 0.863986 -0.178333
2.01 6.91916 -8.02588 0.850454 -0.155516
2.02 6.96112 -6.72334 0.855375 -0.175964
2.03 7.05835 -7.93804 0.850521 -0.149231
2.04 7.13327 -6.77891 0.870262 -0.176967
2.05 7.31644 -8.05099 0.880405 -0.161393
2.06 7.46937 -7.01776 0.888446 -0.187153
2.07 7.52894 -7.94176 0.892461 -0.163977
2.08 7.28766 -6.5745 0.862179 -0.167209
2.09 6.98187 -7.70798 0.846865 -0.16574
2.1 6.88097 -6.62509 0.867681 -0.182556
2.11 6.84025 -7.34894 0.850638 -0.170896
2.12 6.7997 -6.87835 0.838062 -0.188527
2.13 6.65994 -7.9462 0.84689 -0.170001
2.14 6.85676 -6.68381 0.856914 -0.202419
2.15 6.9838 -7.83358 0.870126 -0.179917
2.16 7.01992 -6.98225 0.8724 -0.203603
2.17 7.07306 -7.80746 0.870598 -0.175783
2.18 6.97662 -6.55442 0.863594 -0.201177
2.19 6.75422 -7.88313 0.837702 -0.196414
2.2 6.70587 -6.49393 0.85095 -0.2096
2.21 6.45944 -7.40765 0.82856 -0.178122
2.22 6.37154 -6.16617 0.827618 -0.212336
2.23 6.41201 -7.10899 0.811503 -0.178983
2.24 6.2013 -5.74356 0.788472 -0.204531
2.25 6.38542 -6.84498 0.802107 -0.187956
2.26 6.59523 -6.41932 0.829736 -0.199343
2.27 6.80367 -7.46694 0.838923 -0.183085
2.28 6.76244 -6.30239 0.859714 -0.196082
2.29 6.46999 -7.37519 0.811209 -0.172204
2.3 6.42086 -6.3053 0.829654 -0.197434
2.31 6.49317 -7.94015 0.839017 -0.165619
2.32 6.15327 -6.26749 0.80071 -0.186533
2.33 5.86286 -6.70579 0.787214 -0.160947
2.34 5.42031 -5.86244 0.772937 -0.176331
2.35 5.48464 -6.85055 0.750956 -0.148029
2.36 5.54512 -5.66994 0.748283 -0.175269
2.37 5.62816 -6.62081 0.755914 -0.146261
2.38 5.91238 -5.79836 0.768541 -0.176129
2.39 5.95027 -7.08998 0.784512 -0.149507
2.4 6.23551 -6.00338 0.790566 -0.177487
2.41 6.12039 -6.92998 0.775871 -0.144452
2.42 5.97412 -5.55264 0.773592 -0.173941
2.43 5.94784 -7.17058 0.772733 -0.152487
2.44 6.03898 -6.14185 0.79204 -0.180024
2.45 5.84001 -6.67074 0.770827 -0.153216
2.46 5.7016 -5.12774 0.766663 -0.184181
2.47 5.57182 -7.04021 0.769154 -0.150413
2.48 5.92308 -6.15222 0.783738 -0.174455
2.49 5.89451 -6.74401 0.779998 -0.151734
2.5 5.45624 -5.50984 0.771049 -0.176883
2.51 5.14799 -6.19396 0.75058 -0.153127
2.52 5.27962 -5.20877 0.752859 -0.174337
2.53 5.43563 -6.10009 0.760439 -0.152894
2.54 5.58096 -5.7517 0.762173 -0.177573
2.55 5.64776 -6.69187 0.781026 -0.152744
2.56 5.96266 -5.91781 0.800226 -0.17776
2.57 5.86502 -6.75108 0.800577 -0.154018
2.58 5.70313 -5.23321 0.791944 -0.188702
2.59 5.70574 -6.68338 0.755499 -0.159047
2.6 5.44158 -6.0851 0.739408 -0.186936
2.61 5.73488 -6.99006 0.76226 -0.16355
2.62 5.5904 -5.4864 0.771779 -0.194647
2.63 5.32489 -6.68708 0.741514 -0.169608
2.64 5.21292 -5.0845 0.711722 -0.18911
2.65 5.19271 -6.80616 0.725606 -0.163272
2.66 5.33388 -5.13977 0.726698 -0.199378
2.67 5.27101 -6.21828 0.723351 -0.168632
2.68 5.10586 -5.53212 0.736544 -0.189032
2.69 5.33956 -6.119 0.727509 -0.176109
2.7 5.21176 -5.13205 0.719539 -0.185379
2.71 4.99663 -6.19274 0.717376 -0.164201
2.72 4.82172 -5.13126 0.711117 -0.18337
2.73 4.94688 -6.41693 0.71162 -0.143743
2.74 4.75707 -5.12359 0.70253 -0.17831
2.75 4.75295 -5.93994 0.692412 -0.147323
2.76 4.71024 -4.96385 0.688355 -0.162913
2.77 4.71486 -6.10119 0.676047 -0.133991
2.78 4.8333 -5.08472 0.679027 -0.158515
2.79 4.88172 -6.29987 0.683589 -0.131356
2.8 4.99192 -5.36516 0.690815 -0.16053
2.81 5.01621 -6.00435 0.698189 -0.142987
2.82 5.28571 -5.14823 0.71274 -0.164398
2.83 5.21912 -6.14234 0.707352 -0.148313
2.84 5.15798 -5.17081 0.718842 -0.165225
2.85 5.06998 -6.25159 0.717871 -0.144969
2.86 4.97994 -5.07289 0.727546 -0.171381
2.87 4.9442 -6.21767 0.714882 -0.135268
2.88 4.82665 -5.01366 0.714713 -0.167841
2.89 4.77175 -6.17642 0.67994 -0.143343
2.9 4.64696 -5.09356 0.665293 -0.171001
2.91 4.72697 -5.85315 0.67569 -0.148551
2.92 4.78102 -5.25911 0.696868 -0.190193
2.93 4.66763 -6.29608 0.688364 -0.156078
2.94 4.73316 -5.22746 0.695398 -0.182629
2.95 4.64807 -6.13606 0.694561 -0.160518
2.96 4.52119 -4.97848 0.688807 -0.17716
2.97 4.43557 -6.0994 0.646769 -0.160156
2.98 4.39831 -4.80673 0.658369 -0.186035
2.99 4.34747 -5.92243 0.648336 -0.154566
3 4.35675 -4.80563 0.645074 -0.185207
3.01 4.21062 -5.76185 0.64612 -0.147541
3.02 4.19704 -4.69987 0.651835 -0.176997
3.03 4.27799 -5.84574 0.650089 -0.15359
3.04 4.33009 -4.82886 0.655091 -0.178059
3.05 4.23342 -5.8362 0.647411 -0.148891
3.06 4.44328 -4.6042 0.660032 -0.167957
3.07 4.39611 -5.95227 0.648641 -0.152939
3.08 4.29718 -4.75837 0.65338 -0.171644
3.09 4.13058 -5.54512 0.643087 -0.133028
3.1 4.09659 -4.70587 0.643806 -0.16303
3.11 4.03082 -5.53266 0.630008 -0.13791
3.12 4.14202 -4.27447 0.638148 -0.151333
3.13 4.04829 -5.71949 0.626823 -0.127587
3.14 4.26196 -4.3177 0.639851 -0.156506
3.15 4.38889 -5.66379 0.647058 -0.119045
3.16 4.47452 -4.8472 0.659495 -0.161012
3.17 4.30368 -5.30766 0.64378 -0.137204
3.18 4.20677 -4.45884 0.638383 -0.160837
3.19 4.11963 -5.86033 0.626413 -0.134077
3.2 4.15471 -4.66142 0.64802 -0.159227
3.21 3.98169 -5.66534 0.629638 -0.138018
3.22 3.65493 -3.94384 0.608774 -0.163004
3.23 3.61729 -4.97056 0.561157 -0.124932
3.24 3.64469 -4.32369 0.578129 -0.157053
3.25 4.06606 -5.81137 0.604589 -0.127529
3.26 4.0906 -4.63018 0.619108 -0.152409
3.27 3.8475 -5.37017 0.60565 -0.12833
3.28 3.81023 -4.26904 0.604385 -0.156852
3.29 3.85726 -5.34656 0.612003 -0.123402
3.3 3.88338 -4.07027 0.610586 -0.168654
3.31 3.81242 -5.37686 0.625545 -0.149814
3.32 4.07959 -4.72162 0.643006 -0.178712
3.33 4.3737 -5.82265 0.656811 -0.161286
3.34 4.24911 -4.49505 0.650616 -0.177441
3.35 3.8744 -5.36666 0.636718 -0.152135
3.36 3.58442 -4.4699 0.596725 -0.192205
3.37 3.64888 -5.21289 0.591899 -0.171722
3.38 3.64462 -4.22038 0.604343 -0.198342
3.39 3.55253 -4.81797 0.590401 -0.17934
3.4 3.41058 -4.18274 0.602307 -0.197246
3.41 3.5799 -5.28154 0.593231 -0.179258
3.42 3.70268 -4.00727 0.604321 -0.205692
3.43 3.58827 -5.23559 0.595711 -0.174592
3.44 3.76148 -3.91592 0.608637 -0.206895
3.45 3.66046 -5.25729 0.610738 -0.177244
3.46 3.69138 -4.3267 0.604537 -0.187456
3.47 3.41633 -5.00825 0.58158 -0.162851
3.48 3.22962 -3.95982 0.558597 -0.180642
3.49 3.1084 -5.03002 0.543576 -0.145207
3.5 3.142 -3.74859 0.543225 -0.166949
3.51 3.1073 -4.96203 0.535501 -0.138852
3.52 3.27766 -3.72759 0.548017 -0.156532
3.53 3.48344 -4.90716 0.554482 -0.131127
3.54 3.55246 -4.21544 0.56966 -0.149278
3.55 3.64528 -5.02329 0.560298 -0.123393
3.56 3.79074 -4.29239 0.568417 -0.152439
3.57 3.48418 -5.12154 0.558689 -0.115385
3.58 3.28962 -4.03549 0.559553 -0.140884
3.59 3.39566 -5.07144 0.547365 -0.118895
3.6 3.15499 -3.70984 0.5497 -0.135358
3.61 3.17043 -4.89873 0.538048 -0.113648
3.62 3.29078 -3.63968 0.53991 -0.138745
3.63 3.32027 -4.5708 0.544079 -0.107197
3.64 3.37995 -4.19192 0.551178 -0.144468
3.65 3.42286 -4.93297 0.551955 -0.122328
3.66 3.55833 -4.02767 0.565392 -0.145787
3.67 3.53801 -5.08641 0.560584 -0.133997
3.68 3.48689 -4.07516 0.573259 -0.160138
3.69 3.50201 -5.32362 0.561019 -0.140498
3.7 3.39056 -3.86923 0.570133 -0.178773
3.71 3.42613 -5.14866 0.560848 -0.157046
3.72 3.19823 -3.60892 0.562672 -0.178001
3.73 3.1737 -4.99613 0.553638 -0.152595
3.74 3.21422 -3.76239 0.563373 -0.190714
3.75 3.17925 -5.07202 0.555621 -0.174819
3.76 3.21864 -4.06544 0.57394 -0.193922
3.77 3.19378 -5.07476 0.573891 -0.164876
3.78 3.42538 -3.88913 0.586413 -0.199882
3.79 3.41065 -5.33616 0.592082 -0.166983
3.8 3.31092 -4.13388 0.589846 -0.190708
3.81 3.44929 -5.17794 0.577934 -0.16341
3.82 3.21245 -3.83874 0.589905 -0.182383
3.83 3.1112 -4.56361 0.576565 -0.140376
3.84 3.06238 -3.54954 0.5673 -0.166851
3.85 3.0916 -4.8647 0.577419 -0.133494
3.86 3.15443 -4.31665 0.585124 -0.149545
3.87 3.44541 -5.44261 0.581279 -0.126309
3.88 3.16435 -4.31098 0.584414 -0.136207
3.89 3.07278 -5.01094 0.563949 -0.112189
3.9 3.1858 -4.12422 0.552166 -0.127092
3.91 2.9238 -5.22599 0.55276 -0.0970635
3.92 3.01318 -4.13888 0.546976 -0.124422
3.93 3.11062 -5.19164 0.540164 -0.100873
3.94 3.05002 -3.86938 0.536007 -0.11993
3.95 3.15273 -4.94753 0.528347 -0.0997853
3.96 3.23779 -3.62816 0.524698 -0.122328
3.97 3.09572 -4.38041 0.52154 -0.105886
3.98 3.13128 -3.90095 0.517225 -0.118231
3.99 3.26093 -5.33381 0.531264 -0.0977105
4 3.44559 -4.77783 0.551566 -0.130262
4.01 3.33062 -5.26221 0.536189 -0.109121
4.02 2.66535 -4.2698 0.520642 -0.132989
4.03 2.59862 -4.9829 0.506806 -0.116143
4.04 2.73525 -3.87988 0.491094 -0.134283
4.05 2.56171 -4.56329 0.485191 -0.119515
4.06 2.61848 -3.56069 0.498791 -0.151228
4.07 2.9933 -4.934 0.507667 -0.140451
4.08 3.31951 -4.04542 0.530804 -0.175335
4.09 3.41541 -5.12333 0.539152 -0.145531
4.1 3.32535 -3.89731 0.540703 -0.153896
4.11 3.30769 -4.75914 0.530165 -0.156947
4.12 3.24535 -3.83243 0.547488 -0.190646
4.13 2.98834 -4.83408 0.52719 -0.157125
4.14 2.89725 -3.91535 0.517936 -0.184092
4.15 2.9644 -4.4695 0.513677 -0.161781
4.16 2.95755 -3.47285 0.526111 -0.186294
4.17 2.91686 -4.5376 0.515849 -0.158849
4.18 3.04949 -3.71749 0.534617 -0.179012
4.19 3.03615 -4.93533 0.533332 -0.153478
4.2 3.02596 -3.4103 0.544548 -0.174115
4.21 3.0662 -4.68683 0.544649 -0.139477
4.22 2.88733 -4.00535 0.544892 -0.152698
4.23 2.73033 -4.33837 0.524682 -0.131662
4.24 2.51256 -3.40226 0.520241 -0.137931
4.25 2.50044 -4.48375 0.50269 -0.108489
4.26 2.38184 -3.40647 0.499671 -0.129831
4.27 2.60033 -4.40807 0.499001 -0.0988318
4.28 2.71696 -3.39553 0.499794 -0.125883
4.29 2.75915 -4.56763 0.501774 -0.0960989
4.3 2.91851 -3.60224 0.510902 -0.118608
4.31 3.02004 -4.32222 0.512234 -0.0944728
4.32 2.89077 -3.75871 0.517391 -0.121709
4.33 2.81127 -4.57243 0.512189 -0.0982774
4.34 2.8821 -3.81119 0.51321 -0.119599
4.35 2.52609 -4.51276 0.498975 -0.105105
4.36 2.56397 -3.09183 0.489433 -0.12162
4.37 2.51702 -4.28583 0.482362 -0.102329
4.38 2.6704 -3.11878 0.491523 -0.136479
4.39 2.66253 -4.124 0.488649 -0.115457
4.4 2.67721 -3.55735 0.499885 -0.141533
4.41 2.88255 -4.54619 0.493239 -0.123546
4.42 2.75203 -3.3372 0.494112 -0.153194
4.43 2.83844 -4.4954 0.499717 -0.134925
4.44 2.53208 -3.33554 0.495159 -0.160651
4.45 2.40543 -4.06926 0.488829 -0.144262
4.46 2.33831 -2.90633 0.494769 -0.169323
4.47 2.42456 -3.85463 0.492736 -0.159936
4.48 2.42416 -3.53456 0.500532 -0.167026
4.49 2.38388 -4.14733 0.500139 -0.154886
4.5 2.3342 -2.91266 0.492825 -0.193202
4.51 1.99473 -4.01239 0.471135 -0.163059
4.52 2.0945 -2.80182 0.475627 -0.18243
4.53 2.23095 -3.99646 0.471057 -0.165346
4.54 2.43806 -2.77012 0.476772 -0.188055
4.55 2.65799 -3.85048 0.479784 -0.159243
4.56 2.62449 -3.03719 0.486761 -0.182533
4.57 2.62248 -3.96705 0.485085 -0.162644
4.58 2.7921 -3.18302 0.484367 -0.17272
4.59 2.25388 -3.85365 0.466506 -0.139963
4.6 2.15543 -2.90504 0.461712 -0.160952
4.61 2.13578 -3.7627 0.446618 -0.131721
4.62 2.06376 -2.45362 0.434167 -0.149072
4.63 1.88316 -3.23475 0.429641 -0.117559
4.64 2.1723 -2.53398 0.432604 -0.133231
4.65 2.24247 -3.5373 0.429113 -0.112212
4.66 2.34224 -2.7669 0.436192 -0.128966
4.67 2.56375 -4.18997 0.44365 -0.104258
4.68 2.48929 -2.90986 0.437005 -0.126304
4.69 2.52075 -3.84431 0.430691 -0.0980113
4.7 2.3118 -2.73325 0.429175 -0.120093
4.71 2.22226 -3.74439 0.417806 -0.0926565
4.72 2.09677 -2.57538 0.403623 -0.125112
4.73 1.87506 -3.48511 0.394194 -0.0920141
4.74 1.73399 -2.18738 0.381101 -0.114016
4.75 1.80326 -3.20318 0.368012 -0.0900295
4.76 1.73989 -2.31659 0.373469 -0.113294
4.77 1.8565 -3.25691 0.373916 -0.0884535
4.78 1.95348 -2.44456 0.38637 -0.122449
4.79 2.03859 -3.74299 0.387355 -0.099621
4.8 2.23321 -2.8748 0.408463 -0.123194
4.81 2.29216 -4.09981 0.40622 -0.111583
4.82 2.46813 -3.12603 0.414912 -0.139554
4.83 2.27325 -3.70762 0.418818 -0.120022
4.84 2.28541 -2.83336 0.416431 -0.152914
4.85 2.20109 -3.20458 0.40756 -0.120771
4.86 2.03017 -2.26917 0.415083 -0.146079
4.87 1.81917 -3.57288 0.407055 -0.146415
4.88 2.03911 -2.55652 0.416088 -0.173044
4.89 1.8245 -3.06958 0.400898 -0.146718
4.9 1.69961 -2.15544 0.393148 -0.165289
4.91 1.62022 -3.07589 0.390158 -0.149491
4.92 1.71242 -2.4346 0.404388 -0.176437
4.93 1.77032 -3.13468 0.391959 -0.142076
4.94 1.85641 -2.14646 0.389462 -0.172855
4.95 1.89317 -3.1099 0.378345 -0.140777
4.96 1.83469 -2.3115 0.383271 -0.162035
4.97 1.8729 -3.39069 0.363228 -0.132574
4.98 1.66639 -1.85147 0.359124 -0.144997
4.99 1.55747 -3.12258 0.34128 -0.118132
5 1.37122 -2.06824 0.334919 -0.131735
5.01 1.35815 -2.59918 0.320671 -0.095984
5.02 1.37549 -1.92115 0.314045 -0.11229
5.03 1.32773 -2.91538 0.296807 -0.0868728
5.04 1.57755 -1.97659 0.306477 -0.10445
5.05 1.69466 -3.04375 0.307141 -0.0776346
5.06 1.71046 -2.25677 0.310538 -0.0951321
5.07 1.86568 -2.90468 0.30678 -0.0734342
5.08 1.92722 -2.5247 0.312245 -0.0900542
5.09 1.85342 -3.16459 0.294676 -0.0630812
5.1 1.6677 -2.15343 0.298002 -0.0890865
5.11 1.49311 -3.16901 0.270632 -0.0748725
5.12 1.43764 -1.93835 0.26187 -0.0834756
5.13 1.43306 -2.91414 0.249459 -0.0670273
5.14 1.41791 -2.08638 0.250668 -0.103024
5.15 1.56968 -2.66767 0.244274 -0.0850656
5.16 1.57796 -2.36925 0.243132 -0.105047
5.17 1.6294 -3.25979 0.241886 -0.0931723
5.18 1.72385 -2.33361 0.252251 -0.115715
5.19 1.79032 -3.21274 0.243892 -0.0975384
5.2 1.81904 -2.39719 0.253286 -0.119634
5.21 1.82927 -3.24911 0.249864 -0.107225
5.22 1.70033 -2.41373 0.262347 -0.139201
5.23 1.59957 -2.78526 0.249051 -0.0961498
5.24 1.5913 -2.8548 0.255025 -0.123223
5.25 1.81033 -3.14441 0.251226 -0.131465
5.26 1.70055 -2.35191 0.256467 -0.145445
5.27 1.63907 -3.01435 0.242493 -0.131098
5.28 1.66169 -2.76788 0.258632 -0.138639
5.29 1.90198 -3.46839 0.267877 -0.125523
5.3 1.71276 -2.76426 0.274377 -0.147566
5.31 1.53808 -3.02703 0.255202 -0.128125
5.32 1.55001 -2.56138 0.249767 -0.138709
5.33 1.50393 -3.1491 0.242993 -0.124757
5.34 1.47478 -2.32651 0.243099 -0.133353
5.35 1.37341 -2.80877 0.224816 -0.101636
5.36 1.32359 -2.13841 0.218354 -0.111984
5.37 1.38105 -2.95718 0.206123 -0.0932576
5.38 1.32176 -2.19225 0.212243 -0.101872
5.39 1.43994 -2.66633 0.1868 -0.0774065
5.4 1.4058 -2.18388 0.184535 -0.08843
5.41 1.29225 -2.924 0.182543 -0.0649445
5.42 1.56706 -2.5283 0.181813 -0.0850542
5.43 1.45747 -3.20418 0.179209 -0.0565428
5.44 1.52243 -2.34329 0.19356 -0.0845723
5.45 1.48467 -3.10702 0.190289 -0.0640427
5.46 1.58948 -2.22112 0.188207 -0.0786022
5.47 1.3268 -3.01915 0.179068 -0.0550507
5.48 1.1927 -2.15124 0.172027 -0.0794077
5.49 1.25593 -2.91099 0.156123 -0.0585579
5.5 1.15175 -1.90357 0.15669 -0.0665226
5.51 1.31268 -2.76547 0.143504 -0.0500733
5.52 1.27203 -2.20128 0.156556 -0.0673166
5.53 1.41952 -2.65305 0.185924 -0.0590637
5.54 1.77637 -2.44414 0.207691 -0.0781992
5.55 1.53767 -3.20917 0.190894 -0.0680546
5.56 1.61013 -2.41695 0.184388 -0.0826621
5.57 1.37103 -3.04951 0.17354 -0.0699322
5.58 1.33839 -2.4283 0.179192 -0.0955854
5.59 1.36945 -2.83829 0.168329 -0.0969756
5.6 1.39709 -2.24222 0.169861 -0.119512
5.61 1.36519 -3.0011 0.162566 -0.063581
5.62 1.34391 -2.46507 0.167443 -0.115325
5.63 1.47341 -2.9972 0.164771 -0.12486
5.64 1.24466 -2.27348 0.156278 -0.12492
5.65 1.13578 -2.71855 0.129308 -0.114164
5.66 1.2849 -2.05153 0.136855 -0.126408
5.67 1.39925 -2.68853 0.141029 -0.10891
5.68 1.34395 -2.06725 0.13475 -0.136878
5.69 1.14689 -2.58021 0.1239 -0.110984
5.7 1.29807 -2.43598 0.137255 -0.12499
5.71 1.61209 -3.27536 0.152017 -0.107405
5.72 1.62963 -2.4374 0.198201 -0.126735
5.73 1.57475 -2.93194 0.175538 -0.102542
5.74 1.2464 -2.29625 0.154552 -0.100052
5.75 1.07629 -2.63117 0.139971 -0.090364
5.76 1.27429 -1.89506 0.133594 -0.0970769
5.77 1.0133 -2.02761 0.113358 -0.0658069
5.78 1.15754 -1.78136 0.125973 -0.0742395
5.79 1.37847 -3.04103 0.132146 -0.0624369
5.8 1.77741 -2.6436 0.153184 -0.0705072
5.81 1.61991 -3.17557 0.161643 -0.0649267
5.82 1.47202 -2.31861 0.179037 -0.0734541
5.83 1.26269 -3.07146 0.151642 -0.0565842
5.84 1.31496 -2.68113 0.142906 -0.0676473
5.85 1.18472 -2.7789 0.134873 -0.0486265
5.86 1.11757 -2.22086 0.128352 -0.0691638
5.87 1.08637 -2.95083 0.125408 -0.0511422
5.88 1.37954 -2.29444 0.125857 -0.0706226
5.89 1.3995 -2.64781 0.123003 -0.0490536
5.9 1.35349 -2.17502 0.118891 -0.06552
5.91 1.34944 -2.60156 0.132105 -0.0528554
5.92 1.5253 -2.42658 0.174019 -0.0787212
5.93 1.63832 -3.35348 0.157483 -0.0672651
5.94 1.58774 -2.4945 0.154378 -0.0855248
5.95 1.3731 -2.81309 0.133766 -0.0746012
5.96 1.19501 -2.35221 0.131615 -0.0863471
5.97 1.17888 -3.00225 0.125113 -0.0851349
5.98 1.28435 -2.32587 0.137397 -0.113308
5.99 1.43963 -2.80493 0.135305 -0.112779
6 1.43441 -2.25449 0.139052 -0.107018
6.01 1.5303 -2.99961 0.119142 -0.0963803
6.02 1.4806 -2.24926 0.133529 -0.135201
6.03 1.57252 -2.80779 0.127276 -0.116625
6.04 1.39856 -2.36678 0.131956 -0.128429
6.05 1.3226 -2.77653 0.120824 -0.11849
6.06 1.28234 -2.14578 0.121619 -0.130168
6.07 1.07599 -2.51972 0.117713 -0.119743
6.08 1.10588 -2.16534 0.111293 -0.130802
6.09 1.14746 -2.45918 0.105202 -0.119205
6.1 1.25332 -1.94971 0.0989456 -0.126872
6.11 1.28672 -2.7729 0.104075 -0.1087
6.12 1.3633 -2.30406 0.126421 -0.117336
6.13 1.42892 -2.66613 0.119367 -0.102424
6.14 1.39054 -2.16015 0.1029 -0.111613
6.15 1.19317 -2.67958 0.0896565 -0.089548
6.16 1.10524 -2.01359 0.0729629 -0.0922468
6.17 0.864104 -2.19862 0.0752667 -0.079624
6.18 1.06854 -1.63165 0.083147 -0.0861084
6.19 1.03831 -2.38592 0.0690557 -0.0706755
6.2 1.28446 -2.22507 0.0845682 -0.086367
6.21 1.39453 -2.56764 0.107717 -0.0691861
6.22 1.46127 -2.25259 0.104527 -0.0803693
6.23 1.47718 -2.90983 0.0982046 -0.073248
6.24 1.43327 -2.37057 0.111862 -0.0837909
6.25 1.60823 -2.42627 0.107852 -0.06334
6.26 1.27141 -2.23928 0.0967632 -0.0822627
6.27 1.1368 -2.34923 0.0742055 -0.0710721
6.28 1.27752 -1.74375 0.0754933 -0.077039
6.29 1.14277 -1.98288 0.0839815 -0.0629075
6.3 1.03561 -1.7801 0.0777349 -0.0739962
6.31 1.26646 -2.26278 0.0704742 -0.0644372
6.32 1.336 -2.21225 0.078581 -0.0772315
6.33 1.43933 -2.22781 0.102251 -0.0743873
6.34 1.44466 -1.96509 0.096312 -0.083486
6.35 1.36233 -2.49195 0.085609 -0.0750286
6.36 1.30081 -2.00244 0.0946589 -0.101551
6.37 1.35933 -2.32115 0.0842259 -0.0933621
6.38 1.31529 -1.92946 0.0905061 -0.113949
6.39 1.34794 -2.48193 0.09217 -0.0912215
6.4 1.30626 -1.8713 0.0852985 -0.0905136
6.41 1.16695 -1.99311 0.0820615 -0.116017
6.42 1.24243 -1.73168 0.0898504 -0.127955
6.43 1.10638 -2.05217 0.076193 -0.108287
6.44 1.17103 -1.69776 0.0785013 -0.128748
6.45 1.32716 -2.13577 0.0770579 -0.114452
6.46 1.13335 -1.73561 0.0844179 -0.12872
6.47 1.09964 -2.28701 0.0722586 -0.115586
6.48 0.921629 -1.49183 0.0648707 -0.127818
6.49 1.09876 -1.91192 0.0456554 -0.115067
6.5 1.10494 -1.42061 0.046323 -0.121888
6.51 1.07842 -1.88934 0.0301421 -0.103649
6.52 1.05993 -1.76067 0.042699 -0.104509
6.53 1.1588 -2.29057 0.046175 -0.0898245
6.54 1.53089 -1.9104 0.10292 -0.107293
6.55 1.45579 -2.32452 0.0710215 -0.0796555
6.56 1.07778 -1.51372 0.055817 -0.0829013
6.57 0.932479 -1.90148 0.0261042 -0.0607061
6.58 0.842358 -1.69513 0.0368231 -0.069838
6.59 0.806995 -1.88404 0.0361237 -0.0606278
6.6 0.780598 -1.26195 0.0226731 -0.0672253
6.61 0.801127 -1.74473 0.0125978 -0.0465738
6.62 0.942799 -1.43826 0.0405715 -0.0625562
6.63 1.10469 -2.02104 0.030979 -0.0563138
6.64 1.24521 -1.50034 0.0393883 -0.0678419
6.65 1.26046 -1.7343 0.0523249 -0.0520139
6.66 1.16536 -1.65859 0.0422838 -0.072133
6.67 1.21013 -2.08601 0.0352613 -0.0610893
6.68 1.38886 -1.55097 0.0591714 -0.084895
6.69 1.1219 -1.77424 0.0329991 -0.0834708
6.7 0.84653 -1.14907 0.0267887 -0.0966298
6.71 0.985993 -1.75934 0.0190726 -0.0845305
6.72 1.24092 -1.5559 0.0516676 -0.0957436
6.73 1.26115 -1.74217 0.0200725 -0.0861185
6.74 1.15407 -1.35307 0.0309532 -0.0962844
6.75 1.1472 -1.81809 0.0456562 -0.084569
6.76 1.24113 -1.26948 0.0365987 -0.10055
6.77 1.26866 -1.56633 0.018303 -0.0902043
6.78 0.836424 -1.10664 0.038977 -0.100175
6.79 1.03482 -1.79809 0.0219017 -0.092835
6.8 1.10403 -1.40931 0.0298683 -0.104753
6.81 1.19153 -1.51369 0.0233486 -0.102158
6.82 1.27766 -0.8162 0.0384116 -0.107288
6.83 1.08834 -1.6534 0.0164532 -0.0847083
6.84 1.13333 -1.07597 0.0208508 -0.116175
6.85 1.23177 -1.55875 0.0146904 -0.106853
6.86 0.947096 -0.967269 0.0298563 -0.116802
6.87 0.924093 -1.31183 0.00228588 -0.102204
6.88 0.882692 -0.960237 0.00989065 -0.113694
6.89 0.962995 -1.33192 0.0071106 -0.103871
6.9 1.09301 -0.952673 0.00111078 -0.111638
6.91 0.924659 -1.28846 0.00455463 -0.100435
6.92 1.16154 -0.89768 0.0266928 -0.111737
6.93 1.29214 -1.46488 0.0193377 -0.0970897
6.94 1.06854 -1.01595 0.0127595 -0.0953354
6.95 0.982382 -0.98333 -0.00818046 -0.087924
6.96 0.791324 -0.935287 -0.00489346 -0.0920076
6.97 0.946496 -1.13662 -0.0099219 -0.0703706
6.98 0.918327 -0.705024 0.00220129 -0.0785193
6.99 0.668432 -0.956836 -0.0236155 -0.0624615
7 0.58108 -0.652096 -0.0266592 -0.0688886
7.01 0.791959 -1.06317 -0.0217472 -0.0609598
7.02 0.835501 -0.680834 -0.0257954 -0.0665937
7.03 0.67393 -0.835152 -0.0479307 -0.0479962
7.04 0.877126 -0.122986 -0.0190539 -0.0662381
7.05 0.900728 -1.2783 -0.0311145 -0.0574535
7.06 1.23919 -1.00665 -0.0182487 -0.0735953
7.07 1.13339 -1.41172 0.00456394 -0.0587798
7.08 1.0506 -0.866054 -0.0176749 -0.0766882
7.09 1.01623 -0.973199 -0.0351756 -0.0639545
7.1 0.975129 -0.953777 -0.0136 -0.0733125
7.11 1.09885 -1.07661 -0.0167137 -0.0591724
7.12 0.871999 -0.704979 -0.0252051 -0.0793089
7.13 0.916597 -0.938637 -0.0434543 -0.0655058
7.14 0.929294 -0.796316 -0.0171552 -0.0680776
7.15 0.819427 -0.711754 -0.0273359 -0.0611477
7.16 0.83132 -0.496298 -0.035303 -0.0660241
7.17 0.702536 -0.980978 -0.0446117 -0.065805
7.18 0.930179 -0.658702 -0.0213336 -0.0734402
7.19 0.967767 -0.988345 -0.0321583 -0.0594984
7.2 0.976296 -0.872144 -0.0296556 -0.0771252
7.21 1.14012 -1.09916 -0.0109973 -0.0786251
7.22 1.01157 -0.972888 -0.0193711 -0.0906953
7.23 1.03425 -1.00322 -0.0396432 -0.086824
7.24 0.767701 -0.759651 -0.0147397 -0.10538
7.25 0.976058 -0.929396 -0.0296933 -0.0988062
7.26 1.06121 -0.564054 -0.0300797 -0.0810833
7.27 0.999438 -0.9363 -0.0440764 -0.101444
7.28 1.01414 -0.655502 -0.0338289 -0.112507
7.29 1.06425 -0.790347 -0.0236425 -0.104229
7.3 0.877618 -0.51386 -0.0471605 -0.115595
7.31 0.981186 -0.851967 -0.0555317 -0.0978152
7.32 0.925741 -0.783591 -0.0368745 -0.111295
7.33 1.05476 -1.01004 -0.0344153 -0.103517
7.34 0.952222 -0.775009 -0.0456106 -0.107838
7.35 0.966346 -0.695882 -0.0666527 -0.0954528
7.36 0.932777 -0.603322 -0.0366539 -0.105618
7.37 1.02794 -0.758265 -0.0506519 -0.0893112
7.38 1.16497 -0.582012 -0.0515256 -0.0964253
7.39 1.229 -1.15141 -0.0372758 -0.0822594
7.4 1.15788 -0.57263 -0.0467422 -0.0821082
7.41 1.06095 -0.932177 -0.0609311 -0.0645639
7.42 1.01831 -0.559879 -0.0496595 -0.0643637
7.43 0.929812 -0.527381 -0.0709155 -0.0561587
7.44 0.898332 -0.482157 -0.0749903 -0.0628492
7.45 1.0205 -0.88105 -0.0540875 -0.0566087
7.46 0.962615 -0.700335 -0.0607073 -0.0593986
7.47 1.06004 -1.14211 -0.0717446 -0.0472079
7.48 1.13035 -0.666435 -0.0451006 -0.0617188
7.49 1.08027 -0.754821 -0.0644886 -0.0691795
7.5 1.21812 -0.805467 -0.0631205 -0.0676917
7.51 1.27327 -0.932774 -0.03694 -0.0645457
7.52 1.34709 -0.860652 -0.0473443 -0.0771526
7.53 1.42232 -1.06427 -0.0513028 -0.06635
7.54 1.48125 -0.964531 -0.0237004 -0.0723706
7.55 1.28511 -0.986643 -0.0468391 -0.0733266
7.56 1.32674 -0.590018 -0.0576771 -0.08185
7.57 1.25421 -0.602825 -0.0434061 -0.0659111
7.58 1.19183 -0.567181 -0.0533533 -0.0775651
7.59 1.28551 -1.04852 -0.0566371 -0.0666392
7.6 1.23617 -0.752485 -0.0447968 -0.0668999
7.61 1.26455 -0.830334 -0.0456076 -0.0686222
7.62 1.19937 -0.817675 -0.060495 -0.0727167
7.63 1.22962 -0.77154 -0.0682578 -0.0571229
7.64 1.17273 -0.532092 -0.0486504 -0.0675205
7.65 1.27194 -0.791118 -0.0641398 -0.0676906
7.66 1.18852 -0.94676 -0.0594929 -0.0708079
7.67 1.25588 -0.861955 -0.046354 -0.0640695
7.68 1.11345 -0.672451 -0.059831 -0.0827051
7.69 1.12364 -0.750994 -0.074832 -0.0743111
7.7 1.02967 -0.711596 -0.0536987 -0.0818499
7.71 1.27947 -1.03537 -0.0598248 -0.0776153
7.72 1.31585 -0.841187 -0.0549088 -0.0950579
7.73 1.15956 -0.820285 -0.0641198 -0.0826683
7.74 1.07535 -0.737747 -0.0600104 -0.0868636
7.75 1.19501 -0.789362 -0.0686823 -0.0960994
7.76 1.25146 -0.816786 -0.0600464 -0.102512
7.77 0.993261 -0.413835 -0.0809997 -0.0942705
7.78 1.09643 -0.358699 -0.0682567 -0.105736
7.79 1.15709 -0.432243 -0.0735793 -0.0952403
7.8 1.25886 -0.482345 -0.065073 -0.103379
7.81 1.27475 -0.663101 -0.0657953 -0.10013
7.82 1.3538 -0.321159 -0.0629219 -0.107538
7.83 1.45428 -0.727007 -0.072065 -0.0956627
7.84 1.36437 -0.684579 -0.0450273 -0.102078
7.85 1.47602 -0.714762 -0.0606573 -0.099102
7.86 1.31086 -0.827985 -0.0634229 -0.099986
7.87 1.34931 -0.68371 -0.0685799 -0.0922562
7.88 1.30994 -0.692081 -0.0679104 -0.0876399
7.89 1.06744 -0.435043 -0.0963256 -0.0673829
7.9 0.884179 -0.269394 -0.0967893 -0.0676126
7.91 0.984007 -0.267784 -0.102054 -0.0671763
7.92 0.937359 -0.534553 -0.105287 -0.0611287
7.93 1.04413 -0.230549 -0.0952235 -0.0568143
7.94 0.978738 -0.611567 -0.0991191 -0.062139
7.95 1.14543 -0.697035 -0.0880066 -0.0585259
7.96 1.32338 -0.308271 -0.0946813 -0.0612671
7.97 1.31193 -0.491872 -0.0851872 -0.0593108
7.98 1.46071 -0.730623 -0.0855652 -0.059217
7.99 1.35213 -0.514786 -0.0730797 -0.0610674
8 1.54992 -0.569331 -0.0800146 -0.0625305
8.01 1.39763 -0.726374 -0.0726483 -0.0549811
8.02 1.52279 -0.630731 -0.0710433 -0.0643083
8.03 1.37524 -0.579898 -0.097512 -0.0665208
8.04 1.33304 -0.18276 -0.0807257 -0.0729403
8.05 1.11172 -0.27534 -0.108729 -0.0613322
8.06 1.22188 -0.575293 -0.0989052 -0.0743531
8.07 1.46853 -0.338686 -0.0866408 -0.0672195
8.08 1.53867 -0.356701 -0.0819197 -0.0778435
8.09 1.48107 -0.228115 -0.0803627 -0.0780928
8.1 1.43953 -0.64066 -0.0874682 -0.0805579
8.11 1.33061 -0.436823 -0.0912698 -0.0689447
8.12 1.53448 -0.369932 -0.0734842 -0.08428
8.13 1.37503 -0.348473 -0.0980659 -0.0818902
8.14 1.37535 -0.498859 -0.0834368 -0.0821471
8.15 1.43355 -0.496806 -0.0939124 -0.0808521
8.16 1.43056 -0.453689 -0.0872469 -0.0880086
8.17 1.49064 -0.267077 -0.080677 -0.0866462
8.18 1.55298 -0.6443 -0.0796554 -0.0908405
8.19 1.66884 -0.55454 -0.0758422 -0.0924647
8.2 1.80639 -0.553718 -0.0510669 -0.103995
8.21 1.74472 -0.160822 -0.0709583 -0.091725
8.22 1.52904 -0.373125 -0.081217 -0.095161
8.23 1.43502 -0.259998 -0.0939357 -0.104509
8.24 1.36133 -0.163017 -0.0860296 -0.102714
8.25 1.35986 -0.0504579 -0.0894167 -0.101347
8.26 1.21073 -0.143838 -0.0947187 -0.101328
8.27 1.29601 -0.158313 -0.109334 -0.100019
8.28 1.32329 -0.220693 -0.0833946 -0.103599
8.29 1.49768 -0.120232 -0.0993593 -0.100604
8.3 1.53946 -0.240701 -0.0944148 -0.106259
8.31 1.63851 -0.291201 -0.0733909 -0.0921299
8.32 1.62042 -0.399484 -0.0877723 -0.0913722
8.33 1.55214 -0.441753 -0.0883729 -0.0829704
8.34 1.76045 -0.365335 -0.071728 -0.0831739
8.35 1.59342 -0.312098 -0.0967686 -0.0845227
8.36 1.45883 -0.178414 -0.0878106 -0.0826667
8.37 1.42523 -0.0840915 -0.109783 -0.0719254
8.38 1.08064 -0.0286369 -0.128873 -0.0715887
8.39 0.936834 0.259945 -0.130458 -0.06532
8.4 1.24002 0.243676 -0.131453 -0.066806
8.41 1.07325 0.256925 -0.133795 -0.058212
8.42 1.18554 0.206926 -0.130994 -0.0562837
8.43 1.21474 0.168809 -0.135945 -0.0567055
8.44 1.48879 0.0139175 -0.109962 -0.0609432
8.45 1.50777 -0.0449496 -0.112332 -0.0622483
8.46 1.46404 -0.0971508 -0.110943 -0.0606256
8.47 1.57196 0.104309 -0.115052 -0.0621698
8.48 1.65875 -0.0251799 -0.0983505 -0.0624557
8.49 1.5741 0.335572 -0.112982 -0.0678402
8.5 1.61236 0.0225599 -0.09872 -0.066569
8.51 1.5269 0.318117 -0.116477 -0.0669701
8.52 1.52986 -0.136886 -0.103475 -0.0616119
8.53 1.64994 0.194372 -0.099325 -0.0630882
8.54 1.59581 -0.0330075 -0.110651 -0.066144
8.55 1.44806 0.192429 -0.113187 -0.0632782
8.56 1.50149 0.0777368 -0.103963 -0.0655739
8.57 1.47464 0.311581 -0.122679 -0.0699086
8.58 1.419 0.26797 -0.110159 -0.0628294
8.59 1.41386 0.387103 -0.11356 -0.0685746
8.6 1.38808 -0.162292 -0.114467 -0.0753293
8.61 1.50496 0.430381 -0.110996 -0.0660812
8.62 1.37718 0.168353 -0.123089 -0.0674515
8.63 1.29363 0.362183 -0.134456 -0.0629415
8.64 1.33744 0.395825 -0.12248 -0.0546079
8.65 1.27386 0.282153 -0.132651 -0.055026
8.66 1.39861 0.458113 -0.131118 -0.0516437
8.67 1.35362 0.564247 -0.134019 -0.0636966
8.68 1.41141 0.326757 -0.134746 -0.0619038
8.69 1.32873 0.522485 -0.12337 -0.0646419
8.7 1.5773 0.0408861 -0.120413 -0.065305
8.71 1.75031 0.188312 -0.113414 -0.0758172
8.72 1.72453 0.0661666 -0.0966179 -0.081037
8.73 1.76915 0.146566 -0.106478 -0.0880933
8.74 1.80369 0.0654368 -0.0922487 -0.0916245
8.75 1.76555 0.494265 -0.112734 -0.102354
8.76 1.75531 0.245448 -0.113341 -0.0862391
8.77 1.62452 0.792532 -0.11769 -0.0895064
8.78 1.73085 0.411293 -0.125392 -0.107461
8.79 1.6289 0.403538 -0.113499 -0.100622
8.8 1.69874 0.192674 -0.110325 -0.104672
8.81 1.65947 0.300731 -0.122962 -0.106167
8.82 1.91223 0.1686 -0.0949181 -0.108704
8.83 2.02245 0.321751 -0.098779 -0.106875
8.84 1.91341 0.00877505 -0.104596 -0.10582
8.85 1.91918 0.34476 -0.0957199 -0.104267
8.86 1.8578 0.18555 -0.107057 -0.0904627
8.87 1.8855 0.41452 -0.103991 -0.0868986
8.88 1.7728 0.210237 -0.110531 -0.0773099
8.89 1.67075 0.611328 -0.118308 -0.0810455
8.9 1.75107 0.438719 -0.116883 -0.075392
8.91 1.62834 0.767575 -0.133755 -0.0778384
8.92 1.76999 0.436224 -0.119379 -0.0670352
8.93 1.84245 0.489593 -0.131556 -0.068305
8.94 1.81137 0.230907 -0.111762 -0.0669014
8.95 1.82256 0.471921 -0.126357 -0.0670206
8.96 1.78087 0.193371 -0.114363 -0.0665458
8.97 1.73704 0.560865 -0.134416 -0.0682254
8.98 1.58756 0.381476 -0.135852 -0.0641049
8.99 1.65653 0.689468 -0.138571 -0.0685215
9 1.69917 0.449124 -0.136712 -0.0683865
9.01 1.65794 0.929144 -0.137729 -0.0695606
9.02 1.74761 0.386901 -0.144837 -0.0726366
9.03 1.89559 0.699099 -0.124874 -0.07457
9.04 2.05461 0.0541931 -0.120729 -0.0727681
9.05 2.2756 0.399279 -0.103693 -0.077704
9.06 2.06042 0.0603354 -0.1097 -0.0799062
9.07 2.10826 0.506381 -0.107799 -0.0803533
9.08 2.06359 0.294621 -0.113079 -0.0746408
9.09 2.14325 0.713152 -0.105613 -0.0793569
9.1 2.01376 0.417365 -0.121411 -0.0790685
9.11 2.03501 0.752284 -0.113798 -0.0779401
9.12 2.12394 0.351306 -0.11585 -0.0745982
9.13 2.13042 0.525949 -0.112638 -0.0803028
9.14 2.08443 0.508102 -0.117218 -0.0702114
9.15 1.82927 0.90083 -0.138343 -0.0674884
9.16 1.65221 0.637445 -0.129999 -0.0684796
9.17 1.63272 0.887596 -0.155307 -0.0643276
9.18 1.60564 0.595837 -0.151336 -0.0620589
9.19 1.71978 0.973747 -0.150293 -0.0588827
9.2 1.65456 0.659383 -0.150155 -0.0474108
9.21 1.84648 0.644664 -0.134782 -0.0551911
9.22 1.94586 0.293824 -0.134769 -0.0551986
9.23 2.03872 0.754563 -0.125098 -0.0569759
9.24 1.87928 0.517827 -0.140571 -0.0540849
9.25 1.96347 0.670735 -0.138138 -0.061584
9.26 1.87465 0.342132 -0.140856 -0.0580891
9.27 1.97001 0.752572 -0.131447 -0.0670615
9.28 1.89333 0.525722 -0.137035 -0.0692815
9.29 2.01299 0.755453 -0.129934 -0.0754973
9.3 2.06046 0.467009 -0.131868 -0.0917949
9.31 2.04286 0.754315 -0.123696 -0.0965118
9.32 2.06375 0.412802 -0.130526 -0.101017
9.33 2.16017 0.815814 -0.12335 -0.103723
9.34 2.22879 0.303829 -0.126197 -0.0996017
9.35 2.13966 0.815352 -0.11728 -0.113735
9.36 2.28484 0.598208 -0.122066 -0.113558
9.37 2.17203 0.783474 -0.134749 -0.101584
9.38 2.10766 0.639962 -0.120122 -0.108425
9.39 2.21445 0.77559 -0.13893 -0.117454
9.4 2.20018 0.678272 -0.117061 -0.109656
9.41 2.11263 0.81027 -0.144985 -0.108524
9.42 2.05487 0.592733 -0.134568 -0.105376
9.43 2.04335 0.872934 -0.145161 -0.105036
9.44 1.95889 0.551794 -0.141108 -0.0977302
9.45 1.95109 0.951038 -0.14774 -0.0927279
9.46 2.04739 0.570947 -0.140398 -0.0881559
9.47 2.22158 1.00663 -0.145392 -0.0844938
9.48 2.11553 0.640938 -0.14144 -0.0810053
9.49 2.19394 0.852606 -0.153109 -0.077466
9.5 2.03867 0.800452 -0.141666 -0.0749771
9.51 2.15662 0.976349 -0.155059 -0.0706052
9.52 2.05297 0.601641 -0.145705 -0.0717965
9.53 2.24299 1.13359 -0.165769 -0.0771948
9.54 2.11111 0.742696 -0.145884 -0.0767503
9.55 2.12156 1.16532 -0.165058 -0.0796169
9.56 2.11319 0.976802 -0.150236 -0.081092
9.57 2.16026 1.1067 -0.159786 -0.0809381
9.58 2.29431 0.769784 -0.141971 -0.0831572
9.59 2.24441 0.947077 -0.149189 -0.0871117
9.6 2.4437 0.775282 -0.13832 -0.0908148
9.61 2.18969 0.959937 -0.151039 -0.100063
9.62 2.21698 0.933853 -0.148566 -0.0946583
9.63 2.12748 1.2026 -0.15939 -0.0997653
9.64 2.07282 1.15604 -0.157943 -0.0947664
9.65 2.17279 1.26402 -0.169952 -0.0976176
9.66 2.21219 0.88515 -0.163071 -0.0917387
9.67 2.26678 1.19878 -0.14988 -0.0923429
9.68 2.50152 0.770623 -0.145182 -0.0849276
9.69 2.511 1.06696 -0.141115 -0.0846563
9.7 2.48914 0.686512 -0.146752 -0.0799629
9.71 2.58858 0.982862 -0.138437 -0.0806524
9.72 2.49646 0.731774 -0.143102 -0.0757126
9.73 2.46334 1.13735 -0.145047 -0.0773934
9.74 2.42268 0.811327 -0.154786 -0.0730298
9.75 2.29888 1.08435 -0.153179 -0.0747912
9.76 2.41408 0.922206 -0.160251 -0.0733356
9.77 2.43225 1.15682 -0.150815 -0.0765313
9.78 2.62997 0.753217 -0.145345 -0.0749799
9.79 2.54388 0.844303 -0.141688 -0.0744134
9.8 2.76206 0.731733 -0.131146 -0.0768308
9.81 2.55653 0.943062 -0.145984 -0.0818726
9.82 2.54851 0.88941 -0.131608 -0.0807112
9.83 2.57974 0.9835 -0.152399 -0.0805459
9.84 2.43966 0.911301 -0.14609 -0.078875
9.85 2.49608 1.09188 -0.14933 -0.0816917
9.86 2.41552 0.85024 -0.149049 -0.0818425
9.87 2.61829 1.04803 -0.1488 -0.0860071
9.88 2.56386 0.765071 -0.146343 -0.0884102
9.89 2.66879 1.1275 -0.144709 -0.0831102
9.9 2.48434 0.829049 -0.154422 -0.0832396
9.91 2.70854 1.19965 -0.154514 -0.0847532
9.92 2.55434 0.852073 -0.150451 -0.0812336
9.93 2.64561 1.27641 -0.156375 -0.0833786
9.94 2.53845 0.99885 -0.153071 -0.0827534
9.95 2.59507 1.31116 -0.163039 -0.0849656
9.96 2.53986 1.1206 -0.158934 -0.0876866
9.97 2.52578 1.51186 -0.17058 -0.0868111
9.98 2.4727 1.18645 -0.161621 -0.0917557
9.99 2.48352 1.38545 -0.180823 -0.0948205
10 2.4751 1.17613 -0.166822 -0.0975941
10.01 2.42642 1.63519 -0.185158 -0.10043
10.02 2.30911 1.33559 -0.180965 -0.101436
10.03 2.43015 1.69373 -0.18737 -0.109162
10.04 2.36137 1.50925 -0.183 -0.108473
10.05 2.44048 1.96856 -0.180919 -0.111489
10.06 2.45374 1.48852 -0.183529 -0.110627
10.07 2.46881 1.88722 -0.186984 -0.116535
10.08 2.39703 1.71224 -0.174948 -0.110393
10.09 2.3534 2.09183 -0.197264 -0.105313
10.1 2.23578 1.75392 -0.206827 -0.1076
10.11 2.22974 2.34532 -0.197395 -0.108765
10.12 2.16303 1.86388 -0.210106 -0.0977544
10.13 2.02647 2.3738 -0.216403 -0.102646
10.14 2.00443 2.1376 -0.21777 -0.0897829
10.15 1.78478 2.51692 -0.233767 -0.0947032
10.16 1.92365 2.2169 -0.228366 -0.0866925
10.17 1.84497 2.56815 -0.242187 -0.0875565
10.18 1.86936 2.3795 -0.233172 -0.0793784
10.19 1.85679 2.81552 -0.239489 -0.0844177
10.2 2.08581 2.56492 -0.231938 -0.0810932
10.21 1.94191 3.08528 -0.239492 -0.0901596
10.22 1.98238 2.69163 -0.244138 -0.0825203
10.23 1.75311 3.35558 -0.265598 -0.0842222
10.24 1.66075 3.00683 -0.260996 -0.0815561
10.25 1.59914 3.5786 -0.281384 -0.0838571
10.26 1.52892 2.97603 -0.274145 -0.077647
10.27 1.34298 3.8298 -0.293311 -0.0871958
10.28 1.31796 3.32189 -0.284011 -0.0805147
10.29 1.46325 3.85588 -0.296249 -0.0838715
10.3 1.38501 3.54995 -0.298155 -0.0782174
10.31 1.34539 3.98146 -0.293021 -0.0853783
10.32 1.4446 3.4565 -0.294833 -0.0787698
10.33 1.45523 4.01922 -0.297249 -0.0858198
10.34 1.42541 3.6674 -0.283212 -0.0752363
10.35 1.36407 4.02962 -0.302694 -0.0802262
10.36 1.28997 3.64917 -0.297498 -0.0750578
10.37 1.24886 4.42241 -0.303283 -0.0789115
10.38 1.24872 3.75902 -0.313222 -0.0664442
10.39 1.15027 4.36039 -0.308577 -0.0717417
10.4 1.16386 3.36497 -0.315201 -0.0574459
10.41 1.23721 4.16275 -0.310339 -0.068228
10.42 1.25156 3.67276 -0.320317 -0.0522192
10.43 1.0707 4.534 -0.317937 -0.0677614
10.44 1.21789 3.76513 -0.328415 -0.0525133
10.45 1.2775 4.22786 -0.316745 -0.0631778
10.46 1.25577 3.89115 -0.319623 -0.0546191
10.47 1.32774 4.08227 -0.31999 -0.0616489
10.48 1.51116 3.44062 -0.306459 -0.0578193
10.49 1.44026 4.07812 -0.318173 -0.0642898
10.5 1.46569 3.56492 -0.297462 -0.0602368
10.51 1.46296 4.1865 -0.316302 -0.0663322
10.52 1.38134 3.63081 -0.310574 -0.0545485
10.53 1.51417 4.51419 -0.304676 -0.0698951
10.54 1.35776 3.42727 -0.312911 -0.0538617
10.55 1.39631 4.35161 -0.313212 -0.0665509
10.56 1.41064 3.68327 -0.328706 -0.0570058
10.57 1.27881 4.38426 -0.322497 -0.068521
10.58 1.30315 3.65439 -0.336542 -0.0518546
10.59 1.36573 4.23779 -0.329591 -0.0678705
10.6 1.40108 3.42592 -0.331261 -0.0551193
10.61 1.40384 4.39989 -0.324606 -0.0707364
10.62 1.49739 3.26533 -0.332559 -0.0519737
10.63 1.44671 4.33573 -0.325873 -0.0657574
10.64 1.44487 3.32001 -0.334006 -0.052706
10.65 1.53014 4.34119 -0.334654 -0.063686
10.66 1.40794 3.50956 -0.33189 -0.0504454
10.67 1.44454 4.53177 -0.340532 -0.0608979
10.68 1.45168 3.44645 -0.330088 -0.0446781
10.69 1.6342 4.29887 -0.342754 -0.0574892
10.7 1.61917 3.25487 -0.32504 -0.0382855
10.71 1.61195 4.39552 -0.337804 -0.0548949
10.72 1.72712 3.14528 -0.319919 -0.0376705
10.73 1.72622 4.19232 -0.333163 -0.0552127
10.74 1.68665 3.32009 -0.321878 -0.044213
10.75 1.66072 4.31037 -0.3433 -0.05206
10.76 1.61825 3.42048 -0.338031 -0.0410173
10.77 1.48705 4.53149 -0.360754 -0.053323
10.78 1.46135 3.57561 -0.349022 -0.0369424
10.79 1.37877 4.71091 -0.371956 -0.0568514
10.8 1.34162 3.77691 -0.365775 -0.0387036
10.81 1.28464 4.74673 -0.378999 -0.0571046
10.82 1.42526 3.73818 -0.372629 -0.0404625
10.83 1.35827 4.79292 -0.373394 -0.0626501
10.84 1.4282 3.64355 -0.378404 -0.0413537
10.85 1.53239 4.75025 -0.370203 -0.0661791
10.86 1.61642 3.36909 -0.360143 -0.0489781
10.87 1.70806 4.66608 -0.355523 -0.0715157
10.88 1.70917 3.51938 -0.345762 -0.0578168
10.89 1.69156 4.56487 -0.365516 -0.0757656
10.9 1.74976 3.50252 -0.353655 -0.0570053
10.91 1.57451 4.76241 -0.369286 -0.0788844
10.92 1.62151 3.68318 -0.363216 -0.0592102
10.93 1.54031 4.73442 -0.372555 -0.0733957
10.94 1.58599 3.59388 -0.362304 -0.0567861
10.95 1.50635 4.71254 -0.378263 -0.0750472
10.96 1.54116 3.72138 -0.366511 -0.0578966
10.97 1.60447 4.79503 -0.376848 -0.070891
10.98 1.64158 3.83698 -0.364713 -0.0558181
10.99 1.67116 4.92322 -0.373788 -0.0717145
11 1.68123 3.56551 -0.365579 -0.0515101
11.01 1.70032 5.00936 -0.368408 -0.0750818
11.02 1.50531 3.75244 -0.384695 -0.050301
11.03 1.37741 5.20252 -0.385034 -0.080107
11.04 1.26043 4.10861 -0.404305 -0.0590089
11.05 1.09195 5.40057 -0.415779 -0.0736695
11.06 1.27962 4.42716 -0.413852 -0.0586768
11.07 1.33027 5.25043 -0.415681 -0.0760849
11.08 1.59974 4.13547 -0.3921 -0.0567328
11.09 1.64979 5.28239 -0.394731 -0.0805541
11.1 1.75457 4.15209 -0.383109 -0.058517
11.11 1.62799 5.33226 -0.392196 -0.0834455
11.12 1.58156 4.14579 -0.389529 -0.0617034
11.13 1.35976 5.43528 -0.417289 -0.0775986
11.14 1.14952 4.42551 -0.425166 -0.0601907
11.15 1.08887 6.02137 -0.447357 -0.0830416
11.16 0.961068 4.93911 -0.457877 -0.0548056
11.17 0.979541 6.23483 -0.461243 -0.0781093
11.18 1.06613 4.75366 -0.458971 -0.0554947
11.19 1.29825 5.97717 -0.44247 -0.0782379
11.2 1.37522 4.4776 -0.439632 -0.0551969
11.21 1.36125 5.92027 -0.43205 -0.0796152
11.22 1.38858 4.49815 -0.439887 -0.0551496
11.23 1.31638 5.93925 -0.432982 -0.0799925
11.24 1.38355 4.74296 -0.443516 -0.0540813
11.25 1.25193 5.89177 -0.443153 -0.0757243
11.26 1.35626 4.7318 -0.440699 -0.04988
11.27 1.3364 5.92855 -0.446009 -0.0765893
11.28 1.30868 4.82648 -0.447391 -0.0488827
11.29 1.14607 6.24674 -0.470868 -0.075237
11.3 1.05543 5.08566 -0.472594 -0.0492271
11.31 0.953024 6.36488 -0.487159 -0.0711207
11.32 1.10129 5.17239 -0.48355 -0.053748
11.33 1.05351 6.30611 -0.488174 -0.0741681
11.34 1.2169 4.99166 -0.483523 -0.0518926
11.35 1.29321 6.13251 -0.469144 -0.0783811
11.36 1.3833 4.84275 -0.471714 -0.0526347
11.37 1.46297 6.18747 -0.468049 -0.0797552
11.38 1.36009 4.86859 -0.481989 -0.0592985
11.39 1.29224 6.27983 -0.482267 -0.0904364
11.4 1.35546 4.99752 -0.490935 -0.0608126
11.41 1.26735 6.41054 -0.486724 -0.0902873
11.42 1.33147 5.04868 -0.490835 -0.0633176
11.43 1.30216 6.32228 -0.485469 -0.0878901
11.44 1.43598 4.90884 -0.483761 -0.0589187
11.45 1.39398 6.21732 -0.485557 -0.0851116
11.46 1.40006 5.00119 -0.487341 -0.0592181
11.47 1.28177 6.34482 -0.499901 -0.0869666
11.48 1.33303 5.05621 -0.497699 -0.0603841
11.49 1.32613 6.44473 -0.505726 -0.0839664
11.5 1.40327 5.012 -0.500783 -0.0545622
11.51 1.43224 6.35186 -0.501956 -0.0845781
11.52 1.32738 5.01126 -0.510857 -0.055314
11.53 1.13999 6.33311 -0.517781 -0.0838892
11.54 1.05717 5.42383 -0.543904 -0.0537339
11.55 0.83518 6.99516 -0.555173 -0.0778244
11.56 0.770824 5.75822 -0.569233 -0.0531699
11.57 0.88343 6.81667 -0.563391 -0.0742402
11.58 1.16922 5.34294 -0.542822 -0.0577075
11.59 1.26737 6.54675 -0.54279 -0.0811059
11.6 1.34394 5.08157 -0.531782 -0.0593117
11.61 1.35249 6.22855 -0.535326 -0.0823025
11.62 1.48047 5.21726 -0.525167 -0.0563884
11.63 1.38009 6.41573 -0.531917 -0.0813758
11.64 1.26797 5.31176 -0.537807 -0.0544426
11.65 1.34464 6.46799 -0.546746 -0.083757
11.66 1.39758 5.28129 -0.527625 -0.0617194
11.67 1.36388 6.40943 -0.539313 -0.0855597
11.68 1.32325 5.24033 -0.532853 -0.0638517
11.69 1.38784 6.52771 -0.542905 -0.082098
11.7 1.39416 5.17462 -0.530165 -0.0593635
11.71 1.55411 6.42714 -0.529931 -0.08702
11.72 1.59784 4.95889 -0.528403 -0.0668597
11.73 1.71193 6.28932 -0.524775 -0.0919078
11.74 1.71038 5.01366 -0.528738 -0.0677509
11.75 1.68343 6.23196 -0.525855 -0.0919819
11.76 1.63434 4.87901 -0.530091 -0.0691394
11.77 1.66306 6.03809 -0.534382 -0.0963737
11.78 1.60946 5.09544 -0.542949 -0.0735089
11.79 1.373 6.20925 -0.560256 -0.0937398
11.8 1.38044 5.04742 -0.563411 -0.0686742
11.81 1.29902 6.4195 -0.57469 -0.0909543
11.82 1.37544 5.48084 -0.57623 -0.0665584
11.83 1.32552 6.53132 -0.578999 -0.0920541
11.84 1.5308 5.2413 -0.572941 -0.0672462
11.85 1.60849 6.3143 -0.560339 -0.0899712
11.86 1.67092 5.0366 -0.56076 -0.0680096
11.87 1.66287 6.26374 -0.553267 -0.0875532
11.88 1.70523 5.04899 -0.559092 -0.0613041
11.89 1.68732 6.30403 -0.561075 -0.0862841
11.9 1.57492 5.12477 -0.566531 -0.0598359
11.91 1.52222 6.49843 -0.576027 -0.0808942
11.92 1.3871 5.27878 -0.585104 -0.0561788
11.93 1.52459 6.51727 -0.583106 -0.0808743
11.94 1.56696 5.3305 -0.576228 -0.0592476
11.95 1.57596 6.61292 -0.577993 -0.0791793
11.96 1.534 5.25528 -0.577626 -0.0592693
11.97 1.70279 6.38496 -0.580406 -0.0832223
11.98 1.64841 5.12559 -0.570983 -0.0599242
11.99 1.73828 6.29941 -0.585756 -0.0795265
12 1.66003 5.01866 -0.573385 -0.0574905
12.01 1.73681 6.35313 -0.592084 -0.0810941
12.02 1.70533 5.26048 -0.583986 -0.0584997
12.03 1.74695 6.37594 -0.592559 -0.0789685
12.04 1.848 4.98407 -0.574823 -0.0576359
12.05 1.98323 6.1041 -0.569211 -0.0757113
12.06 2.08606 4.99257 -0.564567 -0.0540597
12.07 1.99385 5.98518 -0.569336 -0.0800463
12.08 1.97733 4.82249 -0.574234 -0.0553594
12.09 1.91144 6.10195 -0.579438 -0.076913
12.1 1.83565 5.32716 -0.587966 -0.0535115
12.11 1.82503 6.22999 -0.59184 -0.0783644
12.12 2.00988 5.0729 -0.590336 -0.0517325
12.13 2.10205 6.12381 -0.575407 -0.0761967
12.14 2.26374 4.88199 -0.572298 -0.0551369
12.15 2.30287 5.93803 -0.569786 -0.0773768
12.16 2.34371 4.6384 -0.565083 -0.056681
12.17 2.47293 5.71821 -0.563204 -0.0760496
12.18 2.3848 4.59157 -0.562584 -0.0513144
12.19 2.30277 5.79199 -0.577989 -0.0762144
12.2 2.3077 4.72125 -0.578349 -0.0523169
12.21 2.2787 5.98615 -0.584637 -0.0717693
12.22 2.18409 4.8201 -0.5907 -0.0491202
12.23 2.21975 5.98965 -0.59361 -0.0708178
12.24 2.26082 4.99439 -0.592669 -0.0464841
12.25 2.29824 5.78871 -0.586267 -0.0694241
12.26 2.37677 4.66174 -0.586438 -0.0460603
12.27 2.32809 5.9201 -0.582344 -0.0693146
12.28 2.32132 4.88861 -0.591064 -0.044519
12.29 2.23071 5.96356 -0.594231 -0.0658349
12.3 2.25319 4.98155 -0.604072 -0.0443262
12.31 2.2543 6.20921 -0.604775 -0.0748244
12.32 2.35671 4.9483 -0.604656 -0.0431841
12.33 2.34105 5.90032 -0.596398 -0.070566
12.34 2.52692 4.66032 -0.594532 -0.0486442
12.35 2.52252 5.82505 -0.587142 -0.0716292
12.36 2.59158 4.79005 -0.596737 -0.0489815
12.37 2.54957 5.75607 -0.593959 -0.0687707
12.38 2.5589 4.58596 -0.600101 -0.0482973
12.39 2.45515 5.84435 -0.603437 -0.0711229
12.4 2.46491 4.92483 -0.612538 -0.0458442
12.41 2.26624 6.00368 -0.620954 -0.0645138
12.42 2.29798 4.96932 -0.631312 -0.0414359
12.43 2.21585 6.08344 -0.639538 -0.0622465
12.44 2.19972 5.0127 -0.639699 -0.0379226
12.45 2.17761 5.94155 -0.645119 -0.058554
12.46 2.28194 4.95568 -0.63946 -0.0392735
12.47 2.3541 5.99408 -0.639431 -0.0615934
12.48 2.43167 4.91018 -0.635875 -0.0348178
12.49 2.3725 5.81472 -0.637988 -0.0583623
12.5 2.47171 4.81304 -0.638556 -0.038238
12.51 2.48772 5.9828 -0.636958 -0.0591097
12.52 2.45766 4.83172 -0.645083 -0.0385585
12.53 2.38687 5.8923 -0.652318 -0.0581603
12.54 2.41791 5.04004 -0.65511 -0.0370194
12.55 2.24151 6.19191 -0.666267 -0.0568846
12.56 2.17657 5.1748 -0.678877 -0.0340971
12.57 2.19207 6.2947 -0.677679 -0.0517101
12.58 2.38132 5.1037 -0.671295 -0.0331156
12.59 2.62718 6.04335 -0.658318 -0.058649
12.6 2.70675 4.9307 -0.654609 -0.0374318
12.61 2.73835 5.92462 -0.658711 -0.0630865
12.62 2.72284 4.78165 -0.661018 -0.0480953
12.63 2.64457 5.97262 -0.668588 -0.0671616
12.64 2.45968 5.03409 -0.68129 -0.0412726
12.65 2.28237 6.20452 -0.689697 -0.0611643
12.66 2.21505 5.07582 -0.699915 -0.0384455
12.67 2.23033 6.29689 -0.703925 -0.0622154
12.68 2.1188 5.5103 -0.718219 -0.0349686
12.69 1.94205 6.62559 -0.727611 -0.0544521
12.7 2.11584 5.314 -0.726354 -0.0308913
12.71 2.40573 6.31045 -0.710431 -0.0563811
12.72 2.59337 5.17929 -0.703251 -0.0356764
12.73 2.59853 6.07381 -0.702688 -0.0542547
12.74 2.58297 4.99133 -0.697162 -0.036261
12.75 2.60014 6.16594 -0.711096 -0.0549818
12.76 2.42724 5.23583 -0.716582 -0.0346073
12.77 2.29888 6.37375 -0.742311 -0.0527893
12.78 2.24542 5.36664 -0.739001 -0.0342954
12.79 2.23578 6.28843 -0.748539 -0.048589
12.8 2.30647 5.38577 -0.740033 -0.0343114
12.81 2.29556 6.33979 -0.749232 -0.0515358
12.82 2.33878 5.39102 -0.747013 -0.0321972
12.83 2.36856 6.4067 -0.749252 -0.0561457
12.84 2.51816 5.4733 -0.745244 -0.0393786
12.85 2.47198 6.31138 -0.746236 -0.0583805
12.86 2.49045 5.17308 -0.751157 -0.0412833
12.87 2.49432 6.25995 -0.748766 -0.0563261
12.88 2.47965 5.20105 -0.759152 -0.0361607
12.89 2.3263 6.58459 -0.773023 -0.0516454
12.9 2.20362 5.62669 -0.78297 -0.0262771
12.91 2.1896 6.46651 -0.793098 -0.0452571
12.92 2.41278 5.46197 -0.779921 -0.0265685
12.93 2.53745 6.28484 -0.780657 -0.044482
12.94 2.49644 5.20092 -0.775989 -0.0273233
12.95 2.43988 6.31969 -0.786811 -0.0456221
12.96 2.37505 5.5009 -0.80014 -0.0264468
12.97 2.14611 6.84283 -0.817501 -0.0443753
12.98 2.14239 5.82574 -0.825386 -0.0216504
12.99 2.19301 6.73529 -0.824647 -0.0427804
13 2.40484 5.55845 -0.812111 -0.0267099
13.01 2.62157 6.51798 -0.80658 -0.0416396
13.02 2.72462 5.31853 -0.784925 -0.0268543
13.03 2.71324 6.22697 -0.79197 -0.048714
13.04 2.76217 5.36677 -0.789686 -0.031443
13.05 2.60839 6.4701 -0.803326 -0.0475597
13.06 2.50775 5.52745 -0.810495 -0.0347775
13.07 2.38997 6.61942 -0.826644 -0.0471574
13.08 2.29098 5.70934 -0.834539 -0.0263862
13.09 2.15137 6.75861 -0.846102 -0.0412878
13.1 2.30736 5.76857 -0.844727 -0.0246213
13.11 2.44027 6.59371 -0.837823 -0.0413015
13.12 2.46035 5.40338 -0.838342 -0.0217323
13.13 2.60825 6.52076 -0.836453 -0.0415346
13.14 2.54537 5.28156 -0.834872 -0.0173126
13.15 2.51348 6.56563 -0.851319 -0.0371222
13.16 2.40023 5.56472 -0.857293 -0.0151717
13.17 2.23581 6.90151 -0.877698 -0.0361031
13.18 2.1419 5.72723 -0.884534 -0.0075529
13.19 2.2172 6.88365 -0.893264 -0.0263426
13.2 2.28529 5.90559 -0.886542 -0.0129621
13.21 2.44281 6.8455 -0.886419 -0.0282459
13.22 2.48383 5.53981 -0.880574 -0.0109313
13.23 2.57099 6.57572 -0.881469 -0.0344612
13.24 2.63792 5.65832 -0.875831 -0.0184868
13.25 2.55384 6.64743 -0.883661 -0.0364523
13.26 2.5029 5.59101 -0.891516 -0.0145961
13.27 2.5203 6.7431 -0.895029 -0.0350262
13.28 2.47846 5.53591 -0.901945 -0.014522
13.29 2.49472 6.96959 -0.91124 -0.0338992
13.3 2.40566 5.68839 -0.905409 -0.0122586
13.31 2.54142 6.56874 -0.921439 -0.0300314
13.32 2.5366 5.72695 -0.91101 -0.0127075
13.33 2.47292 6.86969 -0.919747 -0.02843
13.34 2.44226 5.59156 -0.922127 -0.00592074
13.35 2.42259 6.84388 -0.932772 -0.0224595
13.36 2.33487 5.96616 -0.941427 -0.00459909
13.37 2.19392 7.09432 -0.959077 -0.017346
13.38 2.13109 5.92598 -0.966953 0.0043948
13.39 2.13135 7.04396 -0.973808 -0.0147637
13.4 2.25914 6.07461 -0.964775 0.00317591
13.41 2.31376 6.93874 -0.972026 -0.0225868
13.42 2.33195 5.73604 -0.972104 0.000355086
13.43 2.35651 6.92798 -0.978927 -0.0192474
13.44 2.39036 5.94212 -0.98343 0.000127198
13.45 2.39081 6.93698 -0.989187 -0.0149878
13.46 2.39955 5.81646 -0.988793 0.0021263
13.47 2.41538 7.02863 -0.995528 -0.0161264
13.48 2.44547 5.95621 -1.00058 0.006513
13.49 2.37724 7.14337 -1.01265 -0.0150759
13.5 2.33764 6.07265 -1.01591 0.00926646
13.51 2.32764 7.0995 -1.02535 -0.00871392
13.52 2.38791 5.8322 -1.02592 0.00950629
13.53 2.32942 7.25982 -1.02995 -0.0128087
13.54 2.43141 5.74114 -1.03662 0.00944866
13.55 2.3872 7.05006 -1.04048 -0.00622833
13.56 2.46788 5.82333 -1.04442 0.0132538
13.57 2.41211 7.11039 -1.0564 -0.00448116
13.58 2.44658 5.84537 -1.05679 0.0150087
13.59 2.44628 6.9258 -1.05969 -0.00421145
13.6 2.5633 5.7644 -1.06513 0.0203804
13.61 2.36209 7.10304 -1.07653 0.00109559
13.62 2.27065 5.99441 -1.08806 0.0246867
13.63 2.27127 7.13398 -1.10428 0.00681753
13.64 2.23985 6.03556 -1.10591 0.0256937
13.65 2.18428 7.33925 -1.11274 0.0071086
13.66 2.26096 5.78697 -1.1187 0.0314096
13.67 2.23093 7.08063 -1.12145 0.00729529
13.68 2.25835 5.72151 -1.12385 0.0360133
13.69 2.2384 7.30554 -1.14455 0.00675468
13.7 2.07509 6.26893 -1.16217 0.0292172
13.71 2.02718 7.30554 -1.17378 0.00621315
13.72 2.27282 6.14863 -1.17407 0.0324014
13.73 2.48196 7.20323 -1.16498 0.00871282
13.74 2.6412 5.67014 -1.15561 0.0333649
13.75 2.6922 6.91313 -1.15178 0.0116247
13.76 2.75914 5.46842 -1.15752 0.0339295
13.77 2.60452 6.72836 -1.17333 0.0116314
13.78 2.33741 5.73658 -1.19586 0.0392969
13.79 2.16398 7.31746 -1.22124 0.0198189
13.8 1.98862 6.11538 -1.23997 0.0433917
13.81 2.02511 7.55198 -1.25707 0.0249026
13.82 2.17174 6.03596 -1.24684 0.0487338
13.83 2.44194 7.32988 -1.24223 0.0231051
13.84 2.66202 5.55911 -1.22689 0.0499746
13.85 2.67341 6.43748 -1.23597 0.0318212
13.86 2.71733 5.42196 -1.23674 0.0553337
13.87 2.48546 7.05607 -1.26796 0.0347031
13.88 2.02659 6.25274 -1.29687 0.054214
13.89 1.78744 7.74613 -1.34235 0.036957
13.9 1.83244 6.49708 -1.35073 0.064885
13.91 2.01179 7.64569 -1.34413 0.0413245
13.92 2.3303 6.09561 -1.33101 0.0662266
13.93 2.69254 7.1261 -1.31127 0.0385777
13.94 2.96882 5.20584 -1.29361 0.0644334
13.95 2.97676 6.85175 -1.30132 0.0394026
13.96 2.71464 5.81985 -1.31993 0.0649024
13.97 2.28791 7.32691 -1.35718 0.046874
13.98 1.99309 6.07732 -1.38538 0.0756026
13.99 2.00897 7.68301 -1.4024 0.0480284
14 1.96325 6.21173 -1.39837 0.0771037
14.01 2.14699 7.47651 -1.40723 0.055813
14.02 2.13725 6.03255 -1.40427 0.0790032
14.03 2.15303 7.3319 -1.41207 0.0573956
14.04 2.15796 6.05713 -1.41274 0.0815505
14.05 2.1509 7.23042 -1.42411 0.0624258
14.06 2.05852 5.80853 -1.43935 0.0874333
14.07 2.17457 7.59532 -1.45233 0.0674753
14.08 2.26116 6.06123 -1.45544 0.0913626
14.09 2.52168 7.24943 -1.44859 0.069425
14.1 2.95925 5.6666 -1.42641 0.0857772
14.11 3.34674 6.83027 -1.4117 0.0595135
14.12 3.3634 5.28805 -1.40255 0.090564
14.13 3.1804 6.69007 -1.41801 0.0653895
14.14 2.95031 5.30197 -1.43108 0.0901084
14.15 2.88151 7.04833 -1.45633 0.068626
14.16 2.70858 5.87869 -1.46678 0.100603
14.17 2.65332 7.17386 -1.48031 0.0769506
14.18 2.75623 5.66639 -1.47854 0.105879
14.19 2.92468 7.00458 -1.46142 0.0744594
14.2 3.17984 5.62252 -1.44404 0.0999933
14.21 3.18235 6.83857 -1.44454 0.0736743
14.22 3.15858 5.27087 -1.44477 0.10134
14.23 2.99515 7.02459 -1.45694 0.0748615
14.24 2.8592 5.58798 -1.46262 0.103191
14.25 2.6347 7.15453 -1.47939 0.0761508
14.26 2.43799 5.6858 -1.49033 0.107453
14.27 2.47831 7.43554 -1.49966 0.0774002
14.28 2.47304 5.83641 -1.50214 0.107664
14.29 2.56199 7.39931 -1.50825 0.0770134
14.3 2.57466 5.47805 -1.50361 0.114059
14.31 2.7306 7.25834 -1.50426 0.0805066
14.32 2.82694 5.58416 -1.50224 0.109314
14.33 2.68732 7.08319 -1.51312 0.0859173
14.34 2.54702 5.37404 -1.52184 0.117436
14.35 2.45589 7.04499 -1.54255 0.0853205
14.36 2.39149 5.77499 -1.55217 0.123012
14.37 2.2879 7.46938 -1.56842 0.0939132
14.38 2.38086 5.30279 -1.57098 0.127759
14.39 2.65481 7.1129 -1.57009 0.0996417
14.4 2.68799 5.29858 -1.56906 0.122916
14.41 2.75517 6.87771 -1.58076 0.101531
14.42 2.73595 5.47438 -1.58858 0.126442
14.43 2.68554 7.2293 -1.60111 0.100289
14.44 2.63515 5.43255 -1.60823 0.13373
14.45 2.84944 7.07627 -1.61321 0.106374
14.46 2.98242 5.19641 -1.59878 0.13494
14.47 3.08994 6.83817 -1.60576 0.107237
14.48 2.99179 5.12806 -1.60405 0.137835
14.49 3.05082 6.79202 -1.61405 0.112323
14.5 3.03934 5.07903 -1.61689 0.140722
14.51 2.95247 6.95677 -1.63153 0.110493
14.52 2.83597 5.08418 -1.63424 0.144311
14.53 2.8957 7.00108 -1.64931 0.114407
14.54 2.89751 5.21553 -1.64941 0.14405
14.55 2.85575 6.83565 -1.65546 0.115156
14.56 3.04 5.3689 -1.66187 0.144954
14.57 2.92528 6.88109 -1.65922 0.118957
14.58 2.82157 4.97066 -1.66327 0.15237
14.59 2.87198 6.90415 -1.6808 0.1204
14.6 2.69372 5.46735 -1.69425 0.158532
14.61 2.47399 7.40247 -1.72389 0.129336
14.62 2.50263 5.66484 -1.72886 0.164841
14.63 2.77961 6.88384 -1.72593 0.138344
14.64 2.88984 5.40938 -1.70822 0.165173
14.65 3.01607 6.82488 -1.70578 0.135499
14.66 2.91291 4.85688 -1.70867 0.168023
14.67 2.83348 6.72989 -1.71919 0.134792
14.68 2.77861 5.24744 -1.73006 0.167732
14.69 2.56773 6.76096 -1.74611 0.142291
14.7 2.53648 5.4066 -1.76105 0.173635
14.71 2.50746 6.87995 -1.77629 0.145502
14.72 2.55666 5.28814 -1.7774 0.179076
14.73 2.65725 7.09874 -1.7853 0.151552
14.74 2.65008 5.2777 -1.7868 0.182431
14.75 2.67784 6.83939 -1.80238 0.150946
14.76 2.6794 5.38902 -1.80025 0.180873
14.77 2.71164 6.82275 -1.81758 0.16148
14.78 2.60764 5.15643 -1.82648 0.185456
14.79 2.58884 6.931 -1.83872 0.15928
14.8 2.61273 5.11795 -1.84187 0.193924
14.81 2.5708 6.90864 -1.85558 0.166473
14.82 2.77666 5.07566 -1.85932 0.199303
14.83 2.74622 6.68984 -1.87174 0.177165
14.84 2.8812 4.85396 -1.87029 0.209167
14.85 2.87893 6.85891 -1.88985 0.176453
14.86 2.71677 4.98625 -1.88752 0.20988
14.87 2.75464 6.93704 -1.90411 0.178369
14.88 2.79703 5.05533 -1.90744 0.216687
14.89 2.79294 6.97105 -1.91754 0.175884
14.9 2.82788 5.00097 -1.91096 0.216672
14.91 2.88924 6.78182 -1.9148 0.184071
14.92 2.7986 4.8169 -1.91788 0.218277
14.93 2.77861 6.6749 -1.92766 0.186673
14.94 2.66794 4.91798 -1.93342 0.223191
14.95 2.58084 6.78176 -1.94174 0.18529
14.96 2.62194 4.97209 -1.94846 0.222033
14.97 2.72534 6.74797 -1.95594 0.185644
14.98 2.69123 4.94297 -1.95952 0.225393
14.99 2.67798 6.86154 -1.96652 0.186643
15 2.6795 4.98828 -1.97672 0.218812
15.01 2.65452 6.79308 -1.9798 0.189675
15.02 2.5343 4.99926 -1.99933 0.224893
15.03 2.51569 7.13423 -2.00862 0.192341
15.04 2.37127 5.14447 -2.02281 0.232848
15.05 2.26917 7.18238 -2.04176 0.198132
15.06 2.11198 5.22089 -2.05517 0.244149
15.07 2.17335 7.10741 -2.07533 0.207503
15.08 2.39193 5.0547 -2.07355 0.241413
15.09 2.66698 6.75014 -2.06734 0.211873
15.1 2.99281 4.59777 -2.05864 0.242597
15.11 3.26218 6.21423 -2.05912 0.209751
15.12 3.20098 4.4274 -2.04614 0.249909
15.13 3.12419 6.3722 -2.06478 0.215078
15.14 2.88892 4.66486 -2.08248 0.247933
15.15 2.66694 6.69272 -2.1042 0.218756
15.16 2.61148 4.90783 -2.11564 0.259399
15.17 2.57592 7.00338 -2.12458 0.226296
15.18 2.59727 4.91156 -2.13063 0.260772
15.19 2.57361 7.07725 -2.12992 0.225628
15.2 2.53651 4.43937 -2.13141 0.267565
15.21 2.69425 7.04285 -2.14961 0.225534
15.22 2.55163 5.03882 -2.14808 0.269346
15.23 2.54664 6.99047 -2.15859 0.227786
15.24 2.70163 4.38763 -2.15298 0.267532
15.25 2.86369 6.75679 -2.15775 0.230711
15.26 2.86875 4.89663 -2.1649 0.269603
15.27 2.49625 6.87638 -2.185 0.235875
15.28 2.24911 4.84353 -2.2058 0.273969
15.29 2.31873 7.06807 -2.22289 0.238849
15.3 2.32727 4.89264 -2.22735 0.27867
15.31 2.22884 7.15308 -2.24074 0.244148
15.32 2.22949 5.03817 -2.24742 0.286968
15.33 2.2628 6.8248 -2.25431 0.246838
15.34 2.27399 5.10664 -2.26876 0.282087
15.35 2.0703 7.31993 -2.29011 0.25302
15.36 1.63499 5.60545 -2.31243 0.292835
15.37 1.41019 7.75275 -2.33685 0.258262
15.38 1.20838 6.26437 -2.3696 0.29816
15.39 0.965822 9.08226 -2.39256 0.263785
15.4 0.594938 6.92743 -2.41573 0.306935
15.41 0.312709 9.38195 -2.44529 0.267688
15.42 0.113506 7.69237 -2.45675 0.310635
15.43 -0.127109 10.1524 -2.48139 0.273868
15.44 -0.315113 8.06469 -2.48766 0.312609
15.45 -0.373192 9.98996 -2.49722 0.278145
15.46 -0.253045 8.15033 -2.50091 0.318161
15.47 -0.266884 10.2215 -2.50541 0.281626
15.48 -0.262718 8.21652 -2.50562 0.324074
15.49 -0.531013 10.599 -2.52594 0.285613
15.5 -0.79547 8.7104 -2.53479 0.331807
15.51 -1.03442 11.0148 -2.56306 0.291137
15.52 -1.3312 8.85196 -2.58398 0.329571
15.53 -1.51253 11.2284 -2.60669 0.287221
15.54 -1.57233 9.198 -2.61529 0.336056
15.55 -1.6722 11.3471 -2.63107 0.290934
15.56 -1.55185 9.1848 -2.63477 0.337841
15.57 -1.38678 11.0021 -2.64268 0.30354
15.58 -1.19563 8.69441 -2.64326 0.341447
15.59 -1.0726 10.5853 -2.65196 0.306426
15.6 -1.03542 8.36494 -2.65053 0.352848
15.61 -0.95181 10.3921 -2.66204 0.3116
15.62 -0.847828 8.30253 -2.67357 0.356928
15.63 -0.822817 10.3379 -2.68622 0.320849
15.64 -0.967036 8.42684 -2.69739 0.363976
15.65 -1.0128 10.3802 -2.7122 0.324071
15.66 -0.952765 8.41235 -2.7225 0.365309
15.67 -1.11878 10.7237 -2.72995 0.318608
15.68 -1.17598 8.38245 -2.74121 0.36006
15.69 -1.11814 10.5124 -2.75208 0.324388
15.7 -1.04224 8.32812 -2.75486 0.359552
15.71 -0.99815 10.3604 -2.75505 0.32162
15.72 -0.781538 7.97626 -2.75749 0.35823
15.73 -0.72438 10.2476 -2.76424 0.318523
15.74 -0.54002 7.58028 -2.76414 0.36284
15.75 -0.478007 10.0297 -2.77031 0.319042
15.76 -0.374869 7.50712 -2.7709 0.372367
15.77 -0.46097 9.91434 -2.78198 0.32617
15.78 -0.4997 7.52992 -2.79014 0.374306
15.79 -0.529302 9.82629 -2.79865 0.327959
15.8 -0.471216 7.57704 -2.80866 0.37821
15.81 -0.51219 9.80915 -2.81816 0.337661
15.82 -0.393901 7.44876 -2.81971 0.388235
15.83 -0.371456 9.67016 -2.82429 0.341735
15.84 -0.336345 7.10245 -2.82765 0.391309
15.85 -0.334841 9.46361 -2.84573 0.350035
15.86 -0.357419 7.4322 -2.85819 0.398004
15.87 -0.490876 9.77193 -2.88084 0.355565
15.88 -0.429499 7.35765 -2.89296 0.407395
15.89 -0.251093 9.58431 -2.88745 0.363263
15.9 0.033143 6.92186 -2.88734 0.410074
15.91 0.182463 9.52166 -2.87941 0.367459
15.92 0.0933127 6.61565 -2.88967 0.415225
15.93 0.0974484 9.3516 -2.89442 0.365821
15.94 0.0412686 6.63959 -2.91253 0.418321
15.95 -0.149636 9.51609 -2.93212 0.364593
15.96 -0.438155 6.98466 -2.94784 0.415301
15.97 -0.650049 9.45852 -2.9647 0.365863
15.98 -0.388627 7.23153 -2.97288 0.416866
15.99 -0.391287 9.56934 -2.97172 0.373411
16 -0.385442 6.97586 -2.98065 0.418415
16.01 -0.259943 9.75433 -2.98215 0.37147
16.02 -0.256066 6.72902 -2.98381 0.424856
16.03 -0.113268 9.30371 -2.99254 0.377312
16.04 -0.0475579 6.60316 -2.98761 0.435607
16.05 0.0121382 9.024 -2.99568 0.385886
16.06 0.0322597 6.62347 -3.00638 0.434826
16.07 -0.00686057 9.09836 -3.01763 0.394881
16.08 -0.0467782 6.4326 -3.02783 0.452033
16.09 -0.0894249 9.07893 -3.04668 0.393838
16.1 -0.0986483 6.37443 -3.05187 0.460176
16.11 -0.081967 9.03125 -3.06309 0.407743
16.12 -0.0522735 6.71212 -3.06984 0.460538
16.13 0.0827596 9.13629 -3.07032 0.412779
16.14 0.0429557 6.44717 -3.07795 0.467369
16.15 0.143909 8.90117 -3.08616 0.415521
16.16 0.124407 6.47703 -3.09801 0.472043
16.17 -0.0504051 9.06714 -3.10321 0.425587
16.18 -0.117862 6.3614 -3.11339 0.481049
16.19 -0.115371 9.05546 -3.13056 0.428287
16.2 -0.144475 6.46293 -3.13153 0.485023
16.21 -0.250358 9.02804 -3.14367 0.433902
16.22 -0.12321 6.55245 -3.14209 0.492736
16.23 -0.0469009 8.76818 -3.14643 0.443212
16.24 0.180921 6.14916 -3.14539 0.494306
16.25 0.358176 8.28763 -3.14366 0.442151
16.26 0.584085 5.87429 -3.13936 0.493757
16.27 0.526611 8.42482 -3.14199 0.445054
16.28 0.482779 5.70712 -3.15669 0.503848
16.29 0.445844 8.52447 -3.17383 0.44825
16.3 0.240825 5.96575 -3.18965 0.503962
16.31 0.122776 8.54693 -3.20887 0.451155
16.32 0.148033 6.00372 -3.21559 0.504176
16.33 0.282844 8.5923 -3.22133 0.454525
16.34 0.428802 5.64975 -3.21855 0.501163
16.35 0.636641 8.42573 -3.21216 0.452452
16.36 0.696299 5.37148 -3.21375 0.510828
16.37 0.696967 8.29691 -3.22341 0.441873
16.38 0.725123 5.32178 -3.22473 0.512979
16.39 0.552546 8.33792 -3.24077 0.454728
16.4 0.489828 5.43695 -3.25359 0.514662
16.41 0.404356 8.31037 -3.2601 0.459977
16.42 0.250207 5.82475 -3.27019 0.514021
16.43 0.317655 8.42991 -3.28078 0.462789
16.44 0.362755 5.77272 -3.28684 0.524444
16.45 0.272202 8.39248 -3.29802 0.472936
16.46 0.228078 5.53848 -3.29548 0.529072
16.47 0.401142 8.36342 -3.31075 0.475852
16.48 0.42066 5.51582 -3.31273 0.545755
16.49 0.394958 8.22306 -3.32891 0.490895
16.5 0.376003 5.54704 -3.34117 0.541779
16.51 0.287196 8.45994 -3.3508 0.498446
16.52 0.11425 5.68215 -3.37248 0.545185
16.53 0.136725 8.68978 -3.38436 0.502248
16.54 -0.0458545 5.99723 -3.40663 0.555339
16.55 -0.271405 8.70009 -3.42571 0.498564
16.56 -0.379859 6.30581 -3.44479 0.551858
16.57 -0.326669 8.87939 -3.45593 0.494299
16.58 -0.416982 6.33419 -3.46552 0.556662
16.59 -0.220485 8.87107 -3.48099 0.508599
16.6 -0.264095 6.18156 -3.48493 0.562818
16.61 0.0321125 8.79318 -3.48862 0.515148
16.62 -0.0127709 6.02839 -3.50757 0.568085
16.63 0.0403754 8.73496 -3.5134 0.522799
16.64 -0.0611121 5.70572 -3.52992 0.574246
16.65 -0.212392 8.97226 -3.53836 0.520697
16.66 -0.373044 5.94531 -3.55609 0.584426
16.67 -0.51472 8.90118 -3.57672 0.533251
16.68 -0.521435 6.40313 -3.58628 0.59008
16.69 -0.57335 9.02034 -3.6026 0.53682
16.7 -0.731469 6.41194 -3.6048 0.59618
16.71 -0.623102 9.32284 -3.6133 0.539286
16.72 -0.539249 6.25621 -3.61903 0.599798
16.73 -0.487067 9.18017 -3.62065 0.551308
16.74 -0.529466 6.20929 -3.62241 0.604431
16.75 -0.456715 8.88765 -3.63587 0.552822
16.76 -0.519362 6.08246 -3.65072 0.615343
16.77 -0.626157 8.95252 -3.65485 0.55812
16.78 -0.672604 5.98934 -3.66968 0.625169
16.79 -0.62817 9.008 -3.68963 0.566752
16.8 -0.762691 6.12775 -3.69895 0.629654
16.81 -0.725653 8.79503 -3.71861 0.571741
16.82 -0.668451 6.17434 -3.72275 0.633098
16.83 -0.503822 8.82803 -3.73047 0.578396
16.84 -0.472755 5.80748 -3.73764 0.634364
16.85 -0.17658 8.30352 -3.74923 0.584064
16.86 -0.139729 5.55323 -3.74664 0.63599
16.87 -0.04374 8.12666 -3.76579 0.577176
16.88 -0.0753546 5.4164 -3.76181 0.640976
16.89 -0.0751114 8.2153 -3.77815 0.58528
16.9 -0.0561667 5.50199 -3.79782 0.6357
16.91 -0.270528 8.40983 -3.80471 0.579422
16.92 -0.164946 5.44689 -3.80186 0.636599
16.93 -0.114993 8.22296 -3.81249 0.577538
16.94 0.00878157 5.36707 -3.80209 0.642315
16.95 0.00895904 8.22363 -3.80678 0.587172
16.96 0.0853161 5.37822 -3.81268 0.646995
16.97 0.147566 8.06601 -3.81816 0.590811
16.98 0.077667 5.19621 -3.82275 0.648231
16.99 0.0585568 8.04112 -3.83379 0.597276
17 -0.0368205 5.26254 -3.84211 0.653537
17.01 -0.0475466 8.25158 -3.84849 0.599726
17.02 -0.0336872 4.96822 -3.84873 0.665839
17.03 0.0467308 8.32051 -3.86424 0.605637
17.04 0.0386358 5.16965 -3.86291 0.672379
17.05 -0.0160453 8.06255 -3.87958 0.607539
17.06 -0.115593 5.15937 -3.88717 0.677168
17.07 -0.0658825 8.02721 -3.8959 0.618477
17.08 -0.0938077 5.15358 -3.91403 0.673392
17.09 -0.0388259 8.00952 -3.91776 0.618098
17.1 -0.0311763 5.16321 -3.92785 0.678062
17.11 -0.0397639 7.92104 -3.93568 0.619764
17.12 -0.044401 5.07546 -3.9383 0.680496
17.13 0.0081951 7.82158 -3.95159 0.625619
17.14 0.053405 5.1544 -3.95491 0.681881
17.15 0.040551 7.95661 -3.96875 0.627067
17.16 0.120132 5.02911 -3.97933 0.682701
17.17 0.051709 7.6955 -3.97977 0.626118
17.18 0.0478268 4.75157 -3.99244 0.683473
17.19 -0.0457068 8.16767 -4.012 0.61878
17.2 -0.0670035 5.17476 -4.0188 0.690377
17.21 -0.024981 7.99577 -4.03244 0.635992
17.22 0.0352491 4.86318 -4.02897 0.69138
17.23 0.301547 7.84523 -4.03415 0.631906
17.24 0.13694 4.80091 -4.03443 0.696725
17.25 0.0454761 7.71627 -4.05809 0.643412
17.26 -0.0466204 4.70864 -4.06085 0.707423
17.27 -0.0776342 7.71512 -4.08061 0.652848
17.28 -0.046668 4.7442 -4.09328 0.71557
17.29 -0.304892 7.80301 -4.10174 0.661119
17.3 -0.189354 4.73557 -4.11787 0.72122
17.31 -0.136156 7.56851 -4.12877 0.663014
17.32 -0.00823918 4.4699 -4.13665 0.726824
17.33 0.00776538 7.29606 -4.14915 0.675357
17.34 0.0984681 4.41427 -4.15844 0.735655
17.35 0.28714 7.23814 -4.16664 0.682319
17.36 0.128254 4.45567 -4.18852 0.736983
17.37 -0.0385574 7.3509 -4.19773 0.683636
17.38 0.00439751 4.60594 -4.21039 0.747835
17.39 -0.0583864 7.64289 -4.22405 0.690296
17.4 -0.0768448 4.62069 -4.22408 0.745838
17.41 0.0262535 7.47224 -4.23137 0.677151
17.42 0.0786228 4.75577 -4.23158 0.74719
17.43 0.22769 7.48985 -4.2328 0.685455
17.44 0.360303 4.11567 -4.23623 0.740237
17.45 0.482543 7.06231 -4.22897 0.693829
17.46 0.497968 4.27433 -4.23211 0.744485
17.47 0.608921 7.03172 -4.23657 0.685336
17.48 0.351795 4.28866 -4.24814 0.74217
17.49 0.30685 7.25037 -4.25703 0.69422
17.5 0.154077 4.37823 -4.27249 0.760996
17.51 -0.0732947 7.36154 -4.28175 0.705246
17.52 0.0248225 4.25377 -4.30263 0.764032
17.53 -0.119528 7.0684 -4.31387 0.706845
17.54 -0.229334 4.41507 -4.32571 0.771609
17.55 -0.178662 6.91901 -4.34531 0.716126
17.56 -0.205644 4.75199 -4.35787 0.771187
17.57 0.0649954 6.76594 -4.36177 0.72216
17.58 0.121398 3.89721 -4.37458 0.779502
17.59 0.267933 6.52742 -4.36821 0.722265
17.6 0.468236 3.73626 -4.38055 0.780482
17.61 0.465938 6.6134 -4.38413 0.727325
17.62 0.291527 3.80771 -4.39089 0.790345
17.63 0.455793 6.14093 -4.39183 0.742962
17.64 0.645987 3.4838 -4.39952 0.793215
17.65 0.782657 6.22672 -4.3919 0.736929
17.66 0.881945 3.17288 -4.38639 0.794806
17.67 1.21327 6.13367 -4.38824 0.734055
17.68 1.49956 2.69773 -4.3784 0.795229
17.69 1.62411 5.82187 -4.37678 0.743956
17.7 1.72443 2.64283 -4.37301 0.79421
17.71 1.70814 5.0554 -4.37319 0.740343
17.72 1.67999 2.63054 -4.39252 0.796495
17.73 1.61415 4.93074 -4.40658 0.741744
17.74 1.41382 2.30791 -4.42557 0.812919
17.75 1.32353 5.50534 -4.44719 0.751025
17.76 1.37007 2.58947 -4.4664 0.812176
17.77 1.28473 5.37081 -4.47991 0.767074
17.78 1.37425 2.40687 -4.48573 0.833501
17.79 1.47633 5.18718 -4.49482 0.766447
17.8 1.4117 2.36277 -4.49075 0.829273
17.81 1.53473 4.97556 -4.50253 0.772081
17.82 1.47314 2.31689 -4.50693 0.833882
17.83 1.3335 5.03287 -4.52312 0.773639
17.84 1.31037 2.58268 -4.53438 0.837283
17.85 1.28445 4.96595 -4.54367 0.778236
17.86 1.33069 2.20611 -4.554 0.834427
17.87 1.44086 4.75106 -4.5652 0.780993
17.88 1.60209 2.30687 -4.56271 0.83724
17.89 1.58528 4.96643 -4.5712 0.776464
17.9 1.66803 2.12554 -4.5719 0.829104
17.91 1.79701 4.71382 -4.58082 0.778621
17.92 1.73936 1.91223 -4.58572 0.833589
17.93 1.87033 5.09843 -4.60098 0.784497
17.94 1.81228 1.81496 -4.61157 0.849578
17.95 1.61135 4.70719 -4.62834 0.794564
17.96 1.61758 2.2895 -4.64594 0.85448
17.97 1.45743 4.71328 -4.65586 0.80743
17.98 1.38729 2.54715 -4.66797 0.863776
17.99 1.39521 4.55292 -4.68394 0.810375
18 1.26869 2.22925 -4.70041 0.871778
18.01 1.18997 4.93937 -4.71213 0.818536
18.02 1.14676 2.48693 -4.71826 0.870094
18.03 1.22872 4.34763 -4.7236 0.829447
18.04 1.44854 2.32803 -4.72541 0.872703
18.05 1.56992 4.34932 -4.72191 0.827583
18.06 1.57944 2.04163 -4.72135 0.878229
18.07 1.69146 4.32681 -4.72478 0.824623
18.08 1.84083 1.74114 -4.7334 0.884628
18.09 1.81965 4.09428 -4.73587 0.828163
18.1 1.88253 1.51747 -4.75038 0.893244
18.11 1.74319 4.30767 -4.7547 0.82297
18.12 1.68098 2.12447 -4.76739 0.879745
18.13 1.49958 4.52551 -4.78116 0.830568
18.14 1.49785 2.25232 -4.79828 0.88849
18.15 1.37855 4.53955 -4.81064 0.837891
18.16 1.36424 1.96232 -4.8284 0.892188
18.17 1.42999 4.30565 -4.83267 0.850773
18.18 1.51376 2.1588 -4.84701 0.906177
18.19 1.65452 4.18781 -4.85785 0.85487
18.2 1.47658 1.86195 -4.87232 0.90567
18.21 1.45899 3.65603 -4.88769 0.869378
18.22 1.34883 1.46006 -4.90506 0.91908
18.23 1.40022 4.10642 -4.91772 0.860305
18.24 1.45998 1.6859 -4.93273 0.929385
18.25 1.37786 4.01009 -4.95627 0.867513
18.26 1.30087 2.20507 -4.95767 0.918717
18.27 1.40185 4.09128 -4.96997 0.87061
18.28 1.63115 2.12316 -4.95878 0.9222
18.29 1.89269 3.53336 -4.95381 0.878505
18.3 2.24091 1.29137 -4.94721 0.931927
18.31 2.23572 3.24943 -4.93669 0.884263
18.32 2.31624 0.637199 -4.93753 0.930396
18.33 2.31967 3.16336 -4.93623 0.867727
18.34 2.32847 1.06474 -4.92479 0.920295
18.35 2.34484 3.41138 -4.92501 0.861156
18.36 2.31976 1.1964 -4.92957 0.921252
18.37 2.38724 2.92261 -4.92709 0.867977
18.38 2.47958 0.662799 -4.9284 0.912306
18.39 2.44287 3.37054 -4.92996 0.867911
18.4 2.44427 1.06526 -4.94338 0.91864
18.41 2.43191 3.07194 -4.94735 0.876233
18.42 2.34751 0.905815 -4.95732 0.932533
18.43 2.16894 2.75414 -4.96996 0.886688
18.44 1.95877 1.05846 -4.98647 0.925075
18.45 1.82753 3.32612 -4.99772 0.884645
18.46 1.75905 1.45759 -5.01642 0.93024
18.47 1.67329 3.41793 -5.03115 0.883621
18.48 1.74135 0.802393 -5.04018 0.936995
18.49 1.87842 3.08031 -5.04212 0.890816
18.5 1.98747 0.757342 -5.05187 0.930992
18.51 2.1558 3.33526 -5.05454 0.895973
18.52 2.17942 0.651455 -5.06242 0.942901
18.53 2.35926 2.40533 -5.08144 0.903949
18.54 2.22221 0.96953 -5.09384 0.95346
18.55 2.25426 3.00223 -5.11712 0.904293
18.56 2.08573 1.29574 -5.12312 0.948879
18.57 2.39911 2.6237 -5.12632 0.909866
18.58 2.49138 0.874419 -5.11585 0.949973
18.59 2.68172 2.1692 -5.10757 0.914229
18.6 2.56905 0.46137 -5.10831 0.957569
18.61 2.3727 2.38478 -5.11014 0.912191
18.62 2.38021 0.768861 -5.12572 0.953381
18.63 2.05092 2.13668 -5.13186 0.919491
18.64 1.85836 0.86456 -5.14863 0.956906
18.65 1.8053 2.65788 -5.16133 0.920624
18.66 1.69245 0.347212 -5.17443 0.968489
18.67 2.01356 2.70004 -5.17751 0.931104
18.68 1.87071 0.679519 -5.18299 0.975829
18.69 1.95823 2.78703 -5.20251 0.926316
18.7 2.07297 1.08781 -5.20508 0.983333
18.71 1.91033 1.84479 -5.21711 0.94955
18.72 2.12439 0.744026 -5.22305 0.986836
18.73 1.83551 2.40414 -5.22292 0.940887
18.74 1.85148 0.754263 -5.24304 0.983368
18.75 1.72343 2.86145 -5.24401 0.946432
18.76 1.62546 1.14543 -5.26603 0.984316
18.77 1.6064 2.99408 -5.27263 0.947606
18.78 1.62806 0.914398 -5.27889 0.99008
18.79 1.80573 2.90691 -5.28737 0.939102
18.8 2.00113 0.774548 -5.28039 0.992661
18.81 2.26719 1.88129 -5.28402 0.955169
18.82 2.2893 0.770343 -5.28233 0.988307
18.83 2.37819 1.88696 -5.29275 0.966935
18.84 2.08621 0.781497 -5.30074 1.00577
18.85 1.74373 2.59941 -5.32923 0.963485
18.86 1.6423 1.40297 -5.32109 0.991164
18.87 1.78316 2.56273 -5.32916 0.963814
18.88 1.90599 0.741768 -5.32 1.00466
18.89 1.85101 2.35476 -5.32024 0.961489
18.9 1.92661 1.32743 -5.31565 0.989571
18.91 2.07898 1.91654 -5.32616 0.974843
18.92 2.08064 0.410822 -5.3189 0.995838
18.93 2.07238 2.14647 -5.32542 0.968678
18.94 2.04098 0.620288 -5.32671 0.998189
18.95 2.18258 1.7965 -5.33716 0.980101
18.96 2.25671 0.575762 -5.34568 1.00228
18.97 2.18502 1.76818 -5.34525 0.983875
18.98 2.02787 0.282869 -5.35597 1.00595
18.99 2.0314 1.99885 -5.35651 0.978367
19 2.11364 0.865236 -5.36154 1.00855
19.01 2.05527 2.47869 -5.36076 0.965358
19.02 1.87264 1.26848 -5.36471 1.00651
19.03 1.72851 2.43522 -5.37552 0.973626
19.04 1.70317 1.06318 -5.37801 1.00659
19.05 1.6727 2.05927 -5.38942 0.980944
19.06 1.71188 1.17505 -5.38922 1.01636
19.07 1.81547 1.98425 -5.40693 0.989285
19.08 1.95717 1.11901 -5.42224 1.03356
19.09 1.9762 1.86817 -5.43563 1.0048
19.1 1.98927 0.773621 -5.44961 1.03634
19.11 1.95937 1.81 -5.45061 1.0036
19.12 2.15516 0.680385 -5.45814 1.03457
19.13 2.29073 1.60523 -5.46359 1.02129
19.14 1.92267 0.353024 -5.48529 1.04921
19.15 1.69614 1.86616 -5.49667 1.01413
19.16 1.57431 0.859347 -5.5286 1.0425
19.17 1.51245 2.72794 -5.54776 1.0173
19.18 1.16531 1.87426 -5.55597 1.04042
19.19 1.48619 2.00813 -5.56521 1.03017
19.2 1.72639 0.874008 -5.55679 1.04928
19.21 2.0089 1.68527 -5.54794 1.02327
19.22 2.10822 0.451942 -5.53626 1.05072
19.23 2.16413 1.80394 -5.54641 1.01574
19.24 2.22835 0.625438 -5.54624 1.05296
19.25 2.04733 1.52509 -5.55708 1.02695
19.26 2.04617 0.543886 -5.57 1.05938
19.27 1.65956 1.79606 -5.57725 1.03429
19.28 1.45643 0.572033 -5.5944 1.05697
19.29 1.43715 2.19314 -5.6059 1.03861
19.3 1.18809 1.55211 -5.61685 1.04474
19.31 1.22298 2.31711 -5.62984 1.03565
19.32 1.28209 1.29573 -5.64477 1.05546
19.33 1.49352 1.76999 -5.64513 1.03885
19.34 1.7601 1.18379 -5.64931 1.06218
19.35 1.88579 1.68523 -5.65226 1.05074
19.36 1.92382 0.0872206 -5.66021 1.07125
19.37 1.9475 1.2807 -5.66665 1.05255
19.38 1.92444 0.415717 -5.67724 1.07753
19.39 1.98491 1.43316 -5.67905 1.05391
19.4 1.72517 0.986386 -5.69166 1.07527
19.41 1.70289 1.62353 -5.68899 1.0573
19.42 1.68732 0.853916 -5.69521 1.07392
19.43 1.69218 1.68009 -5.69195 1.05781
19.44 1.5329 1.12094 -5.68536 1.06877
19.45 1.51793 1.84786 -5.69128 1.0492
19.46 1.45352 1.67266 -5.68971 1.06598
19.47 1.59971 1.48452 -5.6894 1.04296
19.48 1.79732 0.659766 -5.67286 1.06979
19.49 2.12834 1.48838 -5.66173 1.04289
19.5 2.31873 0.647664 -5.64559 1.0706
19.51 2.43319 1.00207 -5.64017 1.06066
19.52 2.43801 0.219955 -5.6385 1.07014
19.53 2.30069 1.07295 -5.6472 1.05926
19.54 2.10644 1.14029 -5.65288 1.06659
19.55 1.77481 1.66097 -5.6649 1.05807
19.56 1.75938 1.0611 -5.6693 1.06556
19.57 1.88476 1.75153 -5.66805 1.05598
19.58 1.84243 1.32246 -5.67172 1.06539
19.59 1.89595 1.48324 -5.6737 1.06167
19.6 1.90306 0.944224 -5.66946 1.07213
19.61 2.21873 1.18116 -5.67152 1.05698
19.62 2.42553 0.601459 -5.66393 1.08495
19.63 2.23007 1.33336 -5.66224 1.0697
19.64 2.07208 0.773905 -5.67242 1.07983
19.65 2.04016 1.28646 -5.68247 1.06476
19.66 1.86649 0.832404 -5.69929 1.08144
19.67 1.6151 1.82635 -5.71784 1.05641
19.68 1.50658 1.18895 -5.72753 1.07495
19.69 1.45252 1.75396 -5.7472 1.05787
19.7 1.64739 1.35919 -5.75088 1.07431
19.71 1.71071 1.46802 -5.7497 1.07264
19.72 1.9522 0.813617 -5.75853 1.08888
19.73 2.20192 1.33517 -5.76244 1.06726
19.74 2.26516 0.60812 -5.75827 1.08637
19.75 2.49625 0.941589 -5.75695 1.08434
19.76 2.33525 0.462875 -5.76345 1.09805
19.77 2.45135 0.931446 -5.77127 1.07861
19.78 2.33416 0.564789 -5.77669 1.09186
19.79 2.17265 0.846297 -5.77188 1.07413
19.8 2.07639 0.84324 -5.77394 1.08344
19.81 2.09982 1.66866 -5.77504 1.07661
19.82 2.01177 0.67295 -5.77718 1.09221
19.83 1.88395 1.39101 -5.78905 1.08872
19.84 1.83107 0.839745 -5.79709 1.09213
19.85 1.71693 1.4642 -5.80492 1.08856
19.86 1.64349 1.14381 -5.81182 1.09679
19.87 1.62705 1.63535 -5.82494 1.08044
19.88 1.71295 0.879389 -5.82561 1.10377
19.89 1.93181 1.14894 -5.83615 1.09669
19.9 2.00299 0.403456 -5.84237 1.11503
19.91 2.11909 0.88525 -5.8482 1.10315
19.92 2.18368 0.348181 -5.85439 1.11364
19.93 2.17994 0.678882 -5.85983 1.11186
19.94 1.99308 0.231637 -5.87707 1.1113
19.95 2.09494 1.25457 -5.88212 1.12132
19.96 1.90851 0.774489 -5.89993 1.12322
19.97 1.92494 1.37131 -5.90532 1.12417
19.98 1.74663 0.754891 -5.91173 1.12382
19.99 1.8215 1.08564 -5.92369 1.11023
20 2.03284 0.641985 -5.92075 1.13107
20.01 2.17812 1.0492 -5.90868 1.11909
20.02 2.42825 0.182717 -5.9018 1.12199
20.03 2.66743 1.2399 -5.89365 1.1189
20.04 2.85804 0.611617 -5.87582 1.14164
20.05 3.13833 1.2077 -5.84829 1.12083
20.06 3.71052 0.72475 -5.79589 1.12989
20.07 4.22167 0.799237 -5.72937 1.10907
20.08 4.67388 0.0716732 -5.65567 1.1078
20.09 4.83206 -0.0482317 -5.57329 1.08492
20.1 4.62871 -0.62763 -5.50973 1.07705
20.11 4.17206 0.48423 -5.47538 1.0592
20.12 3.1356 1.06679 -5.46731 1.04945
20.13 1.9965 2.09734 -5.47483 1.03052
20.14 1.34978 2.5314 -5.48264 1.02755
20.15 1.19914 3.0238 -5.47455 1.01329
20.16 1.27765 2.69891 -5.46335 1.01839
20.17 1.70853 2.91735 -5.44425 1.01357
20.18 2.2156 1.94217 -5.4382 1.02626
20.19 2.81245 1.78214 -5.43129 1.02647
20.2 3.39475 1.08824 -5.44381 1.03941
20.21 3.71732 1.23653 -5.43621 1.03719
20.22 3.95128 0.446582 -5.43951 1.05109
20.23 4.25424 0.682391 -5.42918 1.0464
20.24 4.47936 0.136028 -5.42083 1.05165
20.25 4.56612 0.430507 -5.39944 1.03996
20.26 4.48337 0.345534 -5.38571 1.04578
20.27 4.05492 0.888426 -5.37104 1.03047
20.28 3.76949 0.982127 -5.36504 1.03327
20.29 3.45154 1.70989 -5.35088 1.01679
20.3 3.17611 1.56553 -5.34494 1.02143
20.31 2.95187 1.92916 -5.34416 1.00803
20.32 2.89066 1.70609 -5.34648 1.01884
20.33 2.89215 1.87413 -5.35337 1.00847
20.34 2.99589 1.47309 -5.36609 1.022
20.35 3.13869 1.696 -5.38204 1.02006
20.36 3.32269 1.1332 -5.3946 1.03592
20.37 3.57414 1.31759 -5.40124 1.03299
20.38 3.88122 0.747861 -5.40206 1.04492
20.39 4.07282 0.908204 -5.39663 1.03984
20.4 4.21234 0.48204 -5.38959 1.0503
20.41 4.24118 0.869763 -5.38028 1.03879
20.42 4.05026 0.652481 -5.37482 1.04376
20.43 3.70753 1.20298 -5.37196 1.03185
20.44 3.5051 1.13162 -5.36715 1.03526
20.45 3.20256 1.67406 -5.36055 1.01905
20.46 3.05887 1.54713 -5.35844 1.02199
20.47 2.91794 1.96893 -5.35582 1.00934
20.48 2.82197 1.70644 -5.35671 1.01934
20.49 2.89682 1.99173 -5.36023 1.01194
20.5 3.10867 1.50691 -5.36497 1.01982
20.51 3.26678 1.7441 -5.36925 1.01617
20.52 3.48865 1.1036 -5.36994 1.03061
20.53 3.74978 1.22186 -5.36469 1.02205
20.54 4.03182 0.674965 -5.36327 1.03656
20.55 4.12878 0.867593 -5.35741 1.02948
20.56 4.15013 0.528603 -5.35077 1.03757
20.57 4.13917 0.957638 -5.343 1.02821
20.58 3.95846 0.797504 -5.33848 1.03369
20.59 3.75825 1.31414 -5.3291 1.02286
20.6 3.56772 1.20663 -5.32693 1.02667
20.61 3.34458 1.69139 -5.32411 1.01883
20.62 3.15004 1.50957 -5.32597 1.02216
20.63 3.08665 1.97399 -5.32587 1.0125
20.64 3.06012 1.57864 -5.32851 1.02019
20.65 3.13368 1.9021 -5.33161 1.01326
20.66 3.37116 1.32913 -5.33389 1.02396
20.67 3.49097 1.52529 -5.3382 1.01817
20.68 3.66806 1.07971 -5.33776 1.02778
20.69 3.87371 1.25621 -5.34055 1.02105
20.7 3.91658 0.828864 -5.33889 1.03119
20.71 4.00315 1.09407 -5.33227 1.02331
20.72 3.9639 0.811598 -5.33023 1.03196
20.73 3.91835 1.23935 -5.32293 1.02224
20.74 3.78352 1.00852 -5.31887 1.02927
20.75 3.65503 1.54498 -5.31401 1.01842
20.76 3.41433 1.40216 -5.31041 1.02351
20.77 3.34773 1.81053 -5.31142 1.01338
20.78 3.2167 1.52304 -5.31403 1.01995
20.79 3.15954 1.87894 -5.31398 1.01146
20.8 3.20532 1.4337 -5.31746 1.02203
20.81 3.31736 1.7932 -5.32398 1.01426
20.82 3.39442 1.25373 -5.32826 1.02344
20.83 3.55285 1.52409 -5.32894 1.01768
20.84 3.76382 0.912408 -5.33014 1.02753
20.85 3.9329 1.16258 -5.32621 1.02088
20.86 3.99703 0.753459 -5.3209 1.03055
20.87 4.02406 1.05449 -5.31418 1.02234
20.88 4.00963 0.784482 -5.30856 1.02757
20.89 3.91893 1.30624 -5.30477 1.01882
20.9 3.82279 1.10817 -5.30074 1.02333
20.91 3.72115 1.49302 -5.29448 1.01104
20.92 3.54034 1.22429 -5.29223 1.01811
20.93 3.56781 1.58021 -5.29218 1.00913
20.94 3.56573 1.25842 -5.29864 1.01606
20.95 3.49602 1.65243 -5.30048 1.00801
20.96 3.54255 1.25812 -5.30849 1.01566
20.97 3.67475 1.49093 -5.31366 1.00947
20.98 3.70741 0.992351 -5.32033 1.02127
20.99 3.81763 1.20657 -5.32384 1.01548
21 3.93391 0.811287 -5.32504 1.0222
21.01 3.95831 1.1603 -5.3255 1.01957
21.02 3.92943 0.877286 -5.3303 1.02738
21.03 3.85102 1.21494 -5.32536 1.01969
21.04 3.83897 0.910603 -5.3234 1.02659
21.05 3.70987 1.37633 -5.31802 1.01782
21.06 3.6239 1.03255 -5.31341 1.02387
21.07 3.54396 1.49715 -5.30887 1.01418
21.08 3.43503 1.25745 -5.30611 1.01614
21.09 3.42547 1.73087 -5.30559 1.01066
21.1 3.37595 1.36747 -5.30317 1.01585
21.11 3.46142 1.70899 -5.29784 1.00892
21.12 3.57491 1.18769 -5.29307 1.01805
21.13 3.73294 1.41882 -5.28768 1.01136
21.14 3.86113 0.971048 -5.28323 1.02016
21.15 3.93349 1.27854 -5.28052 1.01487
21.16 3.9651 0.903196 -5.27974 1.02297
21.17 4.00259 1.2632 -5.27869 1.01608
21.18 4.05116 0.972996 -5.2789 1.02002
21.19 3.92195 1.31006 -5.2766 1.01196
21.2 3.87219 0.987844 -5.27604 1.0193
21.21 3.80239 1.46939 -5.27304 1.00836
21.22 3.67377 1.25012 -5.27592 1.01164
21.23 3.56748 1.62719 -5.27462 1.00487
21.24 3.54192 1.28385 -5.27722 1.01051
21.25 3.52055 1.55297 -5.27706 1.00527
21.26 3.64832 1.24869 -5.27678 1.01081
21.27 3.77261 1.40478 -5.27378 1.00411
21.28 3.78985 1.05439 -5.27437 1.01561
21.29 3.90168 1.28441 -5.27386 1.00856
21.3 3.89646 1.02542 -5.27708 1.01932
21.31 3.93164 1.32998 -5.27712 1.01239
21.32 3.97899 0.936838 -5.27413 1.02127
21.33 4.05422 1.19529 -5.26952 1.00961
21.34 4.08491 0.896499 -5.26469 1.01902
21.35 4.01583 1.3227 -5.26047 1.00847
21.36 3.92696 0.947073 -5.26161 1.01707
21.37 3.87488 1.44506 -5.2591 1.00531
21.38 3.80882 1.0543 -5.26141 1.01554
21.39 3.69277 1.57767 -5.25956 1.00765
21.4 3.65403 1.15869 -5.26605 1.01239
21.41 3.60675 1.55853 -5.26913 1.00731
21.42 3.60277 1.27471 -5.27206 1.01466
21.43 3.66703 1.50599 -5.27541 1.0085
21.44 3.77439 1.11121 -5.27189 1.01609
21.45 3.83444 1.36067 -5.2712 1.0095
21.46 3.92851 0.893723 -5.26822 1.01831
21.47 3.99079 1.19705 -5.2653 1.01092
21.48 4.03769 0.897577 -5.26743 1.0199
21.49 3.98285 1.24659 -5.26087 1.00799
21.5 3.95589 0.909246 -5.2613 1.017
