0 -0.337115 1.0866 -0.0316555 0.00309709
0.01 -0.554227 -0.0433901 -0.0361495 0.0174501
0.02 -0.268356 1.89002 -0.0405855 0.00505008
0.03 -0.0277696 0.842997 -0.0339645 0.0313581
0.04 0.410743 1.04926 0.016012 0.000632923
0.05 0.9989 -0.953644 0.0809179 0.0243362
0.06 1.4144 -0.263414 0.130877 -0.00587132
0.07 1.01948 -1.0996 0.148354 0.0180655
0.08 0.573694 0.261082 0.147918 0.00222638
0.09 0.0715311 -0.6358 0.138439 0.0229766
0.1 -0.333414 0.686233 0.129742 0.00504202
0.11 -0.722071 0.151983 0.10065 0.0298553
0.12 -0.875168 1.39619 0.0817358 0.00793785
0.13 -0.833087 0.180928 0.0685191 0.0347043
0.14 -0.403455 1.06607 0.076953 0.00771827
0.15 0.0561889 0.0176572 0.0753942 0.0317846
0.16 0.504842 0.811559 0.0909743 0.00552626
0.17 0.992742 -0.488635 0.109297 0.0250693
0.18 1.36018 0.305862 0.129112 0.000114716
0.19 1.5341 -0.804989 0.139873 0.0230346
0.2 1.50516 0.129627 0.148392 -0.00483623
0.21 1.22288 -0.742783 0.141043 0.0182416
0.22 0.880466 0.436907 0.134363 -0.00658445
0.23 0.3693 -0.285512 0.116981 0.0181002
0.24 -0.0193214 0.838789 0.104093 -0.00632346
0.25 -0.313901 0.0191121 0.0893704 0.014759
0.26 -0.501031 0.930392 0.0862865 -0.0049467
0.27 -0.481367 0.00185729 0.078733 0.0162022
0.28 -0.37709 1.02053 0.0764846 -0.00742739
0.29 -0.144618 0.0459794 0.0718046 0.0177251
0.3 0.139101 0.783241 0.0793982 -0.00802249
0.31 0.530993 -0.193729 0.0803431 0.0152785
0.32 0.80077 0.65819 0.0913948 -0.00868735
0.33 0.961091 -0.466722 0.0937004 0.0163383
0.34 1.11027 0.293433 0.110154 -0.00596837
0.35 1.04433 -0.598753 0.114978 0.0156444
0.36 0.915371 0.310951 0.123181 -0.0050126
0.37 0.727144 -0.541066 0.118959 0.0184648
0.38 0.418892 0.426721 0.122541 8.31132e-05
0.39 0.137003 -0.444353 0.116352 0.024014
0.4 -0.0452341 0.626412 0.113112 0.000210804
0.41 -0.158093 -0.354837 0.105991 0.0239278
0.42 -0.114843 0.548921 0.108715 -0.00107283
0.43 0.158556 -0.546074 0.104728 0.0193183
0.44 0.317797 0.368861 0.111488 -0.000299751
0.45 0.603727 -0.637989 0.10564 0.0172352
0.46 0.81296 0.293414 0.113643 -0.00367159
0.47 1.02223 -0.768115 0.110862 0.0146887
0.48 1.12508 0.0665557 0.118908 -0.00745082
0.49 1.2361 -0.957062 0.118639 0.0118222
0.5 1.1449 -0.0701786 0.124608 -0.0113947
0.51 0.9017 -1.03832 0.119963 0.0103396
0.52 0.689802 -0.021456 0.126862 -0.0122864
0.53 0.54036 -1.06693 0.118146 0.0067933
0.54 0.280746 -0.103188 0.121243 -0.0141385
0.55 0.28906 -1.05192 0.111976 0.00616143
0.56 0.172193 -0.180256 0.113047 -0.0153577
0.57 0.323837 -1.10601 0.106033 0.0065282
0.58 0.473761 -0.232589 0.112718 -0.0151955
0.59 0.717851 -1.32378 0.114535 0.0072959
0.6 1.06154 -0.526036 0.127969 -0.0159386
0.61 1.23459 -1.48538 0.12909 0.00797406
0.62 1.42437 -0.723763 0.141884 -0.0134769
0.63 1.5404 -1.66883 0.146456 0.00876023
0.64 1.52213 -0.720357 0.153696 -0.0115144
0.65 1.37285 -1.61217 0.151706 0.0105865
0.66 1.16247 -0.569974 0.147386 -0.00857009
0.67 0.904683 -1.36818 0.137056 0.0141237
0.68 0.609325 -0.404413 0.135225 -0.0067381
0.69 0.483522 -1.25388 0.121285 0.0175497
0.7 0.34471 -0.347241 0.116394 -0.00516419
0.71 0.30212 -1.16169 0.105142 0.0173993
0.72 0.296689 -0.15591 0.10452 -0.00238322
0.73 0.471943 -1.10587 0.0965184 0.0160984
0.74 0.607567 -0.266011 0.0974805 -0.00394166
0.75 0.841998 -1.27081 0.0944403 0.0148828
0.76 1.01485 -0.488036 0.102671 -0.00567895
0.77 1.15297 -1.32878 0.105105 0.0120544
0.78 1.12969 -0.528845 0.115309 -0.0083659
0.79 1.10066 -1.64929 0.116288 0.0100639
0.8 1.0819 -0.537436 0.122546 -0.012576
0.81 0.967604 -1.52593 0.124335 0.0073186
0.82 0.839906 -0.692284 0.130621 -0.0142532
0.83 0.736083 -1.60109 0.128572 0.00824224
0.84 0.682572 -0.753538 0.133676 -0.0163064
0.85 0.641262 -1.66187 0.128541 0.0061344
0.86 0.647149 -0.789487 0.130447 -0.0154533
0.87 0.688202 -1.58466 0.12218 0.00704815
0.88 0.823405 -0.706933 0.125557 -0.0125729
0.89 0.976159 -1.63315 0.122026 0.00933516
0.9 1.12519 -0.681012 0.124932 -0.0102176
0.91 1.21512 -1.60979 0.123101 0.010431
0.92 1.23047 -0.732777 0.129142 -0.00867196
0.93 1.21689 -1.5523 0.127396 0.0117154
0.94 1.19774 -0.642975 0.132072 -0.00985047
0.95 1.01027 -1.42119 0.126257 0.013254
0.96 0.811627 -0.420541 0.13021 -0.00809168
0.97 0.71307 -1.22125 0.118159 0.0124184
0.98 0.52062 -0.140707 0.114883 -0.00676123
0.99 0.349895 -1.00107 0.103851 0.0120828
1 0.330677 -0.0154926 0.105841 -0.00858306
1.01 0.374483 -0.813137 0.0954462 0.0126767
1.02 0.439417 -0.0137464 0.096888 -0.00861508
1.03 0.568317 -0.887889 0.0912877 0.0112249
1.04 0.647595 -0.071275 0.0976211 -0.0105135
1.05 0.787959 -0.835187 0.0952751 0.00857423
1.06 0.795781 -0.0350415 0.101667 -0.0114509
1.07 0.88639 -0.889271 0.098467 0.00928569
1.08 0.796586 0.00178545 0.105331 -0.0114318
1.09 0.758009 -0.856298 0.100337 0.00812831
1.1 0.570559 0.0557801 0.105737 -0.0108213
1.11 0.45981 -0.782644 0.0980062 0.00967379
1.12 0.355757 0.130644 0.100349 -0.00929801
1.13 0.26595 -0.685019 0.09617 0.0132557
1.14 0.269602 0.247798 0.101403 -0.00576017
1.15 0.253378 -0.645499 0.0955419 0.0145587
1.16 0.341431 0.174163 0.0997043 -0.00588721
1.17 0.503473 -0.676381 0.0977837 0.0164744
1.18 0.578372 0.197455 0.105198 -0.00480872
1.19 0.667636 -0.803544 0.103828 0.0170558
1.2 0.803869 0.0520856 0.111022 -0.00425911
1.21 0.808402 -0.85847 0.106688 0.0164992
1.22 0.883746 0.0339532 0.113927 -0.00473286
1.23 0.783094 -0.861155 0.111484 0.015246
1.24 0.77598 -0.00927712 0.118196 -0.00723486
1.25 0.665024 -0.850279 0.114772 0.0119582
1.26 0.477198 0.187557 0.11448 -0.0097838
1.27 0.40145 -0.703222 0.10621 0.0123082
1.28 0.44467 0.164891 0.107528 -0.0118644
1.29 0.343163 -0.726356 0.105061 0.0102224
1.3 0.398134 0.203328 0.102927 -0.0109391
1.31 0.405506 -0.705323 0.0972753 0.0110588
1.32 0.498 0.239737 0.0998488 -0.0118166
1.33 0.551884 -0.575307 0.0973122 0.010219
1.34 0.679011 0.224878 0.101301 -0.0107034
1.35 0.724706 -0.707246 0.100011 0.00870874
1.36 0.717414 0.226589 0.107306 -0.00950888
1.37 0.664039 -0.681413 0.105792 0.01338
1.38 0.65667 0.19374 0.110945 -0.00655775
1.39 0.580224 -0.698801 0.107114 0.0146772
1.4 0.511781 0.232869 0.108583 -0.00473675
1.41 0.446303 -0.697171 0.102062 0.0160469
1.42 0.340524 0.275819 0.106595 -0.00077503
1.43 0.300457 -0.52371 0.0993244 0.0200938
1.44 0.353649 0.351369 0.102766 -0.000281888
1.45 0.395976 -0.5235 0.100347 0.0195947
1.46 0.448989 0.311293 0.104584 -0.00249714
1.47 0.527368 -0.54592 0.100349 0.0165473
1.48 0.591305 0.291318 0.105503 -0.00429859
1.49 0.624087 -0.622507 0.0996155 0.0147373
1.5 0.652259 0.291088 0.104888 -0.00474051
1.51 0.63586 -0.62318 0.10059 0.0143053
1.52 0.582514 0.24684 0.104195 -0.00811227
1.53 0.603723 -0.648155 0.102563 0.0113688
1.54 0.500573 0.366807 0.108274 -0.0129992
1.55 0.48487 -0.134463 0.101574 0.00813458
1.56 0.656614 0.965754 0.112352 -0.0117434
1.57 0.991246 0.477884 0.12506 0.00524358
1.58 1.66003 1.48003 0.172223 -0.0186166
1.59 2.40802 -0.0912721 0.243134 -0.00476654
1.6 3.37783 0.254892 0.341316 -0.0308723
1.61 3.97324 -1.10687 0.410041 -0.0131097
1.62 3.10745 -0.355344 0.438368 -0.0337702
1.63 3.35388 -0.886746 0.521602 -0.0263336
1.64 2.71295 0.180001 0.536705 -0.0583126
1.65 1.97713 -1.54083 0.457376 -0.0206047
1.66 0.652612 -0.415541 0.380189 -0.0310325
1.67 0.0549248 -0.161714 0.352814 -0.0015404
1.68 -0.698899 1.319 0.292178 -0.0353015
1.69 -1.21556 0.713005 0.261651 0.0025681
1.7 -1.07842 1.3792 0.285806 -0.0302951
1.71 -0.732837 -0.543493 0.306052 -0.00490684
1.72 -0.446253 0.38483 0.330867 -0.0372406
1.73 -0.0967498 -0.980132 0.351201 -0.011761
1.74 0.171948 -0.25658 0.365629 -0.0346421
1.75 -0.194512 -0.57065 0.339621 -0.0117668
1.76 -0.503534 0.76766 0.3186 -0.0322105
1.77 -1.05569 0.739009 0.256531 -0.0066759
1.78 -1.2117 2.30347 0.220318 -0.0274257
1.79 -1.18351 1.64023 0.185664 0.00540625
1.8 -1.14259 2.72255 0.179661 -0.0139133
1.81 -0.575015 1.3777 0.178309 -0.000240971
1.82 0.0697465 2.12991 0.206793 -0.018728
1.83 0.436172 0.920899 0.243086 0.0012756
1.84 0.815879 1.49776 0.253444 -0.0104896
1.85 0.977125 -0.142077 0.260274 0.00776662
1.86 0.683463 1.21388 0.272778 -0.0115338
1.87 0.456928 0.563074 0.243081 0.0193702
1.88 -0.263846 2.28974 0.218414 -0.0108884
1.89 -0.621097 1.47475 0.199992 0.0232678
1.9 -0.804535 2.53416 0.193736 0.00324556
1.91 -0.713498 1.68788 0.206077 0.0281645
1.92 -0.809821 2.72399 0.211447 0.00466371
1.93 -0.794451 1.8413 0.224135 0.0312695
1.94 -0.81209 2.89757 0.233533 0.0194508
1.95 -0.796862 2.1365 0.227198 0.0403323
1.96 -1.23354 3.1695 0.22892 0.0376296
1.97 -1.26319 2.16963 0.223665 0.060899
1.98 -1.34591 3.13012 0.214074 0.0361571
1.99 -1.60901 2.36326 0.169726 0.085116
2 -2.18483 4.18479 0.123439 0.0657705
2.01 -2.31422 2.91275 0.121139 0.0921412
2.02 -2.01327 3.46853 0.150587 0.0703116
2.03 -1.65962 1.9658 0.162302 0.0914614
2.04 -1.65095 2.96961 0.183273 0.0610556
2.05 -1.80877 2.22162 0.165456 0.0905028
2.06 -2.04216 3.48318 0.15574 0.05852
2.07 -2.03212 3.0528 0.138384 0.0876847
2.08 -2.00528 4.25663 0.137436 0.0646307
2.09 -1.87903 2.78894 0.139234 0.0646452
2.1 -1.45038 3.36872 0.166257 0.0456294
2.11 -1.57469 2.67192 0.163256 0.0527795
2.12 -1.72184 4.2587 0.147582 0.0148127
2.13 -2.02127 3.31372 0.137352 0.0500148
2.14 -2.15631 4.09561 0.115671 0.0204746
2.15 -1.7917 2.86766 0.150284 0.0190912
2.16 -1.84568 3.78208 0.153757 -0.00878633
2.17 -2.08292 3.04885 0.152536 -0.00190117
2.18 -2.11447 3.79604 0.112149 -0.0108387
2.19 -2.61326 2.31152 0.12671 -0.00548404
2.2 -2.64547 3.93963 0.112229 -0.0317511
2.21 -2.9073 3.11397 0.0820709 -0.0152228
2.22 -3.11182 4.75084 0.0658916 -0.0359529
2.23 -3.17736 3.71483 0.0503006 -0.0018277
2.24 -2.81141 4.7497 0.0578447 -0.038677
2.25 -2.66114 3.7985 0.0678974 -0.0105896
2.26 -2.38163 4.77522 0.0886973 -0.0269042
2.27 -1.91937 3.06735 0.0936147 -0.00804331
2.28 -1.84356 4.39317 0.121882 -0.0252229
2.29 -2.01133 3.00389 0.118186 0.00952758
2.3 -2.13861 3.65962 0.122393 -0.00759407
2.31 -2.42686 2.77596 0.101769 0.0185821
2.32 -3.0092 4.63648 0.0805675 0.0101431
2.33 -3.478 4.21443 0.0375557 0.0553799
2.34 -3.62465 5.20435 0.0302226 0.025195
2.35 -3.17518 3.86513 0.0318405 0.0747147
2.36 -2.75587 4.61854 0.0653148 0.0587301
2.37 -2.80447 3.51486 0.0639642 0.0859935
2.38 -2.65823 4.80103 0.0609125 0.0655932
2.39 -2.70671 3.73286 0.0636637 0.102592
2.4 -2.69953 5.29951 0.0831012 0.0852038
2.41 -2.55809 3.60744 0.0802535 0.116065
2.42 -2.43552 4.11791 0.101703 0.0800904
2.43 -2.44203 2.91227 0.119631 0.103429
2.44 -2.59266 4.31975 0.108051 0.0807338
2.45 -3.19292 4.28303 0.0608483 0.103717
2.46 -3.52266 5.56464 0.00733367 0.0817212
2.47 -3.38713 4.14825 0.0380764 0.102116
2.48 -2.99748 4.90325 0.074572 0.0669412
2.49 -2.72574 3.549 0.0977599 0.078633
2.5 -2.85967 4.06739 0.0937452 0.0471696
2.51 -2.88869 3.15326 0.0903443 0.0674421
2.52 -3.27894 4.62091 0.0716012 0.0378615
2.53 -3.48782 4.13819 0.0458317 0.048713
2.54 -3.92741 5.49357 0.0172294 0.0279877
2.55 -3.9198 4.00535 0.0151946 0.0381305
2.56 -3.63662 5.27476 0.0257275 0.00953409
2.57 -3.67872 4.15755 0.021941 0.0191043
2.58 -3.72345 5.6499 0.0157971 -0.00981225
2.59 -3.74224 4.11746 0.00987032 0.0171752
2.6 -3.58984 5.2808 0.0200757 -0.0191052
2.61 -3.55187 4.55432 0.0242212 0.000568903
2.62 -3.51551 5.14562 0.0248284 -0.0229483
2.63 -3.64858 3.91959 0.017255 0.00894978
2.64 -3.66417 5.24174 0.0255623 -0.0102239
2.65 -3.71547 4.11796 0.0134349 0.015534
2.66 -3.73446 5.48792 0.00129676 -0.00935978
2.67 -3.95315 4.65945 -0.00765607 0.0267118
2.68 -3.86545 5.47881 -0.00691426 0.00582987
2.69 -3.4956 4.35619 0.00534884 0.0307308
2.7 -3.43678 5.26385 0.00726026 0.0175502
2.71 -3.6224 4.14442 0.00297669 0.0571748
2.72 -3.76131 5.53763 0.00152043 0.0360933
2.73 -3.93355 4.49407 -0.0104283 0.0658375
2.74 -3.90468 5.48911 -0.0201267 0.0485276
2.75 -4.36917 4.65559 -0.0446966 0.0936606
2.76 -4.19006 5.95732 -0.0422219 0.0828282
2.77 -4.18479 4.94275 -0.0613615 0.107265
2.78 -4.20844 6.25343 -0.0536511 0.0914635
2.79 -4.07454 4.95558 -0.0604328 0.123591
2.8 -4.01984 5.6079 -0.0265545 0.0944658
2.81 -3.87608 4.16477 -0.0169777 0.130075
2.82 -3.66476 5.45778 -0.0037536 0.0942364
2.83 -3.98217 4.82733 -0.0227247 0.11725
2.84 -4.33683 5.9338 -0.018038 0.0935633
2.85 -4.5312 4.80232 -0.0267272 0.106736
2.86 -4.5046 5.8837 -0.0252596 0.0776932
2.87 -4.79847 5.04714 -0.0422596 0.100818
2.88 -4.80233 6.17132 -0.0707008 0.0627477
2.89 -4.99717 5.33525 -0.0892759 0.0951448
2.9 -4.92952 6.71579 -0.0788757 0.057065
2.91 -4.828 5.33048 -0.0829973 0.0613511
2.92 -4.66356 6.14046 -0.0512436 0.0469896
2.93 -4.39474 5.04897 -0.0484746 0.0504552
2.94 -4.53289 5.97989 -0.0305246 0.010941
2.95 -4.30803 4.59447 -0.0114227 0.0356828
2.96 -4.26283 5.24693 -0.0412298 0.00513305
2.97 -4.86887 4.38485 -0.0582893 0.0251076
2.98 -5.25179 6.82344 -0.0954494 0.00577113
2.99 -5.57797 6.34191 -0.148683 0.0265904
3 -5.65169 7.44186 -0.135106 0.00768469
3.01 -5.13916 5.79803 -0.127916 0.0324095
3.02 -4.66453 7.16232 -0.108445 0.00284553
3.03 -4.25884 5.62511 -0.0823893 0.0251189
3.04 -4.08367 5.8839 -0.0518499 0.0144969
3.05 -3.96631 4.79243 -0.0405129 0.0375113
3.06 -4.03899 5.8794 -0.0333514 0.011056
3.07 -4.62344 5.64295 -0.0735297 0.0573062
3.08 -5.13198 7.32748 -0.0974558 0.0331873
3.09 -5.48604 5.64719 -0.106405 0.0825093
3.1 -5.51739 6.8496 -0.104205 0.0477611
3.11 -5.26062 6.23026 -0.115382 0.0725082
3.12 -5.43153 7.46973 -0.121727 0.0690306
3.13 -5.50675 6.41771 -0.120165 0.116135
3.14 -5.13801 6.8731 -0.0954102 0.0890807
3.15 -4.88588 5.62962 -0.0840609 0.120212
3.16 -4.75368 6.95621 -0.0667055 0.103409
3.17 -5.0814 5.33535 -0.0669959 0.123834
3.18 -5.02842 6.27991 -0.0722718 0.101338
3.19 -5.19765 5.27842 -0.100585 0.134345
3.2 -5.73163 7.41563 -0.144412 0.103545
3.21 -6.06307 6.85012 -0.169982 0.141749
3.22 -5.96817 7.42249 -0.171534 0.108
3.23 -5.61603 6.1731 -0.150655 0.12639
3.24 -5.40823 7.50958 -0.139822 0.0831499
3.25 -5.52302 6.50147 -0.143137 0.102209
3.26 -5.54135 7.75044 -0.141265 0.0737448
3.27 -5.44939 6.79366 -0.147401 0.0901386
3.28 -5.4438 7.99033 -0.135815 0.052356
3.29 -5.52384 6.55366 -0.131828 0.0710568
3.3 -5.26652 6.89405 -0.115599 0.0431857
3.31 -5.1875 5.91218 -0.116748 0.0456944
3.32 -5.52737 7.67923 -0.127219 0.0163733
3.33 -5.87187 7.20135 -0.1574 0.0408792
3.34 -5.82711 7.98515 -0.140193 0.0224418
3.35 -5.81847 6.16013 -0.145157 0.0315261
3.36 -5.71928 7.36973 -0.131365 0.00043534
3.37 -6.07572 6.27878 -0.152979 0.0260054
3.38 -6.28921 7.19893 -0.161484 0.000454551
3.39 -6.24208 6.36301 -0.174268 0.030942
3.4 -6.06817 7.62819 -0.179154 -0.00137641
3.41 -6.19867 6.76299 -0.194592 0.0347075
3.42 -6.11152 7.94854 -0.197933 0.010354
3.43 -5.90007 6.80499 -0.191119 0.0450086
3.44 -5.53589 7.58111 -0.18637 0.0192347
3.45 -5.47863 6.26149 -0.179777 0.0500714
3.46 -5.36421 7.21965 -0.177476 0.033083
3.47 -5.24214 6.63131 -0.192296 0.0663328
3.48 -5.75088 7.3796 -0.1981 0.0500914
3.49 -6.0136 6.49099 -0.221539 0.0837349
3.5 -5.93885 8.65078 -0.242379 0.0729583
3.51 -5.97462 7.53037 -0.25414 0.111212
3.52 -6.11981 8.40725 -0.23447 0.0942171
3.53 -5.37021 6.56972 -0.212969 0.112251
3.54 -4.83043 7.28197 -0.160794 0.0940858
3.55 -4.92716 5.47784 -0.155463 0.126647
3.56 -5.08313 6.86917 -0.142951 0.0953718
3.57 -5.37184 5.74196 -0.147114 0.1212
3.58 -5.63593 6.81803 -0.146606 0.0906639
3.59 -5.88167 6.29068 -0.167645 0.118706
3.6 -6.35399 7.92237 -0.179303 0.0872842
3.61 -6.62911 6.76226 -0.194076 0.115197
3.62 -6.60083 7.79274 -0.186064 0.0894579
3.63 -6.40238 7.39081 -0.184471 0.103732
3.64 -6.35138 8.47875 -0.181803 0.0667743
3.65 -6.27154 7.39374 -0.176103 0.0943938
3.66 -6.03166 8.04306 -0.14488 0.0638205
3.67 -5.70418 6.74276 -0.133636 0.0637693
3.68 -5.801 7.3749 -0.123976 0.044474
3.69 -5.97315 5.89401 -0.135843 0.0594492
3.7 -6.32106 6.92474 -0.154774 0.0345743
3.71 -6.80515 6.47872 -0.207512 0.0667595
3.72 -6.56593 9.14474 -0.2545 0.0253804
3.73 -7.69201 7.7632 -0.257807 0.0591629
3.74 -7.04076 8.74103 -0.273905 0.019558
3.75 -6.40222 7.82458 -0.272019 0.0541676
3.76 -6.3449 9.21 -0.233842 0.0181091
3.77 -5.88738 7.68376 -0.231113 0.045582
3.78 -5.26872 7.6738 -0.204193 0.0272242
3.79 -5.08715 6.32395 -0.187907 0.0515513
3.8 -5.4253 7.72672 -0.180017 0.0264839
3.81 -5.86748 6.77171 -0.207572 0.0552076
3.82 -6.13457 7.81246 -0.218772 0.0344415
3.83 -6.61509 7.10933 -0.237591 0.0692574
3.84 -6.99681 9.14751 -0.276181 0.0549467
3.85 -7.06159 8.81003 -0.313825 0.0927608
3.86 -7.30111 9.51782 -0.296652 0.0745555
3.87 -6.74978 7.63907 -0.270916 0.092267
3.88 -6.22419 8.61777 -0.239364 0.0764861
3.89 -5.92417 7.58134 -0.216307 0.110231
3.9 -5.96967 7.99033 -0.198298 0.0902697
3.91 -5.89846 6.43669 -0.18547 0.115348
3.92 -5.8614 7.29233 -0.189426 0.105444
3.93 -6.46632 6.7167 -0.211772 0.129526
3.94 -6.89574 8.45246 -0.254378 0.112562
3.95 -7.42691 8.12465 -0.284918 0.149802
3.96 -7.63339 9.31723 -0.302458 0.120701
3.97 -7.15873 8.47221 -0.298394 0.133996
3.98 -6.80655 9.24452 -0.282502 0.107776
3.99 -6.56999 7.54808 -0.263665 0.115346
4 -6.16802 8.91151 -0.237427 0.0764743
4.01 -6.15009 7.5374 -0.231014 0.0996672
4.02 -6.17579 8.55096 -0.227485 0.0638954
4.03 -6.17325 7.49157 -0.228004 0.0752586
4.04 -6.37474 8.20399 -0.209927 0.0502044
4.05 -6.52086 6.88729 -0.216806 0.0635648
4.06 -6.61678 8.64047 -0.213725 0.0259903
4.07 -6.82581 7.74218 -0.234296 0.0545566
4.08 -6.98366 8.65796 -0.220811 0.0174792
4.09 -7.01167 7.78076 -0.226369 0.0366479
4.1 -6.9642 9.28284 -0.222216 0.0138544
4.11 -6.96055 8.21863 -0.232981 0.0316411
4.12 -6.96362 8.73406 -0.206663 -0.00215446
4.13 -6.76682 7.55924 -0.202778 0.0261428
4.14 -6.54545 8.85086 -0.214191 0.00811076
4.15 -6.71404 8.32605 -0.242347 0.0257034
4.16 -6.84194 8.83815 -0.226014 0.0110007
4.17 -6.51055 7.2827 -0.221988 0.0337923
4.18 -6.42108 8.93835 -0.216645 0.0128207
4.19 -6.53673 8.45701 -0.235474 0.043759
4.2 -6.75483 9.15174 -0.256628 0.0370103
4.21 -6.69809 7.92958 -0.246366 0.0599608
4.22 -6.46742 8.40973 -0.218079 0.0472998
4.23 -6.55074 6.89478 -0.23514 0.0730235
4.24 -6.90789 8.85773 -0.24814 0.0478432
4.25 -7.21345 8.20208 -0.288366 0.107028
4.26 -7.45435 9.38661 -0.290481 0.0849332
4.27 -7.36025 8.48935 -0.305829 0.122065
4.28 -6.94932 9.96509 -0.297912 0.103569
4.29 -6.99113 8.49429 -0.29041 0.123023
4.3 -6.77063 8.68034 -0.261433 0.102193
4.31 -6.35696 7.06139 -0.248613 0.131936
4.32 -6.53359 8.03541 -0.245593 0.0962877
4.33 -6.78691 7.19598 -0.254856 0.126533
4.34 -7.14733 8.95017 -0.289193 0.110283
4.35 -7.56652 8.6352 -0.315856 0.133593
4.36 -7.65723 10.1864 -0.330799 0.0959028
4.37 -7.61952 9.16715 -0.323862 0.119387
4.38 -7.27716 9.47433 -0.294677 0.0834291
4.39 -6.90657 8.12428 -0.27933 0.0967638
4.4 -6.66593 8.72174 -0.255449 0.0670683
4.41 -6.61324 7.40971 -0.236321 0.0730521
4.42 -6.62106 8.29598 -0.237999 0.0485269
4.43 -6.94725 7.66229 -0.248612 0.0609432
4.44 -7.32324 8.80045 -0.265101 0.0336189
4.45 -7.6641 8.26887 -0.302515 0.0487823
4.46 -7.57189 10.2639 -0.314827 0.0298579
4.47 -8.01225 8.28488 -0.320506 0.0487251
4.48 -7.58029 9.54753 -0.321693 0.0141388
4.49 -7.38144 8.53784 -0.326065 0.0410235
4.5 -7.31046 9.28098 -0.308257 0.0195964
4.51 -7.12615 8.28808 -0.330744 0.0339175
4.52 -6.7663 9.19686 -0.318597 0.0199864
4.53 -6.75128 7.83623 -0.319397 0.0491923
4.54 -6.70772 9.09087 -0.326559 0.0212112
4.55 -6.89545 8.14092 -0.338277 0.061474
4.56 -6.62565 8.88129 -0.330631 0.0374028
4.57 -6.82151 8.22284 -0.343704 0.064074
4.58 -6.91934 9.32031 -0.354836 0.0532836
4.59 -7.17883 8.81712 -0.358525 0.0850781
4.6 -7.27391 9.39106 -0.356875 0.062078
4.61 -7.22333 8.60802 -0.361972 0.101809
4.62 -7.27342 9.7159 -0.365219 0.0980942
4.63 -7.66766 8.6026 -0.361197 0.110874
4.64 -7.39003 9.61133 -0.354109 0.101364
4.65 -7.23511 8.26922 -0.355359 0.130394
4.66 -7.38833 9.05364 -0.332109 0.113401
4.67 -7.32007 8.6064 -0.352605 0.132345
4.68 -7.46541 9.77861 -0.354878 0.123724
4.69 -7.44609 8.16668 -0.355551 0.13755
4.7 -7.48454 9.24996 -0.34877 0.109819
4.71 -7.4544 8.79862 -0.353122 0.138854
4.72 -7.71617 9.30158 -0.369171 0.108836
4.73 -7.73723 8.4975 -0.369136 0.127953
4.74 -7.71671 9.52882 -0.370132 0.102627
4.75 -7.88556 8.88984 -0.38428 0.109961
4.76 -7.84564 10.2084 -0.397211 0.0870798
4.77 -7.86336 9.10586 -0.391341 0.10634
4.78 -7.77527 9.44311 -0.372296 0.0673792
4.79 -7.26021 8.2705 -0.368311 0.0743977
4.8 -7.19984 9.49291 -0.359987 0.0513231
4.81 -7.46565 8.4617 -0.379738 0.0684406
4.82 -7.19 9.2527 -0.364224 0.0318299
4.83 -7.12881 7.94458 -0.35031 0.0487912
4.84 -7.09709 9.87251 -0.368262 0.0235814
4.85 -7.59965 8.82829 -0.379157 0.0450607
4.86 -7.66023 9.35945 -0.390592 0.0190709
4.87 -7.55828 8.26731 -0.381507 0.0424937
4.88 -7.32916 9.34676 -0.386403 0.0200856
4.89 -7.55578 8.87389 -0.407675 0.0468907
4.9 -7.73651 9.7739 -0.415055 0.0305228
4.91 -7.44597 8.68602 -0.421699 0.0542493
4.92 -7.39643 9.83058 -0.419045 0.0492226
4.93 -7.64604 9.25239 -0.442167 0.0692856
4.94 -7.60064 10.1582 -0.437402 0.0540672
4.95 -7.24771 8.60565 -0.427725 0.0890745
4.96 -7.13835 9.18075 -0.398211 0.0678686
4.97 -7.36028 8.17231 -0.415472 0.0962978
4.98 -7.22402 9.85222 -0.426387 0.0879865
4.99 -7.80479 8.7549 -0.449498 0.120854
5 -7.86541 9.71178 -0.463949 0.104036
5.01 -8.16228 9.17237 -0.482812 0.146393
5.02 -8.17743 10.3692 -0.482152 0.129618
5.03 -8.05466 8.77057 -0.476483 0.150083
5.04 -7.87222 9.51673 -0.461361 0.119331
5.05 -7.38845 8.39988 -0.44181 0.138082
5.06 -7.35365 8.98967 -0.443592 0.125035
5.07 -7.52265 7.97469 -0.445122 0.141175
5.08 -7.58799 9.2688 -0.451852 0.116249
5.09 -7.54903 8.76697 -0.458764 0.137235
5.1 -7.79791 9.95014 -0.477552 0.114089
5.11 -7.80231 9.03617 -0.485068 0.122694
5.12 -7.72864 9.58872 -0.47155 0.0998241
5.13 -7.77093 9.04174 -0.479716 0.117097
5.14 -7.77214 9.94028 -0.479651 0.0896214
5.15 -7.83374 8.74284 -0.486392 0.0963445
5.16 -7.84381 9.73244 -0.469479 0.0688722
5.17 -7.84489 8.89168 -0.472302 0.0887931
5.18 -7.95642 9.80149 -0.473357 0.0471445
5.19 -8.0646 9.45557 -0.491771 0.0618407
5.2 -8.12176 10.2395 -0.482124 0.0338707
5.21 -8.08137 9.20112 -0.479571 0.0339641
5.22 -7.78508 10.0615 -0.47435 0.025138
5.23 -8.02142 8.76284 -0.463946 0.0389395
5.24 -7.95344 10.1201 -0.48388 0.0157881
5.25 -7.99691 9.92053 -0.502502 0.0385512
5.26 -8.05369 10.2415 -0.497967 0.0198225
5.27 -7.95285 9.16504 -0.504721 0.0512565
5.28 -7.96702 10.0898 -0.499514 0.0376191
5.29 -7.98094 9.28936 -0.509816 0.0673738
5.3 -8.15619 9.95307 -0.521005 0.0533894
5.31 -8.08057 9.00864 -0.536592 0.0749285
5.32 -8.05998 10.0074 -0.546218 0.0706514
5.33 -8.34386 9.86971 -0.57422 0.0978668
5.34 -8.47277 10.5576 -0.580996 0.0867781
5.35 -8.26419 9.53407 -0.573621 0.116443
5.36 -7.96495 10.5196 -0.523509 0.0954059
5.37 -8.00666 9.64468 -0.537776 0.114172
5.38 -8.23554 10.4704 -0.552816 0.118813
5.39 -7.99747 9.59119 -0.555735 0.146879
5.4 -8.04196 10.2963 -0.542668 0.125903
5.41 -7.80551 9.77818 -0.541265 0.146771
5.42 -8.12146 10.5262 -0.540734 0.139987
5.43 -8.07691 9.81558 -0.54634 0.15921
5.44 -7.92702 10.0044 -0.535218 0.139768
5.45 -7.89323 9.52478 -0.536554 0.153298
5.46 -7.85991 10.0362 -0.527005 0.127957
5.47 -8.08358 9.42724 -0.542796 0.142396
5.48 -8.05156 10.3215 -0.536297 0.112376
5.49 -8.2125 9.89537 -0.546275 0.125282
5.5 -8.27207 10.5306 -0.53827 0.10764
5.51 -8.45497 9.52652 -0.550971 0.120058
5.52 -8.47023 10.5935 -0.54846 0.0826783
5.53 -8.4212 10.3151 -0.551932 0.103885
5.54 -8.62267 10.7724 -0.566026 0.0804342
5.55 -8.46581 10.2108 -0.57014 0.0879912
5.56 -8.34547 10.8462 -0.550079 0.0592495
5.57 -8.19947 9.77774 -0.556511 0.0747138
5.58 -8.08572 9.74953 -0.523551 0.037928
5.59 -7.87592 9.06468 -0.527368 0.0599568
5.6 -8.0373 9.81887 -0.526762 0.0240912
5.61 -8.38826 9.73751 -0.570904 0.0612159
5.62 -8.58118 11.1063 -0.589516 0.0360862
5.63 -8.63738 10.7157 -0.613406 0.0661929
5.64 -8.57865 11.7899 -0.615841 0.0523424

5.65 -8.30252 10.4438 -0.613015 0.07746
5.66 -7.90955 10.5446 -0.580723 0.0594119
5.67 -7.64663 9.11993 -0.564885 0.0828009
5.68 -7.51914 9.95947 -0.553589 0.0623562
5.69 -7.84173 9.38426 -0.564015 0.0953929
5.7 -8.09683 10.6418 -0.54706 0.082605
5.71 -8.32951 10.1964 -0.577172 0.114586
5.72 -8.47964 10.8962 -0.583025 0.0896476
5.73 -8.46027 10.054 -0.583051 0.127265
5.74 -8.37538 10.2435 -0.5778 0.118364
5.75 -8.06171 9.81333 -0.576493 0.1259
5.76 -8.19904 10.2361 -0.579109 0.122101
5.77 -8.43555 10.0817 -0.594701 0.162145
5.78 -8.46398 10.9281 -0.610015 0.146401
5.79 -8.6493 10.2164 -0.602817 0.165751
5.8 -8.54237 10.5282 -0.592184 0.141882
5.81 -8.57882 10.2109 -0.604564 0.172424
5.82 -8.45081 10.8481 -0.596457 0.15425
5.83 -8.42307 9.7167 -0.607036 0.166372
5.84 -8.14589 10.7301 -0.598556 0.139553
5.85 -8.07703 10.2357 -0.586299 0.134434
5.86 -8.23415 10.646 -0.577897 0.116295
5.87 -8.14528 9.73977 -0.586071 0.118893
5.88 -7.98781 10.3541 -0.561337 0.0993725
5.89 -8.19177 9.61665 -0.579404 0.115354
5.9 -8.52276 10.4383 -0.58775 0.0877319
5.91 -8.62942 10.0244 -0.608321 0.0956362
5.92 -8.85144 11.0265 -0.617448 0.0747513
5.93 -9.13394 11.0036 -0.646121 0.0944318
5.94 -8.8964 11.5134 -0.644268 0.0664834
5.95 -8.56946 10.5487 -0.62433 0.077581
5.96 -8.12445 10.5932 -0.60184 0.0493667
5.97 -8.03119 9.77044 -0.585499 0.0470621
5.98 -7.93864 9.96057 -0.579423 0.0265456
5.99 -8.02191 9.76682 -0.598385 0.0534276
6 -8.45757 10.4126 -0.611818 0.0312052
6.01 -8.70005 10.4235 -0.651804 0.0464269
6.02 -8.81623 11.7866 -0.666436 0.0380562
6.03 -8.90362 11.2162 -0.678822 0.0612475
6.04 -8.62355 11.2487 -0.636423 0.0473224
6.05 -8.18813 10.0653 -0.629207 0.0703047
6.06 -8.14995 10.7522 -0.627197 0.0485481
6.07 -8.08125 10.1345 -0.608091 0.0665309
6.08 -8.29427 10.5802 -0.616916 0.0661845
6.09 -8.23488 10.0081 -0.62852 0.0889191
6.1 -8.22759 10.667 -0.629142 0.0822181
6.11 -8.33217 10.377 -0.632358 0.0968673
6.12 -8.43723 10.7626 -0.64017 0.0934538
6.13 -8.30192 10.0611 -0.656067 0.126875
6.14 -8.34517 11.1487 -0.633301 0.100857
6.15 -8.42929 10.7723 -0.644807 0.128891
6.16 -8.52396 10.9518 -0.644875 0.126869
6.17 -8.11738 9.95806 -0.64519 0.140873
6.18 -8.15027 10.0083 -0.607173 0.129314
6.19 -8.28275 10.1153 -0.635329 0.136905
6.2 -8.37415 11.1209 -0.649093 0.137807
6.21 -8.67975 10.3 -0.667611 0.148747
6.22 -8.40998 10.7701 -0.653366 0.129903
6.23 -8.11854 9.63433 -0.626183 0.139623
6.24 -8.0634 10.355 -0.624175 0.116172
6.25 -8.14439 10.5491 -0.639785 0.132496
6.26 -8.21065 10.9335 -0.647493 0.10842
6.27 -8.46987 10.2572 -0.638617 0.117674
6.28 -8.09814 10.4583 -0.617104 0.0942912
6.29 -8.01364 10.1773 -0.620861 0.104175
6.3 -8.20441 10.9799 -0.618393 0.0755533
6.31 -8.40214 10.3895 -0.633568 0.0900234
6.32 -8.56216 10.7176 -0.62705 0.0671636
6.33 -8.50391 10.0198 -0.627781 0.072916
6.34 -8.66783 10.5581 -0.621743 0.0528078
6.35 -8.65548 10.1325 -0.628892 0.0539089
6.36 -8.5795 10.8177 -0.618301 0.0304354
6.37 -8.514 10.4148 -0.637735 0.0428413
6.38 -8.69181 11.2824 -0.65066 0.0386952
6.39 -8.62779 11.046 -0.667331 0.0515715
6.4 -8.42832 10.8954 -0.647141 0.0276722
6.41 -8.10946 10.6227 -0.661291 0.0491935
6.42 -8.21006 11.0579 -0.656221 0.0431945
6.43 -8.41111 10.2534 -0.675672 0.0612965
6.44 -8.38042 10.8138 -0.678826 0.0511798
6.45 -8.43597 9.79196 -0.686776 0.0723297
6.46 -8.72376 10.6485 -0.70061 0.0623399
6.47 -8.6441 10.7981 -0.68955 0.0834602
6.48 -8.80578 10.8395 -0.703133 0.0751939
6.49 -8.62135 10.7095 -0.701218 0.0947304
6.5 -8.40669 11.445 -0.689061 0.0887893
6.51 -8.38735 10.7298 -0.692132 0.104639
6.52 -8.16591 11.3705 -0.685451 0.0970235
6.53 -8.00222 11.0284 -0.666182 0.113343
6.54 -7.98837 11.0761 -0.668747 0.108708
6.55 -8.04354 11.0378 -0.679219 0.129348
6.56 -8.21939 11.2858 -0.67367 0.112381
6.57 -8.17366 10.402 -0.681624 0.127208
6.58 -8.545 11.0666 -0.686789 0.117028
6.59 -8.6698 10.9495 -0.713475 0.135216
6.6 -9.00394 11.8768 -0.732321 0.114075
6.61 -9.02636 11.0799 -0.728735 0.125679
6.62 -8.87248 11.03 -0.705252 0.1299
6.63 -8.7517 10.6915 -0.707661 0.128301
6.64 -8.53397 11.6724 -0.705853 0.11381
6.65 -8.82866 10.8939 -0.710914 0.128106
6.66 -8.70756 11.6196 -0.721933 0.107178
6.67 -8.64714 11.1887 -0.707093 0.11644
6.68 -8.40489 11.5919 -0.697883 0.102609
6.69 -8.39616 11.0835 -0.70524 0.0997417
6.7 -8.3233 11.3709 -0.685873 0.0838428
6.71 -8.46927 11.0066 -0.689767 0.0900204
6.72 -8.41564 11.5868 -0.694888 0.0706614
6.73 -8.61521 11.1664 -0.708829 0.0865591
6.74 -8.48607 11.7942 -0.701572 0.0629374
6.75 -8.50151 10.8317 -0.697352 0.0668057
6.76 -8.42115 11.4465 -0.679728 0.035735
6.77 -8.46081 11.2843 -0.690048 0.0476288
6.78 -8.46537 11.6371 -0.679645 0.035661
6.79 -8.4516 10.9292 -0.694959 0.0681769
6.8 -8.37684 11.5131 -0.690059 0.0186275
6.81 -8.50927 11.3776 -0.703054 0.0452988
6.82 -8.84289 11.9802 -0.725939 0.0401565
6.83 -8.99159 11.5022 -0.749271 0.053468
6.84 -8.84142 12.3055 -0.747502 0.0539742
6.85 -8.8806 12.4012 -0.768002 0.0651881
6.86 -9.01228 12.5585 -0.773347 0.057961
6.87 -8.88727 11.5942 -0.772936 0.0898273
6.88 -8.62233 11.81 -0.731767 0.0752566
6.89 -8.24425 11.2689 -0.709717 0.0829022
6.9 -8.4389 11.3569 -0.720594 0.0910443
6.91 -8.70539 11.4415 -0.735177 0.108215
6.92 -8.89612 11.8482 -0.742884 0.0961787
6.93 -8.98586 11.7603 -0.770215 0.129513
6.94 -9.04206 12.4082 -0.767856 0.11778
6.95 -9.08501 11.7306 -0.776458 0.133715
6.96 -8.95534 12.0689 -0.764403 0.135016
6.97 -8.69875 11.9883 -0.758793 0.141119
6.98 -8.79427 12.3205 -0.763005 0.128489
6.99 -8.68827 11.7574 -0.76424 0.157289
7 -8.6401 11.8957 -0.754391 0.142055
7.01 -8.42975 11.852 -0.752459 0.137717
7.02 -8.83791 12.5407 -0.757427 0.119219
7.03 -8.82862 12.0304 -0.776609 0.135727
7.04 -8.64403 12.2377 -0.761371 0.115922
7.05 -8.44536 11.6138 -0.748896 0.1312
7.06 -8.28309 11.7657 -0.730605 0.112108
7.07 -8.70286 11.4264 -0.757101 0.112286
7.08 -8.68538 12.0226 -0.746439 0.103027
7.09 -8.65342 11.7631 -0.755644 0.103724
7.1 -8.79864 12.1594 -0.750345 0.0973146
7.11 -8.9003 12.0789 -0.77149 0.105854
7.12 -8.83443 12.1932 -0.769471 0.0865324
7.13 -8.98593 11.9853 -0.77938 0.085787
7.14 -8.92279 12.6311 -0.775994 0.0723228
7.15 -8.94928 12.4236 -0.784556 0.0818939
7.16 -9.17292 13.0376 -0.784555 0.0628014
7.17 -9.03437 12.2277 -0.777045 0.0667358
7.18 -8.65545 12.4138 -0.762097 0.0297949
7.19 -8.59251 12.2371 -0.765998 0.0883503
7.2 -8.73466 12.9076 -0.784058 0.0606712
7.21 -8.84035 12.3499 -0.787792 0.0374422
7.22 -8.69473 12.5829 -0.761086 0.0525289
7.23 -8.82264 12.2838 -0.786653 0.0528976
7.24 -8.86437 12.6292 -0.787238 0.0469505
7.25 -8.78752 12.3732 -0.789619 0.070192
7.26 -8.8492 12.5481 -0.783833 0.0526747
7.27 -8.87544 12.3141 -0.801701 0.065781
7.28 -9.00843 12.7742 -0.795299 0.0732934
7.29 -8.98045 12.9515 -0.808317 0.0891263
7.3 -8.92613 12.9822 -0.804676 0.0847941
7.31 -8.84947 12.3813 -0.797257 0.103043
7.32 -8.75828 12.7293 -0.797624 0.0990612
7.33 -8.81104 12.8219 -0.809021 0.10901
7.34 -8.847 12.7855 -0.803979 0.108888
7.35 -8.79436 12.5711 -0.802192 0.124675
7.36 -8.45708 12.3413 -0.781665 0.119814
7.37 -8.48061 11.8476 -0.78222 0.124936
7.38 -8.42007 12.5514 -0.782343 0.121744
7.39 -8.82723 12.4601 -0.800845 0.135057
7.4 -8.848 12.7349 -0.807647 0.13273
7.41 -8.8782 12.3888 -0.809818 0.12711
7.42 -8.86823 12.3545 -0.798484 0.117329
7.43 -8.88548 12.5173 -0.821401 0.136439
7.44 -8.97157 12.769 -0.815991 0.121498
7.45 -9.11904 12.5402 -0.832438 0.140419
7.46 -9.04589 12.8997 -0.819984 0.112446
7.47 -9.10009 12.9418 -0.834181 0.12497
7.48 -9.0777 13.0737 -0.823807 0.126952
7.49 -8.78413 12.1638 -0.818169 0.126774
7.5 -8.42283 12.125 -0.787049 0.114529
7.51 -8.41563 11.8377 -0.777925 0.11094
7.52 -8.49782 12.1603 -0.790397 0.114596
7.53 -8.84617 12.4145 -0.819779 0.113105
7.54 -8.99158 12.7995 -0.830358 0.110169
7.55 -9.2498 12.5746 -0.839217 0.111063
7.56 -9.09534 12.3677 -0.820713 0.098918
7.57 -8.8579 12.4851 -0.824382 0.101455
7.58 -8.88103 12.7465 -0.819944 0.0814494
7.59 -8.85988 12.5997 -0.816948 0.083467
7.6 -8.72831 12.7513 -0.812926 0.0738013
7.61 -8.72836 12.4272 -0.810871 0.0810906
7.62 -8.41418 12.4295 -0.795502 0.0496578
7.63 -8.34998 12.0741 -0.796865 0.0349904
7.64 -8.50984 12.5967 -0.79685 0.0669306
7.65 -8.87269 12.1327 -0.833659 0.0943506
7.66 -8.9208 12.7721 -0.835047 0.0228983
7.67 -8.74128 13.0863 -0.833097 0.0501079
7.68 -9.07699 13.349 -0.86597 0.0530715
7.69 -9.04776 12.7188 -0.86894 0.0534055
7.7 -8.57353 12.4048 -0.833505 0.0630867
7.71 -8.45234 12.6284 -0.820056 0.0527629
7.72 -8.44017 12.8221 -0.831285 0.0437758
7.73 -8.62503 12.6315 -0.838239 0.0731776
7.74 -8.53557 12.7028 -0.838809 0.0701787
7.75 -8.58794 12.5559 -0.844619 0.0815311
7.76 -8.68881 13.0764 -0.844431 0.092004
7.77 -9.12926 12.9933 -0.872406 0.110033
7.78 -9.04517 12.6398 -0.871933 0.0979058
7.79 -9.04841 12.4219 -0.875 0.111209
7.8 -9.07734 12.8716 -0.867274 0.113225
7.81 -9.15477 13.2259 -0.891807 0.124209
7.82 -9.11346 12.8181 -0.887024 0.12455
7.83 -9.07595 12.9117 -0.882033 0.12513
7.84 -8.70353 13.259 -0.875982 0.118367
7.85 -8.79321 13.3525 -0.876605 0.130292
7.86 -8.67392 12.867 -0.866003 0.118272
7.87 -8.43886 12.595 -0.859077 0.111127
7.88 -8.44823 12.6239 -0.844039 0.107349
7.89 -8.35334 12.5302 -0.856286 0.105595
7.9 -8.52211 12.7621 -0.873263 0.110565
7.91 -8.70344 12.4005 -0.860564 0.119181
7.92 -8.5918 12.6675 -0.872321 0.111267
7.93 -8.76595 12.7455 -0.883122 0.114578
7.94 -8.85464 12.888 -0.886138 0.110966
7.95 -8.8321 13.0259 -0.887981 0.116135
7.96 -8.68722 13.3001 -0.882445 0.102314
7.97 -8.59546 13.1229 -0.879892 0.107574
7.98 -8.61457 13.1531 -0.870805 0.104577
7.99 -8.52491 12.7087 -0.868337 0.10585
8 -8.29657 12.9864 -0.85722 0.093638
8.01 -8.46876 12.5602 -0.858673 0.0963791
8.02 -8.44897 12.857 -0.859656 0.0848067
8.03 -8.47752 12.7349 -0.860868 0.0902657
8.04 -8.52838 12.6924 -0.859952 0.0872277
8.05 -8.67274 13.2222 -0.879236 0.0829162
8.06 -8.82313 13.1665 -0.877919 0.0728149
8.07 -8.83489 12.9695 -0.889942 0.0778218
8.08 -8.88585 12.9845 -0.881132 0.0656168
8.09 -8.99114 12.9437 -0.891644 0.064131
8.1 -8.96086 13.5113 -0.889148 0.0458272
8.11 -8.80989 13.4648 -0.900033 0.0817803
8.12 -9.04892 13.5527 -0.90816 0.0717555
8.13 -8.97067 13.6187 -0.903504 0.044275
8.14 -8.71639 13.1617 -0.891666 0.0562715
8.15 -8.7118 13.1266 -0.897083 0.0586988
8.16 -8.55517 13.1197 -0.881092 0.0534959
8.17 -8.53905 13.1529 -0.882629 0.0619846
8.18 -8.44234 12.9021 -0.879118 0.0553265
8.19 -8.66483 13.1241 -0.907405 0.0647425
8.2 -8.84831 13.6322 -0.913397 0.0778347
8.21 -8.97128 13.9797 -0.939452 0.0855012
8.22 -9.17743 13.7375 -0.934381 0.0854081
8.23 -9.07307 13.5829 -0.942132 0.101632
8.24 -8.82586 13.4346 -0.921652 0.100755
8.25 -8.72491 13.7524 -0.922319 0.101419
8.26 -8.83155 13.5009 -0.927182 0.105877
8.27 -8.8027 13.6067 -0.924226 0.113475
8.28 -8.64714 13.3412 -0.922488 0.109678
8.29 -8.80802 13.5639 -0.935598 0.110527
8.3 -8.83043 13.7009 -0.926282 0.103422
8.31 -8.85878 13.6637 -0.937314 0.10388
8.32 -8.6666 13.4343 -0.925623 0.099647
8.33 -8.68686 13.5334 -0.934735 0.103194
8.34 -8.60759 13.3407 -0.929739 0.0987423
8.35 -8.5869 13.4601 -0.936443 0.103531
8.36 -8.71513 13.5211 -0.916614 0.096832
8.37 -8.56289 13.4662 -0.927039 0.09676
8.38 -8.55313 13.487 -0.91997 0.0979827
8.39 -8.65146 13.5217 -0.927993 0.0977565
8.4 -8.79651 13.2971 -0.932074 0.0976217
8.41 -8.8302 13.4496 -0.926362 0.0898993
8.42 -8.80607 13.5575 -0.94184 0.0963247
8.43 -9.18888 13.719 -0.949573 0.106804
8.44 -8.9704 13.7503 -0.948327 0.101211
8.45 -8.7726 13.9894 -0.944185 0.109696
8.46 -8.7915 13.7434 -0.941671 0.106898
8.47 -8.68008 13.9681 -0.950223 0.117623
8.48 -8.7809 13.5475 -0.935891 0.112131
8.49 -8.68449 13.9809 -0.945713 0.115404
8.5 -8.66349 13.8199 -0.93768 0.108436
8.51 -8.66481 13.6562 -0.945183 0.111321
8.52 -8.55576 13.2517 -0.936868 0.103214
8.53 -8.5461 13.4592 -0.932284 0.0954135
8.54 -8.66759 13.8072 -0.943234 0.0924796
8.55 -8.67834 13.9144 -0.949601 0.090943
8.56 -8.74021 13.7849 -0.946586 0.091654
8.57 -8.62166 13.9379 -0.94426 0.0837611
8.58 -8.53867 13.8921 -0.943311 0.0781862
8.59 -8.50549 13.9965 -0.947879 0.0745197
8.6 -8.55315 13.9115 -0.936333 0.0693012
8.61 -8.39495 14.0505 -0.942173 0.0523043
8.62 -8.56896 13.9159 -0.927877 0.0477246
8.63 -8.69947 14.2319 -0.948829 0.0929534
8.64 -8.66851 13.879 -0.948756 0.0517707
8.65 -8.46996 13.9201 -0.928109 0.0405401
8.66 -8.52349 13.7487 -0.934079 0.0588854
8.67 -8.75234 14.0021 -0.958459 0.0564231
8.68 -8.56633 13.696 -0.939139 0.0601412
8.69 -8.40591 13.8964 -0.939149 0.0678204
8.7 -8.54713 13.6929 -0.940933 0.0673443
8.71 -8.69288 14.1103 -0.955686 0.0721526
8.72 -8.81536 14.0165 -0.96246 0.081361
8.73 -8.59251 14.2046 -0.962223 0.0922799
8.74 -8.55125 13.9977 -0.948009 0.0906862
8.75 -8.5252 14.1493 -0.960976 0.0917272
8.76 -8.62122 14.0311 -0.959642 0.0979724
8.77 -8.66246 14.4663 -0.976232 0.102275
8.78 -8.68449 14.4766 -0.975424 0.107254
8.79 -8.71212 14.2985 -0.976042 0.112574
8.8 -8.48604 14.0744 -0.967111 0.110836
8.81 -8.44128 14.1037 -0.963722 0.107073
8.82 -8.44102 13.7307 -0.95188 0.105864
8.83 -8.40383 13.7461 -0.961462 0.104638
8.84 -8.37778 13.5172 -0.952377 0.0912787
8.85 -8.40466 14.0745 -0.962958 0.0914271
8.86 -8.59209 13.9766 -0.967659 0.088957
8.87 -8.59648 14.3515 -0.984635 0.0906612
8.88 -8.56692 14.1857 -0.97319 0.0912378
8.89 -8.35268 14.1642 -0.969843 0.0893836
8.9 -8.21394 13.8122 -0.950503 0.0896979
8.91 -8.15831 14.0109 -0.954839 0.0865416
8.92 -8.1772 13.822 -0.947661 0.0846649
8.93 -8.19474 14.2881 -0.957338 0.0856168
8.94 -8.30025 14.2536 -0.957661 0.0868989
8.95 -8.43793 14.5208 -0.970981 0.0915156
8.96 -8.66189 14.2648 -0.977486 0.0944187
8.97 -8.58724 14.3803 -0.981437 0.096215
8.98 -8.57639 14.1534 -0.976962 0.103552
8.99 -8.64273 14.4407 -0.982825 0.108931
9 -8.58516 14.1676 -0.979117 0.110737
9.01 -8.6422 14.2465 -0.983016 0.113853
9.02 -8.5464 13.9845 -0.979195 0.121883
9.03 -8.56175 14.3353 -0.979094 0.121414
9.04 -8.48228 14.1182 -0.977376 0.124004
9.05 -8.37188 14.2647 -0.988379 0.122815
9.06 -8.55925 14.2782 -0.98766 0.120406
9.07 -8.56911 14.5547 -0.998644 0.119845
9.08 -8.55785 14.3158 -0.983474 0.111534
9.09 -8.41077 14.5739 -0.989457 0.0999045
9.1 -8.40023 14.3271 -0.983892 0.0970957
9.11 -8.38613 14.582 -0.990236 0.0948191
9.12 -8.42976 14.4031 -0.979703 0.0883362
9.13 -8.28057 14.3644 -0.978482 0.0777316
9.14 -8.20089 14.0229 -0.966329 0.0735117
9.15 -8.07855 14.336 -0.970555 0.072069
9.16 -8.131 14.0911 -0.955467 0.0604656
9.17 -8.07664 14.3223 -0.971395 0.0540287
9.18 -8.25531 14.3061 -0.975325 0.055444
9.19 -8.33074 14.7427 -0.984512 0.0497402
9.2 -8.38322 14.4137 -0.981889 0.0624506
9.21 -8.48101 14.6611 -0.992495 0.067785
9.22 -8.42772 14.311 -0.987038 0.046897
9.23 -8.29215 14.6305 -0.977862 0.0475542
9.24 -8.29911 14.4298 -0.989256 0.059153
9.25 -8.32871 14.6127 -0.99248 0.0580998
9.26 -8.30679 14.4285 -0.988056 0.068367
9.27 -8.33959 14.4782 -0.98634 0.0655141
9.28 -8.20709 14.199 -0.9856 0.0739827
9.29 -8.17618 14.6787 -0.985697 0.0722612
9.3 -8.20183 14.4157 -0.97883 0.0804448
9.31 -8.16285 14.4985 -0.989568 0.0847531
9.32 -8.06191 14.385 -0.979974 0.093304
9.33 -8.11309 14.5669 -0.991613 0.0914739
9.34 -8.01699 14.3291 -0.98379 0.0923908
9.35 -8.13988 14.5165 -0.992472 0.0943887
9.36 -8.26023 14.4536 -0.99878 0.100273
9.37 -8.36355 14.8235 -1.01131 0.10076
9.38 -8.4671 14.6762 -1.00527 0.101888
9.39 -8.42089 15.0573 -1.02218 0.0963762
9.4 -8.5628 14.798 -1.01545 0.0974737
9.41 -8.49139 15.0027 -1.02695 0.0976541
9.42 -8.38828 14.7184 -1.01843 0.0938949
9.43 -8.28502 14.6912 -1.01677 0.0892169
9.44 -8.13599 14.5004 -1.01277 0.0851128
9.45 -8.13825 14.6857 -1.01191 0.0752381
9.46 -8.0426 14.4583 -1.00193 0.0820595
9.47 -7.95033 14.6554 -1.00243 0.0779986
9.48 -7.96204 14.3698 -0.996387 0.0840637
9.49 -7.89403 14.6547 -0.996437 0.0770994
9.5 -7.95529 14.5003 -1.00235 0.0833423
9.51 -8.04775 14.71 -1.01392 0.086616
9.52 -8.1926 14.5192 -1.01394 0.0940869
9.53 -8.13833 15.0266 -1.01691 0.0970149
9.54 -8.12475 14.659 -1.01966 0.0983679
9.55 -8.04571 14.8256 -1.0194 0.0980567
9.56 -8.04366 14.6885 -1.01681 0.103772
9.57 -8.01041 14.8932 -1.01895 0.104377
9.58 -8.07925 14.5802 -1.01093 0.106202
9.59 -8.10709 14.8548 -1.02359 0.104015
9.6 -8.25326 14.7548 -1.02093 0.110307
9.61 -8.21174 15.1117 -1.02477 0.112353
9.62 -8.23125 14.8349 -1.01952 0.113281
9.63 -8.10061 15.0429 -1.02615 0.11511
9.64 -8.07152 14.7829 -1.02035 0.114821
9.65 -8.06578 14.9617 -1.02277 0.111231
9.66 -8.15995 14.842 -1.0204 0.117051
9.67 -8.15636 15.228 -1.03039 0.115317
9.68 -8.31127 14.8579 -1.03226 0.116357
9.69 -8.25558 15.1681 -1.03459 0.113261
9.7 -8.17418 14.7987 -1.03063 0.114095
9.71 -8.04157 15.033 -1.03247 0.110019
9.72 -8.04549 14.7894 -1.01701 0.109262
9.73 -7.96388 14.9993 -1.03079 0.101496
9.74 -7.93182 14.6635 -1.01376 0.10108
9.75 -7.93133 14.9854 -1.02782 0.0942877
9.76 -7.96095 14.8172 -1.02102 0.0936794
9.77 -7.90459 14.9368 -1.0263 0.0878896
9.78 -7.88461 14.8083 -1.01961 0.0885676
9.79 -7.98341 15.1861 -1.03126 0.082331
9.8 -7.97811 15.0635 -1.03003 0.0859766
9.81 -7.96596 15.1449 -1.0274 0.0805859
9.82 -7.94496 14.8028 -1.02773 0.0760386
9.83 -7.98889 15.0012 -1.03419 0.0729566
9.84 -7.9496 15.0293 -1.02739 0.0670673
9.85 -7.99203 15.1994 -1.03682 0.0689687
9.86 -7.98687 15.1213 -1.02657 0.0667547
9.87 -7.88576 15.1947 -1.03644 0.0656111
9.88 -7.86717 15.0777 -1.0287 0.0717684
9.89 -7.89822 15.2508 -1.03508 0.0753188
9.9 -7.97446 15.1194 -1.04158 0.0849079
9.91 -8.05787 15.3821 -1.04766 0.0760447
9.92 -8.08352 15.2483 -1.04781 0.083519
9.93 -8.15923 15.1726 -1.05877 0.0835304
9.94 -8.09878 15.2587 -1.06109 0.0886097
9.95 -8.07052 15.4233 -1.05681 0.0874946
9.96 -7.95003 15.1957 -1.05164 0.0938723
9.97 -7.89025 15.3539 -1.05219 0.089367
9.98 -7.92503 15.1387 -1.05522 0.0929811
9.99 -7.85724 15.381 -1.05426 0.0935565
10 -7.85124 15.1058 -1.05015 0.0953646
10.01 -7.82895 15.3222 -1.06122 0.0918225
10.02 -7.85043 14.9578 -1.055 0.0956613
10.03 -7.85251 15.1922 -1.06084 0.0920992
10.04 -7.72919 14.9942 -1.05938 0.0943617
10.05 -7.72098 15.2806 -1.05846 0.0887484
10.06 -7.76343 15.0248 -1.05971 0.0910402
10.07 -7.755 15.2796 -1.06483 0.0883477
10.08 -7.77751 15.1506 -1.06418 0.0882437
10.09 -7.79137 15.4733 -1.06816 0.0822716
10.1 -7.79169 15.1248 -1.06573 0.0840347
10.11 -7.80839 15.3029 -1.0734 0.0800518
10.12 -7.78523 15.1639 -1.06757 0.0845056
10.13 -7.81329 15.4011 -1.08032 0.0823385
10.14 -7.82445 15.3561 -1.07397 0.0876943
10.15 -7.84329 15.3498 -1.07477 0.0847701
10.16 -7.73231 15.1739 -1.07151 0.0891343
10.17 -7.78529 15.3396 -1.07833 0.0889746
10.18 -7.67774 15.0205 -1.07778 0.096149
10.19 -7.64737 15.3646 -1.07727 0.0913981
10.2 -7.68283 15.2521 -1.07778 0.100569
10.21 -7.7374 15.4392 -1.08062 0.102091
10.22 -7.6264 15.1006 -1.08196 0.108824
10.23 -7.65548 15.4636 -1.08441 0.104562
10.24 -7.71439 15.1213 -1.08684 0.110188
10.25 -7.68241 15.4354 -1.08989 0.109672
10.26 -7.75269 15.0942 -1.09015 0.11611
10.27 -7.69523 15.4022 -1.09699 0.111747
10.28 -7.77615 15.2959 -1.09502 0.114641
10.29 -7.6708 15.6705 -1.09716 0.105663
10.3 -7.70857 15.1652 -1.09555 0.11363
10.31 -7.61199 15.5213 -1.09713 0.105077
10.32 -7.57327 15.2728 -1.09925 0.110717
10.33 -7.58871 15.5214 -1.09732 0.105086
10.34 -7.6485 15.2235 -1.09513 0.114924
10.35 -7.68851 15.5079 -1.09801 0.108528
10.36 -7.592 15.2938 -1.09707 0.112049
10.37 -7.70244 15.7279 -1.10979 0.106279
10.38 -7.84944 15.407 -1.10482 0.114089
10.39 -7.97478 15.5909 -1.12227 0.113582
10.4 -7.8678 15.3787 -1.12134 0.117962
10.41 -7.83969 15.696 -1.12775 0.118708
10.42 -7.84839 15.4431 -1.11931 0.122664
10.43 -7.63762 15.8489 -1.12213 0.119948
10.44 -7.58803 15.3858 -1.1095 0.120242
10.45 -7.53127 15.687 -1.11584 0.122647
10.46 -7.38229 15.2251 -1.10427 0.123328
10.47 -7.4589 15.4251 -1.11387 0.121505
10.48 -7.49264 15.0303 -1.10598 0.129501
10.49 -7.56607 15.5743 -1.12009 0.122568
10.5 -7.59675 15.2991 -1.12009 0.124399
10.51 -7.55918 15.9113 -1.13605 0.1132
10.52 -7.7006 15.1508 -1.13491 0.114717
10.53 -7.72766 15.6876 -1.14079 0.113967
10.54 -7.58786 15.3307 -1.13785 0.110999
10.55 -7.55054 15.7234 -1.13286 0.102912
10.56 -7.46239 15.3598 -1.1269 0.106679
10.57 -7.43732 15.7924 -1.12695 0.0999102
10.58 -7.43348 15.3579 -1.1294 0.105835
10.59 -7.55427 15.7694 -1.13401 0.0983116
10.6 -7.46964 15.0624 -1.12192 0.107701
10.61 -7.43478 15.6557 -1.13089 0.0964595
10.62 -7.51611 15.3434 -1.12364 0.0987572
10.63 -7.46002 15.5623 -1.12848 0.0964341
10.64 -7.49444 14.9385 -1.12902 0.100517
10.65 -7.57031 15.7031 -1.1366 0.0920403
10.66 -7.63022 15.1659 -1.1459 0.102592
10.67 -7.71477 15.9302 -1.15552 0.0941314
10.68 -7.66459 15.5495 -1.15186 0.0983494
10.69 -7.53668 15.8991 -1.1515 0.0960414
10.7 -7.41462 15.3874 -1.14379 0.0996915
10.71 -7.35798 15.5867 -1.13635 0.0972655
10.72 -7.18446 14.8518 -1.13056 0.100645
10.73 -7.10591 15.3037 -1.1251 0.0933911
10.74 -7.12548 15.0173 -1.12582 0.0990173
10.75 -7.162 15.6389 -1.14197 0.093363
10.76 -7.24785 14.9363 -1.14344 0.105414
10.77 -7.17867 15.8244 -1.14104 0.0926834
10.78 -7.17563 15.126 -1.13931 0.107173
10.79 -7.07809 15.7122 -1.13897 0.0920708
10.8 -6.93884 14.6431 -1.13473 0.105725
10.81 -7.04929 15.3473 -1.13198 0.0954957
10.82 -7.16524 15.1353 -1.14291 0.101296
10.83 -7.39603 15.6386 -1.16228 0.0927251
10.84 -7.48808 15.3458 -1.16191 0.0950436
10.85 -7.49297 15.9075 -1.17923 0.0969026
10.86 -7.44317 15.4812 -1.17157 0.0968527
10.87 -7.30066 15.9776 -1.16965 0.0934265
10.88 -6.97742 15.0027 -1.14781 0.0972651
10.89 -6.90558 15.6363 -1.14501 0.0880476
10.9 -6.85582 14.9275 -1.14227 0.0962407
10.91 -6.94118 15.5118 -1.15295 0.0909456
10.92 -7.00731 14.9164 -1.15675 0.100991
10.93 -7.15303 15.6865 -1.16572 0.0959354
10.94 -7.15795 14.9697 -1.16891 0.109599
10.95 -7.21323 15.6562 -1.18085 0.0993594
10.96 -7.23918 14.9639 -1.17342 0.106707
10.97 -7.15371 15.6927 -1.179 0.0984877
10.98 -7.01007 15.0956 -1.16558 0.106181
10.99 -7.10407 15.7497 -1.17304 0.0988684
11 -6.97712 14.8224 -1.16603 0.108856
11.01 -7.00104 15.4807 -1.17099 0.103169
11.02 -6.8945 14.8191 -1.16227 0.116776
11.03 -7.03493 15.7429 -1.18019 0.103846
11.04 -7.14748 15.023 -1.17963 0.116776
11.05 -7.13236 16.0577 -1.18842 0.102964
11.06 -7.00309 15.1706 -1.18203 0.114686
11.07 -6.99331 15.717 -1.18969 0.108458
11.08 -7.01642 15.1102 -1.18415 0.111659
11.09 -6.92414 15.8733 -1.18598 0.101361
11.1 -6.78233 14.9179 -1.17513 0.116775
11.11 -6.78396 15.7524 -1.18408 0.105343
11.12 -6.81058 14.982 -1.17938 0.110563
11.13 -6.89577 15.6484 -1.19409 0.0990405
11.14 -6.99198 15.0283 -1.20009 0.115852
11.15 -7.17101 16.2283 -1.22082 0.101542
11.16 -7.3058 15.4809 -1.22823 0.119958
11.17 -7.22356 16.1488 -1.23152 0.108734
11.18 -7.02549 15.0688 -1.21871 0.12697
11.19 -7.06666 16.0662 -1.22113 0.103848
11.2 -7.04832 14.9469 -1.22068 0.1214
11.21 -7.07283 16.0515 -1.23152 0.105179
11.22 -7.14488 15.4042 -1.23082 0.117287
11.23 -7.14944 16.2412 -1.24518 0.106731
11.24 -7.13253 15.1455 -1.23983 0.127194
11.25 -7.06761 15.7937 -1.24593 0.115967
11.26 -6.93803 15.179 -1.2374 0.124114
11.27 -6.87695 16.0571 -1.23797 0.116432
11.28 -6.81748 15.039 -1.23075 0.12845
11.29 -6.71871 16.0147 -1.23045 0.11285
11.3 -6.61306 14.981 -1.22643 0.126156
11.31 -6.78099 15.9218 -1.23646 0.112873
11.32 -6.78291 15.1502 -1.24185 0.127356
11.33 -6.86532 16.2159 -1.24906 0.110694
11.34 -6.91914 15.1748 -1.25713 0.13047
11.35 -6.95094 16.1469 -1.2599 0.113668
11.36 -6.84746 15.1093 -1.25816 0.124428
11.37 -6.82032 16.1101 -1.26608 0.112756
11.38 -6.92118 15.2302 -1.26929 0.129724
11.39 -6.88014 16.365 -1.27717 0.109684
11.4 -6.86934 15.2502 -1.27047 0.130523
11.41 -6.84235 16.2843 -1.27605 0.116716
11.42 -6.82393 15.1622 -1.27018 0.132966
11.43 -6.78584 15.9007 -1.27561 0.120143
11.44 -6.80033 15.1047 -1.27525 0.131588
11.45 -6.84451 16.2646 -1.28 0.115886
11.46 -6.79023 15.1688 -1.27836 0.13591
11.47 -6.73908 16.1427 -1.27985 0.119475
11.48 -6.60834 15.1975 -1.27245 0.130299
11.49 -6.53585 15.9847 -1.26948 0.113229
11.5 -6.44435 14.9648 -1.26524 0.134152
11.51 -6.55033 16.1278 -1.27398 0.120139
11.52 -6.7584 15.1785 -1.28748 0.140139
11.53 -6.87723 16.6453 -1.29783 0.118812
11.54 -6.88307 15.5873 -1.30255 0.139415
11.55 -6.80897 16.6005 -1.30851 0.123842
11.56 -6.74536 15.3481 -1.29304 0.139882
11.57 -6.5515 16.0794 -1.29128 0.122319
11.58 -6.51837 14.9966 -1.27243 0.130119
11.59 -6.5411 16.0873 -1.28851 0.116417
11.6 -6.80844 15.252 -1.30257 0.138216
11.61 -7.11532 16.6484 -1.33233 0.11999
11.62 -7.26568 15.5906 -1.34535 0.141117
11.63 -7.18635 16.9746 -1.35538 0.125035
11.64 -7.18814 15.7515 -1.35293 0.14748
11.65 -7.04107 16.7745 -1.3597 0.126437
11.66 -6.79518 15.4724 -1.33759 0.145227
11.67 -6.46658 16.4374 -1.32054 0.123003
11.68 -6.25381 14.9651 -1.3046 0.140438
11.69 -6.20953 16.0769 -1.30257 0.118594
11.7 -6.31929 15.0104 -1.30627 0.135424
11.71 -6.54641 16.3521 -1.32467 0.117522
11.72 -6.77891 15.3699 -1.34257 0.140087
11.73 -6.91981 16.8174 -1.35679 0.118779
11.74 -6.96094 15.6996 -1.3654 0.147764
11.75 -6.94533 16.7655 -1.36419 0.131401
11.76 -6.86033 15.5115 -1.36497 0.145464
11.77 -6.74543 16.6839 -1.35875 0.124994
11.78 -6.56129 15.5025 -1.35053 0.148587
11.79 -6.54494 16.4321 -1.34749 0.128764
11.8 -6.44403 15.043 -1.34389 0.151027
11.81 -6.51396 16.5282 -1.35078 0.129679
11.82 -6.72906 15.2797 -1.36365 0.158654
11.83 -6.93511 16.76 -1.38653 0.135344
11.84 -7.18121 15.7268 -1.40449 0.160347
11.85 -7.18293 17.2575 -1.42016 0.133077
11.86 -7.22625 15.9346 -1.4237 0.161843
11.87 -6.92978 16.9767 -1.4222 0.130528
11.88 -6.74665 15.7013 -1.4008 0.154039
11.89 -6.53572 16.6825 -1.39128 0.131141
11.9 -6.30934 15.178 -1.37602 0.151483
11.91 -6.17066 16.3577 -1.36973 0.125441
11.92 -6.13249 15.2283 -1.36358 0.147598
11.93 -6.1986 16.4165 -1.37361 0.126827
11.94 -6.40941 15.089 -1.37824 0.154072
11.95 -6.54948 16.4753 -1.39233 0.129777
11.96 -6.76867 15.5201 -1.40971 0.156976
11.97 -6.87487 17.0938 -1.43009 0.132841
11.98 -6.87266 15.9202 -1.43487 0.161302
11.99 -6.68807 16.9967 -1.43133 0.139367
12 -6.46823 15.4416 -1.40726 0.162577
12.01 -6.24629 16.4747 -1.39995 0.13722
12.02 -6.1569 15.1986 -1.39509 0.160435
12.03 -6.35496 16.4618 -1.40846 0.140642
12.04 -6.5292 15.404 -1.42462 0.161783
12.05 -6.71709 16.8564 -1.44143 0.14349
12.06 -6.77081 15.8032 -1.45466 0.166643
12.07 -6.79305 17.1225 -1.46006 0.14593
12.08 -6.70298 15.5016 -1.44964 0.163766
12.09 -6.55517 16.7821 -1.44626 0.141636
12.1 -6.45212 15.4829 -1.44335 0.162305
12.11 -6.42322 16.8591 -1.45153 0.142051
12.12 -6.59923 15.6435 -1.45009 0.169318
12.13 -6.55744 16.7881 -1.45955 0.144201
12.14 -6.52605 15.5622 -1.45044 0.164998
12.15 -6.40098 16.8803 -1.4575 0.142948
12.16 -6.44325 15.7562 -1.45062 0.168923
12.17 -6.41337 16.9074 -1.46119 0.147604
12.18 -6.24128 15.5099 -1.44612 0.165166
12.19 -6.08054 16.5874 -1.43994 0.144112
12.2 -6.0257 15.2864 -1.42996 0.164345
12.21 -6.21103 16.3642 -1.44516 0.14484
12.22 -6.41047 15.4747 -1.45415 0.167019
12.23 -6.5884 17.1502 -1.47658 0.148089
12.24 -6.70166 16.0815 -1.48457 0.173745
12.25 -6.63628 17.0495 -1.48963 0.153909
12.26 -6.3201 15.5804 -1.46373 0.172544
12.27 -5.99307 16.6717 -1.44696 0.147914
12.28 -6.06987 15.6674 -1.41912 0.1693
12.29 -5.95087 17.1768 -1.31285 0.145228
12.3 -5.64659 15.371 -1.28003 0.153757
12.31 -5.86229 16.8498 -1.32116 0.128048
12.32 -6.0467 15.8755 -1.33325 0.154715
12.33 -6.2213 16.9774 -1.34695 0.138131
12.34 -6.29604 15.8474 -1.35191 0.15029
12.35 -6.18622 17.3361 -1.36739 0.129291
12.36 -6.20257 16.117 -1.36461 0.153896
12.37 -6.1021 17.0738 -1.36575 0.127677
12.38 -5.93945 15.7783 -1.35346 0.150414
12.39 -5.7784 17.1098 -1.35451 0.125402
12.4 -5.78777 15.8355 -1.35087 0.14992
12.41 -5.9274 16.7777 -1.35723 0.127319
12.42 -5.94631 15.5778 -1.3569 0.151964
12.43 -6.08383 17.1553 -1.37793 0.130392
12.44 -6.36756 16.2196 -1.40384 0.157653
12.45 -6.5779 17.6139 -1.42617 0.138031
12.46 -6.51304 16.3612 -1.42799 0.163847
12.47 -6.2567 17.7606 -1.42082 0.134977
12.48 -5.93966 16.2918 -1.40171 0.164093
12.49 -5.6369 17.1323 -1.38518 0.134668
12.5 -5.30648 15.4029 -1.3535 0.153843
12.51 -5.01232 16.4972 -1.33842 0.131387
12.52 -5.13665 15.2504 -1.34049 0.15144
12.53 -5.395 16.6953 -1.35875 0.129384
12.54 -5.6468 15.6799 -1.37913 0.154431
12.55 -6.0985 17.2951 -1.41172 0.134369
12.56 -6.37874 16.2856 -1.43515 0.162391
12.57 -6.55663 17.7259 -1.45191 0.136934
12.58 -6.65858 16.3493 -1.4547 0.167387
12.59 -6.48294 17.3995 -1.45385 0.141246
12.6 -6.32524 16.3659 -1.4457 0.164196
12.61 -6.17509 17.4924 -1.45035 0.139018
12.62 -6.06426 15.7913 -1.43649 0.163874
12.63 -5.83211 16.7157 -1.42613 0.140067
12.64 -5.76598 15.4714 -1.42256 0.160423
12.65 -5.94491 17.0546 -1.44543 0.141826
12.66 -6.30977 16.2845 -1.47136 0.168896
12.67 -6.52366 17.5833 -1.49479 0.147567
12.68 -6.38908 16.5126 -1.49463 0.170507
12.69 -6.17083 17.5611 -1.49525 0.142678
12.7 -5.88857 16.3238 -1.47928 0.166145
12.71 -5.65844 17.1406 -1.47014 0.144332
12.72 -5.36243 15.8024 -1.45246 0.163474
12.73 -5.13949 16.7099 -1.44176 0.140901
12.74 -5.14049 15.5229 -1.42898 0.163364
12.75 -5.25608 16.7833 -1.44628 0.14104
12.76 -5.5817 15.6499 -1.45904 0.163069
12.77 -5.96201 17.0426 -1.48669 0.143222
12.78 -6.31614 16.586 -1.51254 0.168404
12.79 -6.6255 17.894 -1.55043 0.152234
12.8 -6.70699 16.6366 -1.5612 0.17569
12.81 -6.4163 17.7866 -1.55704 0.15249
12.82 -6.15791 16.5852 -1.54579 0.175201
12.83 -5.8906 17.6996 -1.53729 0.153231
12.84 -5.70459 16.1789 -1.5157 0.175258
12.85 -5.35588 16.6785 -1.50156 0.152254
12.86 -5.12097 15.5279 -1.47892 0.172908
12.87 -5.20833 16.9138 -1.49039 0.148551
12.88 -5.6107 16.034 -1.51603 0.176787
12.89 -6.04065 17.2238 -1.5459 0.158036
12.9 -6.17707 16.2442 -1.56166 0.181353
12.91 -6.34002 17.8264 -1.58708 0.162304
12.92 -6.59765 17.161 -1.60326 0.185135
12.93 -6.66737 18.0338 -1.61473 0.164517
12.94 -6.4018 16.5119 -1.59381 0.184841
12.95 -5.91635 17.5687 -1.58031 0.160962
12.96 -5.82687 16.479 -1.56825 0.184713
12.97 -5.86161 17.2042 -1.58162 0.164355
12.98 -5.75918 16.0212 -1.57547 0.187628
12.99 -5.73165 17.0813 -1.57958 0.1675
13 -5.90068 16.1715 -1.59316 0.188764
13.01 -6.13891 17.5906 -1.6221 0.172162
13.02 -6.38074 16.6283 -1.6404 0.195558
13.03 -6.37887 17.9732 -1.66153 0.177919
13.04 -6.41023 17.0464 -1.66101 0.199453
13.05 -6.2066 17.7169 -1.65835 0.178867
13.06 -5.89859 16.3034 -1.63818 0.197525
13.07 -5.54578 17.3414 -1.62821 0.17415
13.08 -5.59932 16.2153 -1.62004 0.19931
13.09 -5.66928 17.0818 -1.6345 0.174942
13.1 -5.65031 16.2475 -1.63986 0.195671
13.11 -5.86208 17.5176 -1.65513 0.179727
13.12 -6.03565 16.7554 -1.67044 0.199884
13.13 -6.09379 17.8081 -1.68312 0.186165
13.14 -6.0268 16.6285 -1.67792 0.201043
13.15 -5.88374 17.5434 -1.67702 0.181975
13.16 -5.8514 16.5384 -1.67362 0.201265
13.17 -5.96762 17.4366 -1.68392 0.184876
13.18 -5.94333 16.054 -1.67623 0.212236
13.19 -5.99079 17.4645 -1.693 0.189987
13.2 -6.28335 16.7654 -1.7148 0.214922
13.21 -6.66325 18.0685 -1.75171 0.196709
13.22 -6.8035 17.1351 -1.76156 0.225117
13.23 -6.59854 18.1592 -1.77371 0.204023
13.24 -6.47404 17.0442 -1.7658 0.223581
13.25 -6.28971 17.9482 -1.7664 0.209086
13.26 -6.09287 16.7565 -1.75904 0.226829
13.27 -5.73184 17.6827 -1.75692 0.202528
13.28 -5.67746 16.527 -1.74524 0.220813
13.29 -5.61251 17.3718 -1.75736 0.204754
13.3 -5.68843 16.2328 -1.75116 0.222732
13.31 -5.72318 17.5356 -1.77139 0.202499
13.32 -5.99417 16.7204 -1.78676 0.224764
13.33 -6.27949 17.7973 -1.82241 0.214692
13.34 -6.56065 17.0193 -1.8329 0.237399
13.35 -6.3782 18.2396 -1.8507 0.221981
13.36 -6.37269 17.1938 -1.85378 0.23877
13.37 -6.21546 17.9735 -1.85476 0.22757
13.38 -6.11115 16.8529 -1.85025 0.24414
13.39 -5.83149 17.973 -1.85518 0.224739
13.4 -5.81128 16.6205 -1.85136 0.247515
13.41 -5.84534 17.4591 -1.86678 0.22814
13.42 -5.79084 16.478 -1.86623 0.249978
13.43 -5.92885 17.7771 -1.88403 0.228988
13.44 -6.26153 16.8719 -1.90458 0.252915
13.45 -6.3669 17.9615 -1.92856 0.238865
13.46 -6.38302 17.0262 -1.93468 0.255361
13.47 -6.40916 18.0023 -1.94611 0.239891
13.48 -6.35349 16.7586 -1.94492 0.260636
13.49 -6.33823 17.8771 -1.95425 0.241887
13.5 -6.28009 17.035 -1.95015 0.258777
13.51 -6.42703 17.8772 -1.9706 0.241656
13.52 -6.43155 17.0097 -1.97386 0.264892
13.53 -6.28459 18.0241 -1.9817 0.249722
13.54 -6.20139 17.1509 -1.98392 0.269495
13.55 -6.19064 18.0119 -1.98896 0.252225
13.56 -5.83702 16.6921 -1.97557 0.270546
13.57 -5.48693 17.7048 -1.96715 0.25346
13.58 -5.39844 16.5667 -1.95407 0.27089
13.59 -5.39687 17.3733 -1.96481 0.254392
13.6 -5.53414 16.1289 -1.95906 0.276108
13.61 -5.64332 17.1744 -1.98301 0.257852
13.62 -5.96911 16.9787 -2.0154 0.283281
13.63 -6.57816 18.4728 -2.05446 0.269169
13.64 -6.92363 17.4236 -2.07397 0.295968
13.65 -6.70465 18.4347 -2.0827 0.278194
13.66 -6.49572 17.4577 -2.07636 0.29112
13.67 -6.39859 18.3064 -2.08127 0.277111
13.68 -6.35571 16.7485 -2.07603 0.299249
13.69 -6.15047 17.6035 -2.08053 0.277551
13.7 -5.9349 16.908 -2.08087 0.302473
13.71 -6.16021 18.1365 -2.10059 0.284029
13.72 -6.44398 16.9716 -2.11534 0.308563
13.73 -6.32066 17.7992 -2.12699 0.292813
13.74 -6.10755 17.085 -2.12394 0.307184
13.75 -6.37279 18.2104 -2.14432 0.293308
13.76 -6.60668 17.0449 -2.16512 0.316978
13.77 -6.64008 18.1928 -2.18758 0.304241
13.78 -6.58466 17.3868 -2.19811 0.330077
13.79 -6.68342 18.6268 -2.21289 0.306508
13.8 -6.48546 17.4426 -2.21443 0.328075
13.81 -6.1722 18.3044 -2.2146 0.309679
13.82 -5.88969 17.0263 -2.20105 0.331057
13.83 -5.58913 18.0506 -2.19222 0.310249
13.84 -5.45245 16.6781 -2.18593 0.331278
13.85 -5.27992 17.6777 -2.18182 0.318502
13.86 -5.35429 16.2416 -2.17965 0.336659
13.87 -5.3298 17.5993 -2.19275 0.316018
13.88 -5.64698 16.7154 -2.2062 0.342032
13.89 -6.14948 17.7995 -2.24059 0.327061
13.9 -6.52454 17.0103 -2.26725 0.3541
13.91 -6.77717 18.475 -2.29787 0.331709
13.92 -7.06739 17.9068 -2.32437 0.357246
13.93 -7.33124 19.1696 -2.35062 0.336814
13.94 -7.17337 17.6954 -2.35909 0.362414
13.95 -6.77401 18.794 -2.35173 0.341218
13.96 -6.14352 17.1465 -2.32308 0.362379
13.97 -5.85316 17.907 -2.31245 0.340058
13.98 -5.68904 16.3143 -2.30227 0.362925
13.99 -5.60371 17.3615 -2.31319 0.345341
14 -5.88313 16.7252 -2.33203 0.364038
14.01 -6.39879 18.2963 -2.38144 0.350382
14.02 -6.79694 17.4925 -2.42074 0.379589
14.03 -6.93699 18.9591 -2.45257 0.368475
14.04 -6.83781 17.9428 -2.45607 0.390732
14.05 -6.65083 18.5905 -2.44939 0.36761
14.06 -6.14183 16.8651 -2.42625 0.387185
14.07 -5.56448 17.7255 -2.40973 0.366862
14.08 -5.32813 16.6101 -2.39462 0.385846
14.09 -5.28006 17.7991 -2.39918 0.364585
14.1 -5.24669 16.5267 -2.39818 0.390377
14.11 -5.39994 17.5255 -2.41441 0.367842
14.12 -5.38728 16.4747 -2.4229 0.392617
14.13 -5.58043 17.8006 -2.43725 0.376284
14.14 -5.68997 16.8712 -2.44791 0.396632
14.15 -5.70869 18.0737 -2.45326 0.383762
14.16 -5.59269 16.9331 -2.44591 0.39952
14.17 -5.52406 17.8143 -2.44021 0.382974
14.18 -5.33867 16.3153 -2.41895 0.406279
14.19 -5.24868 17.6114 -2.41869 0.382912
14.2 -5.39813 16.5072 -2.42206 0.399352
14.21 -5.64737 18.0033 -2.43688 0.385308
14.22 -5.90199 16.8293 -2.44652 0.405139
14.23 -5.89012 17.885 -2.44822 0.382481
14.24 -5.83373 16.9984 -2.44943 0.405292
14.25 -5.8699 18.1543 -2.45375 0.386946
14.26 -5.99415 16.7651 -2.45378 0.410704
14.27 -5.89431 17.8007 -2.45188 0.387088
14.28 -5.75119 16.369 -2.44145 0.40673
14.29 -5.73725 17.5424 -2.45523 0.387183
14.3 -5.87247 16.6001 -2.46435 0.410872
14.31 -6.16582 18.1983 -2.49159 0.381077
14.32 -6.13496 16.8097 -2.50342 0.413975
14.33 -5.87814 18.0732 -2.51316 0.391344
14.34 -5.65481 16.7053 -2.49916 0.414789
14.35 -5.49694 17.7785 -2.49728 0.390792
14.36 -5.27669 16.0596 -2.48535 0.415162
14.37 -5.12042 17.4814 -2.48387 0.389341
14.38 -5.36694 15.7629 -2.49601 0.416251
14.39 -5.84528 17.6493 -2.53205 0.391911
14.4 -6.24365 16.6853 -2.56818 0.425144
14.41 -6.65096 18.347 -2.60869 0.409757
14.42 -6.70793 16.9695 -2.62405 0.438562
14.43 -6.26201 18.3446 -2.62242 0.415102
14.44 -5.70613 16.3724 -2.59504 0.441922
14.45 -4.9275 17.3532 -2.56917 0.414767
14.46 -4.62627 15.5063 -2.53343 0.440587
14.47 -4.28823 16.813 -2.52112 0.411095
14.48 -4.48754 15.1007 -2.51963 0.441696
14.49 -4.77796 17.1571 -2.55064 0.408081
14.5 -5.36945 16.1748 -2.58279 0.442692
14.51 -5.93865 18.2919 -2.61853 0.413056
14.52 -6.12735 16.6919 -2.63649 0.453555
14.53 -5.86697 18.1554 -2.63192 0.418827
14.54 -5.62153 16.5516 -2.6067 0.445831
14.55 -5.33085 17.5426 -2.58863 0.417362
14.56 -5.03671 15.8962 -2.57443 0.450992
14.57 -4.98117 17.3547 -2.57191 0.414719
14.58 -5.08736 15.6073 -2.56829 0.445686
14.59 -5.16089 17.188 -2.58816 0.426127
14.6 -5.36982 16.209 -2.59979 0.450316
14.61 -5.735 17.9417 -2.62255 0.423544
14.62 -5.84338 16.2732 -2.64117 0.455964
14.63 -5.84705 17.9617 -2.65299 0.433908
14.64 -5.74564 16.6593 -2.65884 0.462566
14.65 -5.81347 17.986 -2.66705 0.436055
14.66 -5.67166 16.0196 -2.65423 0.467935
14.67 -5.48062 17.4305 -2.66105 0.435351
14.68 -5.45245 16.1477 -2.66723 0.464972
14.69 -5.84491 17.693 -2.70097 0.447411
14.7 -6.04131 16.3697 -2.72254 0.47635
14.71 -5.90394 17.6641 -2.73842 0.450878
14.72 -5.73355 16.3447 -2.73217 0.480352
14.73 -5.53244 17.7515 -2.7454 0.455362
14.74 -5.63741 16.2091 -2.7459 0.486524
14.75 -5.56343 17.6195 -2.75958 0.463774
14.76 -5.41461 16.3254 -2.75824 0.486545
14.77 -5.47643 17.4961 -2.76029 0.466129
14.78 -5.47936 15.8781 -2.76261 0.496324
14.79 -5.33126 17.2123 -2.76924 0.472557
14.8 -5.14728 16.1769 -2.76479 0.494238
14.81 -5.42438 17.5635 -2.77391 0.470852
14.82 -5.51215 15.9953 -2.7775 0.498204
14.83 -5.32267 17.2746 -2.78366 0.464712
14.84 -5.39126 15.8911 -2.78333 0.490957
14.85 -5.55707 17.5214 -2.80318 0.467723
14.86 -5.86029 16.2095 -2.82593 0.503876
14.87 -5.87526 18.1982 -2.83919 0.472857
14.88 -5.88645 16.4575 -2.8487 0.506376
14.89 -5.7401 17.5582 -2.84103 0.477289
14.9 -5.50464 15.9076 -2.83233 0.508939
14.91 -5.39577 17.6304 -2.83291 0.484268
14.92 -5.36825 16.0539 -2.83746 0.516187
14.93 -5.42359 17.2508 -2.84275 0.489852
14.94 -5.3452 15.8184 -2.84958 0.518944
14.95 -5.36422 17.6374 -2.85712 0.486514
14.96 -5.73422 16.2786 -2.86683 0.517651
14.97 -5.62221 17.3717 -2.8795 0.504574
14.98 -5.59007 15.9892 -2.88597 0.530739
14.99 -5.51264 17.7383 -2.89205 0.50029
15 -5.69279 16.2655 -2.89985 0.528617
15.01 -5.79561 17.3303 -2.91554 0.511575
15.02 -5.67207 15.6718 -2.91774 0.538673
15.03 -5.55835 17.7425 -2.93303 0.510563
15.04 -5.72301 16.5441 -2.93725 0.547135
15.05 -5.9814 17.6612 -2.96043 0.518454
15.06 -5.67653 15.8079 -2.94749 0.55069
15.07 -5.38305 17.5133 -2.94787 0.51537
15.08 -5.40322 16.1914 -2.94185 0.555428
15.09 -5.56611 17.4997 -2.96535 0.528972
15.1 -5.45106 15.8671 -2.97305 0.560397
15.11 -5.26398 17.687 -2.97923 0.527304
15.12 -5.32015 15.9791 -2.98347 0.55917
15.13 -5.48366 17.3507 -2.99625 0.537304
15.14 -5.49492 16.0547 -3.00949 0.570732
15.15 -5.53862 17.7378 -3.02312 0.534808
15.16 -5.72809 16.0339 -3.0279 0.569741
15.17 -5.77896 17.3622 -3.04325 0.544023
15.18 -5.53118 16.1959 -3.05021 0.575213
15.19 -5.63033 18.2533 -3.05707 0.541801
15.2 -5.67597 16.3469 -3.06311 0.576838
15.21 -5.5467 17.3654 -3.05259 0.544349
15.22 -5.13634 15.4984 -3.02861 0.568496
15.23 -5.01502 17.469 -3.02438 0.536885
15.24 -5.37918 15.8408 -3.03338 0.574075
15.25 -5.92795 17.2592 -3.06539 0.53839
15.26 -5.92923 15.7352 -3.0792 0.578432
15.27 -6.06515 17.7735 -3.10204 0.544196
15.28 -6.29798 16.7667 -3.12478 0.573479
15.29 -6.63038 18.3713 -3.14765 0.547415
15.3 -6.47947 16.7229 -3.15672 0.58002
15.31 -6.06242 17.9862 -3.14957 0.556407
15.32 -5.52455 16.1424 -3.13833 0.592702
15.33 -5.1502 17.2326 -3.12674 0.566748
15.34 -5.06147 15.5649 -3.13137 0.599371
15.35 -5.14023 17.3699 -3.13928 0.569859
15.36 -5.27748 15.8525 -3.15516 0.604489
15.37 -5.4249 17.4754 -3.1676 0.577808
15.38 -5.28425 16.1044 -3.17243 0.609747
15.39 -5.25008 17.8219 -3.18202 0.583057
15.4 -5.39482 16.1771 -3.18437 0.608719
15.41 -5.48337 17.5106 -3.18412 0.576257
15.42 -5.34738 15.9534 -3.17624 0.608452
15.43 -5.37625 17.7663 -3.17957 0.573017
15.44 -5.47715 16.1188 -3.1844 0.607102
15.45 -5.50757 17.5608 -3.18715 0.583924
15.46 -5.47244 15.4135 -3.18513 0.608591
15.47 -5.44105 17.0862 -3.18257 0.578111
15.48 -5.62961 15.8466 -3.1926 0.612567
15.49 -6.07373 18.0166 -3.23544 0.580832
15.5 -6.33459 16.3568 -3.26478 0.619276
15.51 -6.25085 18.2505 -3.27638 0.586812
15.52 -6.01424 16.2305 -3.2668 0.619021
15.53 -5.56197 17.9643 -3.26317 0.588601
15.54 -5.31004 16.0254 -3.24564 0.624981
15.55 -5.17317 17.3007 -3.24441 0.589392
15.56 -4.96737 15.4827 -3.23017 0.620828
15.57 -4.80168 17.4274 -3.2219 0.585736
15.58 -4.83466 15.5828 -3.21507 0.61402
15.59 -5.06852 17.2701 -3.21236 0.582789
15.6 -5.09108 15.398 -3.2016 0.606027
15.61 -4.95027 17.3506 -3.19999 0.575142
15.62 -5.14599 15.737 -3.20913 0.608836
15.63 -5.44257 18.0469 -3.22992 0.571169
15.64 -5.65129 16.1066 -3.23455 0.609613
15.65 -5.33133 17.8759 -3.21924 0.569193
15.66 -4.89761 15.6899 -3.19567 0.601862
15.67 -4.76272 17.4028 -3.17819 0.572408
15.68 -4.74449 15.4397 -3.17392 0.607314
15.69 -4.70085 16.9483 -3.17538 0.578251
15.7 -4.89828 15.394 -3.17693 0.603571
15.71 -5.13164 17.3623 -3.20173 0.57227
15.72 -5.48515 15.8804 -3.22563 0.60713
15.73 -5.7657 17.6574 -3.25053 0.573176
15.74 -5.80358 15.9459 -3.26114 0.612668
15.75 -5.70371 17.5788 -3.27224 0.579118
15.76 -5.64847 16.001 -3.28257 0.620686
15.77 -5.58482 17.8324 -3.29365 0.584018
15.78 -5.51726 15.8812 -3.29676 0.623964
15.79 -5.43424 17.9336 -3.30605 0.597084
15.8 -5.24465 15.8061 -3.30293 0.631709
15.81 -5.12821 17.6507 -3.30419 0.592405
15.82 -4.76397 15.3656 -3.29432 0.632225
15.83 -4.63992 16.8994 -3.27632 0.596356
15.84 -4.5528 15.3775 -3.274 0.627383
15.85 -4.90457 17.722 -3.27809 0.590839
15.86 -5.14047 15.912 -3.28467 0.608052
15.87 -5.25973 17.7599 -3.27605 0.572989
15.88 -5.22276 15.9585 -3.27118 0.604983
15.89 -5.11238 18.0828 -3.2768 0.566332
15.9 -5.12223 16.3226 -3.27827 0.599802
15.91 -5.06576 17.8294 -3.28333 0.569432
15.92 -4.70381 15.3998 -3.26166 0.601536
15.93 -4.27617 16.8855 -3.24051 0.557887
15.94 -4.13186 15.0049 -3.2241 0.596477
15.95 -4.5178 17.0661 -3.24344 0.566594
15.96 -4.9629 15.4129 -3.27243 0.598921
15.97 -5.2814 17.3793 -3.29954 0.566839
15.98 -5.39498 16.0729 -3.31541 0.605014
15.99 -5.56617 18.0686 -3.33348 0.568277
16 -5.61122 15.5997 -3.3392 0.610435
16.01 -5.40088 17.869 -3.3422 0.579005
16.02 -5.02394 16.0003 -3.33087 0.612451
16.03 -4.82612 17.8628 -3.33433 0.582384
16.04 -4.64502 15.7491 -3.32579 0.625403
16.05 -4.46723 16.9532 -3.31625 0.592172
16.06 -4.18444 14.5773 -3.30114 0.633256
16.07 -4.246 16.6207 -3.30891 0.59171
16.08 -4.71392 15.1103 -3.33535 0.632481
16.09 -5.40721 17.3385 -3.38746 0.593007
16.1 -5.64795 16.13 -3.42435 0.643643
16.11 -5.82534 18.3884 -3.45051 0.608285
16.12 -5.84861 16.3584 -3.46072 0.646617
16.13 -5.52989 17.3689 -3.44883 0.618608
16.14 -4.87855 15.3996 -3.42675 0.646269
16.15 -4.48969 17.3829 -3.41411 0.610209
16.16 -4.65572 15.3546 -3.42032 0.661223
16.17 -4.92766 17.4594 -3.44246 0.613608
16.18 -4.98952 14.8304 -3.45331 0.660294
16.19 -5.09705 17.5947 -3.46482 0.616484
16.2 -5.60114 15.6697 -3.49651 0.663738
16.21 -5.98654 18.3328 -3.53094 0.626476
16.22 -6.18044 16.3418 -3.54977 0.666236
16.23 -6.1223 18.5287 -3.56354 0.631112
16.24 -5.99475 16.0942 -3.56303 0.671053
16.25 -5.7189 18.0241 -3.56357 0.63714
16.26 -5.68489 15.9981 -3.57338 0.677117
16.27 -5.83432 18.2734 -3.59402 0.640173
16.28 -6.013 16.3242 -3.62055 0.692988
16.29 -6.18515 18.5415 -3.649 0.644224
16.3 -6.06158 16.7656 -3.64645 0.678793
16.31 -5.96003 18.2723 -3.65689 0.647714
16.32 -5.82792 15.993 -3.65955 0.691568
16.33 -5.68143 18.2489 -3.65856 0.653806
16.34 -5.78711 16.0315 -3.67516 0.691585
16.35 -5.9524 18.5023 -3.69857 0.650182
16.36 -6.11063 16.6487 -3.70944 0.70471
16.37 -6.15817 18.5874 -3.73087 0.666434
16.38 -5.95387 16.588 -3.72964 0.710522
16.39 -5.76423 18.3073 -3.72069 0.673911
16.4 -5.46666 15.5641 -3.69301 0.718392
16.41 -5.06282 17.2333 -3.68682 0.672773
16.42 -4.95129 15.3731 -3.68455 0.712329
16.43 -5.19614 17.4464 -3.70153 0.688212
16.44 -5.62758 15.4807 -3.72906 0.722752
16.45 -6.02461 17.6841 -3.75889 0.688843
16.46 -5.92349 16.0263 -3.76589 0.737442
16.47 -5.96912 18.5856 -3.78308 0.682514
16.48 -5.94762 16.0264 -3.78023 0.72656
16.49 -5.51489 17.7745 -3.76448 0.694907
16.5 -5.37262 15.261 -3.75819 0.722161
16.51 -4.87525 17.3738 -3.74081 0.68524
16.52 -4.90578 14.9805 -3.73853 0.729451
16.53 -5.11269 17.1691 -3.76027 0.686155
16.54 -5.18874 15.0147 -3.76806 0.727837
16.55 -5.4012 17.7144 -3.79263 0.689932
16.56 -5.74896 15.5689 -3.81648 0.727602
16.57 -5.62084 17.825 -3.82346 0.689127
16.58 -5.44098 15.7462 -3.81133 0.730882
16.59 -5.38839 17.4549 -3.81865 0.68824
16.6 -5.14629 15.7119 -3.81662 0.740442
16.61 -5.10628 17.4116 -3.82306 0.703153
16.62 -5.20232 15.2531 -3.81863 0.743485
16.63 -5.05411 16.858 -3.82765 0.704396
16.64 -4.8506 14.6021 -3.81224 0.762755
16.65 -4.91175 17.0472 -3.82999 0.706113
16.66 -5.05795 15.1691 -3.84829 0.75685
16.67 -5.50569 17.5924 -3.87651 0.722305
16.68 -5.76935 15.4396 -3.89375 0.766153
16.69 -5.71263 17.523 -3.89817 0.725413
16.7 -5.50508 15.522 -3.90316 0.76858
16.71 -5.48377 17.6159 -3.90485 0.734191
16.72 -5.47305 15.241 -3.90972 0.777229
16.73 -5.47468 17.1784 -3.90959 0.728419
16.74 -5.36611 14.8906 -3.9129 0.778153
16.75 -5.30458 17.0909 -3.91752 0.730391
16.76 -5.445 14.5359 -3.93761 0.786907
16.77 -5.59236 17.667 -3.96374 0.740546
16.78 -5.63167 15.7129 -3.97494 0.779423
16.79 -5.71178 17.4578 -3.98483 0.74739
16.8 -5.36295 14.9719 -3.97534 0.78911
16.81 -4.96486 17.077 -3.96846 0.747717
16.82 -4.78651 14.7459 -3.97419 0.793125
16.83 -5.06265 17.459 -3.99021 0.742321
16.84 -5.3025 15.3215 -4.00571 0.784043
16.85 -5.4227 16.8436 -4.01778 0.753018
16.86 -5.07205 14.976 -4.01042 0.786941
16.87 -5.00581 16.8792 -4.00128 0.749778
16.88 -5.17441 14.8303 -4.02427 0.798811
16.89 -5.65077 17.1519 -4.05389 0.759094
16.9 -5.78969 14.6957 -4.07262 0.808548
16.91 -5.72763 17.1321 -4.08734 0.757278
16.92 -5.70477 14.9846 -4.09218 0.813129
16.93 -5.78344 17.7054 -4.11595 0.765422
16.94 -5.81296 15.1845 -4.13669 0.819849
16.95 -5.73821 17.1098 -4.13944 0.774296
16.96 -5.24728 14.8619 -4.14144 0.822991
16.97 -5.18773 17.3565 -4.1507 0.78346
16.98 -5.3242 14.8811 -4.15935 0.833255
16.99 -5.35737 16.7055 -4.17308 0.794031
17 -5.05578 14.5369 -4.17764 0.836191
17.01 -4.79276 16.5281 -4.16192 0.795509
17.02 -4.86279 13.9423 -4.16261 0.846368
17.03 -5.14681 16.5635 -4.17734 0.786154
17.04 -5.11704 14.4594 -4.18619 0.83406
17.05 -5.39861 17.1177 -4.20385 0.794859
17.06 -5.50339 14.8571 -4.21468 0.829745
17.07 -5.49298 17.0607 -4.21107 0.784015
17.08 -5.29309 14.0307 -4.2017 0.834288
17.09 -5.03891 16.4206 -4.19254 0.787707
17.1 -4.9403 14.449 -4.19316 0.827215
17.11 -5.26254 17.1609 -4.21415 0.786527
17.12 -5.54514 14.4976 -4.23455 0.835528
17.13 -5.59252 16.7139 -4.25362 0.796678
17.14 -5.5252 14.2925 -4.25798 0.844272
17.15 -5.29918 16.8017 -4.26515 0.801245
17.16 -5.33695 15.0431 -4.27483 0.845728
17.17 -5.07152 17.5171 -4.28076 0.814371
17.18 -4.95457 14.2297 -4.27488 0.865799
17.19 -4.47313 15.9927 -4.2528 0.821415
17.2 -4.25894 13.3854 -4.24035 0.86901
17.21 -4.3046 15.8978 -4.24751 0.82998
17.22 -4.90546 13.9045 -4.26702 0.871293
17.23 -5.32868 16.9076 -4.31145 0.827183
17.24 -5.61342 14.7019 -4.32513 0.862573
17.25 -5.59745 17.184 -4.32934 0.827182
17.26 -5.25071 14.7412 -4.33239 0.87157
17.27 -5.03965 16.8861 -4.31743 0.823207
17.28 -4.94449 14.0081 -4.31034 0.876112
17.29 -4.64015 16.1128 -4.31053 0.82549
17.3 -4.52254 13.6742 -4.30294 0.874262
17.31 -4.55675 16.1289 -4.31279 0.823376
17.32 -4.87322 13.9058 -4.33058 0.879889
17.33 -5.08602 16.7882 -4.35661 0.829568
17.34 -5.33908 14.565 -4.37108 0.875479
17.35 -5.10019 16.934 -4.38408 0.826533
17.36 -4.99849 14.3069 -4.38034 0.883957
17.37 -4.93142 16.0427 -4.37713 0.836114
17.38 -4.99921 13.6203 -4.37938 0.894362
17.39 -5.01149 16.3964 -4.39351 0.845863
17.4 -5.28792 14.0026 -4.42309 0.900089
17.41 -5.69217 17.1194 -4.45156 0.846749
17.42 -5.74581 14.5513 -4.4712 0.906135
17.43 -5.57375 16.8459 -4.48565 0.857934
17.44 -5.06711 13.9798 -4.47944 0.914073
17.45 -4.83472 16.4292 -4.47848 0.869593
17.46 -4.82418 13.5524 -4.48513 0.923157
17.47 -4.95432 15.6963 -4.49746 0.875881
17.48 -5.14419 13.8578 -4.52135 0.928408
17.49 -5.38627 17.0786 -4.54766 0.880832
17.5 -5.91772 14.5059 -4.57342 0.930115
17.51 -5.92969 16.8114 -4.5923 0.88883
17.52 -5.70115 14.3326 -4.60344 0.934516
17.53 -5.38831 16.8585 -4.59785 0.890516
17.54 -5.19971 13.7873 -4.58818 0.938732
17.55 -5.15047 15.7237 -4.5821 0.889394
17.56 -4.67337 13.5284 -4.56847 0.936788
17.57 -4.64379 16.0952 -4.57985 0.886019
17.58 -4.93596 14.0988 -4.58833 0.934247
17.59 -5.12263 15.9661 -4.59127 0.888418
17.6 -4.75487 13.2288 -4.58626 0.945147
17.61 -4.89699 16.0707 -4.59797 0.893037
17.62 -5.0757 13.9237 -4.60688 0.949484
17.63 -5.60003 16.3914 -4.63205 0.898186
17.64 -5.68641 13.9396 -4.65259 0.950135
17.65 -5.6671 16.9234 -4.65839 0.893745
17.66 -5.51283 13.9942 -4.66571 0.936659
17.67 -5.52489 16.4157 -4.6742 0.898297
17.68 -5.35106 13.5907 -4.68946 0.948861
17.69 -5.23935 16.585 -4.6951 0.897511
17.7 -5.15765 14.0845 -4.70038 0.952987
17.71 -5.14906 15.9742 -4.69378 0.908702
17.72 -4.79701 13.0055 -4.68449 0.961808
17.73 -4.57126 15.9264 -4.68214 0.900667
17.74 -4.68126 13.065 -4.68689 0.952174
17.75 -5.13877 15.697 -4.70418 0.910137
17.76 -5.331 13.3096 -4.73693 0.967272
17.77 -5.55215 16.8723 -4.75879 0.902407
17.78 -5.7841 14.2503 -4.77285 0.964401
17.79 -5.78496 16.3447 -4.76831 0.909759
17.8 -5.16682 13.4918 -4.75306 0.97328
17.81 -4.78105 16.291 -4.75554 0.914888
17.82 -4.61042 13.5712 -4.74176 0.972181
17.83 -4.65907 15.9813 -4.75049 0.927564
17.84 -4.44691 13.128 -4.74037 0.993463
17.85 -4.4223 16.0386 -4.73781 0.937441
17.86 -4.37404 13.1238 -4.72102 0.99044
17.87 -4.32539 15.8428 -4.71214 0.932469
17.88 -4.48725 12.7416 -4.71472 0.986328
17.89 -4.57268 15.8677 -4.71294 0.927661
17.9 -4.97639 13.4624 -4.72302 0.976474
17.91 -5.21657 16.2334 -4.72397 0.928456
17.92 -5.35066 13.294 -4.74098 0.978753
17.93 -5.35908 16.5833 -4.75102 0.926494
17.94 -5.48792 14.1548 -4.76829 0.981001
17.95 -5.72308 16.8362 -4.7964 0.943614
17.96 -5.7435 13.8386 -4.80729 0.992433
17.97 -5.18309 16.4261 -4.80564 0.939162
17.98 -4.66022 13.0139 -4.7987 1.00238
17.99 -4.53935 15.8505 -4.79938 0.95626
18 -4.60349 12.6074 -4.8155 1.01296
18.01 -4.79123 15.5144 -4.82148 0.956249
18.02 -4.68624 12.8121 -4.82368 1.01327
18.03 -4.6332 16.0952 -4.84352 0.967217
18.04 -4.9656 13.2171 -4.85594 1.02146
18.05 -5.26852 16.1249 -4.86896 0.955725
18.06 -4.99635 13.7609 -4.87346 1.01328
18.07 -4.62649 15.9429 -4.85998 0.963795
18.08 -4.49343 12.7747 -4.83353 1.02071
18.09 -4.34552 15.0995 -4.82999 0.958996
18.1 -4.16226 12.2512 -4.8215 1.01705
18.11 -4.56029 15.0519 -4.84292 0.954142
18.12 -4.85739 13.2218 -4.87005 1.01098
18.13 -5.40721 16.152 -4.89412 0.968925
18.14 -5.49564 13.7999 -4.91493 1.015
18.15 -5.63205 16.5641 -4.92527 0.951066
18.16 -5.43848 13.6208 -4.90579 0.988326
18.17 -5.11196 15.9125 -4.88084 0.929728
18.18 -4.82416 13.1686 -4.87869 0.962539
18.19 -4.45625 15.4649 -4.83772 0.916862
18.2 -4.17443 12.7926 -4.82135 0.949293
18.21 -4.16368 14.918 -4.80093 0.892783
18.22 -4.00077 12.4432 -4.77385 0.932955
18.23 -4.15332 15.1893 -4.76479 0.860382
18.24 -4.14217 13.1813 -4.75182 0.902361
18.25 -4.55985 15.4488 -4.74515 0.834253
18.26 -4.74801 13.3719 -4.73733 0.87965
18.27 -4.7591 16.2254 -4.74025 0.823968
18.28 -4.904 13.6865 -4.74586 0.880515
18.29 -4.8421 16.8774 -4.74925 0.824713
18.3 -4.7208 13.4479 -4.7353 0.891031
18.31 -4.35665 15.7649 -4.72835 0.834249
18.32 -3.89837 12.3843 -4.70711 0.89494
18.33 -3.68937 15.3062 -4.71929 0.843851
18.34 -3.96907 12.1016 -4.73634 0.912148
18.35 -4.34198 15.2914 -4.77062 0.867762
18.36 -4.61231 12.6988 -4.8117 0.954767
18.37 -5.07358 16.0396 -4.8608 0.91108
18.38 -5.20444 13.4 -4.88466 0.992091
18.39 -5.2357 16.2574 -4.91531 0.956785
18.4 -4.8313 13.5211 -4.93071 1.02234
18.41 -4.39256 16.2493 -4.92985 0.97567
18.42 -4.2776 12.7846 -4.92917 1.0316
18.43 -4.04687 15.0906 -4.92892 0.990067
18.44 -3.82318 11.805 -4.91569 1.03257
18.45 -3.50815 14.7934 -4.91909 0.97644
18.46 -3.92377 12.2952 -4.92475 1.04659
18.47 -4.12148 15.4244 -4.94756 0.999276
18.48 -4.61736 12.6026 -4.96656 1.05501
18.49 -4.63463 15.6076 -4.97002 0.98986
18.5 -4.63683 12.8189 -4.97056 1.04096
18.51 -4.6497 15.8653 -4.97358 0.998519
18.52 -4.83823 12.562 -4.98878 1.05322
18.53 -4.76674 15.9981 -5.0073 1.00898
18.54 -5.03048 13.2625 -5.02212 1.07049
18.55 -5.1483 16.2287 -5.03932 1.00412
18.56 -5.22448 13.3577 -5.05905 1.08175
18.57 -4.97615 15.936 -5.07166 1.01522
18.58 -4.63782 12.4314 -5.07058 1.07935
18.59 -4.31668 15.5378 -5.07135 1.02742
18.6 -4.12199 12.1158 -5.07698 1.08624
18.61 -4.1296 15.1264 -5.0792 1.03458
18.62 -4.20311 12.4899 -5.09089 1.08753
18.63 -4.41204 15.7439 -5.10138 1.02736
18.64 -4.53878 12.5891 -5.09665 1.09286
18.65 -4.47215 15.3834 -5.10534 1.03382
18.66 -4.21774 12.6082 -5.09619 1.09054
18.67 -4.09969 15.3948 -5.08831 1.02798
18.68 -4.23232 12.1531 -5.09401 1.08565
18.69 -4.28461 15.2725 -5.09004 1.03307
18.7 -4.36524 12.2347 -5.10442 1.08996
18.71 -4.35046 14.909 -5.11464 1.03674
18.72 -4.68819 12.5945 -5.1261 1.09482
18.73 -4.90823 15.6736 -5.15183 1.02995
18.74 -5.23179 13.167 -5.17906 1.09343
18.75 -5.48847 16.1836 -5.22094 1.04534
18.76 -5.62477 13.062 -5.24609 1.10772
18.77 -5.60446 16.1288 -5.28312 1.05489
18.78 -5.15493 13.5501 -5.29839 1.11562
18.79 -4.92438 15.8883 -5.29253 1.07155
18.8 -4.38955 12.547 -5.28823 1.13146
18.81 -3.77638 14.9566 -5.25669 1.08408
18.82 -3.53836 11.832 -5.24684 1.13343
18.83 -3.70715 14.3136 -5.24238 1.078
18.84 -3.97473 11.5064 -5.24841 1.13053
18.85 -4.28626 14.7141 -5.27222 1.07631
18.86 -4.87655 12.8013 -5.2963 1.12072
18.87 -5.43449 15.7418 -5.31636 1.07441
18.88 -5.5672 12.8143 -5.3261 1.12128
18.89 -5.33444 15.8109 -5.33655 1.07028
18.9 -5.00524 13.3034 -5.32771 1.13105
18.91 -4.92824 15.5443 -5.33023 1.07485
18.92 -4.58143 11.9162 -5.3184 1.13249
18.93 -4.03813 14.2994 -5.294 1.08102
18.94 -3.61382 11.611 -5.2893 1.13318
18.95 -3.75753 14.9544 -5.29469 1.08184
18.96 -4.35525 12.4314 -5.33169 1.13753
18.97 -4.744 15.0391 -5.33748 1.09197
18.98 -4.68633 12.3142 -5.34581 1.14684
18.99 -4.6145 15.2894 -5.34155 1.08501
19 -4.6787 12.7063 -5.33652 1.14768
19.01 -4.70642 15.4752 -5.34662 1.08565
19.02 -4.57289 12.0003 -5.33397 1.14736
19.03 -4.1019 14.8602 -5.33355 1.08094
19.04 -3.90162 12.1704 -5.31327 1.14532
19.05 -4.18641 14.5454 -5.33199 1.08239
19.06 -4.14542 11.6377 -5.33923 1.14938
19.07 -3.97412 14.7319 -5.3469 1.0909
19.08 -4.01518 12.2295 -5.34913 1.15659
19.09 -4.41335 15.4904 -5.36642 1.08066
19.1 -4.3999 11.9017 -5.37082 1.15168
19.11 -4.21435 14.6491 -5.37647 1.09698
19.12 -4.04926 12.1615 -5.36405 1.14944
19.13 -4.39222 15.4079 -5.38576 1.08525
19.14 -4.82697 12.7339 -5.41315 1.15028
19.15 -5.09419 15.3828 -5.43528 1.09513
19.16 -4.74364 12.5904 -5.4409 1.15147
19.17 -4.49542 15.5653 -5.42049 1.10029
19.18 -3.96813 11.9262 -5.40265 1.16114
19.19 -3.63776 14.6414 -5.39055 1.09874
19.2 -3.40619 11.7741 -5.37243 1.15669
19.21 -3.22157 14.524 -5.36101 1.10415
19.22 -3.53309 11.3598 -5.35691 1.16523
19.23 -3.73013 14.3755 -5.35198 1.09724
19.24 -4.14127 11.7715 -5.37331 1.15978
19.25 -4.73327 15.5703 -5.40885 1.09373
19.26 -5.06494 12.8263 -5.43152 1.16032
19.27 -5.28634 15.3999 -5.45316 1.10416
19.28 -5.01825 12.4417 -5.45761 1.17261
19.29 -4.57525 14.7703 -5.45277 1.11078
19.3 -4.37789 11.6544 -5.46432 1.17458
19.31 -3.96277 14.4772 -5.4626 1.12994
19.32 -4.07887 11.2349 -5.48701 1.18668
19.33 -4.08236 14.5842 -5.51045 1.12614
19.34 -4.43737 11.7115 -5.54004 1.18305
19.35 -4.77518 15.3892 -5.57971 1.14144
19.36 -4.86236 12.3764 -5.59991 1.20217
19.37 -4.70623 15.2265 -5.61324 1.14184
19.38 -4.32748 11.7999 -5.58589 1.19873
19.39 -4.07425 14.2234 -5.56902 1.13994
19.4 -3.83159 11.802 -5.57304 1.19749
19.41 -4.18201 14.2018 -5.58255 1.14886
19.42 -4.73612 11.7069 -5.60979 1.20029
19.43 -5.04301 15.3872 -5.6346 1.12964
19.44 -5.07486 12.3938 -5.63915 1.20122
19.45 -4.88638 15.2 -5.64885 1.13787
19.46 -4.6299 12.6145 -5.6312 1.19729
19.47 -4.3409 14.5339 -5.61454 1.13723
19.48 -3.57045 10.9195 -5.57571 1.20124
19.49 -3.13612 13.453 -5.54352 1.14107
19.5 -3.08347 10.5259 -5.53109 1.19783
19.51 -3.68757 14.1347 -5.54947 1.13031
19.52 -4.36659 11.4014 -5.56813 1.20555
19.53 -4.71394 15.2849 -5.59552 1.13383
19.54 -5.05849 12.0738 -5.61187 1.19963
19.55 -5.19431 15.2389 -5.62289 1.13091
19.56 -5.13382 12.2894 -5.63689 1.20507
19.57 -4.92322 15.1405 -5.64245 1.14588
19.58 -4.95022 12.4282 -5.65846 1.19757
19.59 -4.72515 15.6652 -5.65736 1.14668
19.6 -4.28242 11.4799 -5.64179 1.21472
19.61 -3.49827 14.0638 -5.60041 1.1497
19.62 -2.99379 10.5019 -5.57609 1.2127
19.63 -2.99918 13.7313 -5.57875 1.14812
19.64 -3.72117 11.1147 -5.60712 1.21592
19.65 -4.25767 14.8836 -5.65845 1.15358
19.66 -4.68238 12.8295 -5.67562 1.21162
19.67 -5.01546 15.217 -5.67977 1.15663
19.68 -4.56604 12.4713 -5.66542 1.21875
19.69 -4.30045 14.5651 -5.63597 1.15284
19.7 -3.89175 11.7509 -5.6243 1.20863
19.71 -3.82292 14.3399 -5.61381 1.14933
19.72 -3.94135 11.4707 -5.62039 1.20842
19.73 -3.67359 14.1896 -5.62579 1.14747
19.74 -3.58737 11.1909 -5.6218 1.21558
19.75 -3.77409 14.3226 -5.62717 1.14937
19.76 -3.98112 11.4144 -5.64897 1.21744
19.77 -4.10393 14.9757 -5.64909 1.1524
19.78 -4.32803 11.6651 -5.66267 1.2138
19.79 -4.16984 14.5442 -5.66271 1.1601
19.8 -4.10029 11.3979 -5.6626 1.21878
19.81 -3.81891 14.5475 -5.6593 1.15976
19.82 -4.00507 11.2309 -5.67138 1.21771
19.83 -4.02336 14.3215 -5.68083 1.15855
19.84 -4.17908 11.6821 -5.69785 1.22083
19.85 -4.12704 14.5205 -5.69865 1.15549
19.86 -4.00757 11.3755 -5.70463 1.22509
19.87 -3.86217 14.1986 -5.71113 1.16047
19.88 -3.80927 11.0775 -5.70538 1.23353
19.89 -3.88167 14.0524 -5.72227 1.1621
19.9 -3.8905 11.3095 -5.73299 1.22766
19.91 -4.04199 14.3323 -5.73857 1.16262
19.92 -3.81536 11.696 -5.74361 1.22463
19.93 -3.92216 14.5228 -5.73711 1.17485
19.94 -3.77554 11.4253 -5.7385 1.22858
19.95 -3.61709 14.314 -5.7288 1.18072
19.96 -3.76643 11.1027 -5.73216 1.23541
19.97 -3.78397 14.2165 -5.74437 1.17878
19.98 -4.02966 11.479 -5.76627 1.23813
19.99 -4.38143 14.5942 -5.78528 1.17385
20 -4.48432 11.474 -5.79996 1.23696
20.01 -4.41821 14.253 -5.80667 1.16945
20.02 -4.2039 11.6891 -5.81834 1.23956
20.03 -4.13391 15.5293 -5.83161 1.18308
20.04 -4.261 12.6523 -5.83564 1.25811
20.05 -4.05293 15.5883 -5.82695 1.19484
20.06 -3.21432 11.736 -5.76919 1.25047
20.07 -1.98641 14.167 -5.68175 1.19279
20.08 -1.20817 10.4497 -5.58097 1.24296
20.09 -0.917138 12.6102 -5.50295 1.17473
20.1 -1.03628 9.71115 -5.44425 1.21964
20.11 -1.83704 13.4732 -5.42775 1.14754
20.12 -3.09061 11.8067 -5.43945 1.18955
20.13 -4.3852 15.5993 -5.46147 1.12557
20.14 -5.14886 13.4108 -5.46721 1.17438
20.15 -5.29715 16.5144 -5.46494 1.10302
20.16 -5.10997 13.9094 -5.4503 1.1625
20.17 -4.71309 16.2173 -5.43178 1.11104
20.18 -4.09994 12.835 -5.41573 1.16952
20.19 -3.43905 15.2697 -5.40827 1.11382
20.2 -2.83795 11.9568 -5.40306 1.17959
20.21 -2.40682 14.5068 -5.39272 1.12756
20.22 -2.16158 10.9981 -5.38943 1.19047
20.23 -1.85608 13.8303 -5.37815 1.13114
20.24 -1.85051 10.889 -5.37223 1.19052
20.25 -2.04616 13.9709 -5.36652 1.12843
20.26 -2.34844 11.4472 -5.36692 1.18412
20.27 -2.72006 14.931 -5.36594 1.11917
20.28 -3.0939 12.2941 -5.3596 1.17485
20.29 -3.33877 15.4417 -5.35052 1.10818
20.3 -3.49548 12.5895 -5.34583 1.16687
20.31 -3.51276 15.4456 -5.34114 1.10193
20.32 -3.54145 12.5821 -5.34748 1.1631
20.33 -3.38919 15.1698 -5.35918 1.10251
20.34 -3.33671 12.1281 -5.36619 1.16725
20.35 -3.11431 14.8193 -5.37273 1.11219
20.36 -2.81579 11.9642 -5.37634 1.17524
20.37 -2.62198 14.543 -5.37929 1.11965
20.38 -2.45277 11.5004 -5.37208 1.18345
20.39 -2.25964 14.2593 -5.36339 1.125
20.4 -2.22681 11.4291 -5.35228 1.18444
20.41 -2.38055 14.5131 -5.34605 1.12273
20.42 -2.62329 11.7323 -5.33744 1.18026
20.43 -2.85645 14.885 -5.33387 1.11615
20.44 -3.07198 12.2316 -5.32797 1.17213
20.45 -3.33813 15.3796 -5.33073 1.10551
20.46 -3.42231 12.5618 -5.32861 1.16211
20.47 -3.41918 15.2781 -5.32688 1.10166
20.48 -3.3158 12.4459 -5.32548 1.15896
20.49 -3.2297 15.2472 -5.33046 1.10365
20.5 -3.05587 12.1462 -5.329 1.16612
20.51 -2.82699 14.9617 -5.33182 1.1073
20.52 -2.6194 11.7924 -5.33344 1.1727
20.53 -2.4133 14.5704 -5.32843 1.1143
20.54 -2.26338 11.4858 -5.32151 1.17594
20.55 -2.26009 14.353 -5.316 1.1169
20.56 -2.31304 11.5017 -5.31025 1.17511
20.57 -2.47483 14.6417 -5.30503 1.11388
20.58 -2.69243 11.856 -5.29995 1.16845
20.59 -2.90058 15.0795 -5.2937 1.10228
20.6 -3.07109 12.265 -5.29283 1.16104
20.61 -3.16064 15.2006 -5.28565 1.09955
20.62 -3.17395 12.3285 -5.28325 1.15648
20.63 -3.11781 15.2492 -5.2872 1.09579
20.64 -3.05552 12.1876 -5.29059 1.15966
20.65 -2.99299 15.0371 -5.29651 1.10017
20.66 -2.80468 12.0531 -5.30607 1.16533
20.67 -2.70796 14.6865 -5.31228 1.10945
20.68 -2.46406 11.637 -5.30839 1.16894
20.69 -2.31395 14.3795 -5.30528 1.11225
20.7 -2.22549 11.475 -5.2989 1.17075
20.71 -2.30508 14.4138 -5.28957 1.11095
20.72 -2.34828 11.5432 -5.27916 1.1687
20.73 -2.36495 14.5137 -5.27125 1.10552
20.74 -2.53562 11.7852 -5.26459 1.16052
20.75 -2.60997 14.8708 -5.26354 1.09965
20.76 -2.76813 12.0707 -5.26423 1.1559
20.77 -2.87012 15.0454 -5.26966 1.09494
20.78 -2.87109 12.218 -5.27489 1.15569
20.79 -2.83962 14.8064 -5.28184 1.09643
20.8 -2.72603 11.9288 -5.28519 1.15915
20.81 -2.57717 14.7601 -5.28943 1.0996
20.82 -2.41735 11.6387 -5.29069 1.16082
20.83 -2.33943 14.3414 -5.29269 1.10287
20.84 -2.15282 11.4047 -5.29449 1.16341
20.85 -2.20893 14.3272 -5.29051 1.10446
20.86 -2.19347 11.444 -5.28818 1.1647
20.87 -2.31048 14.3669 -5.2856 1.10624
20.88 -2.42353 11.6449 -5.28286 1.16418
20.89 -2.57436 14.786 -5.2776 1.1034
20.9 -2.74601 12.027 -5.27884 1.1618
20.91 -2.89632 14.9454 -5.27597 1.10122
20.92 -2.86546 12.0766 -5.2731 1.15936
20.93 -2.86201 14.7228 -5.27082 1.10141
20.94 -2.8515 12.074 -5.27092 1.1581
20.95 -2.72275 14.9728 -5.26339 1.09559
20.96 -2.56307 11.8719 -5.26062 1.15807
20.97 -2.4388 14.6881 -5.2555 1.101
20.98 -2.32628 11.6225 -5.25496 1.16273
20.99 -2.18824 14.499 -5.24261 1.0981
21 -2.06336 11.5428 -5.23905 1.15862
21.01 -2.08284 14.4809 -5.23035 1.09795
21.02 -2.10245 11.58 -5.22842 1.15904
21.03 -2.25102 14.5515 -5.22207 1.09726
21.04 -2.26727 11.7217 -5.22166 1.15673
21.05 -2.41586 14.8202 -5.21902 1.09296
21.06 -2.51731 11.8975 -5.22019 1.15282
21.07 -2.60596 14.8033 -5.22191 1.09519
21.08 -2.59952 12.0311 -5.22614 1.15514
21.09 -2.58309 14.7289 -5.22746 1.09469
21.1 -2.66016 11.9932 -5.23467 1.15474
21.11 -2.57126 14.6756 -5.23869 1.0955
21.12 -2.53993 11.8342 -5.24273 1.15834
21.13 -2.43059 14.7614 -5.24284 1.10057
21.14 -2.38469 11.784 -5.24558 1.16033
21.15 -2.37962 14.6287 -5.2408 1.09917
21.16 -2.38444 11.8037 -5.24048 1.16117
21.17 -2.3646 14.7219 -5.23623 1.09964
21.18 -2.4307 11.8544 -5.2324 1.15907
21.19 -2.47047 14.8054 -5.22816 1.09551
21.2 -2.54728 12.0479 -5.22401 1.15423
21.21 -2.54041 14.8737 -5.21997 1.09306
21.22 -2.59271 12.0242 -5.21866 1.15212
21.23 -2.62578 15.0166 -5.21755 1.09027
21.24 -2.61814 12.1148 -5.21568 1.15096
21.25 -2.50847 14.8561 -5.21231 1.0934
21.26 -2.48007 11.9183 -5.21677 1.15404
21.27 -2.40197 14.8204 -5.21391 1.09331
21.28 -2.34963 11.7778 -5.21857 1.15765
21.29 -2.33111 14.8626 -5.21773 1.09542
21.3 -2.29912 11.8143 -5.21783 1.1572
21.31 -2.33955 14.6581 -5.21369 1.09606
21.32 -2.3216 11.7712 -5.20812 1.15459
21.33 -2.35009 14.6027 -5.20585 1.09683
21.34 -2.37763 11.917 -5.20167 1.15388
21.35 -2.4686 14.705 -5.19885 1.09277
21.36 -2.5086 11.8741 -5.19709 1.15182
21.37 -2.50333 14.8854 -5.19785 1.08997
21.38 -2.51784 12.0746 -5.1955 1.14989
21.39 -2.46681 14.7574 -5.19679 1.0911
21.4 -2.37855 11.9134 -5.19289 1.15215
21.41 -2.3358 14.7796 -5.19427 1.09229
21.42 -2.25907 11.8424 -5.19157 1.1533
21.43 -2.23611 14.585 -5.19146 1.09668
21.44 -2.2285 11.8495 -5.19074 1.15667
21.45 -2.2251 14.6775 -5.189 1.09632
21.46 -2.22403 11.9721 -5.18553 1.15298
21.47 -2.30817 14.7103 -5.18312 1.09472
21.48 -2.28863 11.8436 -5.18126 1.15413
21.49 -2.32873 14.7235 -5.18115 1.09219
21.5 -2.42748 11.8398 -5.18078 1.15337
