39.98760083 -20.65973309 0 0
39.98760083 -20.65973309 0 0
39.98760083 -20.65973309 0 0
39.98760083 -20.65973309 0 0
39.98760083 -20.65973309 0 0
39.98760083 -20.65973309 0 0
39.98760083 -20.65973309 0 0
39.98760083 -20.65973309 0 0
39.98760083 -20.65973309 0 0
39.98760083 -20.65973309 0 0
39.98760083 -20.65973309 0 0
39.98760083 -20.65973309 0 0
39.98760083 -20.65973309 0 0
39.98760083 -20.65973309 0 0
39.98760083 -20.65973309 0 0
39.98760083 -20.65973309 0 0
39.98760083 -20.65973309 0 0
39.98760083 -20.65973309 0 0
39.98760083 -20.65973309 0 0
39.98760083 -20.65973309 0 0
39.98760083 -20.65973309 0 0
39.98760083 -20.65973309 0 0
39.98760083 -20.65973309 0 0
39.98760083 -20.65973309 0 0
39.98760083 -20.65973309 0 0
39.98760083 -20.65973309 0 0
39.98760083 -20.65973309 0 0
39.98760083 -20.65973309 0 0
39.98760083 -20.65973309 0 0
39.98760083 -20.65973309 0 0
39.98760083 -20.65973309 0 0
39.98760083 -20.65973309 0 0
39.98760083 -20.65973309 0 0
39.98760083 -20.65973309 0 0
39.98760083 -20.65973309 0 0
39.98760083 -20.65973309 0 0
39.98760083 -20.65973309 0 0
39.98760083 -20.65973309 0 0
39.98760083 -20.65973309 0 0
39.98760083 -20.65973309 0 0
39.98760083 -20.65973309 0 0
39.98760083 -20.65973309 0 0
39.98760083 -20.65973309 0 0
39.98760083 -20.65973309 0 0
39.98760083 -20.65973309 0 0
39.98760083 -20.65973309 0 0
39.98760083 -20.65973309 0 0
39.98760083 -20.65973309 0 0
39.98760083 -20.65973309 0 0
39.98760083 -20.65973309 0 0
39.98760083 -20.65973309 0 0
39.98760083 -20.65973309 0 0
39.98760083 -20.65973309 0 0
39.98760083 -20.65973309 0 0
39.98760083 -20.65973309 0 0
39.98760083 -20.65973309 0 0
39.98760083 -20.65973309 0 0
39.98760083 -20.65973309 0 0
39.98760083 -20.65973309 0 0
39.98760083 -20.65973309 0 0
39.98760083 -20.65973309 0 0
39.98760083 -20.65973309 0 0
39.98760083 -20.65973309 0 0
39.98760083 -20.65973309 0 0
39.98760083 -20.65973309 0 0
39.98760083 -20.65973309 0 0
39.98760083 -20.65973309 0 0
39.98760083 -20.65973309 0 0
39.98760083 -20.65973309 0 0
39.98760083 -20.65973309 0 0
39.98760083 -20.65973309 0 0
39.98760083 -20.65973309 0 0
39.98760083 -20.65973309 0 0
39.98760083 -20.65973309 0 0
39.98760083 -20.65973309 0 0
39.98760083 -20.65973309 0 0
39.98760083 -20.65973309 0 0
39.98760083 -20.65973309 0 0
39.98760083 -20.65973309 0 0
39.98760083 -20.65973309 0 0
39.98760083 -20.65973309 0 0
39.98760083 -20.65973309 0 0
39.98760083 -20.65973309 0 0
39.98760083 -20.65973309 0 0
39.98760083 -20.65973309 0 0
39.98760083 -20.65973309 0 0
39.98760083 -20.65973309 0 0
39.98760083 -20.65973309 0 0
39.98760083 -20.65973309 0 0
39.98760083 -20.65973309 0 0
39.98760083 -20.65973309 0 0
39.98760083 -20.65973309 0 0
39.98760083 -20.65973309 0 0
39.98760083 -20.65973309 0 0
39.98760083 -20.65973309 0 0
39.98760083 -20.65973309 0 0
39.98760083 -20.65973309 0 0
39.98760083 -20.65973309 0 0
39.98760083 -20.65973309 0 0
39.98760083 -20.65973309 0 0
39.98760083 -20.65973309 0 0
40.01259661 -20.5786513 0 0
40.03543689 -20.50125778 0 0
40.05617553 -20.42746836 0 0
40.07486639 -20.35719888 0 0
40.09156334 -20.29036517 0 0
40.10632022 -20.22688308 0 0
40.1191909 -20.16666845 0 0
40.13022924 -20.10963712 0 0
40.13948908 -20.05570492 0 0
40.14702429 -20.0047877 0 0
40.15288871 -19.9568013 0 0
40.15713621 -19.91166157 0 0
40.15982064 -19.86928434 0 0
40.16099585 -19.82958546 0 0
40.1607157 -19.79248078 0 0
40.15903403 -19.75788614 0 0
40.15600469 -19.72571738 0 0
40.15168155 -19.69589035 0 0
40.14611844 -19.6683209 0 0
40.13936922 -19.64292488 0 0
40.13148774 -19.61961813 0 0
40.12252784 -19.59831649 0 0
40.11254338 -19.57893582 0 0
40.1015882 -19.56139197 0 0
40.08971616 -19.54560079 0 0
40.07698108 -19.53147812 0 0
40.06343683 -19.51893983 0 0
40.04913723 -19.50790176 0 0
40.03413613 -19.49827977 0 0
40.01848735 -19.48998974 0 0
40.00224472 -19.48294754 0 0
39.98546204 -19.47706905 0 0
39.96819311 -19.47227017 0 0
39.95049168 -19.46846683 0 0
39.93241149 -19.46557501 0 0
39.91400619 -19.46351072 0 0
39.89532937 -19.46219006 0 0
39.87643448 -19.46152927 0 0
39.85737477 -19.46144474 0 0
39.8382032 -19.46185317 0 0
39.81897228 -19.46267169 0 0
39.79973375 -19.46381812 0 0
39.78053815 -19.46521144 0 0
39.76143397 -19.4667726 0 0
39.74246598 -19.46842602 0 0
39.72367201 -19.4701027 0 0
39.70507573 -19.47174709 0 0
39.68666857 -19.47333411 0 0
39.66835643 -19.47491967 0 0
39.65282162 -19.47244113 0 0
39.63783097 -19.46907494 0 0
39.62349 -19.46506569 0 0
39.61037284 -19.4593306 0 0
39.59873166 -19.45262874 0 0
39.5874183 -19.44536306 0 0
39.57748463 -19.43606047 0 0
39.56747549 -19.42721431 0 0
39.55784016 -19.41830949 0 0
39.54940044 -19.40790445 0 0
39.54152515 -19.39696501 0 0
39.5344507 -19.38503897 0 0
39.52854724 -19.37115834 0 0
39.52443408 -19.35423553 0 0
39.52194979 -19.33463421 0 0
39.52099101 -19.31261017 0 0
39.52095602 -19.28949625 0 0
39.52233598 -19.26439792 0 0
39.52456054 -19.23851193 0 0
39.52761677 -19.21162021 0 0
39.53200771 -19.18275022 0 0
39.53639185 -19.15468588 0 0
39.54121679 -19.12646089 0 0
39.54739414 -19.09597372 0 0
39.55525591 -19.06294328 0 0
39.56336964 -19.03000736 0 0
39.57237789 -18.99569288 0 0
39.58231163 -18.96012289 0 0
39.59325074 -18.92311356 0 0
39.60518121 -18.88482039 0 0
39.61773227 -18.84558911 0 0
39.63153766 -18.80446966 0 0
39.64489018 -18.76464775 0 0
39.65920161 -18.72332736 0 0
39.67407556 -18.68159133 0 0
39.68773237 -18.64220281 0 0
39.70056902 -18.60446918 0 0
39.71402097 -18.56617891 0 0
39.72743351 -18.52892852 0 0
39.74180491 -18.49036863 0 0
39.75558438 -18.45352342 0 0
39.76980387 -18.41641048 0 0
39.78439922 -18.37886788 0 0
39.79771187 -18.34429174 0 0
39.81062537 -18.31137657 0 0
39.82385904 -18.27846462 0 0
39.83683545 -18.2468497 0 0
39.85074962 -18.21387091 0 0
39.86310062 -18.18421139 0 0
39.87553799 -18.15489464 0 0
39.88662945 -18.12863818 0 0
39.89769367 -18.10287806 0 0
39.90851599 -18.07821014 0 0
39.91945271 -18.05388177 0 0
39.93012568 -18.03064249 0 0
39.93941485 -18.01055382 0 0
39.94844252 -17.99140404 0 0
39.95724584 -17.97314961 0 0
39.96654972 -17.95446063 0 0
39.97636576 -17.93549363 0 0
39.98639768 -17.9167138 0 0
39.99643727 -17.89863813 0 0
40.00687935 -17.88046649 0 0
40.01770555 -17.86220884 0 0
40.02852186 -17.84459223 0 0
40.03838747 -17.82934848 0 0
40.04855578 -17.81400924 0 0
40.05856417 -17.79952138 0 0
40.06848769 -17.78571784 0 0
40.07847113 -17.77243677 0 0
40.087562 -17.76126749 0 0
40.09619316 -17.75107185 0 0
40.10532262 -17.74042857 0 0
40.11449556 -17.73016223 0 0
40.12243359 -17.72274041 0 0
40.13110314 -17.71447602 0 0
40.14024034 -17.7058338 0 0
40.14730781 -17.70134865 0 0
40.15431908 -17.69735807 0 0
40.16124713 -17.69385817 0 0
40.16805336 -17.69087331 0 0
40.1759994 -17.68611934 0 0
40.18431258 -17.68073736 0 0
40.19271474 -17.67580037 0 0
40.2009224 -17.67193602 0 0
40.20890033 -17.66885801 0 0
40.21703364 -17.66632934 0 0
40.22565582 -17.66315718 0 0
40.23424884 -17.66045811 0 0
40.24392465 -17.65593372 0 0
40.25467478 -17.64964356 0 0
40.26506078 -17.64413766 0 0
40.27546645 -17.63920749 0 0
40.28578421 -17.63503803 0 0
40.29711247 -17.62915218 0 0
40.30910083 -17.62259208 0 0
40.32183699 -17.61503338 0 0
40.33556887 -17.60633085 0 0
40.35043448 -17.59545976 0 0
40.36603556 -17.58358424 0 0
40.38216178 -17.57106558 0 0
40.39875048 -17.55785032 0 0
40.41655459 -17.54261468 0 0
40.43511421 -17.52680446 0 0
40.45424992 -17.51024374 0 0
40.47351327 -17.4937187 0 0
40.49313027 -17.47737652 0 0
40.51245808 -17.46132334 0 0
40.5308576 -17.44819121 0 0
40.55003411 -17.43392876 0 0
40.56912387 -17.42052148 0 0
40.58766894 -17.40899508 0 0
40.60689675 -17.39692255 0 0
40.62618565 -17.38573407 0 0
40.64680079 -17.37233846 0 0
40.66876819 -17.35639421 0 0
40.69061617 -17.34079934 0 0
40.71256518 -17.32592083 0 0
40.73466907 -17.31140086 0 0
40.75684619 -17.29730396 0 0
40.77948181 -17.28313668 0 0
40.80212905 -17.26972763 0 0
40.82434305 -17.25734871 0 0
40.84744094 -17.24383753 0 0
40.8720157 -17.22800033 0 0
40.89594096 -17.2136072 0 0
40.91942687 -17.20077782 0 0
40.94353219 -17.18716519 0 0
40.96874743 -17.17195954 0 0
40.99403023 -17.15698555 0 0
41.0194154 -17.14258426 0 0
41.04550295 -17.12707254 0 0
41.07126065 -17.11293876 0 0
41.0976794 -17.0979136 0 0
41.12567181 -17.08028376 0 0
41.15343981 -17.06309419 0 0
41.18131769 -17.04606702 0 0
41.20992726 -17.02800918 0 0
41.23885835 -17.00976828 0 0
41.267892 -16.99193922 0 0
41.29585805 -16.9768171 0 0
41.32511879 -16.95922511 0 0
41.3541324 -16.94194155 0 0
41.38332786 -16.92441621 0 0
41.41221212 -16.90774373 0 0
41.44188337 -16.88982909 0 0
41.47128102 -16.8727401 0 0
41.50112948 -16.85499475 0 0
41.53029317 -16.83904519 0 0
41.55948947 -16.82309279 0 0
41.55948947 -16.82309279 0 0
41.55948947 -16.82309279 0 0
41.55948947 -16.82309279 0 0
41.55948947 -16.82309279 0 0
41.55948947 -16.82309279 0 0
41.55948947 -16.82309279 0 0
41.55948947 -16.82309279 0 0
41.55948947 -16.82309279 0 0
41.55948947 -16.82309279 0 0
41.55948947 -16.82309279 0 0
41.55948947 -16.82309279 0 0
41.55948947 -16.82309279 0 0
41.55948947 -16.82309279 0 0
41.55948947 -16.82309279 0 0
41.55948947 -16.82309279 0 0
41.55948947 -16.82309279 0 0
41.55948947 -16.82309279 0 0
41.55948947 -16.82309279 0 0
41.55948947 -16.82309279 0 0
41.55948947 -16.82309279 0 0
41.55948947 -16.82309279 0 0
41.55948947 -16.82309279 0 0
41.55948947 -16.82309279 0 0
41.55948947 -16.82309279 0 0
41.55948947 -16.82309279 0 0
41.55948947 -16.82309279 0 0
41.55948947 -16.82309279 0 0
41.55948947 -16.82309279 0 0
41.55948947 -16.82309279 0 0
41.55948947 -16.82309279 0 0
41.55948947 -16.82309279 0 0
41.55948947 -16.82309279 0 0
41.55948947 -16.82309279 0 0
41.55948947 -16.82309279 0 0
41.55948947 -16.82309279 0 0
41.55948947 -16.82309279 0 0
41.55948947 -16.82309279 0 0
41.55948947 -16.82309279 0 0
41.55948947 -16.82309279 0 0
41.55948947 -16.82309279 0 0
41.55948947 -16.82309279 0 0
41.55948947 -16.82309279 0 0
41.55948947 -16.82309279 0 0
41.55948947 -16.82309279 0 0
41.55948947 -16.82309279 0 0
41.55948947 -16.82309279 0 0
41.55948947 -16.82309279 0 0
41.55948947 -16.82309279 0 0
41.55948947 -16.82309279 0 0
41.55948947 -16.82309279 0 0
41.55948947 -16.82309279 0 0
41.55948947 -16.82309279 0 0
41.55948947 -16.82309279 0 0
41.55948947 -16.82309279 0 0
41.55948947 -16.82309279 0 0
41.55948947 -16.82309279 0 0
41.55948947 -16.82309279 0 0
41.55948947 -16.82309279 0 0
41.55948947 -16.82309279 0 0
41.55948947 -16.82309279 0 0
41.55948947 -16.82309279 0 0
41.55948947 -16.82309279 0 0
41.55948947 -16.82309279 0 0
41.55948947 -16.82309279 0 0
41.55948947 -16.82309279 0 0
41.55948947 -16.82309279 0 0
41.55948947 -16.82309279 0 0
41.55948947 -16.82309279 0 0
41.55948947 -16.82309279 0 0
41.55948947 -16.82309279 0 0
41.55948947 -16.82309279 0 0
41.55948947 -16.82309279 0 0
41.55948947 -16.82309279 0 0
41.55948947 -16.82309279 0 0
41.55948947 -16.82309279 0 0
41.55948947 -16.82309279 0 0
41.55948947 -16.82309279 0 0
41.55948947 -16.82309279 0 0
41.55948947 -16.82309279 0 0
41.55948947 -16.82309279 0 0
41.55948947 -16.82309279 0 0
41.55948947 -16.82309279 0 0
41.55948947 -16.82309279 0 0
41.55948947 -16.82309279 0 0
41.55948947 -16.82309279 0 0
41.55948947 -16.82309279 0 0
41.55948947 -16.82309279 0 0
41.55948947 -16.82309279 0 0
41.55948947 -16.82309279 0 0
41.55948947 -16.82309279 0 0
41.55948947 -16.82309279 0 0
41.55948947 -16.82309279 0 0
41.55948947 -16.82309279 0 0
41.55948947 -16.82309279 0 0
41.55948947 -16.82309279 0 0
41.55948947 -16.82309279 0 0
41.55948947 -16.82309279 0 0
41.55948947 -16.82309279 0 0
41.55948947 -16.82309279 0 0
41.55948947 -16.82309279 0 0
41.53029317 -16.83904519 0 0
41.50112948 -16.85499475 0 0
41.47128102 -16.8727401 0 0
41.44188337 -16.88982909 0 0
41.41221212 -16.90774373 0 0
41.38332786 -16.92441621 0 0
41.3541324 -16.94194155 0 0
41.32511879 -16.95922511 0 0
41.29585805 -16.9768171 0 0
41.267892 -16.99193922 0 0
41.23885835 -17.00976828 0 0
41.20992726 -17.02800918 0 0
41.18131769 -17.04606702 0 0
41.15343981 -17.06309419 0 0
41.12567181 -17.08028376 0 0
41.0976794 -17.0979136 0 0
41.07126065 -17.11293876 0 0
41.04550295 -17.12707254 0 0
41.0194154 -17.14258426 0 0
40.99403023 -17.15698555 0 0
40.96874743 -17.17195954 0 0
40.94353219 -17.18716519 0 0
40.91942687 -17.20077782 0 0
40.89594096 -17.2136072 0 0
40.8720157 -17.22800033 0 0
40.84744094 -17.24383753 0 0
40.82434305 -17.25734871 0 0
40.80212905 -17.26972763 0 0
40.77948181 -17.28313668 0 0
40.75684619 -17.29730396 0 0
40.73466907 -17.31140086 0 0
40.71256518 -17.32592083 0 0
40.69061617 -17.34079934 0 0
40.66876819 -17.35639421 0 0
40.64680079 -17.37233846 0 0
40.62618565 -17.38573407 0 0
40.60689675 -17.39692255 0 0
40.58766894 -17.40899508 0 0
40.56912387 -17.42052148 0 0
40.55003411 -17.43392876 0 0
40.5308576 -17.44819121 0 0
40.51245808 -17.46132334 0 0
40.49313027 -17.47737652 0 0
40.47351327 -17.4937187 0 0
40.45424992 -17.51024374 0 0
40.43511421 -17.52680446 0 0
40.41655459 -17.54261468 0 0
40.39875048 -17.55785032 0 0
40.38216178 -17.57106558 0 0
40.36603556 -17.58358424 0 0
40.35043448 -17.59545976 0 0
40.33556887 -17.60633085 0 0
40.32183699 -17.61503338 0 0
40.30910083 -17.62259208 0 0
40.29711247 -17.62915218 0 0
40.28578421 -17.63503803 0 0
40.27546645 -17.63920749 0 0
40.26506078 -17.64413766 0 0
40.25467478 -17.64964356 0 0
40.24392465 -17.65593372 0 0
40.23424884 -17.66045811 0 0
40.22565582 -17.66315718 0 0
40.21703364 -17.66632934 0 0
40.20890033 -17.66885801 0 0
40.2009224 -17.67193602 0 0
40.19271474 -17.67580037 0 0
40.18431258 -17.68073736 0 0
40.1759994 -17.68611934 0 0
40.16805336 -17.69087331 0 0
40.16124713 -17.69385817 0 0
40.15431908 -17.69735807 0 0
40.14730781 -17.70134865 0 0
40.14024034 -17.7058338 0 0
40.13110314 -17.71447602 0 0
40.12243359 -17.72274041 0 0
40.11449556 -17.73016223 0 0
40.10532262 -17.74042857 0 0
40.09619316 -17.75107185 0 0
40.087562 -17.76126749 0 0
40.07847113 -17.77243677 0 0
40.06848769 -17.78571784 0 0
40.05856417 -17.79952138 0 0
40.04855578 -17.81400924 0 0
40.03838747 -17.82934848 0 0
40.02852186 -17.84459223 0 0
40.01770555 -17.86220884 0 0
40.00687935 -17.88046649 0 0
39.99643727 -17.89863813 0 0
39.98639768 -17.9167138 0 0
39.97636576 -17.93549363 0 0
39.96654972 -17.95446063 0 0
39.95724584 -17.97314961 0 0
39.94844252 -17.99140404 0 0
39.93941485 -18.01055382 0 0
39.93012568 -18.03064249 0 0
39.91945271 -18.05388177 0 0
39.90851599 -18.07821014 0 0
39.89769367 -18.10287806 0 0
39.88662945 -18.12863818 0 0
39.87553799 -18.15489464 0 0
39.86310062 -18.18421139 0 0
39.85074962 -18.21387091 0 0
39.83683545 -18.2468497 0 0
39.82385904 -18.27846462 0 0
39.81062537 -18.31137657 0 0
39.79771187 -18.34429174 0 0
39.78439922 -18.37886788 0 0
39.76980387 -18.41641048 0 0
39.75558438 -18.45352342 0 0
39.74180491 -18.49036863 0 0
39.72743351 -18.52892852 0 0
39.71402097 -18.56617891 0 0
39.70056902 -18.60446918 0 0
39.68773237 -18.64220281 0 0
39.67407556 -18.68159133 0 0
39.65920161 -18.72332736 0 0
39.64489018 -18.76464775 0 0
39.63153766 -18.80446966 0 0
39.61773227 -18.84558911 0 0
39.60518121 -18.88482039 0 0
39.59325074 -18.92311356 0 0
39.58231163 -18.96012289 0 0
39.57237789 -18.99569288 0 0
39.56336964 -19.03000736 0 0
39.55525591 -19.06294328 0 0
39.54739414 -19.09597372 0 0
39.54121679 -19.12646089 0 0
39.53639185 -19.15468588 0 0
39.53200771 -19.18275022 0 0
39.52761677 -19.21162021 0 0
39.52456054 -19.23851193 0 0
39.52233598 -19.26439792 0 0
39.52095602 -19.28949625 0 0
39.52099101 -19.31261017 0 0
39.52194979 -19.33463421 0 0
39.52443408 -19.35423553 0 0
39.52854724 -19.37115834 0 0
39.5344507 -19.38503897 0 0
39.54152515 -19.39696501 0 0
39.54940044 -19.40790445 0 0
39.55784016 -19.41830949 0 0
39.56747549 -19.42721431 0 0
39.57748463 -19.43606047 0 0
39.5874183 -19.44536306 0 0
39.59873166 -19.45262874 0 0
39.61037284 -19.4593306 0 0
39.62349 -19.46506569 0 0
39.63783097 -19.46907494 0 0
39.65282162 -19.47244113 0 0
39.66835643 -19.47491967 0 0
39.68429855 -19.47694515 0 0
39.69977594 -19.48044202 0 0
39.71651373 -19.48216449 0 0
39.73410981 -19.48414059 0 0
39.75122867 -19.48705788 0 0
39.76868903 -19.49018375 0 0
39.78626306 -19.49387588 0 0
39.80374638 -19.49832976 0 0
39.82158518 -19.50284066 0 0
39.83836684 -19.50911819 0 0
39.85554444 -19.51499943 0 0
39.8731748 -19.5201502 0 0
39.88989211 -19.52737724 0 0
39.90583068 -19.53659774 0 0
39.92192692 -19.54624247 0 0
39.93733224 -19.5577351 0 0
39.95264352 -19.5700225 0 0
39.96713696 -19.58436027 0 0
39.98060289 -19.60096765 0 0
39.99382531 -19.61807667 0 0
40.00647037 -19.63624337 0 0
40.0186069 -19.65510813 0 0
40.03059834 -19.67393984 0 0
40.04094504 -19.6953746 0 0
40.0511817 -19.71634601 0 0
40.06118806 -19.73711003 0 0
40.07045729 -19.7586557 0 0
40.07873507 -19.78127576 0 0
40.08699682 -19.80320657 0 0
40.09364349 -19.82656518 0 0
40.10013244 -19.84897354 0 0
40.10591779 -19.87147128 0 0
40.11093457 -19.89422726 0 0
40.11544648 -19.91680316 0 0
40.11921791 -19.9389293 0 0
40.12189068 -19.96138384 0 0
40.12418912 -19.98337194 0 0
40.12623196 -20.00470788 0 0
40.12889263 -20.02325391 0 0
40.13123837 -20.04061754 0 0
40.13364643 -20.05613683 0 0
40.13668049 -20.0685097 0 0
40.13903691 -20.07996277 0 0
40.1416049 -20.08892894 0 0
40.14385298 -20.09653763 0 0
40.14510014 -20.10358293 0 0
40.1469108 -20.10729981 0 0
39.98760083 -20.65973309 0 0
39.98760083 -20.65973309 0 0
39.98760083 -20.65973309 0 0
39.98760083 -20.65973309 0 0
39.98760083 -20.65973309 0 0
39.98760083 -20.65973309 0 0
39.98760083 -20.65973309 0 0
39.98760083 -20.65973309 0 0
39.98760083 -20.65973309 0 0
39.98760083 -20.65973309 0 0
39.98760083 -20.65973309 0 0
39.98760083 -20.65973309 0 0
39.98760083 -20.65973309 0 0
39.98760083 -20.65973309 0 0
39.98760083 -20.65973309 0 0
39.98760083 -20.65973309 0 0
39.98760083 -20.65973309 0 0
39.98760083 -20.65973309 0 0
39.98760083 -20.65973309 0 0
39.98760083 -20.65973309 0 0
39.98760083 -20.65973309 0 0
39.98760083 -20.65973309 0 0
39.98760083 -20.65973309 0 0
39.98760083 -20.65973309 0 0
39.98760083 -20.65973309 0 0
39.98760083 -20.65973309 0 0
39.98760083 -20.65973309 0 0
39.98760083 -20.65973309 0 0
39.98760083 -20.65973309 0 0
39.98760083 -20.65973309 0 0
39.98760083 -20.65973309 0 0
39.98760083 -20.65973309 0 0
39.98760083 -20.65973309 0 0
39.98760083 -20.65973309 0 0
39.98760083 -20.65973309 0 0
39.98760083 -20.65973309 0 0
39.98760083 -20.65973309 0 0
39.98760083 -20.65973309 0 0
39.98760083 -20.65973309 0 0
39.98760083 -20.65973309 0 0
39.98760083 -20.65973309 0 0
39.98760083 -20.65973309 0 0
39.98760083 -20.65973309 0 0
39.98760083 -20.65973309 0 0
39.98760083 -20.65973309 0 0
39.98760083 -20.65973309 0 0
39.98760083 -20.65973309 0 0
39.98760083 -20.65973309 0 0
39.98760083 -20.65973309 0 0
39.98760083 -20.65973309 0 0
39.98760083 -20.65973309 0 0
39.98760083 -20.65973309 0 0
39.98760083 -20.65973309 0 0
39.98760083 -20.65973309 0 0
39.98760083 -20.65973309 0 0
39.98760083 -20.65973309 0 0
39.98760083 -20.65973309 0 0
39.98760083 -20.65973309 0 0
39.98760083 -20.65973309 0 0
39.98760083 -20.65973309 0 0
39.98760083 -20.65973309 0 0
39.98760083 -20.65973309 0 0
39.98760083 -20.65973309 0 0
39.98760083 -20.65973309 0 0
39.98760083 -20.65973309 0 0
39.98760083 -20.65973309 0 0
39.98760083 -20.65973309 0 0
39.98760083 -20.65973309 0 0
39.98760083 -20.65973309 0 0
39.98760083 -20.65973309 0 0
39.98760083 -20.65973309 0 0
39.98760083 -20.65973309 0 0
39.98760083 -20.65973309 0 0
39.98760083 -20.65973309 0 0
39.98760083 -20.65973309 0 0
39.98760083 -20.65973309 0 0
39.98760083 -20.65973309 0 0
39.98760083 -20.65973309 0 0
39.98760083 -20.65973309 0 0
39.98760083 -20.65973309 0 0
39.98760083 -20.65973309 0 0
39.98760083 -20.65973309 0 0
39.98760083 -20.65973309 0 0
39.98760083 -20.65973309 0 0
39.98760083 -20.65973309 0 0
39.98760083 -20.65973309 0 0
39.98760083 -20.65973309 0 0
39.98760083 -20.65973309 0 0
39.98760083 -20.65973309 0 0
39.98760083 -20.65973309 0 0
39.98760083 -20.65973309 0 0
39.98760083 -20.65973309 0 0
39.98760083 -20.65973309 0 0
39.98760083 -20.65973309 0 0
39.98760083 -20.65973309 0 0
39.98760083 -20.65973309 0 0
39.98760083 -20.65973309 0 0
39.98760083 -20.65973309 0 0
39.98760083 -20.65973309 0 0
39.98760083 -20.65973309 0 0
39.98760083 -20.65973309 0 0
40.01259661 -20.5786513 0 0
40.03543689 -20.50125778 0 0
40.05617553 -20.42746836 0 0
40.07486639 -20.35719888 0 0
40.09156334 -20.29036517 0 0
40.10632022 -20.22688308 0 0
40.1191909 -20.16666845 0 0
40.13022924 -20.10963712 0 0
40.13948908 -20.05570492 0 0
40.14702429 -20.0047877 0 0
40.15288871 -19.9568013 0 0
40.15713621 -19.91166157 0 0
40.15982064 -19.86928434 0 0
40.16099585 -19.82958546 0 0
40.1607157 -19.79248078 0 0
40.15903403 -19.75788614 0 0
40.15600469 -19.72571738 0 0
40.15168155 -19.69589035 0 0
40.14611844 -19.6683209 0 0
40.13936922 -19.64292488 0 0
40.13148774 -19.61961813 0 0
40.12252784 -19.59831649 0 0
40.11254338 -19.57893582 0 0
40.1015882 -19.56139197 0 0
40.08971616 -19.54560079 0 0
40.07698108 -19.53147812 0 0
40.06343683 -19.51893983 0 0
40.04913723 -19.50790176 0 0
40.03413613 -19.49827977 0 0
40.01848735 -19.48998974 0 0
40.00224472 -19.48294754 0 0
39.98546204 -19.47706905 0 0
39.96819311 -19.47227017 0 0
39.95049168 -19.46846683 0 0
39.93241149 -19.46557501 0 0
39.91400619 -19.46351072 0 0
39.89532937 -19.46219006 0 0
39.87643448 -19.46152927 0 0
39.85737477 -19.46144474 0 0
39.8382032 -19.46185317 0 0
39.81897228 -19.46267169 0 0
39.79973375 -19.46381812 0 0
39.78053815 -19.46521144 0 0
39.76143397 -19.4667726 0 0
39.74246598 -19.46842602 0 0
39.72367201 -19.4701027 0 0
39.70507573 -19.47174709 0 0
39.68666857 -19.47333411 0 0
39.66835643 -19.47491967 0 0
39.65282162 -19.47244113 0 0
39.63783097 -19.46907494 0 0
39.62349 -19.46506569 0 0
39.61037284 -19.4593306 0 0
39.59873166 -19.45262874 0 0
39.5874183 -19.44536306 0 0
39.57748463 -19.43606047 0 0
39.56747549 -19.42721431 0 0
39.55784016 -19.41830949 0 0
39.54940044 -19.40790445 0 0
39.54152515 -19.39696501 0 0
39.5344507 -19.38503897 0 0
39.52854724 -19.37115834 0 0
39.52443408 -19.35423553 0 0
39.52194979 -19.33463421 0 0
39.52099101 -19.31261017 0 0
39.52095602 -19.28949625 0 0
39.52233598 -19.26439792 0 0
39.52456054 -19.23851193 0 0
39.52761677 -19.21162021 0 0
39.53200771 -19.18275022 0 0
39.53639185 -19.15468588 0 0
39.54121679 -19.12646089 0 0
39.54739414 -19.09597372 0 0
39.55525591 -19.06294328 0 0
39.56336964 -19.03000736 0 0
39.57237789 -18.99569288 0 0
39.58231163 -18.96012289 0 0
39.59325074 -18.92311356 0 0
39.60518121 -18.88482039 0 0
39.61773227 -18.84558911 0 0
39.63153766 -18.80446966 0 0
39.64489018 -18.76464775 0 0
39.65920161 -18.72332736 0 0
39.67407556 -18.68159133 0 0
39.68773237 -18.64220281 0 0
39.70056902 -18.60446918 0 0
39.71402097 -18.56617891 0 0
39.72743351 -18.52892852 0 0
39.74180491 -18.49036863 0 0
39.75558438 -18.45352342 0 0
39.76980387 -18.41641048 0 0
39.78439922 -18.37886788 0 0
39.79771187 -18.34429174 0 0
39.81062537 -18.31137657 0 0
39.82385904 -18.27846462 0 0
39.83683545 -18.2468497 0 0
39.85074962 -18.21387091 0 0
39.86310062 -18.18421139 0 0
39.87553799 -18.15489464 0 0
39.88662945 -18.12863818 0 0
39.89769367 -18.10287806 0 0
39.90851599 -18.07821014 0 0
39.91945271 -18.05388177 0 0
39.93012568 -18.03064249 0 0
39.93941485 -18.01055382 0 0
39.94844252 -17.99140404 0 0
39.95724584 -17.97314961 0 0
39.96654972 -17.95446063 0 0
39.97636576 -17.93549363 0 0
39.98639768 -17.9167138 0 0
39.99643727 -17.89863813 0 0
40.00687935 -17.88046649 0 0
40.01770555 -17.86220884 0 0
40.02852186 -17.84459223 0 0
40.03838747 -17.82934848 0 0
40.04855578 -17.81400924 0 0
40.05856417 -17.79952138 0 0
40.06848769 -17.78571784 0 0
40.07847113 -17.77243677 0 0
40.087562 -17.76126749 0 0
40.09619316 -17.75107185 0 0
40.10532262 -17.74042857 0 0
40.11449556 -17.73016223 0 0
40.12243359 -17.72274041 0 0
40.13110314 -17.71447602 0 0
40.14024034 -17.7058338 0 0
40.14730781 -17.70134865 0 0
40.15431908 -17.69735807 0 0
40.16124713 -17.69385817 0 0
40.16805336 -17.69087331 0 0
40.1759994 -17.68611934 0 0
40.18431258 -17.68073736 0 0
40.19271474 -17.67580037 0 0
40.2009224 -17.67193602 0 0
40.20890033 -17.66885801 0 0
40.21703364 -17.66632934 0 0
40.22565582 -17.66315718 0 0
40.23424884 -17.66045811 0 0
40.24392465 -17.65593372 0 0
40.25467478 -17.64964356 0 0
40.26506078 -17.64413766 0 0
40.27546645 -17.63920749 0 0
40.28578421 -17.63503803 0 0
40.29711247 -17.62915218 0 0
40.30910083 -17.62259208 0 0
40.32183699 -17.61503338 0 0
40.33556887 -17.60633085 0 0
40.35043448 -17.59545976 0 0
40.36603556 -17.58358424 0 0
40.38216178 -17.57106558 0 0
40.39875048 -17.55785032 0 0
40.41655459 -17.54261468 0 0
40.43511421 -17.52680446 0 0
40.45424992 -17.51024374 0 0
40.47351327 -17.4937187 0 0
40.49313027 -17.47737652 0 0
40.51245808 -17.46132334 0 0
40.5308576 -17.44819121 0 0
40.55003411 -17.43392876 0 0
40.56912387 -17.42052148 0 0
40.58766894 -17.40899508 0 0
40.60689675 -17.39692255 0 0
40.62618565 -17.38573407 0 0
40.64680079 -17.37233846 0 0
40.66876819 -17.35639421 0 0
40.69061617 -17.34079934 0 0
40.71256518 -17.32592083 0 0
40.73466907 -17.31140086 0 0
40.75684619 -17.29730396 0 0
40.77948181 -17.28313668 0 0
40.80212905 -17.26972763 0 0
40.82434305 -17.25734871 0 0
40.84744094 -17.24383753 0 0
40.8720157 -17.22800033 0 0
40.89594096 -17.2136072 0 0
40.91942687 -17.20077782 0 0
40.94353219 -17.18716519 0 0
40.96874743 -17.17195954 0 0
40.99403023 -17.15698555 0 0
41.0194154 -17.14258426 0 0
41.04550295 -17.12707254 0 0
41.07126065 -17.11293876 0 0
41.0976794 -17.0979136 0 0
41.12567181 -17.08028376 0 0
41.15343981 -17.06309419 0 0
41.18131769 -17.04606702 0 0
41.20992726 -17.02800918 0 0
41.23885835 -17.00976828 0 0
41.267892 -16.99193922 0 0
41.29585805 -16.9768171 0 0
41.32511879 -16.95922511 0 0
41.3541324 -16.94194155 0 0
41.38332786 -16.92441621 0 0
41.41221212 -16.90774373 0 0
41.44188337 -16.88982909 0 0
41.47128102 -16.8727401 0 0
41.50112948 -16.85499475 0 0
41.53029317 -16.83904519 0 0
41.55948947 -16.82309279 0 0
41.55948947 -16.82309279 0 0
41.55948947 -16.82309279 0 0
41.55948947 -16.82309279 0 0
41.55948947 -16.82309279 0 0
41.55948947 -16.82309279 0 0
41.55948947 -16.82309279 0 0
41.55948947 -16.82309279 0 0
41.55948947 -16.82309279 0 0
41.55948947 -16.82309279 0 0
41.55948947 -16.82309279 0 0
41.55948947 -16.82309279 0 0
41.55948947 -16.82309279 0 0
41.55948947 -16.82309279 0 0
41.55948947 -16.82309279 0 0
41.55948947 -16.82309279 0 0
41.55948947 -16.82309279 0 0
41.55948947 -16.82309279 0 0
41.55948947 -16.82309279 0 0
41.55948947 -16.82309279 0 0
41.55948947 -16.82309279 0 0
41.55948947 -16.82309279 0 0
41.55948947 -16.82309279 0 0
41.55948947 -16.82309279 0 0
41.55948947 -16.82309279 0 0
41.55948947 -16.82309279 0 0
41.55948947 -16.82309279 0 0
41.55948947 -16.82309279 0 0
41.55948947 -16.82309279 0 0
41.55948947 -16.82309279 0 0
41.55948947 -16.82309279 0 0
41.55948947 -16.82309279 0 0
41.55948947 -16.82309279 0 0
41.55948947 -16.82309279 0 0
41.55948947 -16.82309279 0 0
41.55948947 -16.82309279 0 0
41.55948947 -16.82309279 0 0
41.55948947 -16.82309279 0 0
41.55948947 -16.82309279 0 0
41.55948947 -16.82309279 0 0
41.55948947 -16.82309279 0 0
41.55948947 -16.82309279 0 0
41.55948947 -16.82309279 0 0
41.55948947 -16.82309279 0 0
41.55948947 -16.82309279 0 0
41.55948947 -16.82309279 0 0
41.55948947 -16.82309279 0 0
41.55948947 -16.82309279 0 0
41.55948947 -16.82309279 0 0
41.55948947 -16.82309279 0 0
41.55948947 -16.82309279 0 0
41.55948947 -16.82309279 0 0
41.55948947 -16.82309279 0 0
41.55948947 -16.82309279 0 0
41.55948947 -16.82309279 0 0
41.55948947 -16.82309279 0 0
41.55948947 -16.82309279 0 0
41.55948947 -16.82309279 0 0
41.55948947 -16.82309279 0 0
41.55948947 -16.82309279 0 0
41.55948947 -16.82309279 0 0
41.55948947 -16.82309279 0 0
41.55948947 -16.82309279 0 0
41.55948947 -16.82309279 0 0
41.55948947 -16.82309279 0 0
41.55948947 -16.82309279 0 0
41.55948947 -16.82309279 0 0
41.55948947 -16.82309279 0 0
41.55948947 -16.82309279 0 0
41.55948947 -16.82309279 0 0
41.55948947 -16.82309279 0 0
41.55948947 -16.82309279 0 0
41.55948947 -16.82309279 0 0
41.55948947 -16.82309279 0 0
41.55948947 -16.82309279 0 0
41.55948947 -16.82309279 0 0
41.55948947 -16.82309279 0 0
41.55948947 -16.82309279 0 0
41.55948947 -16.82309279 0 0
41.55948947 -16.82309279 0 0
41.55948947 -16.82309279 0 0
41.55948947 -16.82309279 0 0
41.55948947 -16.82309279 0 0
41.55948947 -16.82309279 0 0
41.55948947 -16.82309279 0 0
41.55948947 -16.82309279 0 0
41.55948947 -16.82309279 0 0
41.55948947 -16.82309279 0 0
41.55948947 -16.82309279 0 0
41.55948947 -16.82309279 0 0
41.55948947 -16.82309279 0 0
41.55948947 -16.82309279 0 0
41.55948947 -16.82309279 0 0
41.55948947 -16.82309279 0 0
41.55948947 -16.82309279 0 0
41.55948947 -16.82309279 0 0
41.55948947 -16.82309279 0 0
41.55948947 -16.82309279 0 0
41.55948947 -16.82309279 0 0
41.55948947 -16.82309279 0 0
41.55948947 -16.82309279 0 0
41.53029317 -16.83904519 0 0
41.50112948 -16.85499475 0 0
41.47128102 -16.8727401 0 0
41.44188337 -16.88982909 0 0
41.41221212 -16.90774373 0 0
41.38332786 -16.92441621 0 0
41.3541324 -16.94194155 0 0
41.32511879 -16.95922511 0 0
41.29585805 -16.9768171 0 0
41.267892 -16.99193922 0 0
41.23885835 -17.00976828 0 0
41.20992726 -17.02800918 0 0
41.18131769 -17.04606702 0 0
41.15343981 -17.06309419 0 0
41.12567181 -17.08028376 0 0
41.0976794 -17.0979136 0 0
41.07126065 -17.11293876 0 0
41.04550295 -17.12707254 0 0
41.0194154 -17.14258426 0 0
40.99403023 -17.15698555 0 0
40.96874743 -17.17195954 0 0
40.94353219 -17.18716519 0 0
40.91942687 -17.20077782 0 0
40.89594096 -17.2136072 0 0
40.8720157 -17.22800033 0 0
40.84744094 -17.24383753 0 0
40.82434305 -17.25734871 0 0
40.80212905 -17.26972763 0 0
40.77948181 -17.28313668 0 0
40.75684619 -17.29730396 0 0
40.73466907 -17.31140086 0 0
40.71256518 -17.32592083 0 0
40.69061617 -17.34079934 0 0
40.66876819 -17.35639421 0 0
40.64680079 -17.37233846 0 0
40.62618565 -17.38573407 0 0
40.60689675 -17.39692255 0 0
40.58766894 -17.40899508 0 0
40.56912387 -17.42052148 0 0
40.55003411 -17.43392876 0 0
40.5308576 -17.44819121 0 0
40.51245808 -17.46132334 0 0
40.49313027 -17.47737652 0 0
40.47351327 -17.4937187 0 0
40.45424992 -17.51024374 0 0
40.43511421 -17.52680446 0 0
40.41655459 -17.54261468 0 0
40.39875048 -17.55785032 0 0
40.38216178 -17.57106558 0 0
40.36603556 -17.58358424 0 0
40.35043448 -17.59545976 0 0
40.33556887 -17.60633085 0 0
40.32183699 -17.61503338 0 0
40.30910083 -17.62259208 0 0
40.29711247 -17.62915218 0 0
40.28578421 -17.63503803 0 0
40.27546645 -17.63920749 0 0
40.26506078 -17.64413766 0 0
40.25467478 -17.64964356 0 0
40.24392465 -17.65593372 0 0
40.23424884 -17.66045811 0 0
40.22565582 -17.66315718 0 0
40.21703364 -17.66632934 0 0
40.20890033 -17.66885801 0 0
40.2009224 -17.67193602 0 0
40.19271474 -17.67580037 0 0
40.18431258 -17.68073736 0 0
40.1759994 -17.68611934 0 0
40.16805336 -17.69087331 0 0
40.16124713 -17.69385817 0 0
40.15431908 -17.69735807 0 0
40.14730781 -17.70134865 0 0
40.14024034 -17.7058338 0 0
40.13110314 -17.71447602 0 0
40.12243359 -17.72274041 0 0
40.11449556 -17.73016223 0 0
40.10532262 -17.74042857 0 0
40.09619316 -17.75107185 0 0
40.087562 -17.76126749 0 0
40.07847113 -17.77243677 0 0
40.06848769 -17.78571784 0 0
40.05856417 -17.79952138 0 0
40.04855578 -17.81400924 0 0
40.03838747 -17.82934848 0 0
40.02852186 -17.84459223 0 0
40.01770555 -17.86220884 0 0
40.00687935 -17.88046649 0 0
39.99643727 -17.89863813 0 0
39.98639768 -17.9167138 0 0
39.97636576 -17.93549363 0 0
39.96654972 -17.95446063 0 0
39.95724584 -17.97314961 0 0
39.94844252 -17.99140404 0 0
39.93941485 -18.01055382 0 0
39.93012568 -18.03064249 0 0
39.91945271 -18.05388177 0 0
39.90851599 -18.07821014 0 0
39.89769367 -18.10287806 0 0
39.88662945 -18.12863818 0 0
39.87553799 -18.15489464 0 0
39.86310062 -18.18421139 0 0
39.85074962 -18.21387091 0 0
39.83683545 -18.2468497 0 0
39.82385904 -18.27846462 0 0
39.81062537 -18.31137657 0 0
39.79771187 -18.34429174 0 0
39.78439922 -18.37886788 0 0
39.76980387 -18.41641048 0 0
39.75558438 -18.45352342 0 0
39.74180491 -18.49036863 0 0
39.72743351 -18.52892852 0 0
39.71402097 -18.56617891 0 0
39.70056902 -18.60446918 0 0
39.68773237 -18.64220281 0 0
39.67407556 -18.68159133 0 0
39.65920161 -18.72332736 0 0
39.64489018 -18.76464775 0 0
39.63153766 -18.80446966 0 0
39.61773227 -18.84558911 0 0
39.60518121 -18.88482039 0 0
39.59325074 -18.92311356 0 0
39.58231163 -18.96012289 0 0
39.57237789 -18.99569288 0 0
39.56336964 -19.03000736 0 0
39.55525591 -19.06294328 0 0
39.54739414 -19.09597372 0 0
39.54121679 -19.12646089 0 0
39.53639185 -19.15468588 0 0
39.53200771 -19.18275022 0 0
39.52761677 -19.21162021 0 0
39.52456054 -19.23851193 0 0
39.52233598 -19.26439792 0 0
39.52095602 -19.28949625 0 0
39.52099101 -19.31261017 0 0
39.52194979 -19.33463421 0 0
39.52443408 -19.35423553 0 0
39.52854724 -19.37115834 0 0
39.5344507 -19.38503897 0 0
39.54152515 -19.39696501 0 0
39.54940044 -19.40790445 0 0
39.55784016 -19.41830949 0 0
39.56747549 -19.42721431 0 0
39.57748463 -19.43606047 0 0
39.5874183 -19.44536306 0 0
39.59873166 -19.45262874 0 0
39.61037284 -19.4593306 0 0
39.62349 -19.46506569 0 0
39.63783097 -19.46907494 0 0
39.65282162 -19.47244113 0 0
39.66835643 -19.47491967 0 0
39.68429855 -19.47694515 0 0
39.69977594 -19.48044202 0 0
39.71651373 -19.48216449 0 0
39.73410981 -19.48414059 0 0
39.75122867 -19.48705788 0 0
39.76868903 -19.49018375 0 0
39.78626306 -19.49387588 0 0
39.80374638 -19.49832976 0 0
39.82158518 -19.50284066 0 0
39.83836684 -19.50911819 0 0
39.85554444 -19.51499943 0 0
39.8731748 -19.5201502 0 0
39.88989211 -19.52737724 0 0
39.90583068 -19.53659774 0 0
39.92192692 -19.54624247 0 0
39.93733224 -19.5577351 0 0
39.95264352 -19.5700225 0 0
39.96713696 -19.58436027 0 0
39.98060289 -19.60096765 0 0
39.99382531 -19.61807667 0 0
40.00647037 -19.63624337 0 0
40.0186069 -19.65510813 0 0
40.03059834 -19.67393984 0 0
40.04094504 -19.6953746 0 0
40.0511817 -19.71634601 0 0
40.06118806 -19.73711003 0 0
40.07045729 -19.7586557 0 0
40.07873507 -19.78127576 0 0
40.08699682 -19.80320657 0 0
40.09364349 -19.82656518 0 0
40.10013244 -19.84897354 0 0
40.10591779 -19.87147128 0 0
40.11093457 -19.89422726 0 0
40.11544648 -19.91680316 0 0
40.11921791 -19.9389293 0 0
40.12189068 -19.96138384 0 0
40.12418912 -19.98337194 0 0
40.12623196 -20.00470788 0 0
40.12889263 -20.02325391 0 0
40.13123837 -20.04061754 0 0
40.13364643 -20.05613683 0 0
40.13668049 -20.0685097 0 0
40.13903691 -20.07996277 0 0
40.1416049 -20.08892894 0 0
40.14385298 -20.09653763 0 0
40.14510014 -20.10358293 0 0
40.1469108 -20.10729981 0 0
40.14749254 -20.11077214 0 0
40.14749254 -20.11077214 0 0
39.98760083 -20.65973309 0 0
39.98760083 -20.65973309 0 0
39.98760083 -20.65973309 0 0
39.98760083 -20.65973309 0 0
39.98760083 -20.65973309 0 0
39.98760083 -20.65973309 0 0
39.98760083 -20.65973309 0 0
39.98760083 -20.65973309 0 0
39.98760083 -20.65973309 0 0
39.98760083 -20.65973309 0 0
39.98760083 -20.65973309 0 0
39.98760083 -20.65973309 0 0
39.98760083 -20.65973309 0 0
39.98760083 -20.65973309 0 0
39.98760083 -20.65973309 0 0
39.98760083 -20.65973309 0 0
39.98760083 -20.65973309 0 0
39.98760083 -20.65973309 0 0
39.98760083 -20.65973309 0 0
39.98760083 -20.65973309 0 0
39.98760083 -20.65973309 0 0
39.98760083 -20.65973309 0 0
39.98760083 -20.65973309 0 0
39.98760083 -20.65973309 0 0
39.98760083 -20.65973309 0 0
39.98760083 -20.65973309 0 0
39.98760083 -20.65973309 0 0
39.98760083 -20.65973309 0 0
39.98760083 -20.65973309 0 0
39.98760083 -20.65973309 0 0
39.98760083 -20.65973309 0 0
39.98760083 -20.65973309 0 0
39.98760083 -20.65973309 0 0
39.98760083 -20.65973309 0 0
39.98760083 -20.65973309 0 0
39.98760083 -20.65973309 0 0
39.98760083 -20.65973309 0 0
39.98760083 -20.65973309 0 0
39.98760083 -20.65973309 0 0
39.98760083 -20.65973309 0 0
39.98760083 -20.65973309 0 0
39.98760083 -20.65973309 0 0
39.98760083 -20.65973309 0 0
39.98760083 -20.65973309 0 0
39.98760083 -20.65973309 0 0
39.98760083 -20.65973309 0 0
39.98760083 -20.65973309 0 0
39.98760083 -20.65973309 0 0
39.98760083 -20.65973309 0 0
39.98760083 -20.65973309 0 0
39.98760083 -20.65973309 0 0
39.98760083 -20.65973309 0 0
39.98760083 -20.65973309 0 0
39.98760083 -20.65973309 0 0
39.98760083 -20.65973309 0 0
39.98760083 -20.65973309 0 0
39.98760083 -20.65973309 0 0
39.98760083 -20.65973309 0 0
39.98760083 -20.65973309 0 0
39.98760083 -20.65973309 0 0
39.98760083 -20.65973309 0 0
39.98760083 -20.65973309 0 0
39.98760083 -20.65973309 0 0
39.98760083 -20.65973309 0 0
39.98760083 -20.65973309 0 0
39.98760083 -20.65973309 0 0
39.98760083 -20.65973309 0 0
39.98760083 -20.65973309 0 0
39.98760083 -20.65973309 0 0
39.98760083 -20.65973309 0 0
39.98760083 -20.65973309 0 0
39.98760083 -20.65973309 0 0
39.98760083 -20.65973309 0 0
39.98760083 -20.65973309 0 0
39.98760083 -20.65973309 0 0
39.98760083 -20.65973309 0 0
39.98760083 -20.65973309 0 0
39.98760083 -20.65973309 0 0
39.98760083 -20.65973309 0 0
39.98760083 -20.65973309 0 0
39.98760083 -20.65973309 0 0
39.98760083 -20.65973309 0 0
39.98760083 -20.65973309 0 0
39.98760083 -20.65973309 0 0
39.98760083 -20.65973309 0 0
39.98760083 -20.65973309 0 0
39.98760083 -20.65973309 0 0
39.98760083 -20.65973309 0 0
39.98760083 -20.65973309 0 0
39.98760083 -20.65973309 0 0
39.98760083 -20.65973309 0 0
39.98760083 -20.65973309 0 0
39.98760083 -20.65973309 0 0
39.98760083 -20.65973309 0 0
39.98760083 -20.65973309 0 0
39.98760083 -20.65973309 0 0
39.98760083 -20.65973309 0 0
39.98760083 -20.65973309 0 0
39.98760083 -20.65973309 0 0
39.98760083 -20.65973309 0 0
39.98760083 -20.65973309 0 0
40.01259661 -20.5786513 0 0
40.03543689 -20.50125778 0 0
40.05617553 -20.42746836 0 0
40.07486639 -20.35719888 0 0
40.09156334 -20.29036517 0 0
40.10632022 -20.22688308 0 0
40.1191909 -20.16666845 0 0
40.13022924 -20.10963712 0 0
40.13948908 -20.05570492 0 0
40.14702429 -20.0047877 0 0
40.15288871 -19.9568013 0 0
40.15713621 -19.91166157 0 0
40.15982064 -19.86928434 0 0
40.16099585 -19.82958546 0 0
40.1607157 -19.79248078 0 0
40.15903403 -19.75788614 0 0
40.15600469 -19.72571738 0 0
40.15168155 -19.69589035 0 0
40.14611844 -19.6683209 0 0
40.13936922 -19.64292488 0 0
40.13148774 -19.61961813 0 0
40.12252784 -19.59831649 0 0
40.11254338 -19.57893582 0 0
40.1015882 -19.56139197 0 0
40.08971616 -19.54560079 0 0
40.07698108 -19.53147812 0 0
40.06343683 -19.51893983 0 0
40.04913723 -19.50790176 0 0
40.03413613 -19.49827977 0 0
40.01848735 -19.48998974 0 0
40.00224472 -19.48294754 0 0
39.98546204 -19.47706905 0 0
39.96819311 -19.47227017 0 0
39.95049168 -19.46846683 0 0
39.93241149 -19.46557501 0 0
39.91400619 -19.46351072 0 0
39.89532937 -19.46219006 0 0
39.87643448 -19.46152927 0 0
39.85737477 -19.46144474 0 0
39.8382032 -19.46185317 0 0
39.81897228 -19.46267169 0 0
39.79973375 -19.46381812 0 0
39.78053815 -19.46521144 0 0
39.76143397 -19.4667726 0 0
39.74246598 -19.46842602 0 0
39.72367201 -19.4701027 0 0
39.70507573 -19.47174709 0 0
39.68666857 -19.47333411 0 0
39.66835643 -19.47491967 0 0
39.65282162 -19.47244113 0 0
39.63783097 -19.46907494 0 0
39.62349 -19.46506569 0 0
39.61037284 -19.4593306 0 0
39.59873166 -19.45262874 0 0
39.5874183 -19.44536306 0 0
39.57748463 -19.43606047 0 0
39.56747549 -19.42721431 0 0
39.55784016 -19.41830949 0 0
39.54940044 -19.40790445 0 0
39.54152515 -19.39696501 0 0
39.5344507 -19.38503897 0 0
39.52854724 -19.37115834 0 0
39.52443408 -19.35423553 0 0
39.52194979 -19.33463421 0 0
39.52099101 -19.31261017 0 0
39.52095602 -19.28949625 0 0
39.52233598 -19.26439792 0 0
39.52456054 -19.23851193 0 0
39.52761677 -19.21162021 0 0
39.53200771 -19.18275022 0 0
39.53639185 -19.15468588 0 0
39.54121679 -19.12646089 0 0
39.54739414 -19.09597372 0 0
39.55525591 -19.06294328 0 0
39.56336964 -19.03000736 0 0
39.57237789 -18.99569288 0 0
39.58231163 -18.96012289 0 0
39.59325074 -18.92311356 0 0
39.60518121 -18.88482039 0 0
39.61773227 -18.84558911 0 0
39.63153766 -18.80446966 0 0
39.64489018 -18.76464775 0 0
39.65920161 -18.72332736 0 0
39.67407556 -18.68159133 0 0
39.68773237 -18.64220281 0 0
39.70056902 -18.60446918 0 0
39.71402097 -18.56617891 0 0
39.72743351 -18.52892852 0 0
39.74180491 -18.49036863 0 0
39.75558438 -18.45352342 0 0
39.76980387 -18.41641048 0 0
39.78439922 -18.37886788 0 0
39.79771187 -18.34429174 0 0
39.81062537 -18.31137657 0 0
39.82385904 -18.27846462 0 0
39.83683545 -18.2468497 0 0
39.85074962 -18.21387091 0 0
39.86310062 -18.18421139 0 0
39.87553799 -18.15489464 0 0
39.88662945 -18.12863818 0 0
39.89769367 -18.10287806 0 0
39.90851599 -18.07821014 0 0
39.91945271 -18.05388177 0 0
39.93012568 -18.03064249 0 0
39.93941485 -18.01055382 0 0
39.94844252 -17.99140404 0 0
39.95724584 -17.97314961 0 0
39.96654972 -17.95446063 0 0
39.97636576 -17.93549363 0 0
39.98639768 -17.9167138 0 0
39.99643727 -17.89863813 0 0
40.00687935 -17.88046649 0 0
40.01770555 -17.86220884 0 0
40.02852186 -17.84459223 0 0
40.03838747 -17.82934848 0 0
40.04855578 -17.81400924 0 0
40.05856417 -17.79952138 0 0
40.06848769 -17.78571784 0 0
40.07847113 -17.77243677 0 0
40.087562 -17.76126749 0 0
40.09619316 -17.75107185 0 0
40.10532262 -17.74042857 0 0
40.11449556 -17.73016223 0 0
40.12243359 -17.72274041 0 0
40.13110314 -17.71447602 0 0
40.14024034 -17.7058338 0 0
40.14730781 -17.70134865 0 0
40.15431908 -17.69735807 0 0
40.16124713 -17.69385817 0 0
40.16805336 -17.69087331 0 0
40.1759994 -17.68611934 0 0
40.18431258 -17.68073736 0 0
40.19271474 -17.67580037 0 0
40.2009224 -17.67193602 0 0
40.20890033 -17.66885801 0 0
40.21703364 -17.66632934 0 0
40.22565582 -17.66315718 0 0
40.23424884 -17.66045811 0 0
40.24392465 -17.65593372 0 0
40.25467478 -17.64964356 0 0
40.26506078 -17.64413766 0 0
40.27546645 -17.63920749 0 0
40.28578421 -17.63503803 0 0
40.29711247 -17.62915218 0 0
40.30910083 -17.62259208 0 0
40.32183699 -17.61503338 0 0
40.33556887 -17.60633085 0 0
40.35043448 -17.59545976 0 0
40.36603556 -17.58358424 0 0
40.38216178 -17.57106558 0 0
40.39875048 -17.55785032 0 0
40.41655459 -17.54261468 0 0
40.43511421 -17.52680446 0 0
40.45424992 -17.51024374 0 0
40.47351327 -17.4937187 0 0
40.49313027 -17.47737652 0 0
40.51245808 -17.46132334 0 0
40.5308576 -17.44819121 0 0
40.55003411 -17.43392876 0 0
40.56912387 -17.42052148 0 0
40.58766894 -17.40899508 0 0
40.60689675 -17.39692255 0 0
40.62618565 -17.38573407 0 0
40.64680079 -17.37233846 0 0
40.66876819 -17.35639421 0 0
40.69061617 -17.34079934 0 0
40.71256518 -17.32592083 0 0
40.73466907 -17.31140086 0 0
40.75684619 -17.29730396 0 0
40.77948181 -17.28313668 0 0
40.80212905 -17.26972763 0 0
40.82434305 -17.25734871 0 0
40.84744094 -17.24383753 0 0
40.8720157 -17.22800033 0 0
40.89594096 -17.2136072 0 0
40.91942687 -17.20077782 0 0
40.94353219 -17.18716519 0 0
40.96874743 -17.17195954 0 0
40.99403023 -17.15698555 0 0
41.0194154 -17.14258426 0 0
41.04550295 -17.12707254 0 0
41.07126065 -17.11293876 0 0
41.0976794 -17.0979136 0 0
41.12567181 -17.08028376 0 0
41.15343981 -17.06309419 0 0
41.18131769 -17.04606702 0 0
41.20992726 -17.02800918 0 0
41.23885835 -17.00976828 0 0
41.267892 -16.99193922 0 0
41.29585805 -16.9768171 0 0
41.32511879 -16.95922511 0 0
41.3541324 -16.94194155 0 0
41.38332786 -16.92441621 0 0
41.41221212 -16.90774373 0 0
41.44188337 -16.88982909 0 0
41.47128102 -16.8727401 0 0
41.50112948 -16.85499475 0 0
41.53029317 -16.83904519 0 0
41.55948947 -16.82309279 0 0
41.55948947 -16.82309279 0 0
41.55948947 -16.82309279 0 0
41.55948947 -16.82309279 0 0
41.55948947 -16.82309279 0 0
41.55948947 -16.82309279 0 0
41.55948947 -16.82309279 0 0
41.55948947 -16.82309279 0 0
41.55948947 -16.82309279 0 0
41.55948947 -16.82309279 0 0
41.55948947 -16.82309279 0 0
41.55948947 -16.82309279 0 0
41.55948947 -16.82309279 0 0
41.55948947 -16.82309279 0 0
41.55948947 -16.82309279 0 0
41.55948947 -16.82309279 0 0
41.55948947 -16.82309279 0 0
41.55948947 -16.82309279 0 0
41.55948947 -16.82309279 0 0
41.55948947 -16.82309279 0 0
41.55948947 -16.82309279 0 0
41.55948947 -16.82309279 0 0
41.55948947 -16.82309279 0 0
41.55948947 -16.82309279 0 0
41.55948947 -16.82309279 0 0
41.55948947 -16.82309279 0 0
41.55948947 -16.82309279 0 0
41.55948947 -16.82309279 0 0
41.55948947 -16.82309279 0 0
41.55948947 -16.82309279 0 0
41.55948947 -16.82309279 0 0
41.55948947 -16.82309279 0 0
41.55948947 -16.82309279 0 0
41.55948947 -16.82309279 0 0
41.55948947 -16.82309279 0 0
41.55948947 -16.82309279 0 0
41.55948947 -16.82309279 0 0
41.55948947 -16.82309279 0 0
41.55948947 -16.82309279 0 0
41.55948947 -16.82309279 0 0
41.55948947 -16.82309279 0 0
41.55948947 -16.82309279 0 0
41.55948947 -16.82309279 0 0
41.55948947 -16.82309279 0 0
41.55948947 -16.82309279 0 0
41.55948947 -16.82309279 0 0
41.55948947 -16.82309279 0 0
41.55948947 -16.82309279 0 0
41.55948947 -16.82309279 0 0
41.55948947 -16.82309279 0 0
41.55948947 -16.82309279 0 0
41.55948947 -16.82309279 0 0
41.55948947 -16.82309279 0 0
41.55948947 -16.82309279 0 0
41.55948947 -16.82309279 0 0
41.55948947 -16.82309279 0 0
41.55948947 -16.82309279 0 0
41.55948947 -16.82309279 0 0
41.55948947 -16.82309279 0 0
41.55948947 -16.82309279 0 0
41.55948947 -16.82309279 0 0
41.55948947 -16.82309279 0 0
41.55948947 -16.82309279 0 0
41.55948947 -16.82309279 0 0
41.55948947 -16.82309279 0 0
41.55948947 -16.82309279 0 0
41.55948947 -16.82309279 0 0
41.55948947 -16.82309279 0 0
41.55948947 -16.82309279 0 0
41.55948947 -16.82309279 0 0
41.55948947 -16.82309279 0 0
41.55948947 -16.82309279 0 0
41.55948947 -16.82309279 0 0
41.55948947 -16.82309279 0 0
41.55948947 -16.82309279 0 0
41.55948947 -16.82309279 0 0
41.55948947 -16.82309279 0 0
41.55948947 -16.82309279 0 0
41.55948947 -16.82309279 0 0
41.55948947 -16.82309279 0 0
41.55948947 -16.82309279 0 0
41.55948947 -16.82309279 0 0
41.55948947 -16.82309279 0 0
41.55948947 -16.82309279 0 0
41.55948947 -16.82309279 0 0
41.55948947 -16.82309279 0 0
41.55948947 -16.82309279 0 0
41.55948947 -16.82309279 0 0
41.55948947 -16.82309279 0 0
41.55948947 -16.82309279 0 0
41.55948947 -16.82309279 0 0
41.55948947 -16.82309279 0 0
41.55948947 -16.82309279 0 0
41.55948947 -16.82309279 0 0
41.55948947 -16.82309279 0 0
41.55948947 -16.82309279 0 0
41.55948947 -16.82309279 0 0
41.55948947 -16.82309279 0 0
41.55948947 -16.82309279 0 0
41.55948947 -16.82309279 0 0
41.55948947 -16.82309279 0 0
41.53029317 -16.83904519 0 0
41.50112948 -16.85499475 0 0
41.47128102 -16.8727401 0 0
41.44188337 -16.88982909 0 0
41.41221212 -16.90774373 0 0
41.38332786 -16.92441621 0 0
41.3541324 -16.94194155 0 0
41.32511879 -16.95922511 0 0
41.29585805 -16.9768171 0 0
41.267892 -16.99193922 0 0
41.23885835 -17.00976828 0 0
41.20992726 -17.02800918 0 0
41.18131769 -17.04606702 0 0
41.15343981 -17.06309419 0 0
41.12567181 -17.08028376 0 0
41.0976794 -17.0979136 0 0
41.07126065 -17.11293876 0 0
41.04550295 -17.12707254 0 0
41.0194154 -17.14258426 0 0
40.99403023 -17.15698555 0 0
40.96874743 -17.17195954 0 0
40.94353219 -17.18716519 0 0
40.91942687 -17.20077782 0 0
40.89594096 -17.2136072 0 0
40.8720157 -17.22800033 0 0
40.84744094 -17.24383753 0 0
40.82434305 -17.25734871 0 0
40.80212905 -17.26972763 0 0
40.77948181 -17.28313668 0 0
40.75684619 -17.29730396 0 0
40.73466907 -17.31140086 0 0
40.71256518 -17.32592083 0 0
40.69061617 -17.34079934 0 0
40.66876819 -17.35639421 0 0
40.64680079 -17.37233846 0 0
40.62618565 -17.38573407 0 0
40.60689675 -17.39692255 0 0
40.58766894 -17.40899508 0 0
40.56912387 -17.42052148 0 0
40.55003411 -17.43392876 0 0
40.5308576 -17.44819121 0 0
40.51245808 -17.46132334 0 0
40.49313027 -17.47737652 0 0
40.47351327 -17.4937187 0 0
40.45424992 -17.51024374 0 0
40.43511421 -17.52680446 0 0
40.41655459 -17.54261468 0 0
40.39875048 -17.55785032 0 0
40.38216178 -17.57106558 0 0
40.36603556 -17.58358424 0 0
40.35043448 -17.59545976 0 0
40.33556887 -17.60633085 0 0
40.32183699 -17.61503338 0 0
40.30910083 -17.62259208 0 0
40.29711247 -17.62915218 0 0
40.28578421 -17.63503803 0 0
40.27546645 -17.63920749 0 0
40.26506078 -17.64413766 0 0
40.25467478 -17.64964356 0 0
40.24392465 -17.65593372 0 0
40.23424884 -17.66045811 0 0
40.22565582 -17.66315718 0 0
40.21703364 -17.66632934 0 0
40.20890033 -17.66885801 0 0
40.2009224 -17.67193602 0 0
40.19271474 -17.67580037 0 0
40.18431258 -17.68073736 0 0
40.1759994 -17.68611934 0 0
40.16805336 -17.69087331 0 0
40.16124713 -17.69385817 0 0
40.15431908 -17.69735807 0 0
40.14730781 -17.70134865 0 0
40.14024034 -17.7058338 0 0
40.13110314 -17.71447602 0 0
40.12243359 -17.72274041 0 0
40.11449556 -17.73016223 0 0
40.10532262 -17.74042857 0 0
40.09619316 -17.75107185 0 0
40.087562 -17.76126749 0 0
40.07847113 -17.77243677 0 0
40.06848769 -17.78571784 0 0
40.05856417 -17.79952138 0 0
40.04855578 -17.81400924 0 0
40.03838747 -17.82934848 0 0
40.02852186 -17.84459223 0 0
40.01770555 -17.86220884 0 0
40.00687935 -17.88046649 0 0
39.99643727 -17.89863813 0 0
39.98639768 -17.9167138 0 0
39.97636576 -17.93549363 0 0
39.96654972 -17.95446063 0 0
39.95724584 -17.97314961 0 0
39.94844252 -17.99140404 0 0
39.93941485 -18.01055382 0 0
39.93012568 -18.03064249 0 0
39.91945271 -18.05388177 0 0
39.90851599 -18.07821014 0 0
39.89769367 -18.10287806 0 0
39.88662945 -18.12863818 0 0
39.87553799 -18.15489464 0 0
39.86310062 -18.18421139 0 0
39.85074962 -18.21387091 0 0
39.83683545 -18.2468497 0 0
39.82385904 -18.27846462 0 0
39.81062537 -18.31137657 0 0
39.79771187 -18.34429174 0 0
39.78439922 -18.37886788 0 0
39.76980387 -18.41641048 0 0
39.75558438 -18.45352342 0 0
39.74180491 -18.49036863 0 0
39.72743351 -18.52892852 0 0
39.71402097 -18.56617891 0 0
39.70056902 -18.60446918 0 0
39.68773237 -18.64220281 0 0
39.67407556 -18.68159133 0 0
39.65920161 -18.72332736 0 0
39.64489018 -18.76464775 0 0
39.63153766 -18.80446966 0 0
39.61773227 -18.84558911 0 0
39.60518121 -18.88482039 0 0
39.59325074 -18.92311356 0 0
39.58231163 -18.96012289 0 0
39.57237789 -18.99569288 0 0
39.56336964 -19.03000736 0 0
39.55525591 -19.06294328 0 0
39.54739414 -19.09597372 0 0
39.54121679 -19.12646089 0 0
39.53639185 -19.15468588 0 0
39.53200771 -19.18275022 0 0
39.52761677 -19.21162021 0 0
39.52456054 -19.23851193 0 0
39.52233598 -19.26439792 0 0
39.52095602 -19.28949625 0 0
39.52099101 -19.31261017 0 0
39.52194979 -19.33463421 0 0
39.52443408 -19.35423553 0 0
39.52854724 -19.37115834 0 0
39.5344507 -19.38503897 0 0
39.54152515 -19.39696501 0 0
39.54940044 -19.40790445 0 0
39.55784016 -19.41830949 0 0
39.56747549 -19.42721431 0 0
39.57748463 -19.43606047 0 0
39.5874183 -19.44536306 0 0
39.59873166 -19.45262874 0 0
39.61037284 -19.4593306 0 0
39.62349 -19.46506569 0 0
39.63783097 -19.46907494 0 0
39.65282162 -19.47244113 0 0
39.66835643 -19.47491967 0 0
39.68429855 -19.47694515 0 0
39.69977594 -19.48044202 0 0
39.71651373 -19.48216449 0 0
39.73410981 -19.48414059 0 0
39.75122867 -19.48705788 0 0
39.76868903 -19.49018375 0 0
39.78626306 -19.49387588 0 0
39.80374638 -19.49832976 0 0
39.82158518 -19.50284066 0 0
39.83836684 -19.50911819 0 0
39.85554444 -19.51499943 0 0
39.8731748 -19.5201502 0 0
39.88989211 -19.52737724 0 0
39.90583068 -19.53659774 0 0
39.92192692 -19.54624247 0 0
39.93733224 -19.5577351 0 0
39.95264352 -19.5700225 0 0
39.96713696 -19.58436027 0 0
39.98060289 -19.60096765 0 0
39.99382531 -19.61807667 0 0
40.00647037 -19.63624337 0 0
40.0186069 -19.65510813 0 0
40.03059834 -19.67393984 0 0
40.04094504 -19.6953746 0 0
40.0511817 -19.71634601 0 0
40.06118806 -19.73711003 0 0
40.07045729 -19.7586557 0 0
40.07873507 -19.78127576 0 0
40.08699682 -19.80320657 0 0
40.09364349 -19.82656518 0 0
40.10013244 -19.84897354 0 0
40.10591779 -19.87147128 0 0
40.11093457 -19.89422726 0 0
40.11544648 -19.91680316 0 0
40.11921791 -19.9389293 0 0
40.12189068 -19.96138384 0 0
40.12418912 -19.98337194 0 0
40.12623196 -20.00470788 0 0
40.12889263 -20.02325391 0 0
40.13123837 -20.04061754 0 0
40.13364643 -20.05613683 0 0
40.13668049 -20.0685097 0 0
40.13903691 -20.07996277 0 0
40.1416049 -20.08892894 0 0
40.14385298 -20.09653763 0 0
40.14510014 -20.10358293 0 0
40.1469108 -20.10729981 0 0
39.98760083 -20.65973309 0 0
39.98760083 -20.65973309 0 0
39.98760083 -20.65973309 0 0
39.98760083 -20.65973309 0 0
39.98760083 -20.65973309 0 0
39.98760083 -20.65973309 0 0
39.98760083 -20.65973309 0 0
39.98760083 -20.65973309 0 0
39.98760083 -20.65973309 0 0
39.98760083 -20.65973309 0 0
39.98760083 -20.65973309 0 0
39.98760083 -20.65973309 0 0
39.98760083 -20.65973309 0 0
39.98760083 -20.65973309 0 0
39.98760083 -20.65973309 0 0
39.98760083 -20.65973309 0 0
39.98760083 -20.65973309 0 0
39.98760083 -20.65973309 0 0
39.98760083 -20.65973309 0 0
39.98760083 -20.65973309 0 0
39.98760083 -20.65973309 0 0
39.98760083 -20.65973309 0 0
39.98760083 -20.65973309 0 0
39.98760083 -20.65973309 0 0
39.98760083 -20.65973309 0 0
39.98760083 -20.65973309 0 0
39.98760083 -20.65973309 0 0
39.98760083 -20.65973309 0 0
39.98760083 -20.65973309 0 0
39.98760083 -20.65973309 0 0
39.98760083 -20.65973309 0 0
39.98760083 -20.65973309 0 0
39.98760083 -20.65973309 0 0
39.98760083 -20.65973309 0 0
39.98760083 -20.65973309 0 0
39.98760083 -20.65973309 0 0
39.98760083 -20.65973309 0 0
39.98760083 -20.65973309 0 0
39.98760083 -20.65973309 0 0
39.98760083 -20.65973309 0 0
39.98760083 -20.65973309 0 0
39.98760083 -20.65973309 0 0
39.98760083 -20.65973309 0 0
39.98760083 -20.65973309 0 0
39.98760083 -20.65973309 0 0
39.98760083 -20.65973309 0 0
39.98760083 -20.65973309 0 0
39.98760083 -20.65973309 0 0
39.98760083 -20.65973309 0 0
39.98760083 -20.65973309 0 0
39.98760083 -20.65973309 0 0
39.98760083 -20.65973309 0 0
39.98760083 -20.65973309 0 0
39.98760083 -20.65973309 0 0
39.98760083 -20.65973309 0 0
39.98760083 -20.65973309 0 0
39.98760083 -20.65973309 0 0
39.98760083 -20.65973309 0 0
39.98760083 -20.65973309 0 0
39.98760083 -20.65973309 0 0
39.98760083 -20.65973309 0 0
39.98760083 -20.65973309 0 0
39.98760083 -20.65973309 0 0
39.98760083 -20.65973309 0 0
39.98760083 -20.65973309 0 0
39.98760083 -20.65973309 0 0
39.98760083 -20.65973309 0 0
39.98760083 -20.65973309 0 0
39.98760083 -20.65973309 0 0
39.98760083 -20.65973309 0 0
39.98760083 -20.65973309 0 0
39.98760083 -20.65973309 0 0
39.98760083 -20.65973309 0 0
39.98760083 -20.65973309 0 0
39.98760083 -20.65973309 0 0
39.98760083 -20.65973309 0 0
39.98760083 -20.65973309 0 0
39.98760083 -20.65973309 0 0
39.98760083 -20.65973309 0 0
39.98760083 -20.65973309 0 0
39.98760083 -20.65973309 0 0
39.98760083 -20.65973309 0 0
39.98760083 -20.65973309 0 0
39.98760083 -20.65973309 0 0
39.98760083 -20.65973309 0 0
39.98760083 -20.65973309 0 0
39.98760083 -20.65973309 0 0
39.98760083 -20.65973309 0 0
39.98760083 -20.65973309 0 0
39.98760083 -20.65973309 0 0
39.98760083 -20.65973309 0 0
39.98760083 -20.65973309 0 0
39.98760083 -20.65973309 0 0
39.98760083 -20.65973309 0 0
39.98760083 -20.65973309 0 0
39.98760083 -20.65973309 0 0
39.98760083 -20.65973309 0 0
39.98760083 -20.65973309 0 0
39.98760083 -20.65973309 0 0
39.98760083 -20.65973309 0 0
39.98760083 -20.65973309 0 0
40.01259661 -20.5786513 0 0
40.03543689 -20.50125778 0 0
40.05617553 -20.42746836 0 0
40.07486639 -20.35719888 0 0
40.09156334 -20.29036517 0 0
40.10632022 -20.22688308 0 0
40.1191909 -20.16666845 0 0
40.13022924 -20.10963712 0 0
40.13948908 -20.05570492 0 0
40.14702429 -20.0047877 0 0
40.15288871 -19.9568013 0 0
40.15713621 -19.91166157 0 0
40.15982064 -19.86928434 0 0
40.16099585 -19.82958546 0 0
40.1607157 -19.79248078 0 0
40.15903403 -19.75788614 0 0
40.15600469 -19.72571738 0 0
40.15168155 -19.69589035 0 0
40.14611844 -19.6683209 0 0
40.13936922 -19.64292488 0 0
40.13148774 -19.61961813 0 0
40.12252784 -19.59831649 0 0
40.11254338 -19.57893582 0 0
40.1015882 -19.56139197 0 0
40.08971616 -19.54560079 0 0
40.07698108 -19.53147812 0 0
40.06343683 -19.51893983 0 0
40.04913723 -19.50790176 0 0
40.03413613 -19.49827977 0 0
40.01848735 -19.48998974 0 0
40.00224472 -19.48294754 0 0
39.98546204 -19.47706905 0 0
39.96819311 -19.47227017 0 0
39.95049168 -19.46846683 0 0
39.93241149 -19.46557501 0 0
39.91400619 -19.46351072 0 0
39.89532937 -19.46219006 0 0
39.87643448 -19.46152927 0 0
39.85737477 -19.46144474 0 0
39.8382032 -19.46185317 0 0
39.81897228 -19.46267169 0 0
39.79973375 -19.46381812 0 0
39.78053815 -19.46521144 0 0
39.76143397 -19.4667726 0 0
39.74246598 -19.46842602 0 0
39.72367201 -19.4701027 0 0
39.70507573 -19.47174709 0 0
39.68666857 -19.47333411 0 0
39.66835643 -19.47491967 0 0
39.65282162 -19.47244113 0 0
39.63783097 -19.46907494 0 0
39.62349 -19.46506569 0 0
39.61037284 -19.4593306 0 0
39.59873166 -19.45262874 0 0
39.5874183 -19.44536306 0 0
39.57748463 -19.43606047 0 0
39.56747549 -19.42721431 0 0
39.55784016 -19.41830949 0 0
39.54940044 -19.40790445 0 0
39.54152515 -19.39696501 0 0
39.5344507 -19.38503897 0 0
39.52854724 -19.37115834 0 0
39.52443408 -19.35423553 0 0
39.52194979 -19.33463421 0 0
39.52099101 -19.31261017 0 0
39.52095602 -19.28949625 0 0
39.52233598 -19.26439792 0 0
39.52456054 -19.23851193 0 0
39.52761677 -19.21162021 0 0
39.53200771 -19.18275022 0 0
39.53639185 -19.15468588 0 0
39.54121679 -19.12646089 0 0
39.54739414 -19.09597372 0 0
39.55525591 -19.06294328 0 0
39.56336964 -19.03000736 0 0
39.57237789 -18.99569288 0 0
39.58231163 -18.96012289 0 0
39.59325074 -18.92311356 0 0
39.60518121 -18.88482039 0 0
39.61773227 -18.84558911 0 0
39.63153766 -18.80446966 0 0
39.64489018 -18.76464775 0 0
39.65920161 -18.72332736 0 0
39.67407556 -18.68159133 0 0
39.68773237 -18.64220281 0 0
39.70056902 -18.60446918 0 0
39.71402097 -18.56617891 0 0
39.72743351 -18.52892852 0 0
39.74180491 -18.49036863 0 0
39.75558438 -18.45352342 0 0
39.76980387 -18.41641048 0 0
39.78439922 -18.37886788 0 0
39.79771187 -18.34429174 0 0
39.81062537 -18.31137657 0 0
39.82385904 -18.27846462 0 0
39.83683545 -18.2468497 0 0
39.85074962 -18.21387091 0 0
39.86310062 -18.18421139 0 0
39.87553799 -18.15489464 0 0
39.88662945 -18.12863818 0 0
39.89769367 -18.10287806 0 0
39.90851599 -18.07821014 0 0
39.91945271 -18.05388177 0 0
39.93012568 -18.03064249 0 0
39.93941485 -18.01055382 0 0
39.94844252 -17.99140404 0 0
39.95724584 -17.97314961 0 0
39.96654972 -17.95446063 0 0
39.97636576 -17.93549363 0 0
39.98639768 -17.9167138 0 0
39.99643727 -17.89863813 0 0
40.00687935 -17.88046649 0 0
40.01770555 -17.86220884 0 0
40.02852186 -17.84459223 0 0
40.03838747 -17.82934848 0 0
40.04855578 -17.81400924 0 0
40.05856417 -17.79952138 0 0
40.06848769 -17.78571784 0 0
40.07847113 -17.77243677 0 0
40.087562 -17.76126749 0 0
40.09619316 -17.75107185 0 0
40.10532262 -17.74042857 0 0
40.11449556 -17.73016223 0 0
40.12243359 -17.72274041 0 0
40.13110314 -17.71447602 0 0
40.14024034 -17.7058338 0 0
40.14730781 -17.70134865 0 0
40.15431908 -17.69735807 0 0
40.16124713 -17.69385817 0 0
40.16805336 -17.69087331 0 0
40.1759994 -17.68611934 0 0
40.18431258 -17.68073736 0 0
40.19271474 -17.67580037 0 0
40.2009224 -17.67193602 0 0
40.20890033 -17.66885801 0 0
40.21703364 -17.66632934 0 0
40.22565582 -17.66315718 0 0
40.23424884 -17.66045811 0 0
40.24392465 -17.65593372 0 0
40.25467478 -17.64964356 0 0
40.26506078 -17.64413766 0 0
40.27546645 -17.63920749 0 0
40.28578421 -17.63503803 0 0
40.29711247 -17.62915218 0 0
40.30910083 -17.62259208 0 0
40.32183699 -17.61503338 0 0
40.33556887 -17.60633085 0 0
40.35043448 -17.59545976 0 0
40.36603556 -17.58358424 0 0
40.38216178 -17.57106558 0 0
40.39875048 -17.55785032 0 0
40.41655459 -17.54261468 0 0
40.43511421 -17.52680446 0 0
40.45424992 -17.51024374 0 0
40.47351327 -17.4937187 0 0
40.49313027 -17.47737652 0 0
40.51245808 -17.46132334 0 0
40.5308576 -17.44819121 0 0
40.55003411 -17.43392876 0 0
40.56912387 -17.42052148 0 0
40.58766894 -17.40899508 0 0
40.60689675 -17.39692255 0 0
40.62618565 -17.38573407 0 0
40.64680079 -17.37233846 0 0
40.66876819 -17.35639421 0 0
40.69061617 -17.34079934 0 0
40.71256518 -17.32592083 0 0
40.73466907 -17.31140086 0 0
40.75684619 -17.29730396 0 0
40.77948181 -17.28313668 0 0
40.80212905 -17.26972763 0 0
40.82434305 -17.25734871 0 0
40.84744094 -17.24383753 0 0
40.8720157 -17.22800033 0 0
40.89594096 -17.2136072 0 0
40.91942687 -17.20077782 0 0
40.94353219 -17.18716519 0 0
40.96874743 -17.17195954 0 0
40.99403023 -17.15698555 0 0
41.0194154 -17.14258426 0 0
41.04550295 -17.12707254 0 0
41.07126065 -17.11293876 0 0
41.0976794 -17.0979136 0 0
41.12567181 -17.08028376 0 0
41.15343981 -17.06309419 0 0
41.18131769 -17.04606702 0 0
41.20992726 -17.02800918 0 0
41.23885835 -17.00976828 0 0
41.267892 -16.99193922 0 0
41.29585805 -16.9768171 0 0
41.32511879 -16.95922511 0 0
41.3541324 -16.94194155 0 0
41.38332786 -16.92441621 0 0
41.41221212 -16.90774373 0 0
41.44188337 -16.88982909 0 0
41.47128102 -16.8727401 0 0
41.50112948 -16.85499475 0 0
41.53029317 -16.83904519 0 0
41.55948947 -16.82309279 0 0
41.55948947 -16.82309279 0 0
41.55948947 -16.82309279 0 0
41.55948947 -16.82309279 0 0
41.55948947 -16.82309279 0 0
41.55948947 -16.82309279 0 0
41.55948947 -16.82309279 0 0
41.55948947 -16.82309279 0 0
41.55948947 -16.82309279 0 0
41.55948947 -16.82309279 0 0
41.55948947 -16.82309279 0 0
41.55948947 -16.82309279 0 0
41.55948947 -16.82309279 0 0
41.55948947 -16.82309279 0 0
41.55948947 -16.82309279 0 0
41.55948947 -16.82309279 0 0
41.55948947 -16.82309279 0 0
41.55948947 -16.82309279 0 0
41.55948947 -16.82309279 0 0
41.55948947 -16.82309279 0 0
41.55948947 -16.82309279 0 0
41.55948947 -16.82309279 0 0
41.55948947 -16.82309279 0 0
41.55948947 -16.82309279 0 0
41.55948947 -16.82309279 0 0
41.55948947 -16.82309279 0 0
41.55948947 -16.82309279 0 0
41.55948947 -16.82309279 0 0
41.55948947 -16.82309279 0 0
41.55948947 -16.82309279 0 0
41.55948947 -16.82309279 0 0
41.55948947 -16.82309279 0 0
41.55948947 -16.82309279 0 0
41.55948947 -16.82309279 0 0
41.55948947 -16.82309279 0 0
41.55948947 -16.82309279 0 0
41.55948947 -16.82309279 0 0
41.55948947 -16.82309279 0 0
41.55948947 -16.82309279 0 0
41.55948947 -16.82309279 0 0
41.55948947 -16.82309279 0 0
41.55948947 -16.82309279 0 0
41.55948947 -16.82309279 0 0
41.55948947 -16.82309279 0 0
41.55948947 -16.82309279 0 0
41.55948947 -16.82309279 0 0
41.55948947 -16.82309279 0 0
41.55948947 -16.82309279 0 0
41.55948947 -16.82309279 0 0
41.55948947 -16.82309279 0 0
41.55948947 -16.82309279 0 0
41.55948947 -16.82309279 0 0
41.55948947 -16.82309279 0 0
41.55948947 -16.82309279 0 0
41.55948947 -16.82309279 0 0
41.55948947 -16.82309279 0 0
41.55948947 -16.82309279 0 0
41.55948947 -16.82309279 0 0
41.55948947 -16.82309279 0 0
41.55948947 -16.82309279 0 0
41.55948947 -16.82309279 0 0
41.55948947 -16.82309279 0 0
41.55948947 -16.82309279 0 0
41.55948947 -16.82309279 0 0
41.55948947 -16.82309279 0 0
41.55948947 -16.82309279 0 0
41.55948947 -16.82309279 0 0
41.55948947 -16.82309279 0 0
41.55948947 -16.82309279 0 0
41.55948947 -16.82309279 0 0
41.55948947 -16.82309279 0 0
41.55948947 -16.82309279 0 0
41.55948947 -16.82309279 0 0
41.55948947 -16.82309279 0 0
41.55948947 -16.82309279 0 0
41.55948947 -16.82309279 0 0
41.55948947 -16.82309279 0 0
41.55948947 -16.82309279 0 0
41.55948947 -16.82309279 0 0
41.55948947 -16.82309279 0 0
41.55948947 -16.82309279 0 0
41.55948947 -16.82309279 0 0
41.55948947 -16.82309279 0 0
41.55948947 -16.82309279 0 0
41.55948947 -16.82309279 0 0
41.55948947 -16.82309279 0 0
41.55948947 -16.82309279 0 0
41.55948947 -16.82309279 0 0
41.55948947 -16.82309279 0 0
41.55948947 -16.82309279 0 0
41.55948947 -16.82309279 0 0
41.55948947 -16.82309279 0 0
41.55948947 -16.82309279 0 0
41.55948947 -16.82309279 0 0
41.55948947 -16.82309279 0 0
41.55948947 -16.82309279 0 0
41.55948947 -16.82309279 0 0
41.55948947 -16.82309279 0 0
41.55948947 -16.82309279 0 0
41.55948947 -16.82309279 0 0
41.55948947 -16.82309279 0 0
41.53029317 -16.83904519 0 0
41.50112948 -16.85499475 0 0
41.47128102 -16.8727401 0 0
41.44188337 -16.88982909 0 0
41.41221212 -16.90774373 0 0
41.38332786 -16.92441621 0 0
41.3541324 -16.94194155 0 0
41.32511879 -16.95922511 0 0
41.29585805 -16.9768171 0 0
41.267892 -16.99193922 0 0
41.23885835 -17.00976828 0 0
41.20992726 -17.02800918 0 0
41.18131769 -17.04606702 0 0
41.15343981 -17.06309419 0 0
41.12567181 -17.08028376 0 0
41.0976794 -17.0979136 0 0
41.07126065 -17.11293876 0 0
41.04550295 -17.12707254 0 0
41.0194154 -17.14258426 0 0
40.99403023 -17.15698555 0 0
40.96874743 -17.17195954 0 0
40.94353219 -17.18716519 0 0
40.91942687 -17.20077782 0 0
40.89594096 -17.2136072 0 0
40.8720157 -17.22800033 0 0
40.84744094 -17.24383753 0 0
40.82434305 -17.25734871 0 0
40.80212905 -17.26972763 0 0
40.77948181 -17.28313668 0 0
40.75684619 -17.29730396 0 0
40.73466907 -17.31140086 0 0
40.71256518 -17.32592083 0 0
40.69061617 -17.34079934 0 0
40.66876819 -17.35639421 0 0
40.64680079 -17.37233846 0 0
40.62618565 -17.38573407 0 0
40.60689675 -17.39692255 0 0
40.58766894 -17.40899508 0 0
40.56912387 -17.42052148 0 0
40.55003411 -17.43392876 0 0
40.5308576 -17.44819121 0 0
40.51245808 -17.46132334 0 0
40.49313027 -17.47737652 0 0
40.47351327 -17.4937187 0 0
40.45424992 -17.51024374 0 0
40.43511421 -17.52680446 0 0
40.41655459 -17.54261468 0 0
40.39875048 -17.55785032 0 0
40.38216178 -17.57106558 0 0
40.36603556 -17.58358424 0 0
40.35043448 -17.59545976 0 0
40.33556887 -17.60633085 0 0
40.32183699 -17.61503338 0 0
40.30910083 -17.62259208 0 0
40.29711247 -17.62915218 0 0
40.28578421 -17.63503803 0 0
40.27546645 -17.63920749 0 0
40.26506078 -17.64413766 0 0
40.25467478 -17.64964356 0 0
40.24392465 -17.65593372 0 0
40.23424884 -17.66045811 0 0
40.22565582 -17.66315718 0 0
40.21703364 -17.66632934 0 0
40.20890033 -17.66885801 0 0
40.2009224 -17.67193602 0 0
40.19271474 -17.67580037 0 0
40.18431258 -17.68073736 0 0
40.1759994 -17.68611934 0 0
40.16805336 -17.69087331 0 0
40.16124713 -17.69385817 0 0
40.15431908 -17.69735807 0 0
40.14730781 -17.70134865 0 0
40.14024034 -17.7058338 0 0
40.13110314 -17.71447602 0 0
40.12243359 -17.72274041 0 0
40.11449556 -17.73016223 0 0
40.10532262 -17.74042857 0 0
40.09619316 -17.75107185 0 0
40.087562 -17.76126749 0 0
40.07847113 -17.77243677 0 0
40.06848769 -17.78571784 0 0
40.05856417 -17.79952138 0 0
40.04855578 -17.81400924 0 0
40.03838747 -17.82934848 0 0
40.02852186 -17.84459223 0 0
40.01770555 -17.86220884 0 0
40.00687935 -17.88046649 0 0
39.99643727 -17.89863813 0 0
39.98639768 -17.9167138 0 0
39.97636576 -17.93549363 0 0
39.96654972 -17.95446063 0 0
39.95724584 -17.97314961 0 0
39.94844252 -17.99140404 0 0
39.93941485 -18.01055382 0 0
39.93012568 -18.03064249 0 0
39.91945271 -18.05388177 0 0
39.90851599 -18.07821014 0 0
39.89769367 -18.10287806 0 0
39.88662945 -18.12863818 0 0
39.87553799 -18.15489464 0 0
39.86310062 -18.18421139 0 0
39.85074962 -18.21387091 0 0
39.83683545 -18.2468497 0 0
39.82385904 -18.27846462 0 0
39.81062537 -18.31137657 0 0
39.79771187 -18.34429174 0 0
39.78439922 -18.37886788 0 0
39.76980387 -18.41641048 0 0
39.75558438 -18.45352342 0 0
39.74180491 -18.49036863 0 0
39.72743351 -18.52892852 0 0
39.71402097 -18.56617891 0 0
39.70056902 -18.60446918 0 0
39.68773237 -18.64220281 0 0
39.67407556 -18.68159133 0 0
39.65920161 -18.72332736 0 0
39.64489018 -18.76464775 0 0
39.63153766 -18.80446966 0 0
39.61773227 -18.84558911 0 0
39.60518121 -18.88482039 0 0
39.59325074 -18.92311356 0 0
39.58231163 -18.96012289 0 0
39.57237789 -18.99569288 0 0
39.56336964 -19.03000736 0 0
39.55525591 -19.06294328 0 0
39.54739414 -19.09597372 0 0
39.54121679 -19.12646089 0 0
39.53639185 -19.15468588 0 0
39.53200771 -19.18275022 0 0
39.52761677 -19.21162021 0 0
39.52456054 -19.23851193 0 0
39.52233598 -19.26439792 0 0
39.52095602 -19.28949625 0 0
39.52099101 -19.31261017 0 0
39.52194979 -19.33463421 0 0
39.52443408 -19.35423553 0 0
39.52854724 -19.37115834 0 0
39.5344507 -19.38503897 0 0
39.54152515 -19.39696501 0 0
39.54940044 -19.40790445 0 0
39.55784016 -19.41830949 0 0
39.56747549 -19.42721431 0 0
39.57748463 -19.43606047 0 0
39.5874183 -19.44536306 0 0
39.59873166 -19.45262874 0 0
39.61037284 -19.4593306 0 0
39.62349 -19.46506569 0 0
39.63783097 -19.46907494 0 0
39.65282162 -19.47244113 0 0
39.66835643 -19.47491967 0 0
39.68429855 -19.47694515 0 0
39.69977594 -19.48044202 0 0
39.71651373 -19.48216449 0 0
39.73410981 -19.48414059 0 0
39.75122867 -19.48705788 0 0
39.76868903 -19.49018375 0 0
39.78626306 -19.49387588 0 0
39.80374638 -19.49832976 0 0
39.82158518 -19.50284066 0 0
39.83836684 -19.50911819 0 0
39.85554444 -19.51499943 0 0
39.8731748 -19.5201502 0 0
39.88989211 -19.52737724 0 0
39.90583068 -19.53659774 0 0
39.92192692 -19.54624247 0 0
39.93733224 -19.5577351 0 0
39.95264352 -19.5700225 0 0
39.96713696 -19.58436027 0 0
39.98060289 -19.60096765 0 0
39.99382531 -19.61807667 0 0
40.00647037 -19.63624337 0 0
40.0186069 -19.65510813 0 0
40.03059834 -19.67393984 0 0
40.04094504 -19.6953746 0 0
40.0511817 -19.71634601 0 0
40.06118806 -19.73711003 0 0
40.07045729 -19.7586557 0 0
40.07873507 -19.78127576 0 0
40.08699682 -19.80320657 0 0
40.09364349 -19.82656518 0 0
40.10013244 -19.84897354 0 0
40.10591779 -19.87147128 0 0
40.11093457 -19.89422726 0 0
40.11544648 -19.91680316 0 0
40.11921791 -19.9389293 0 0
40.12189068 -19.96138384 0 0
40.12418912 -19.98337194 0 0
40.12623196 -20.00470788 0 0
40.12889263 -20.02325391 0 0
40.13123837 -20.04061754 0 0
40.13364643 -20.05613683 0 0
40.13668049 -20.0685097 0 0
40.13903691 -20.07996277 0 0
40.1416049 -20.08892894 0 0
40.14385298 -20.09653763 0 0
40.14510014 -20.10358293 0 0
40.1469108 -20.10729981 0 0
40.14749254 -20.11077214 0 0
39.98760083 -20.65973309 0 0
39.98760083 -20.65973309 0 0
39.98760083 -20.65973309 0 0
39.98760083 -20.65973309 0 0
39.98760083 -20.65973309 0 0
39.98760083 -20.65973309 0 0
39.98760083 -20.65973309 0 0
39.98760083 -20.65973309 0 0
39.98760083 -20.65973309 0 0
39.98760083 -20.65973309 0 0
39.98760083 -20.65973309 0 0
39.98760083 -20.65973309 0 0
39.98760083 -20.65973309 0 0
39.98760083 -20.65973309 0 0
39.98760083 -20.65973309 0 0
39.98760083 -20.65973309 0 0
39.98760083 -20.65973309 0 0
39.98760083 -20.65973309 0 0
39.98760083 -20.65973309 0 0
39.98760083 -20.65973309 0 0
39.98760083 -20.65973309 0 0
39.98760083 -20.65973309 0 0
39.98760083 -20.65973309 0 0
39.98760083 -20.65973309 0 0
39.98760083 -20.65973309 0 0
39.98760083 -20.65973309 0 0
39.98760083 -20.65973309 0 0
39.98760083 -20.65973309 0 0
39.98760083 -20.65973309 0 0
39.98760083 -20.65973309 0 0
39.98760083 -20.65973309 0 0
39.98760083 -20.65973309 0 0
39.98760083 -20.65973309 0 0
39.98760083 -20.65973309 0 0
39.98760083 -20.65973309 0 0
39.98760083 -20.65973309 0 0
39.98760083 -20.65973309 0 0
39.98760083 -20.65973309 0 0
39.98760083 -20.65973309 0 0
39.98760083 -20.65973309 0 0
39.98760083 -20.65973309 0 0
39.98760083 -20.65973309 0 0
39.98760083 -20.65973309 0 0
39.98760083 -20.65973309 0 0
39.98760083 -20.65973309 0 0
39.98760083 -20.65973309 0 0
39.98760083 -20.65973309 0 0
39.98760083 -20.65973309 0 0
39.98760083 -20.65973309 0 0
39.98760083 -20.65973309 0 0
39.98760083 -20.65973309 0 0
39.98760083 -20.65973309 0 0
39.98760083 -20.65973309 0 0
39.98760083 -20.65973309 0 0
39.98760083 -20.65973309 0 0
39.98760083 -20.65973309 0 0
39.98760083 -20.65973309 0 0
39.98760083 -20.65973309 0 0
39.98760083 -20.65973309 0 0
39.98760083 -20.65973309 0 0
39.98760083 -20.65973309 0 0
39.98760083 -20.65973309 0 0
39.98760083 -20.65973309 0 0
39.98760083 -20.65973309 0 0
39.98760083 -20.65973309 0 0
39.98760083 -20.65973309 0 0
39.98760083 -20.65973309 0 0
39.98760083 -20.65973309 0 0
39.98760083 -20.65973309 0 0
39.98760083 -20.65973309 0 0
39.98760083 -20.65973309 0 0
39.98760083 -20.65973309 0 0
39.98760083 -20.65973309 0 0
39.98760083 -20.65973309 0 0
39.98760083 -20.65973309 0 0
39.98760083 -20.65973309 0 0
39.98760083 -20.65973309 0 0
39.98760083 -20.65973309 0 0
39.98760083 -20.65973309 0 0
39.98760083 -20.65973309 0 0
39.98760083 -20.65973309 0 0
39.98760083 -20.65973309 0 0
39.98760083 -20.65973309 0 0
39.98760083 -20.65973309 0 0
39.98760083 -20.65973309 0 0
39.98760083 -20.65973309 0 0
39.98760083 -20.65973309 0 0
39.98760083 -20.65973309 0 0
39.98760083 -20.65973309 0 0
39.98760083 -20.65973309 0 0
39.98760083 -20.65973309 0 0
39.98760083 -20.65973309 0 0
39.98760083 -20.65973309 0 0
39.98760083 -20.65973309 0 0
39.98760083 -20.65973309 0 0
39.98760083 -20.65973309 0 0
39.98760083 -20.65973309 0 0
39.98760083 -20.65973309 0 0
39.98760083 -20.65973309 0 0
39.98760083 -20.65973309 0 0
39.98760083 -20.65973309 0 0
40.01259661 -20.5786513 0 0
40.03543689 -20.50125778 0 0
40.05617553 -20.42746836 0 0
40.07486639 -20.35719888 0 0
40.09156334 -20.29036517 0 0
40.10632022 -20.22688308 0 0
40.1191909 -20.16666845 0 0
40.13022924 -20.10963712 0 0
40.13948908 -20.05570492 0 0
40.14702429 -20.0047877 0 0
40.15288871 -19.9568013 0 0
40.15713621 -19.91166157 0 0
40.15982064 -19.86928434 0 0
40.16099585 -19.82958546 0 0
40.1607157 -19.79248078 0 0
40.15903403 -19.75788614 0 0
40.15600469 -19.72571738 0 0
40.15168155 -19.69589035 0 0
40.14611844 -19.6683209 0 0
40.13936922 -19.64292488 0 0
40.13148774 -19.61961813 0 0
40.12252784 -19.59831649 0 0
40.11254338 -19.57893582 0 0
40.1015882 -19.56139197 0 0
40.08971616 -19.54560079 0 0
40.07698108 -19.53147812 0 0
40.06343683 -19.51893983 0 0
40.04913723 -19.50790176 0 0
40.03413613 -19.49827977 0 0
40.01848735 -19.48998974 0 0
40.00224472 -19.48294754 0 0
39.98546204 -19.47706905 0 0
39.96819311 -19.47227017 0 0
39.95049168 -19.46846683 0 0
39.93241149 -19.46557501 0 0
39.91400619 -19.46351072 0 0
39.89532937 -19.46219006 0 0
39.87643448 -19.46152927 0 0
39.85737477 -19.46144474 0 0
39.8382032 -19.46185317 0 0
39.81897228 -19.46267169 0 0
39.79973375 -19.46381812 0 0
39.78053815 -19.46521144 0 0
39.76143397 -19.4667726 0 0
39.74246598 -19.46842602 0 0
39.72367201 -19.4701027 0 0
39.70507573 -19.47174709 0 0
39.68666857 -19.47333411 0 0
39.66835643 -19.47491967 0 0
39.65282162 -19.47244113 0 0
39.63783097 -19.46907494 0 0
39.62349 -19.46506569 0 0
39.61037284 -19.4593306 0 0
39.59873166 -19.45262874 0 0
39.5874183 -19.44536306 0 0
39.57748463 -19.43606047 0 0
39.56747549 -19.42721431 0 0
39.55784016 -19.41830949 0 0
39.54940044 -19.40790445 0 0
39.54152515 -19.39696501 0 0
39.5344507 -19.38503897 0 0
39.52854724 -19.37115834 0 0
39.52443408 -19.35423553 0 0
39.52194979 -19.33463421 0 0
39.52099101 -19.31261017 0 0
39.52095602 -19.28949625 0 0
39.52233598 -19.26439792 0 0
39.52456054 -19.23851193 0 0
39.52761677 -19.21162021 0 0
39.53200771 -19.18275022 0 0
39.53639185 -19.15468588 0 0
39.54121679 -19.12646089 0 0
39.54739414 -19.09597372 0 0
39.55525591 -19.06294328 0 0
39.56336964 -19.03000736 0 0
39.57237789 -18.99569288 0 0
39.58231163 -18.96012289 0 0
39.59325074 -18.92311356 0 0
39.60518121 -18.88482039 0 0
39.61773227 -18.84558911 0 0
39.63153766 -18.80446966 0 0
39.64489018 -18.76464775 0 0
39.65920161 -18.72332736 0 0
39.67407556 -18.68159133 0 0
39.68773237 -18.64220281 0 0
39.70056902 -18.60446918 0 0
39.71402097 -18.56617891 0 0
39.72743351 -18.52892852 0 0
39.74180491 -18.49036863 0 0
39.75558438 -18.45352342 0 0
39.76980387 -18.41641048 0 0
39.78439922 -18.37886788 0 0
39.79771187 -18.34429174 0 0
39.81062537 -18.31137657 0 0
39.82385904 -18.27846462 0 0
39.83683545 -18.2468497 0 0
39.85074962 -18.21387091 0 0
39.86310062 -18.18421139 0 0
39.87553799 -18.15489464 0 0
39.88662945 -18.12863818 0 0
39.89769367 -18.10287806 0 0
39.90851599 -18.07821014 0 0
39.91945271 -18.05388177 0 0
39.93012568 -18.03064249 0 0
39.93941485 -18.01055382 0 0
39.94844252 -17.99140404 0 0
39.95724584 -17.97314961 0 0
39.96654972 -17.95446063 0 0
39.97636576 -17.93549363 0 0
39.98639768 -17.9167138 0 0
39.99643727 -17.89863813 0 0
40.00687935 -17.88046649 0 0
40.01770555 -17.86220884 0 0
40.02852186 -17.84459223 0 0
40.03838747 -17.82934848 0 0
40.04855578 -17.81400924 0 0
40.05856417 -17.79952138 0 0
40.06848769 -17.78571784 0 0
40.07847113 -17.77243677 0 0
40.087562 -17.76126749 0 0
40.09619316 -17.75107185 0 0
40.10532262 -17.74042857 0 0
40.11449556 -17.73016223 0 0
40.12243359 -17.72274041 0 0
40.13110314 -17.71447602 0 0
40.14024034 -17.7058338 0 0
40.14730781 -17.70134865 0 0
40.15431908 -17.69735807 0 0
40.16124713 -17.69385817 0 0
40.16805336 -17.69087331 0 0
40.1759994 -17.68611934 0 0
40.18431258 -17.68073736 0 0
40.19271474 -17.67580037 0 0
40.2009224 -17.67193602 0 0
40.20890033 -17.66885801 0 0
40.21703364 -17.66632934 0 0
40.22565582 -17.66315718 0 0
40.23424884 -17.66045811 0 0
40.24392465 -17.65593372 0 0
40.25467478 -17.64964356 0 0
40.26506078 -17.64413766 0 0
40.27546645 -17.63920749 0 0
40.28578421 -17.63503803 0 0
40.29711247 -17.62915218 0 0
40.30910083 -17.62259208 0 0
40.32183699 -17.61503338 0 0
40.33556887 -17.60633085 0 0
40.35043448 -17.59545976 0 0
40.36603556 -17.58358424 0 0
40.38216178 -17.57106558 0 0
40.39875048 -17.55785032 0 0
40.41655459 -17.54261468 0 0
40.43511421 -17.52680446 0 0
40.45424992 -17.51024374 0 0
40.47351327 -17.4937187 0 0
40.49313027 -17.47737652 0 0
40.51245808 -17.46132334 0 0
40.5308576 -17.44819121 0 0
40.55003411 -17.43392876 0 0
40.56912387 -17.42052148 0 0
40.58766894 -17.40899508 0 0
40.60689675 -17.39692255 0 0
40.62618565 -17.38573407 0 0
40.64680079 -17.37233846 0 0
40.66876819 -17.35639421 0 0
40.69061617 -17.34079934 0 0
40.71256518 -17.32592083 0 0
40.73466907 -17.31140086 0 0
40.75684619 -17.29730396 0 0
40.77948181 -17.28313668 0 0
40.80212905 -17.26972763 0 0
40.82434305 -17.25734871 0 0
40.84744094 -17.24383753 0 0
40.8720157 -17.22800033 0 0
40.89594096 -17.2136072 0 0
40.91942687 -17.20077782 0 0
40.94353219 -17.18716519 0 0
40.96874743 -17.17195954 0 0
40.99403023 -17.15698555 0 0
41.0194154 -17.14258426 0 0
41.04550295 -17.12707254 0 0
41.07126065 -17.11293876 0 0
41.0976794 -17.0979136 0 0
41.12567181 -17.08028376 0 0
41.15343981 -17.06309419 0 0
41.18131769 -17.04606702 0 0
41.20992726 -17.02800918 0 0
41.23885835 -17.00976828 0 0
41.267892 -16.99193922 0 0
41.29585805 -16.9768171 0 0
41.32511879 -16.95922511 0 0
41.3541324 -16.94194155 0 0
41.38332786 -16.92441621 0 0
41.41221212 -16.90774373 0 0
41.44188337 -16.88982909 0 0
41.47128102 -16.8727401 0 0
41.50112948 -16.85499475 0 0
41.53029317 -16.83904519 0 0
41.55948947 -16.82309279 0 0
41.55948947 -16.82309279 0 0
41.55948947 -16.82309279 0 0
41.55948947 -16.82309279 0 0
41.55948947 -16.82309279 0 0
41.55948947 -16.82309279 0 0
41.55948947 -16.82309279 0 0
41.55948947 -16.82309279 0 0
41.55948947 -16.82309279 0 0
41.55948947 -16.82309279 0 0
41.55948947 -16.82309279 0 0
41.55948947 -16.82309279 0 0
41.55948947 -16.82309279 0 0
41.55948947 -16.82309279 0 0
41.55948947 -16.82309279 0 0
41.55948947 -16.82309279 0 0
41.55948947 -16.82309279 0 0
41.55948947 -16.82309279 0 0
41.55948947 -16.82309279 0 0
41.55948947 -16.82309279 0 0
41.55948947 -16.82309279 0 0
41.55948947 -16.82309279 0 0
41.55948947 -16.82309279 0 0
41.55948947 -16.82309279 0 0
41.55948947 -16.82309279 0 0
41.55948947 -16.82309279 0 0
41.55948947 -16.82309279 0 0
41.55948947 -16.82309279 0 0
41.55948947 -16.82309279 0 0
41.55948947 -16.82309279 0 0
41.55948947 -16.82309279 0 0
41.55948947 -16.82309279 0 0
41.55948947 -16.82309279 0 0
41.55948947 -16.82309279 0 0
41.55948947 -16.82309279 0 0
41.55948947 -16.82309279 0 0
41.55948947 -16.82309279 0 0
41.55948947 -16.82309279 0 0
41.55948947 -16.82309279 0 0
41.55948947 -16.82309279 0 0
41.55948947 -16.82309279 0 0
41.55948947 -16.82309279 0 0
41.55948947 -16.82309279 0 0
41.55948947 -16.82309279 0 0
41.55948947 -16.82309279 0 0
41.55948947 -16.82309279 0 0
41.55948947 -16.82309279 0 0
41.55948947 -16.82309279 0 0
41.55948947 -16.82309279 0 0
41.55948947 -16.82309279 0 0
41.55948947 -16.82309279 0 0
41.55948947 -16.82309279 0 0
41.55948947 -16.82309279 0 0
41.55948947 -16.82309279 0 0
41.55948947 -16.82309279 0 0
41.55948947 -16.82309279 0 0
41.55948947 -16.82309279 0 0
41.55948947 -16.82309279 0 0
41.55948947 -16.82309279 0 0
41.55948947 -16.82309279 0 0
41.55948947 -16.82309279 0 0
41.55948947 -16.82309279 0 0
41.55948947 -16.82309279 0 0
41.55948947 -16.82309279 0 0
41.55948947 -16.82309279 0 0
41.55948947 -16.82309279 0 0
41.55948947 -16.82309279 0 0
41.55948947 -16.82309279 0 0
41.55948947 -16.82309279 0 0
41.55948947 -16.82309279 0 0
41.55948947 -16.82309279 0 0
41.55948947 -16.82309279 0 0
41.55948947 -16.82309279 0 0
41.55948947 -16.82309279 0 0
41.55948947 -16.82309279 0 0
41.55948947 -16.82309279 0 0
41.55948947 -16.82309279 0 0
41.55948947 -16.82309279 0 0
41.55948947 -16.82309279 0 0
41.55948947 -16.82309279 0 0
41.55948947 -16.82309279 0 0
41.55948947 -16.82309279 0 0
41.55948947 -16.82309279 0 0
41.55948947 -16.82309279 0 0
41.55948947 -16.82309279 0 0
41.55948947 -16.82309279 0 0
41.55948947 -16.82309279 0 0
41.55948947 -16.82309279 0 0
41.55948947 -16.82309279 0 0
41.55948947 -16.82309279 0 0
41.55948947 -16.82309279 0 0
41.55948947 -16.82309279 0 0
41.55948947 -16.82309279 0 0
41.55948947 -16.82309279 0 0
41.55948947 -16.82309279 0 0
41.55948947 -16.82309279 0 0
41.55948947 -16.82309279 0 0
41.55948947 -16.82309279 0 0
41.55948947 -16.82309279 0 0
41.55948947 -16.82309279 0 0
41.55948947 -16.82309279 0 0
41.53029317 -16.83904519 0 0
41.50112948 -16.85499475 0 0
41.47128102 -16.8727401 0 0
41.44188337 -16.88982909 0 0
41.41221212 -16.90774373 0 0
41.38332786 -16.92441621 0 0
41.3541324 -16.94194155 0 0
41.32511879 -16.95922511 0 0
41.29585805 -16.9768171 0 0
41.267892 -16.99193922 0 0
41.23885835 -17.00976828 0 0
41.20992726 -17.02800918 0 0
41.18131769 -17.04606702 0 0
41.15343981 -17.06309419 0 0
41.12567181 -17.08028376 0 0
41.0976794 -17.0979136 0 0
41.07126065 -17.11293876 0 0
41.04550295 -17.12707254 0 0
41.0194154 -17.14258426 0 0
40.99403023 -17.15698555 0 0
40.96874743 -17.17195954 0 0
40.94353219 -17.18716519 0 0
40.91942687 -17.20077782 0 0
40.89594096 -17.2136072 0 0
40.8720157 -17.22800033 0 0
40.84744094 -17.24383753 0 0
40.82434305 -17.25734871 0 0
40.80212905 -17.26972763 0 0
40.77948181 -17.28313668 0 0
40.75684619 -17.29730396 0 0
40.73466907 -17.31140086 0 0
40.71256518 -17.32592083 0 0
40.69061617 -17.34079934 0 0
40.66876819 -17.35639421 0 0
40.64680079 -17.37233846 0 0
40.62618565 -17.38573407 0 0
40.60689675 -17.39692255 0 0
40.58766894 -17.40899508 0 0
40.56912387 -17.42052148 0 0
40.55003411 -17.43392876 0 0
40.5308576 -17.44819121 0 0
40.51245808 -17.46132334 0 0
40.49313027 -17.47737652 0 0
40.47351327 -17.4937187 0 0
40.45424992 -17.51024374 0 0
40.43511421 -17.52680446 0 0
40.41655459 -17.54261468 0 0
40.39875048 -17.55785032 0 0
40.38216178 -17.57106558 0 0
40.36603556 -17.58358424 0 0
40.35043448 -17.59545976 0 0
40.33556887 -17.60633085 0 0
40.32183699 -17.61503338 0 0
40.30910083 -17.62259208 0 0
40.29711247 -17.62915218 0 0
40.28578421 -17.63503803 0 0
40.27546645 -17.63920749 0 0
40.26506078 -17.64413766 0 0
40.25467478 -17.64964356 0 0
40.24392465 -17.65593372 0 0
40.23424884 -17.66045811 0 0
40.22565582 -17.66315718 0 0
40.21703364 -17.66632934 0 0
40.20890033 -17.66885801 0 0
40.2009224 -17.67193602 0 0
40.19271474 -17.67580037 0 0
40.18431258 -17.68073736 0 0
40.1759994 -17.68611934 0 0
40.16805336 -17.69087331 0 0
40.16124713 -17.69385817 0 0
40.15431908 -17.69735807 0 0
40.14730781 -17.70134865 0 0
40.14024034 -17.7058338 0 0
40.13110314 -17.71447602 0 0
40.12243359 -17.72274041 0 0
40.11449556 -17.73016223 0 0
40.10532262 -17.74042857 0 0
40.09619316 -17.75107185 0 0
40.087562 -17.76126749 0 0
40.07847113 -17.77243677 0 0
40.06848769 -17.78571784 0 0
40.05856417 -17.79952138 0 0
40.04855578 -17.81400924 0 0
40.03838747 -17.82934848 0 0
40.02852186 -17.84459223 0 0
40.01770555 -17.86220884 0 0
40.00687935 -17.88046649 0 0
39.99643727 -17.89863813 0 0
39.98639768 -17.9167138 0 0
39.97636576 -17.93549363 0 0
39.96654972 -17.95446063 0 0
39.95724584 -17.97314961 0 0
39.94844252 -17.99140404 0 0
39.93941485 -18.01055382 0 0
39.93012568 -18.03064249 0 0
39.91945271 -18.05388177 0 0
39.90851599 -18.07821014 0 0
39.89769367 -18.10287806 0 0
39.88662945 -18.12863818 0 0
39.87553799 -18.15489464 0 0
39.86310062 -18.18421139 0 0
39.85074962 -18.21387091 0 0
39.83683545 -18.2468497 0 0
39.82385904 -18.27846462 0 0
39.81062537 -18.31137657 0 0
39.79771187 -18.34429174 0 0
39.78439922 -18.37886788 0 0
39.76980387 -18.41641048 0 0
39.75558438 -18.45352342 0 0
39.74180491 -18.49036863 0 0
39.72743351 -18.52892852 0 0
39.71402097 -18.56617891 0 0
39.70056902 -18.60446918 0 0
39.68773237 -18.64220281 0 0
39.67407556 -18.68159133 0 0
39.65920161 -18.72332736 0 0
39.64489018 -18.76464775 0 0
39.63153766 -18.80446966 0 0
39.61773227 -18.84558911 0 0
39.60518121 -18.88482039 0 0
39.59325074 -18.92311356 0 0
39.58231163 -18.96012289 0 0
39.57237789 -18.99569288 0 0
39.56336964 -19.03000736 0 0
39.55525591 -19.06294328 0 0
39.54739414 -19.09597372 0 0
39.54121679 -19.12646089 0 0
39.53639185 -19.15468588 0 0
39.53200771 -19.18275022 0 0
39.52761677 -19.21162021 0 0
39.52456054 -19.23851193 0 0
39.52233598 -19.26439792 0 0
39.52095602 -19.28949625 0 0
39.52099101 -19.31261017 0 0
39.52194979 -19.33463421 0 0
39.52443408 -19.35423553 0 0
39.52854724 -19.37115834 0 0
39.5344507 -19.38503897 0 0
39.54152515 -19.39696501 0 0
39.54940044 -19.40790445 0 0
39.55784016 -19.41830949 0 0
39.56747549 -19.42721431 0 0
39.57748463 -19.43606047 0 0
39.5874183 -19.44536306 0 0
39.59873166 -19.45262874 0 0
39.61037284 -19.4593306 0 0
39.62349 -19.46506569 0 0
39.63783097 -19.46907494 0 0
39.65282162 -19.47244113 0 0
39.66835643 -19.47491967 0 0
39.68429855 -19.47694515 0 0
39.69977594 -19.48044202 0 0
39.71651373 -19.48216449 0 0
39.73410981 -19.48414059 0 0
39.75122867 -19.48705788 0 0
39.76868903 -19.49018375 0 0
39.78626306 -19.49387588 0 0
39.80374638 -19.49832976 0 0
39.82158518 -19.50284066 0 0
39.83836684 -19.50911819 0 0
39.85554444 -19.51499943 0 0
39.8731748 -19.5201502 0 0
39.88989211 -19.52737724 0 0
39.90583068 -19.53659774 0 0
39.92192692 -19.54624247 0 0
39.93733224 -19.5577351 0 0
39.95264352 -19.5700225 0 0
39.96713696 -19.58436027 0 0
39.98060289 -19.60096765 0 0
39.99382531 -19.61807667 0 0
40.00647037 -19.63624337 0 0
40.0186069 -19.65510813 0 0
40.03059834 -19.67393984 0 0
40.04094504 -19.6953746 0 0
40.0511817 -19.71634601 0 0
40.06118806 -19.73711003 0 0
40.07045729 -19.7586557 0 0
40.07873507 -19.78127576 0 0
40.08699682 -19.80320657 0 0
40.09364349 -19.82656518 0 0
40.10013244 -19.84897354 0 0
40.10591779 -19.87147128 0 0
40.11093457 -19.89422726 0 0
40.11544648 -19.91680316 0 0
40.11921791 -19.9389293 0 0
40.12189068 -19.96138384 0 0
40.12418912 -19.98337194 0 0
40.12623196 -20.00470788 0 0
40.12889263 -20.02325391 0 0
40.13123837 -20.04061754 0 0
40.13364643 -20.05613683 0 0
40.13668049 -20.0685097 0 0
40.13903691 -20.07996277 0 0
40.1416049 -20.08892894 0 0
40.14385298 -20.09653763 0 0
40.14510014 -20.10358293 0 0
40.1469108 -20.10729981 0 0
39.98760083 -20.65973309 0 0
39.98760083 -20.65973309 0 0
39.98760083 -20.65973309 0 0
39.98760083 -20.65973309 0 0
39.98760083 -20.65973309 0 0
39.98760083 -20.65973309 0 0
39.98760083 -20.65973309 0 0
39.98760083 -20.65973309 0 0
39.98760083 -20.65973309 0 0
39.98760083 -20.65973309 0 0
39.98760083 -20.65973309 0 0
39.98760083 -20.65973309 0 0
39.98760083 -20.65973309 0 0
39.98760083 -20.65973309 0 0
39.98760083 -20.65973309 0 0
39.98760083 -20.65973309 0 0
39.98760083 -20.65973309 0 0
39.98760083 -20.65973309 0 0
39.98760083 -20.65973309 0 0
39.98760083 -20.65973309 0 0
39.98760083 -20.65973309 0 0
39.98760083 -20.65973309 0 0
39.98760083 -20.65973309 0 0
39.98760083 -20.65973309 0 0
39.98760083 -20.65973309 0 0
39.98760083 -20.65973309 0 0
39.98760083 -20.65973309 0 0
39.98760083 -20.65973309 0 0
39.98760083 -20.65973309 0 0
39.98760083 -20.65973309 0 0
39.98760083 -20.65973309 0 0
39.98760083 -20.65973309 0 0
39.98760083 -20.65973309 0 0
39.98760083 -20.65973309 0 0
39.98760083 -20.65973309 0 0
39.98760083 -20.65973309 0 0
39.98760083 -20.65973309 0 0
39.98760083 -20.65973309 0 0
39.98760083 -20.65973309 0 0
39.98760083 -20.65973309 0 0
39.98760083 -20.65973309 0 0
39.98760083 -20.65973309 0 0
39.98760083 -20.65973309 0 0
39.98760083 -20.65973309 0 0
39.98760083 -20.65973309 0 0
39.98760083 -20.65973309 0 0
39.98760083 -20.65973309 0 0
39.98760083 -20.65973309 0 0
39.98760083 -20.65973309 0 0
39.98760083 -20.65973309 0 0
39.98760083 -20.65973309 0 0
39.98760083 -20.65973309 0 0
39.98760083 -20.65973309 0 0
39.98760083 -20.65973309 0 0
39.98760083 -20.65973309 0 0
39.98760083 -20.65973309 0 0
39.98760083 -20.65973309 0 0
39.98760083 -20.65973309 0 0
39.98760083 -20.65973309 0 0
39.98760083 -20.65973309 0 0
39.98760083 -20.65973309 0 0
39.98760083 -20.65973309 0 0
39.98760083 -20.65973309 0 0
39.98760083 -20.65973309 0 0
39.98760083 -20.65973309 0 0
39.98760083 -20.65973309 0 0
39.98760083 -20.65973309 0 0
39.98760083 -20.65973309 0 0
39.98760083 -20.65973309 0 0
39.98760083 -20.65973309 0 0
39.98760083 -20.65973309 0 0
39.98760083 -20.65973309 0 0
39.98760083 -20.65973309 0 0
39.98760083 -20.65973309 0 0
39.98760083 -20.65973309 0 0
39.98760083 -20.65973309 0 0
39.98760083 -20.65973309 0 0
39.98760083 -20.65973309 0 0
39.98760083 -20.65973309 0 0
39.98760083 -20.65973309 0 0
39.98760083 -20.65973309 0 0
39.98760083 -20.65973309 0 0
39.98760083 -20.65973309 0 0
39.98760083 -20.65973309 0 0
39.98760083 -20.65973309 0 0
39.98760083 -20.65973309 0 0
39.98760083 -20.65973309 0 0
39.98760083 -20.65973309 0 0
39.98760083 -20.65973309 0 0
39.98760083 -20.65973309 0 0
39.98760083 -20.65973309 0 0
39.98760083 -20.65973309 0 0
39.98760083 -20.65973309 0 0
39.98760083 -20.65973309 0 0
39.98760083 -20.65973309 0 0
39.98760083 -20.65973309 0 0
39.98760083 -20.65973309 0 0
39.98760083 -20.65973309 0 0
39.98760083 -20.65973309 0 0
39.98760083 -20.65973309 0 0
39.98760083 -20.65973309 0 0
40.01259661 -20.5786513 0 0
40.03543689 -20.50125778 0 0
40.05617553 -20.42746836 0 0
39.98760083 -20.65973309 0 0
39.98760083 -20.65973309 0 0
39.98760083 -20.65973309 0 0
39.98760083 -20.65973309 0 0
39.98760083 -20.65973309 0 0
39.98760083 -20.65973309 0 0
