0 0 0 0 0 0 
0.05 -0.0690816 -0.0228937 -0.0282858 0.155879 0.173648 
0.1 -0.0648943 -0.0236865 -0.0299776 0.0396374 0.0846696 
0.15 -0.00778541 -0.00042317 -0.0068699 -0.0776791 0.0784595 
0.2 0.120691 0.0522644 0.0517926 -0.27015 0.304978 
0.25 0.0337951 0.012515 0.0146487 -0.0401608 0.0610124 
0.3 -0.174831 -0.0692047 -0.0538331 0.415318 0.459137 
0.35 -0.186994 -0.0752994 -0.0723972 0.541739 0.582553 
0.4 -0.0932074 -0.0326432 -0.0322665 0.280091 0.298763 
0.45 0.0826035 0.0249922 0.0213108 -0.0906989 0.125639 
0.5 0.0575487 0.0182935 0.0116361 -0.0679756 0.0915424 
0.55 -0.0726447 -0.0388689 -0.0304332 0.0804026 0.116033 
0.6 -0.0482041 -0.0269425 -0.00621842 0.147439 0.157087 
0.65 -0.0391677 -0.0297928 -0.0157194 0.0781259 0.0925843 
0.7 -0.0554048 -0.0388832 -0.029486 0.150449 0.167479 
0.75 -0.028223 -0.0176757 0.00358552 0.184124 0.187145 
0.8 -0.128713 -0.0583333 -0.0496029 0.18632 0.238564 
0.85 -0.0417073 -0.022271 -0.0224195 0.139413 0.148898 
0.9 -0.00854523 -0.0251397 -0.0121953 -0.000434675 0.0336155 
0.95 -0.0371284 -0.0258935 -0.0105399 0.114808 0.124708 
1 -0.0813398 -0.0372728 -0.0200738 0.0588696 0.108373 
1.05 0.0355871 0.00314287 0.00357479 -0.0381016 0.0565873 
1.1 0.134227 0.0388964 0.0509557 -0.346931 0.377542 
1.15 0.0015765 -0.0296161 0.000418323 -0.105344 0.116064 
1.2 -0.195222 -0.0920861 -0.0742253 0.516761 0.565185 
1.25 -0.165686 -0.0696268 -0.0485017 0.43113 0.469484 
1.3 -0.0831453 -0.060203 -0.02986 0.228099 0.252426 
1.35 0.040324 -0.00176807 0.0117185 -0.0665112 0.0790932 
1.4 0.00430492 -0.0179642 -0.0182195 -0.0210787 0.0524839 
1.45 -0.112217 -0.0741392 -0.0489462 0.224939 0.25639 
1.5 -0.100017 -0.065798 -0.0398571 0.252519 0.282453 
1.55 -0.0372609 -0.0315033 -0.0242572 0.142975 0.154193 
1.6 -0.0587134 -0.0399864 -0.0187386 0.208531 0.221054 
1.65 -0.177096 -0.098698 -0.0699235 0.571189 0.610153 
1.7 -0.198476 -0.103578 -0.0743696 0.457534 0.514876 
1.75 -0.183269 -0.107593 -0.0833686 0.448505 0.503313 
1.8 -0.0162138 -0.0320994 0.00474861 -0.0218092 0.0512643 
1.85 -0.115495 -0.0633809 -0.0523193 0.287235 0.320351 
1.9 -0.210392 -0.0927199 -0.0831974 0.577894 0.627474 
1.95 -0.0471756 -0.0303509 -0.0111126 0.162968 0.171269 
2 0.0374549 -0.00082813 0.0292973 -0.0964489 0.10746 
2.05 -0.062331 -0.0491001 -0.0114474 0.210011 0.225533 
2.1 -0.165884 -0.0957281 -0.0341572 0.463223 0.502693 
2.15 -0.209586 -0.115984 -0.046173 0.491598 0.549119 
2.2 -0.191724 -0.10817 -0.0636957 0.49894 0.549038 
2.25 -0.164286 -0.0888079 -0.0644545 0.477526 0.516723 
2.3 -0.182934 -0.0974559 -0.0529169 0.537401 0.579075 
2.35 -0.228754 -0.128156 -0.0472935 0.64655 0.699483 
2.4 -0.245877 -0.138798 -0.0674679 0.640812 0.703428 
2.45 -0.213065 -0.111583 -0.0516672 0.644932 0.690616 
2.5 -0.304377 -0.162335 -0.0951608 0.911794 0.979513 
2.55 -0.312592 -0.148476 -0.0854661 1.02494 1.08519 
2.6 -0.380501 -0.194754 -0.110551 1.01467 1.1063 
2.65 -0.280675 -0.130973 -0.0711868 0.958659 1.00994 
2.7 -0.436694 -0.196431 -0.143513 1.21281 1.31198 
2.75 -0.418156 -0.175874 -0.139503 1.26473 1.35071 
2.8 -0.234464 -0.112252 -0.0748756 0.604404 0.661934 
2.85 -0.162212 -0.084928 -0.0376861 0.435797 0.474184 
2.9 -0.27396 -0.125678 -0.0774756 0.693859 0.761541 
2.95 -0.361757 -0.149102 -0.0975431 0.925556 1.00982 
3 -0.363355 -0.140879 -0.107453 1.00166 1.08018 
3.05 -0.26141 -0.0848307 -0.0858348 0.880607 0.926056 
3.1 -0.223641 -0.0958154 -0.0772122 0.601426 0.653312 
3.15 -0.0228672 -0.00863468 0.00631322 -0.241517 0.240053 
3.2 -0.0923503 -0.0278012 -0.0213095 0.274546 0.293412 
3.25 -0.090569 -0.0151091 -0.0130459 0.234056 0.251727 
3.3 -0.264591 -0.10507 -0.085175 0.598457 0.66872 
3.35 -0.350908 -0.151459 -0.121197 0.891446 0.977438 
3.4 -0.310838 -0.131539 -0.0982608 0.833522 0.904727 
3.45 -0.382622 -0.175593 -0.126692 0.990312 1.08346 
3.5 -0.512502 -0.215564 -0.170709 1.39645 1.5129 
3.55 -0.403828 -0.175711 -0.144557 1.0381 1.13675 
3.6 -0.162237 -0.0648586 -0.0297635 0.592933 0.618809 
3.65 -0.265953 -0.120377 -0.0720665 0.776452 0.832665 
3.7 -0.434366 -0.201188 -0.127843 1.23531 1.33104 
3.75 -0.433395 -0.194876 -0.120967 1.29087 1.38077 
3.8 -0.403754 -0.177499 -0.124007 1.16321 1.25055 
3.85 -0.284052 -0.127786 -0.0859204 0.851749 0.910971 
3.9 -0.283432 -0.118583 -0.0957417 0.765298 0.830329 
3.95 -0.22611 -0.0930232 -0.0644116 0.610217 0.660958 
4 -0.234514 -0.108002 -0.0589767 0.689057 0.73834 
4.05 -0.18827 -0.0744946 -0.0453171 0.652193 0.684194 
4.1 -0.157419 -0.0576236 -0.0361317 0.608814 0.632578 
4.15 -0.225907 -0.111104 -0.0680105 0.719388 0.765254 
4.2 -0.237042 -0.108744 -0.0607298 0.758711 0.804535 
4.25 -0.265397 -0.115111 -0.0899342 0.643021 0.710768 
4.3 -0.176761 -0.0832367 -0.0546845 0.649667 0.680326 
4.35 -0.163914 -0.0974248 -0.0542227 0.611066 0.642347 
4.4 -0.0907916 -0.0715946 -0.0116617 0.226859 0.25529 
4.45 -0.312388 -0.141357 -0.0900537 0.882267 0.950798 
4.5 -0.36617 -0.173689 -0.116397 0.972891 1.06023 
4.55 -0.0880845 -0.0621792 -0.00303153 0.231408 0.255531 
4.6 -0.0103124 -0.0360481 -0.00572425 0.100544 0.111274 
4.65 0.0304313 -0.0189826 0.00861135 -0.03997 0.0514046 
4.7 -0.0616237 -0.0470878 -0.0162616 0.124638 0.153095 
4.75 -0.132505 -0.0635635 -0.0255425 0.446047 0.47006 
4.8 -0.0516804 -0.038674 -0.00540915 0.106645 0.125127 
4.85 -0.0210141 -0.0426186 0.0029927 0.147109 0.153796 
4.9 -0.0957858 -0.07224 -0.0229892 0.317715 0.341672 
4.95 -0.0612562 -0.0296426 0.00532078 0.236948 0.247293 
5 -0.186602 -0.0923301 -0.0636812 0.427056 0.47923 
5.05 0.0683145 0.0114962 0.0318638 -0.148911 0.166479 
5.1 0.420109 0.158234 0.17327 -1.07263 1.17563 
5.15 0.971047 0.341585 0.32827 -2.39183 2.62464 
5.2 1.64586 0.465561 0.461186 -4.03855 4.41025 
5.25 2.0052 0.521585 0.514186 -4.90914 5.35332 
5.3 2.5359 0.694188 0.686811 -6.40214 6.95501 
5.35 2.69352 0.681602 0.706243 -6.34054 6.95852 
5.4 3.33733 0.916684 0.910384 -7.99585 8.76014 
5.45 3.28774 0.836575 0.836651 -7.80917 8.55525 
5.5 3.48413 0.882875 0.856001 -8.55837 9.32182 
5.55 3.29522 0.867783 0.675665 -7.98078 8.70406 
5.6 3.62968 1.03733 0.755639 -8.90991 9.70608 
5.65 3.90852 1.13646 0.844681 -9.68929 10.5435 
5.7 3.37886 0.889894 0.572359 -8.2037 8.93521 
5.75 4.31996 1.27874 0.905648 -10.7735 11.7127 
5.8 4.02614 1.11527 0.761884 -9.9288 10.7989 
5.85 4.78753 1.44275 0.998708 -11.8901 12.9374 
5.9 5.1661 1.59532 1.05401 -13.0378 14.1538 
5.95 4.2148 1.19005 0.615331 -10.4016 11.3028 
6 4.5812 1.30196 0.69259 -11.7735 12.7191 
6.05 3.89269 0.995371 0.378946 -10.002 10.7856 
6.1 4.12925 1.0822 0.403751 -10.9665 11.7749 
6.15 3.6768 0.871156 0.18055 -9.75727 10.4652 
6.2 3.60528 0.821979 0.140922 -9.85368 10.5256 
6.25 3.40361 0.696476 0.0282698 -9.59049 10.2004 
6.3 2.72944 0.407235 -0.247716 -7.92623 8.39674 
6.35 2.69854 0.372405 -0.283139 -8.25298 8.69553 
6.4 3.04909 0.565773 -0.196917 -9.22497 9.73408 
6.45 1.94564 0.0590781 -0.693344 -6.57917 6.89721 
6.5 2.48908 0.3191 -0.497854 -8.07867 8.47413 
6.55 1.73844 0.0152384 -0.864365 -6.15982 6.45829 
6.6 1.49481 -0.074938 -1.04846 -6.10276 6.37042 
6.65 0.938412 -0.3067 -1.3121 -4.8227 5.09448 
6.7 0.780291 -0.385232 -1.3947 -4.48128 4.7733 
6.75 0.506787 -0.538378 -1.53752 -4.03642 4.38233 
6.8 0.342956 -0.561794 -1.64954 -3.48926 3.91409 
6.85 -0.177127 -0.762993 -1.90099 -2.56064 3.28414 
6.9 -0.462105 -0.949415 -2.02755 -2.30206 3.24478 
6.95 -0.550735 -1.01357 -2.02861 -1.9461 3.03865 
7 -0.732307 -1.09385 -2.14626 -1.88513 3.14515 
7.05 -1.18733 -1.24697 -2.38898 -0.764869 3.04138 
7.1 -1.50892 -1.40743 -2.55343 -0.236104 3.29127 
7.15 -1.79074 -1.54394 -2.67551 0.349432 3.58771 
7.2 -1.91568 -1.59126 -2.71617 0.644973 3.74116 
7.25 -2.2772 -1.80031 -2.88214 1.42256 4.33146 
7.3 -2.99412 -2.14327 -3.11965 3.2622 5.82503 
7.35 -2.21334 -1.84515 -2.82136 0.714254 4.09574 
7.4 -3.12997 -2.25165 -3.15392 3.23768 5.94121 
7.45 -3.17502 -2.27022 -3.22319 2.75981 5.76551 
7.5 -3.66185 -2.45909 -3.4664 3.81511 6.78427 
7.55 -3.65116 -2.43557 -3.44944 3.91317 6.81727 
7.6 -3.89497 -2.57444 -3.55672 4.33144 7.29454 
7.65 -4.33167 -2.74713 -3.76943 5.30744 8.28779 
7.7 -4.59961 -2.82676 -3.95347 5.83806 8.8803 
7.75 -4.90419 -2.95608 -4.06017 6.50214 9.5683 
7.8 -5.08199 -3.08382 -4.11842 6.66343 9.83358 
7.85 -5.26067 -3.18007 -4.22079 6.86849 10.138 
7.9 -5.43196 -3.19169 -4.3299 7.31558 10.5811 
7.95 -5.66303 -3.30019 -4.47127 7.54306 10.9477 
8 -6.11162 -3.52638 -4.61027 8.79062 12.1785 
8.05 -6.20916 -3.59376 -4.67135 8.73202 12.2286 
8.1 -6.49661 -3.6864 -4.81178 9.46213 12.98 
8.15 -6.92018 -3.89914 -4.99039 10.4327 14.0299 
8.2 -7.16144 -4.0437 -5.08171 10.8765 14.5519 
8.25 -7.24489 -4.1152 -5.07492 10.8958 14.6252 
8.3 -7.44575 -4.21445 -5.16374 11.2854 15.074 
8.35 -7.79221 -4.33775 -5.32337 11.9278 15.816 
8.4 -7.59547 -4.24982 -5.27888 11.1381 15.0889 
8.45 -8.1254 -4.46645 -5.52317 12.5717 16.5688 
8.5 -8.50213 -4.63981 -5.75088 13.0112 17.2099 
8.55 -8.71257 -4.68862 -5.81866 13.8268 17.9702 
8.6 -8.82335 -4.76231 -5.86052 13.8126 18.0462 
8.65 -9.20698 -4.927 -6.05815 14.5499 18.9062 
8.7 -9.23243 -4.8958 -6.07861 14.6989 19.0319 
8.75 -9.53574 -5.06514 -6.21054 15.2427 19.6849 
8.8 -9.70505 -5.16404 -6.25962 15.461 19.977 
8.85 -10.0472 -5.30657 -6.40966 16.3942 20.9514 
8.9 -10.209 -5.37793 -6.48127 16.7744 21.3666 
8.95 -10.6308 -5.57807 -6.67081 17.7291 22.4265 
9 -10.5601 -5.5702 -6.61124 17.4285 22.1361 
9.05 -11.0304 -5.81254 -6.80192 18.4208 23.2604 
9.1 -11.0563 -5.78508 -6.82291 18.7625 23.5434 
9.15 -11.2234 -5.87124 -6.9157 18.9978 23.8575 
9.2 -11.6288 -6.06795 -7.08237 19.6606 24.6728 
9.25 -11.5402 -6.06758 -7.05819 18.9803 24.0844 
9.3 -12.0248 -6.25339 -7.30253 20.141 25.3513 
9.35 -11.922 -6.18538 -7.22457 20.1434 25.2655 
9.4 -12.4255 -6.40122 -7.47572 21.3762 26.612 
9.45 -12.5382 -6.41054 -7.55737 21.7678 27.0047 
9.5 -12.8617 -6.55811 -7.70722 22.1565 27.5453 
9.55 -12.9786 -6.63046 -7.72856 22.3209 27.7554 
9.6 -13.0039 -6.71269 -7.72107 21.9395 27.4794 
9.65 -13.1562 -6.75814 -7.76803 22.6868 28.1743 
9.7 -13.2985 -6.80584 -7.8939 22.7291 28.3213 
9.75 -13.7725 -6.9918 -8.11278 23.8478 29.5483 
9.8 -13.91 -7.0861 -8.19012 24.0914 29.8525 
9.85 -14.2824 -7.30716 -8.2406 25.2858 31.059 
9.9 -14.3098 -7.39445 -8.23158 24.9835 30.8445 
9.95 -14.4503 -7.4757 -8.25419 25.3104 31.2 
10 -14.5871 -7.52746 -8.35328 25.3175 31.3081 
10.05 -14.8925 -7.64709 -8.49861 25.9752 32.05 
10.1 -14.9817 -7.68979 -8.55572 25.9477 32.0947 
10.15 -15.2347 -7.80065 -8.68232 26.631 32.8259 
10.2 -15.3406 -7.8301 -8.74831 26.9581 33.165 
10.25 -15.8597 -8.07871 -8.97261 28.1111 34.4607 
10.3 -15.946 -8.10064 -9.02661 28.1709 34.5684 
10.35 -16.1286 -8.19035 -9.12467 28.2387 34.7548 
10.4 -16.2194 -8.24031 -9.14989 28.4936 35.0225 
10.45 -16.4644 -8.36098 -9.23398 29.2717 35.8202 
10.5 -16.4198 -8.34043 -9.24857 29.0651 35.6299 
10.55 -16.8794 -8.54931 -9.44133 30.3963 37.0281 
10.6 -17.1613 -8.70654 -9.57161 30.7787 37.5401 
10.65 -17.3541 -8.86784 -9.5661 31.1898 38.0015 
10.7 -17.3455 -8.91517 -9.4992 31.2964 38.0794 
10.75 -17.5466 -9.04018 -9.60356 31.5152 38.4063 
10.8 -17.942 -9.13615 -9.83393 32.3822 39.379 
10.85 -17.743 -9.02489 -9.83097 31.4978 38.536 
10.9 -18.184 -9.22103 -9.99623 32.8043 39.8965 
10.95 -18.0681 -9.20287 -9.95383 32.2991 39.414 
11 -18.5591 -9.45092 -10.1696 33.398 40.6523 
11.05 -18.5911 -9.44211 -10.2227 33.3914 40.6727 
11.1 -18.9811 -9.61535 -10.4043 34.272 41.66 
11.15 -18.8395 -9.55013 -10.3607 33.9026 41.2657 
11.2 -19.1727 -9.73195 -10.5055 34.5702 42.0448 
11.25 -19.0554 -9.68679 -10.4566 34.3914 41.8217 
11.3 -19.5066 -9.89441 -10.7152 35.2527 42.8484 
11.35 -19.6989 -10.0045 -10.793 35.7126 43.3591 
11.4 -19.9117 -10.1474 -10.8521 36.289 43.9785 
11.45 -19.8354 -10.1612 -10.7577 36.2155 43.8632 
11.5 -20.1004 -10.3328 -10.8833 36.6172 44.3853 
11.55 -20.3645 -10.4687 -11.0166 37.1192 44.9834 
11.6 -20.5029 -10.499 -11.1592 37.2004 45.1552 
11.65 -20.7649 -10.5654 -11.3225 37.9648 45.9602 
11.7 -20.7923 -10.6035 -11.3565 37.7364 45.8013 
11.75 -20.9091 -10.6748 -11.4017 37.9409 46.0505 
11.8 -21.2928 -10.8464 -11.6238 38.5655 46.8342 
11.85 -21.451 -10.8999 -11.7206 39.035 47.3293 
11.9 -21.3502 -10.8562 -11.6804 38.919 47.1678 
11.95 -21.6576 -11.0283 -11.8355 39.624 47.9669 
12 -21.8737 -11.1423 -11.9455 40.0937 48.5058 
12.05 -22.1415 -11.2725 -12.1045 40.5635 49.0839 
12.1 -22.2468 -11.3393 -12.1417 40.9407 49.4677 
12.15 -22.3674 -11.4425 -12.1915 40.9022 49.5263 
12.2 -22.5289 -11.5508 -12.2494 41.1886 49.875 
12.25 -22.775 -11.6717 -12.3743 41.6553 50.4303 
12.3 -22.7356 -11.6459 -12.4021 41.3593 50.1691 
12.35 -23.1464 -11.7971 -12.6301 42.334 51.2505 
12.4 -23.0197 -11.7521 -12.6117 41.9731 50.8804 
12.45 -23.478 -11.9732 -12.8414 42.977 52.024 
12.5 -23.4499 -11.9504 -12.855 43.1002 52.1113 
12.55 -23.8046 -12.1357 -13.0475 43.677 52.8379 
12.6 -23.8632 -12.1479 -13.0932 43.7343 52.9258 
12.65 -23.9916 -12.2643 -13.1472 43.9133 53.1718 
12.7 -24.1099 -12.3195 -13.1928 44.1431 53.4389 
12.75 -24.4351 -12.525 -13.3675 44.7121 54.1462 
12.8 -24.5565 -12.5903 -13.4316 45.0401 54.5028 
12.85 -24.8348 -12.7523 -13.5585 45.4564 55.041 
12.9 -24.7659 -12.7423 -13.5134 45.3482 54.9071 
12.95 -25.3007 -13.0189 -13.7571 46.4221 56.1595 
13 -25.3944 -13.037 -13.8662 46.3447 56.1689 
13.05 -25.368 -12.9774 -13.8814 46.5148 56.2874 
13.1 -25.7131 -13.1668 -14.0784 47.0772 57 
13.15 -26.053 -13.3316 -14.231 47.8368 57.8565 
13.2 -26.0039 -13.2964 -14.2428 47.8195 57.8149 
13.25 -26.3462 -13.4661 -14.4174 48.3395 58.481 
13.3 -26.4401 -13.4884 -14.4878 48.4736 58.6567 
13.35 -26.5254 -13.543 -14.5334 48.7628 58.9579 
13.4 -26.6434 -13.6281 -14.5582 49.0532 59.2769 
13.45 -27.0926 -13.8807 -14.7674 49.981 60.3561 
13.5 -27.1323 -13.9164 -14.801 50.1103 60.4975 
13.55 -27.6195 -14.1884 -15.0286 50.9856 61.5592 
13.6 -27.5697 -14.1745 -14.959 50.9294 61.4702 
13.65 -27.7376 -14.238 -15.067 50.8847 61.5497 
13.7 -28.0293 -14.3605 -15.2598 51.5191 62.2811 
13.75 -28.2748 -14.487 -15.4096 51.7582 62.6554 
13.8 -28.5031 -14.5992 -15.5148 52.5216 63.4412 
13.85 -28.6823 -14.671 -15.6257 52.736 63.7429 
13.9 -28.8136 -14.6876 -15.6969 53.136 64.1543 
13.95 -28.9691 -14.7544 -15.8288 53.0758 64.2223 
14 -29.1255 -14.8454 -15.9106 53.5854 64.7551 
14.05 -29.2672 -15.0022 -15.927 53.9279 65.1423 
14.1 -29.3434 -15.0626 -15.8875 54.6189 65.7538 
14.15 -29.6399 -15.2292 -16.0813 54.6647 66.0098 
14.2 -30.1496 -15.4979 -16.3259 55.7847 67.2878 
14.25 -30.1059 -15.5234 -16.3014 55.2865 66.8556 
14.3 -30.4477 -15.6987 -16.4501 56.1912 67.8349 
14.35 -30.498 -15.6883 -16.5396 55.9291 67.66 
14.4 -30.8948 -15.8491 -16.7678 56.9385 68.7666 
14.45 -31.0496 -15.9052 -16.8648 57.3618 69.2232 
14.5 -31.057 -15.8952 -16.8878 57.1528 69.0568 
14.55 -31.5251 -16.1277 -17.1267 57.9904 70.0724 
14.6 -31.4744 -16.0557 -17.1563 58.0592 70.0973 
14.65 -31.5313 -16.1101 -17.1741 58.3105 70.3479 
14.7 -31.7751 -16.2686 -17.305 58.5783 70.7475 
14.75 -32.1145 -16.5198 -17.4607 59.2776 71.5748 
14.8 -32.3419 -16.59 -17.5747 60.0359 72.3491 
14.85 -32.3592 -16.6884 -17.4985 59.9708 72.3071 
14.9 -32.7648 -16.9341 -17.6695 60.8717 73.334 
14.95 -32.7992 -16.9342 -17.7334 60.7894 73.2965 
15 -32.9709 -16.9949 -17.8742 60.9961 73.5929 
15.05 -34.1398 -17.5602 -18.4475 63.2881 76.2862 
15.1 -33.9326 -17.3393 -18.3015 63.041 75.9025 
15.15 -33.4413 -17.0433 -17.9914 62.1543 74.8041 
15.2 -33.6326 -17.091 -18.1089 62.617 75.3132 
15.25 -33.6968 -17.1005 -18.0912 62.9217 75.5932 
15.3 -33.5438 -17.0157 -17.9804 62.6775 75.2761 
15.35 -33.8438 -17.1628 -18.097 63.1475 75.8622 
15.4 -33.6033 -17.0276 -17.9531 62.8672 75.4567 
15.45 -33.7778 -17.1493 -18.039 63.1347 75.8052 
15.5 -33.6373 -17.0359 -17.9351 63.05 75.6218 
15.55 -33.5948 -17.016 -17.8957 63.1212 75.6485 
15.6 -33.7617 -17.0821 -17.958 63.4324 76.0119 
15.65 -33.6456 -17.0283 -17.8908 63.2281 75.7619 
15.7 -33.6411 -17.0179 -17.9216 63.1998 75.7412 
15.75 -33.7489 -17.0869 -17.9609 63.4291 76.0052 
15.8 -33.6867 -17.0302 -17.9271 63.3321 75.8759 
15.85 -33.8168 -17.1191 -17.9957 63.4153 76.0394 
15.9 -33.7518 -17.0812 -17.9551 63.3967 75.9768 
15.95 -33.7006 -17.0503 -17.934 63.3392 75.8942 
16 -33.7732 -17.0996 -17.9596 63.4852 76.0654 
16.05 -33.6748 -17.0532 -17.8802 63.3135 75.8492 
16.1 -33.7645 -17.0786 -17.9657 63.4012 75.9882 
16.15 -33.7713 -17.104 -17.9758 63.3769 75.979 
16.2 -33.6809 -17.0454 -17.9482 63.1638 75.7413 
16.25 -33.7273 -17.0641 -17.9361 63.4874 76.0333 
16.3 -33.6704 -17.0091 -17.8903 63.4413 75.9465 
16.35 -33.7372 -17.0655 -17.9033 63.5236 76.0605 
16.4 -33.7323 -17.0602 -17.9068 63.468 76.0115 
16.45 -33.7645 -17.0936 -17.9485 63.4759 76.0498 
16.5 -33.6776 -17.0314 -17.9187 63.3965 75.9239 
16.55 -33.6666 -17.0156 -17.8866 63.441 75.9452 
16.6 -33.7076 -17.0248 -17.9024 63.5842 76.0888 
16.65 -33.6244 -16.9965 -17.839 63.4876 75.9499 
16.7 -33.7222 -17.0567 -17.9185 63.514 76.0475 
16.75 -33.8242 -17.1168 -17.9851 63.6113 76.2032 
16.8 -33.7931 -17.0721 -17.9712 63.5966 76.1638 
16.85 -33.8606 -17.069 -18.0271 63.7308 76.3183 
16.9 -33.756 -17.0244 -17.9761 63.4308 75.9994 
16.95 -33.7284 -17.0156 -17.9645 63.2796 75.8562 
17 -33.8588 -16.9619 -18.0658 63.648 76.2336 
17.05 -33.8452 -16.9139 -18.0387 63.7643 76.3076 
17.1 -33.9179 -16.933 -18.084 63.7944 76.38 
17.15 -33.7735 -16.8429 -18.0169 63.7781 76.2666 
17.2 -33.9057 -16.9491 -18.139 63.9316 76.5058 
17.25 -33.8393 -16.8844 -18.0808 63.7915 76.3312 
17.3 -33.8783 -16.9034 -18.0803 63.8983 76.4418 
17.35 -33.8845 -16.9236 -18.0853 63.7818 76.3529 
17.4 -33.8429 -16.9236 -18.0511 63.6598 76.2244 
17.45 -33.931 -16.9726 -18.1096 63.8283 76.429 
17.5 -33.8942 -16.9429 -18.0849 63.8077 76.383 
17.55 -33.9407 -16.9742 -18.0899 63.8968 76.4862 
17.6 -33.8959 -16.9444 -18.0824 63.9773 76.5252 
17.65 -33.9287 -16.9432 -18.0801 63.7898 76.3823 
17.7 -33.9843 -16.994 -18.1269 63.9622 76.5733 
17.75 -33.8458 -16.9174 -18.0711 63.605 76.1833 
17.8 -33.8943 -16.971 -18.0883 63.8296 76.4084 
17.85 -33.8798 -16.9553 -18.0247 63.903 76.4448 
17.9 -33.9134 -16.9689 -18.0256 63.8406 76.4108 
17.95 -33.9399 -16.9752 -18.0638 63.949 76.5235 
18 -34.158 -17.1216 -18.16 64.2302 76.9104 
18.05 -34.2127 -17.1697 -18.1609 64.4115 77.0971 
18.1 -34.2536 -17.1941 -18.1443 64.5416 77.2255 
18.15 -34.2573 -17.1893 -18.1327 64.5647 77.2427 
18.2 -34.2231 -17.1855 -18.0851 64.6225 77.2638 
18.25 -34.2782 -17.2096 -18.1037 64.5494 77.2368 
18.3 -35.1407 -17.6212 -18.4344 66.1883 79.1586 
18.35 -34.9605 -17.2902 -18.0416 66.312 79.0188 
18.4 -34.4298 -16.8517 -17.6099 65.5916 77.9856 
18.45 -34.5665 -16.7614 -17.5221 66.0701 78.4097 
18.5 -34.2366 -16.4723 -17.212 65.8676 77.9633 
18.55 -34.6093 -16.6118 -17.2582 66.4822 78.686 
18.6 -34.648 -16.5582 -17.1274 66.5048 78.6822 
18.65 -34.4929 -16.4152 -17.0158 65.8243 77.9846 
18.7 -34.3334 -16.1982 -16.9128 65.9154 77.9233 
18.75 -34.3997 -16.123 -16.944 66.0956 78.0962 
18.8 -34.5348 -16.0632 -17.0354 66.2072 78.2577 
18.85 -34.1877 -15.7604 -16.9484 65.5809 77.4938 
18.9 -33.9378 -15.5903 -16.7847 65.2554 77.0378 
18.95 -33.6988 -15.4866 -16.564 65.275 76.8806 
19 -33.6064 -15.5208 -16.4129 64.9288 76.5207 
19.05 -33.3236 -15.3798 -16.2333 64.4158 75.8941 
19.1 -33.3056 -15.3925 -16.1895 64.3701 75.8406 
19.15 -33.2522 -15.3614 -16.1184 64.3589 75.7862 
19.2 -33.0087 -15.2168 -15.9947 63.8083 75.1563 
19.25 -32.8289 -15.0353 -15.9637 63.4695 74.7463 
19.3 -32.4396 -14.7489 -15.8462 62.7158 73.8528 
19.35 -32.2493 -14.5548 -15.8444 62.1493 73.2491 
19.4 -32.4859 -14.6943 -15.8982 62.9203 74.0471 
19.45 -32.0845 -14.4687 -15.7049 62.3813 73.3269 
19.5 -31.9981 -14.4751 -15.6029 62.3031 73.202 
19.55 -31.4984 -14.2758 -15.287 61.6507 72.3219 
19.6 -31.5183 -14.303 -15.2641 61.429 72.1421 
19.65 -31.3828 -14.2152 -15.2005 61.1769 71.8375 
19.7 -31.1288 -14.0982 -15.086 60.6183 71.2034 
19.75 -31.09 -14.0728 -15.0296 60.8472 71.3646 
19.8 -30.9964 -14.0356 -14.9621 60.7667 71.2337 
19.85 -30.6579 -13.8071 -14.852 60.0715 70.4253 
19.9 -30.4669 -13.6099 -14.8524 59.5096 69.8244 
19.95 -30.2863 -13.4211 -14.8221 59.1271 69.3765 
20 -29.9991 -13.2437 -14.7041 58.5518 68.7013 
20.05 -30.0621 -13.2809 -14.7099 59.0193 69.1359 
20.1 -29.8798 -13.2413 -14.5555 58.8899 68.9058 
20.15 -29.5568 -13.097 -14.3754 58.4977 68.365 
20.2 -29.2537 -12.9447 -14.2435 57.8563 67.6282 
20.25 -28.9796 -12.8127 -14.1318 57.1823 66.8843 
20.3 -29.1551 -12.9357 -14.1408 57.4161 67.1857 
20.35 -29.0616 -12.899 -14.0887 57.4896 67.1901 
20.4 -28.6875 -12.689 -13.8535 57.4698 66.923 
20.45 -28.1565 -12.4271 -13.6287 56.2948 65.5901 
20.5 -28.4252 -12.5067 -13.8022 56.4722 65.9092 
20.55 -28.2033 -12.3002 -13.7785 56.0515 65.409 
20.6 -28.3816 -12.3489 -13.8969 56.4487 65.8604 
20.65 -27.8371 -12.064 -13.6179 55.5771 64.7665 
20.7 -27.7078 -12.0397 -13.5323 55.1873 64.354 
20.75 -27.7685 -12.0792 -13.5387 55.5139 64.6691 
20.8 -27.6448 -12.0256 -13.4847 55.388 64.4865 
20.85 -27.266 -11.8461 -13.2691 54.7888 63.7311 
20.9 -27.2789 -11.8769 -13.2694 54.7449 63.7046 
20.95 -26.9507 -11.7329 -13.09 54.1307 62.9721 
21 -27.0415 -11.7778 -13.1173 54.4835 63.3283 
21.05 -26.7286 -11.6042 -13.0025 53.8171 62.5653 
21.1 -26.805 -11.6265 -13.0455 53.973 62.7451 
21.15 -26.2538 -11.3345 -12.8388 52.6941 61.3126 
21.2 -26.3896 -11.3776 -12.8991 53.0015 61.6556 
21.25 -26.0927 -11.1552 -12.8571 52.1484 60.7456 
21.3 -25.9532 -11.135 -12.7027 52.3671 60.8377 
21.35 -25.8982 -11.0579 -12.7254 52.095 60.5707 
21.4 -25.7101 -10.9485 -12.611 52.1671 60.5089 
21.45 -25.3856 -10.824 -12.4667 51.392 59.6502 
21.5 -25.3791 -10.8044 -12.4423 51.7281 59.9287 
21.55 -25.106 -10.6681 -12.314 50.8746 59.0252 
21.6 -25.0142 -10.665 -12.2729 50.5774 58.721 
21.65 -24.9271 -10.6304 -12.1901 50.5841 58.6661 
21.7 -24.7728 -10.543 -12.1703 50.2126 58.2603 
21.75 -24.5638 -10.4168 -12.0807 50.0813 58.017 
21.8 -24.5139 -10.3893 -12.0433 50.0627 57.967 
21.85 -24.2271 -10.2516 -11.9449 49.4416 57.2643 
21.9 -24.1573 -10.1849 -11.9058 49.2177 57.0214 
21.95 -23.8929 -10.0145 -11.8483 48.5579 56.2975 
22 -23.9195 -9.99655 -11.9039 48.4544 56.2281 
22.05 -23.6538 -9.85914 -11.7679 48.1267 55.7796 
22.1 -23.835 -9.96916 -11.8605 48.4497 56.1742 
22.15 -23.4217 -9.72896 -11.6523 48.0345 55.5547 
22.2 -23.1882 -9.60209 -11.5415 47.46 54.914 
22.25 -22.9998 -9.52416 -11.4723 47.168 54.554 
22.3 -23.1394 -9.61631 -11.5127 47.3957 54.8342 
22.35 -22.8645 -9.51892 -11.3688 46.8151 54.1691 
22.4 -22.7734 -9.46557 -11.3624 46.4115 53.7714 
22.45 -22.3343 -9.22612 -11.1911 45.7099 52.9016 
22.5 -22.3777 -9.2515 -11.2001 45.8965 53.0875 
22.55 -22.3555 -9.24099 -11.1709 45.9554 53.1211 
22.6 -22.2676 -9.21238 -11.1499 45.2077 52.4287 
22.65 -21.8182 -8.93393 -10.9888 44.4762 51.5241 
22.7 -21.7649 -8.83335 -11.0366 44.298 51.3406 
22.75 -21.6124 -8.75475 -11.0155 43.7935 50.8228 
22.8 -21.6221 -8.77207 -10.9727 43.8134 50.8378 
22.85 -21.2107 -8.65304 -10.727 43.1991 50.06 
22.9 -21.2705 -8.62387 -10.7738 43.7659 50.58 
22.95 -20.8819 -8.47097 -10.6259 42.5307 49.2908 
23 -21.123 -8.62874 -10.6513 43.2972 50.0873 
23.05 -20.7736 -8.45239 -10.5275 42.4556 49.1558 
23.1 -20.7469 -8.42272 -10.5645 42.4482 49.141 
23.15 -20.5949 -8.32088 -10.4674 42.4501 49.0404 
23.2 -20.4375 -8.23902 -10.4254 41.9567 48.5245 
23.25 -20.0346 -8.06181 -10.2054 41.6003 47.9699 
23.3 -20.1691 -8.15302 -10.2243 41.8216 48.2374 
23.35 -20.1473 -8.10489 -10.2295 42.015 48.3891 
23.4 -19.8939 -7.95912 -10.1493 41.2905 47.6133 
23.45 -19.747 -7.86506 -10.1186 40.7894 47.0952 
23.5 -19.3616 -7.62412 -9.98958 40.1254 46.2908 
23.55 -19.3706 -7.58971 -10.0516 39.8636 46.0757 
23.6 -19.3132 -7.59578 -9.96895 40.1246 46.2607 
23.65 -19.2692 -7.53818 -9.96373 40.0235 46.1442 
23.7 -19.1887 -7.53788 -9.963 39.5999 45.7432 
23.75 -19.0152 -7.40025 -9.81345 39.958 45.927 
23.8 -18.576 -7.19758 -9.69268 38.4178 44.3481 
23.85 -18.6649 -7.24011 -9.68172 39.1615 45.035 
23.9 -18.5438 -7.2162 -9.60805 38.6515 44.5219 
23.95 -18.4564 -7.22613 -9.50325 38.4946 44.3283 
24 -18.1714 -7.0711 -9.36725 38.2014 43.9009 
24.05 -17.9596 -6.97201 -9.32404 37.2464 42.958 
24.1 -17.9486 -6.91019 -9.30283 37.783 43.4051 
24.15 -17.7717 -6.85315 -9.2467 37.3813 42.9612 
24.2 -17.7853 -6.87699 -9.20139 37.6396 43.1858 
24.25 -17.3407 -6.66127 -9.03918 36.2035 41.683 
24.3 -17.4805 -6.65532 -9.14246 36.4764 41.9997 
24.35 -17.0046 -6.38202 -8.98731 35.3065 40.7088 
24.4 -16.9513 -6.31072 -8.96652 35.9435 41.225 
24.45 -16.8291 -6.278 -8.90151 35.529 40.7943 
24.5 -16.9223 -6.30161 -8.90086 36.0014 41.248 
24.55 -16.5165 -6.13459 -8.78947 34.4211 39.6547 
24.6 -16.804 -6.25339 -8.79318 35.5745 40.7963 
24.65 -16.0341 -5.90515 -8.54495 33.4112 38.4875 
24.7 -16.5583 -6.09079 -8.71194 35.7178 40.7791 
24.75 -15.8568 -5.77207 -8.45243 33.7172 38.64 
24.8 -15.936 -5.82704 -8.42761 34.3979 39.2702 
24.85 -15.8203 -5.82852 -8.33932 33.7376 38.6267 
24.9 -15.4728 -5.65022 -8.19748 33.0441 37.8212 
24.95 -15.384 -5.59749 -8.17994 32.9086 37.6549 
25 -15.2521 -5.58769 -8.06548 32.6544 37.3525 
25.05 -15.323 -5.64511 -8.04456 32.8275 37.5369 
25.1 -15.2158 -5.55098 -8.00494 32.8034 37.4497 
25.15 -15.0365 -5.42707 -7.93208 32.863 37.3958 
25.2 -14.7041 -5.2803 -7.84614 31.4213 35.9576 
25.25 -14.5565 -5.16626 -7.77106 31.1894 35.6616 
25.3 -14.5136 -5.0884 -7.77201 31.4528 35.8638 
25.35 -14.3934 -5.09525 -7.66049 31.0403 35.4304 
25.4 -14.3178 -5.07069 -7.59719 31.0323 35.3756 
25.45 -14.2525 -5.04205 -7.56212 30.9721 35.2848 
25.5 -14.0863 -4.94023 -7.45959 30.7664 35.0007 
25.55 -13.811 -4.80094 -7.34726 30.1605 34.3137 
25.6 -13.7806 -4.76239 -7.33953 30.2944 34.4123 
25.65 -13.5132 -4.63905 -7.26315 29.6859 33.7363 
25.7 -13.6239 -4.7133 -7.20661 30.2252 34.2538 
25.75 -13.3134 -4.54857 -7.09707 29.5055 33.4496 
25.8 -13.245 -4.53264 -7.0208 29.3998 33.3108 
25.85 -13.0537 -4.4367 -6.91869 29.0103 32.8565 
25.9 -13.0812 -4.45263 -6.90062 29.2433 33.0717 
25.95 -12.6321 -4.22344 -6.72112 28.0703 31.7887 
26 -12.7678 -4.23066 -6.76814 28.9907 32.6679 
26.05 -12.4374 -4.10739 -6.61963 27.9348 31.5552 
26.1 -12.6379 -4.18563 -6.68021 28.5351 32.1887 
26.15 -12.2951 -4.01585 -6.48735 27.6406 31.1991 
26.2 -12.0735 -3.89025 -6.37678 27.2588 30.7345 
26.25 -12.0431 -3.82594 -6.36807 27.2602 30.714 
26.3 -12.0134 -3.758 -6.39869 27.249 30.6903 
26.35 -11.8954 -3.65305 -6.3646 27.1914 30.5732 
26.4 -11.772 -3.75704 -6.13045 27.3757 30.6546 
26.45 -11.5936 -3.66614 -6.04058 26.7722 30.0181 
26.5 -11.4884 -3.58701 -5.95068 26.8333 30.0048 
26.55 -11.4214 -3.58336 -5.90491 26.3266 29.5169 
26.6 -11.371 -3.54079 -5.85591 26.6451 29.7672 
26.65 -11.0928 -3.42601 -5.6937 25.9582 29.0006 
26.7 -11.0465 -3.39635 -5.61478 26.016 29.0159 
26.75 -10.8335 -3.28848 -5.48956 25.4907 28.4269 
26.8 -10.8066 -3.28255 -5.42279 25.5427 28.4498 
26.85 -10.6069 -3.17752 -5.32056 24.9847 27.8415 
26.9 -10.609 -3.18334 -5.24296 25.3589 28.1647 
26.95 -10.7382 -3.22965 -5.23871 25.814 28.6277 
27 -10.345 -3.02917 -5.03841 24.6919 27.4093 
27.05 -10.3063 -2.988 -5.0023 24.9038 27.5749 
27.1 -10.2333 -2.95873 -4.91087 25.1045 27.7097 
27.15 -9.98402 -2.83998 -4.74612 24.5322 27.0574 
27.2 -10.2416 -2.97469 -4.75106 25.1332 27.7126 
27.25 -10.0476 -2.85346 -4.60085 24.7175 27.2254 
27.3 -9.91385 -2.76943 -4.55175 24.5628 27.0185 
27.35 -9.60314 -2.6635 -4.53344 23.8535 26.2461 
27.4 -9.64458 -2.60475 -4.57089 24.0294 26.4218 
27.45 -9.53647 -2.52377 -4.49624 24.2159 26.5319 
27.5 -9.51886 -2.50688 -4.44695 24.2308 26.5292 
27.55 -9.24603 -2.41398 -4.28123 23.5395 25.7634 
27.6 -9.44115 -2.5231 -4.24249 24.1092 26.3582 
27.65 -9.17681 -2.37971 -4.07167 23.3936 25.5679 
27.7 -9.22884 -2.39055 -4.03372 23.6219 25.7905 
27.75 -9.04402 -2.3008 -3.90142 23.3895 25.4829 
27.8 -8.74811 -2.1757 -3.6988 23.0533 25.028 
27.85 -8.8913 -2.263 -3.66503 23.4174 25.4162 
27.9 -8.74844 -2.19519 -3.54488 23.1258 25.0743 
27.95 -8.60966 -2.12547 -3.38919 22.8857 24.7767 
28 -8.32864 -1.97298 -3.1867 22.2141 24.0183 
28.05 -7.09774 -1.44607 -2.67524 18.6339 20.1704 
28.1 -7.9298 -1.89404 -3.07056 20.9082 22.6506 
28.15 -8.24192 -2.01837 -3.2167 22.4025 24.1707 
28.2 -7.24114 -1.56249 -2.84329 19.5581 21.1064 
28.25 -7.66981 -1.82888 -3.04962 20.6175 22.2835 
28.3 -7.61402 -1.80947 -2.97621 20.4224 22.0721 
28.35 -7.25461 -1.64588 -2.86606 19.0551 20.6555 
28.4 -7.47698 -1.78112 -2.97749 19.7873 21.4355 
28.45 -7.15019 -1.64795 -2.82511 18.7152 20.2997 
28.5 -7.07859 -1.62603 -2.80287 18.6953 20.2514 
28.55 -7.29124 -1.71873 -2.88225 19.3538 20.9522 
28.6 -7.20198 -1.67718 -2.83958 18.7225 20.3292 
28.65 -7.05697 -1.61052 -2.78904 18.6602 20.2083 
28.7 -7.0093 -1.60227 -2.80514 18.6209 20.157 
28.75 -6.83075 -1.52233 -2.73917 17.9554 19.4648 
28.8 -6.91769 -1.57605 -2.75914 18.258 19.7814 
28.85 -6.9406 -1.58713 -2.76652 18.1516 19.6932 
28.9 -6.80036 -1.53207 -2.7212 17.8803 19.3831 
28.95 -6.83378 -1.56111 -2.74624 18.0546 19.5614 
29 -6.85573 -1.56379 -2.76609 18.0144 19.535 
29.05 -6.7992 -1.53339 -2.72441 17.8754 19.3786 
29.1 -6.79037 -1.54059 -2.72344 17.9336 19.4297 
29.15 -6.74131 -1.51947 -2.71276 17.7504 19.2403 
29.2 -6.77779 -1.53566 -2.72006 17.8472 19.3447 
29.25 -6.74999 -1.54217 -2.71497 17.6915 19.1912 
29.3 -6.60202 -1.47885 -2.65793 17.2358 18.7059 
29.35 -6.69813 -1.53228 -2.71611 17.507 19.0023 
29.4 -6.66172 -1.49734 -2.68114 17.7338 19.191 
29.45 -6.79654 -1.56293 -2.72842 17.9601 19.4588 
29.5 -6.80248 -1.57208 -2.74664 17.9055 19.4138 
29.55 -6.66258 -1.52078 -2.68742 17.5405 19.0156 
29.6 -6.59954 -1.50011 -2.67922 17.3306 18.7971 
29.65 -6.59085 -1.48756 -2.6625 17.2618 18.7273 
29.7 -6.68619 -1.53065 -2.70138 17.4317 18.9264 
29.75 -6.52978 -1.44524 -2.66075 17.1109 18.5631 
29.8 -6.60812 -1.47748 -2.70921 17.3973 18.8641 
29.85 -6.5504 -1.45819 -2.67357 17.3667 18.8091 
29.9 -6.56911 -1.48754 -2.68639 17.242 18.7048 
29.95 -6.48062 -1.4361 -2.63781 16.9574 18.4003 
30 -6.44372 -1.42313 -2.59713 16.7172 18.1592 
30.05 -6.59662 -1.46534 -2.64032 16.8981 18.3897 
30.1 -6.61519 -1.42212 -2.7119 17.637 19.0841 
30.15 -6.50015 -1.35544 -2.71188 17.4166 18.8356 
30.2 -6.52031 -1.37714 -2.71574 17.5631 18.9802 
30.25 -6.5588 -1.42476 -2.66792 17.587 19.0123 
30.3 -6.50895 -1.41155 -2.63659 17.2226 18.6528 
30.35 -6.56929 -1.45327 -2.67392 17.0755 18.547 
30.4 -6.41883 -1.411 -2.62505 16.7459 18.1799 
30.45 -6.34178 -1.3702 -2.61388 16.8491 18.2433 
30.5 -6.40999 -1.37671 -2.65332 16.9992 18.4118 
30.55 -6.53246 -1.44586 -2.68098 17.2194 18.6671 
30.6 -6.49921 -1.43799 -2.64809 17.077 18.5188 
30.65 -6.5565 -1.46475 -2.70696 17.3816 18.8303 
30.7 -6.49538 -1.43066 -2.66898 17.1792 18.6141 
30.75 -6.48978 -1.44893 -2.65598 17.0659 18.5071 
30.8 -6.4791 -1.43736 -2.64725 17.0384 18.4759 
30.85 -6.50629 -1.4254 -2.65766 17.0664 18.5118 
30.9 -6.49961 -1.42364 -2.67319 17.0561 18.5021 
30.95 -6.41711 -1.39671 -2.64827 17.095 18.5036 
