0 0 0 0 0 0 
0.05 0.0446617 0.0561187 0.0287076 0.142268 0.161989 
0.1 0.000204309 0.00884445 -0.0130153 -0.125409 0.126424 
0.15 0.0971977 0.0598231 0.0173522 0.0784499 0.139709 
0.2 -0.0351443 -0.0131211 -0.0343067 0.0779828 0.0934387 
0.25 -0.0596033 -0.0181451 -0.0517321 0.143367 0.164039 
0.3 -0.040883 -0.0164521 -0.0408391 0.168197 0.180545 
0.35 0.0306134 0.0152611 -0.0124959 -0.0152806 0.0387067 
0.4 -0.0185608 -0.00551253 -0.0412884 0.106418 0.11216 
0.45 -0.0375364 0.0127552 -0.0321217 0.152572 0.160712 
0.5 -0.0333462 0.00648819 -0.0206582 0.158864 0.163565 
0.55 0.144743 0.0805655 0.0409097 -0.218533 0.277972 
0.6 0.102292 0.0627657 0.0206885 -0.243607 0.272911 
0.65 -0.106012 -0.0110671 -0.0451715 0.539674 0.552089 
0.7 -0.227883 -0.0736818 -0.0761199 0.630907 0.679132 
0.75 -0.199333 -0.0598778 -0.0812698 0.522502 0.568469 
0.8 0.0275439 0.0360311 -0.0096133 0.0297477 0.0524747 
0.85 0.0751009 0.0568105 -0.0127871 -0.0493221 0.106636 
0.9 0.00579604 0.0146935 -0.017888 0.0745412 0.0758823 
0.95 -0.0300406 0.0291786 -0.0189654 0.251331 0.255295 
1 0.0441893 0.0439281 0.00369513 -0.27536 0.278427 
1.05 0.155969 0.0996696 0.035598 -0.42528 0.465497 
1.1 0.0951553 0.0640431 0.00889318 -0.319572 0.339593 
1.15 0.14295 0.0898654 0.0508067 -0.440999 0.475244 
1.2 0.096434 0.0670874 0.0261807 -0.418515 0.435584 
1.25 0.141174 0.0780519 0.0314524 -0.480329 0.507623 
1.3 0.188024 0.094616 0.0466303 -0.76826 0.797913 
1.35 0.100888 0.0566273 0.00433518 -0.443015 0.45779 
1.4 0.120246 0.077657 0.0201694 -0.701889 0.717187 
1.45 0.307415 0.168027 0.0870343 -1.03381 1.09501 
1.5 0.489201 0.232888 0.163622 -1.55907 1.65857 
1.55 0.443861 0.217137 0.150936 -1.36333 1.45803 
1.6 0.123513 0.0867313 0.0264146 -0.541564 0.562771 
1.65 0.0949975 0.0822169 0.0193145 -0.691304 0.703096 
1.7 0.177707 0.107597 0.0399243 -0.697334 0.728749 
1.75 0.317576 0.160742 0.0795096 -0.797529 0.878353 
1.8 0.265448 0.132595 0.0776576 -0.986476 1.03324 
1.85 0.120317 0.0718623 0.0389222 -0.512668 0.532902 
1.9 0.132499 0.0886067 0.0418324 -0.517473 0.543021 
1.95 0.18072 0.0905991 0.0393021 -0.680675 0.711229 
2 0.147871 0.0780079 0.0245469 -0.525663 0.551898 
2.05 0.0625349 0.0470402 -0.015125 -0.289432 0.300576 
2.1 0.061976 0.0406429 0.00378226 -0.339106 0.34689 
2.15 0.0660918 0.0312491 -0.000950478 -0.255184 0.266352 
2.2 0.133861 0.0612242 0.0298588 -0.513922 0.535341 
2.25 0.10096 0.0543776 0.0168211 -0.435573 0.450741 
2.3 0.122845 0.075178 0.00344571 -0.464959 0.486891 
2.35 0.290894 0.145715 0.0724547 -0.992373 1.04701 
2.4 0.349262 0.161747 0.116453 -0.928372 1.01174 
2.45 0.106339 0.0587968 -0.00156018 -0.38727 0.406902 
2.5 0.0140074 0.0214886 -0.00148818 -0.10523 0.132054 
2.55 0.00572578 0.0222354 0.00113068 0.00584883 0.0202459 
2.6 0.123807 0.0690192 0.0243451 -0.382736 0.408463 
2.65 0.189488 0.0884411 0.0367777 -0.589802 0.626863 
2.7 0.154658 0.0706824 0.0415732 -0.560979 0.588129 
2.75 0.0853803 0.0442153 0.00690191 -0.259879 0.281583 
2.8 0.0558378 0.0252002 0.00929425 -0.291911 0.298454 
2.85 0.0910532 0.046436 0.0266206 -0.297736 0.315966 
2.9 0.101241 0.0551334 0.0218928 -0.322087 0.342589 
2.95 0.0705381 0.032075 -0.00356594 -0.250973 0.268461 
3 0.0390137 0.0135742 -0.00951886 -0.179351 0.18533 
3.05 0.0608115 0.0269838 -0.00165394 -0.322117 0.328979 
3.1 0.0989808 0.0644203 0.018645 -0.394717 0.412166 
3.15 0.156338 0.0805482 0.0402777 -0.511094 0.541302 
3.2 0.268771 0.122721 0.0750226 -0.889671 0.94041 
3.25 0.215153 0.0938881 0.0485267 -0.676253 0.717325 
3.3 0.0948685 0.0438992 0.0231119 -0.235329 0.258358 
3.35 0.0567416 0.0429529 0.00985399 -0.15817 0.171369 
3.4 0.0258655 0.0210511 -0.00534472 -0.14386 0.142234 
3.45 0.0848546 0.0286952 0.00189418 -0.297814 0.311038 
3.5 0.14672 0.0572639 0.01883 -0.468509 0.49418 
3.55 0.110238 0.0517492 0.0224827 -0.308341 0.332021 
3.6 0.0554783 0.0333511 0.0116958 -0.109279 0.134668 
3.65 0.023381 0.0237381 -0.00538142 -0.0239688 0.0420456 
3.7 0.0107868 0.0225034 -0.000712693 -0.0286449 0.124472 
3.75 0.0412608 0.0194438 0.0136103 -0.205733 0.210372 
3.8 0.0107956 0.0227936 -0.0175149 -0.130834 0.135189 
3.85 0.106819 0.0703925 0.028983 -0.398215 0.419305 
3.9 0.0485608 0.0444618 0.00639001 -0.263994 0.272052 
3.95 0.0498879 0.0510347 -0.00152251 -0.322454 0.332352 
4 0.391691 0.209698 0.112446 -1.48672 1.55575 
4.05 0.462341 0.244006 0.1166 -1.47554 1.56974 
4.1 0.343375 0.219534 0.0784096 -1.08054 1.15725 
4.15 0.141844 0.108147 0.0298303 -0.667826 0.692437 
4.2 0.123288 0.0976849 0.020023 -0.661108 0.679675 
4.25 0.236641 0.151551 0.0480647 -0.860286 0.906197 
4.3 0.282132 0.164547 0.0628865 -1.01827 1.07121 
4.35 0.192336 0.127801 0.0264961 -0.801223 0.834666 
4.4 0.18175 0.134722 0.0262542 -0.78293 0.815383 
4.45 0.346552 0.211429 0.0983394 -1.19348 1.26453 
4.5 0.293264 0.161585 0.070914 -1.17769 1.22651 
4.55 0.278773 0.165048 0.0493065 -1.04731 1.09736 
4.6 0.292762 0.179531 0.0659632 -1.23716 1.28559 
4.65 0.277512 0.172361 0.0658446 -1.15627 1.20392 
4.7 0.307219 0.200366 0.0604416 -1.2275 1.28269 
4.75 0.512165 0.289263 0.131477 -1.73707 1.83868 
4.8 0.634207 0.323709 0.196697 -2.1767 2.29863 
4.85 0.469433 0.251961 0.13782 -1.74005 1.82494 
4.9 0.302826 0.196138 0.0955072 -1.2925 1.3453 
4.95 0.25206 0.182986 0.0662721 -1.12032 1.16488 
5 0.350292 0.204536 0.0976682 -1.15097 1.22428 
5.05 0.440669 0.23394 0.147512 -1.34244 1.43966 
5.1 0.630218 0.319759 0.240273 -1.88982 2.03183 
5.15 1.18837 0.498084 0.427409 -3.29188 3.56088 
5.2 2.23135 0.814056 0.656344 -5.89684 6.39103 
5.25 2.71794 0.887034 0.655255 -6.7551 7.36439 
5.3 2.89799 0.941312 0.632369 -7.23911 7.87963 
5.35 3.67647 1.34142 0.895787 -9.15431 9.99604 
5.4 3.93234 1.38378 0.921637 -9.80825 10.6972 
5.45 4.19389 1.46285 0.968946 -10.1153 11.0899 
5.5 4.67469 1.67839 1.11647 -11.5706 12.641 
5.55 4.60468 1.64006 1.05722 -11.2741 12.3335 
5.6 4.77568 1.69422 1.09649 -11.6834 12.7821 
5.65 4.90179 1.77153 1.08547 -11.7427 12.8932 
5.7 5.25268 1.89419 1.20186 -12.8604 14.0717 
5.75 5.00533 1.74276 1.06094 -12.2171 13.3594 
5.8 6.35298 2.35521 1.55825 -15.539 17.0234 
5.85 6.06544 2.22603 1.36221 -14.587 16.012 
5.9 6.55593 2.40039 1.48778 -15.9935 17.5143 
5.95 5.67414 1.99701 1.0214 -13.8833 15.1649 
6 5.49612 1.91723 0.846556 -13.701 14.9103 
6.05 4.52316 1.53109 0.393017 -11.3812 12.3487 
6.1 5.39784 1.87531 0.741893 -13.8654 15.0151 
6.15 4.86841 1.63772 0.506726 -12.5602 13.5794 
6.2 5.09867 1.72613 0.537891 -13.3301 14.386 
6.25 4.51212 1.46747 0.21611 -12.2406 13.1298 
6.3 4.38048 1.39405 0.161397 -11.7987 12.6636 
6.35 3.76937 1.06359 -0.102187 -10.7176 11.4113 
6.4 3.37642 0.885964 -0.260288 -9.81767 10.4231 
6.45 3.00189 0.720189 -0.443679 -9.12382 9.64202 
6.5 2.7671 0.644241 -0.575135 -8.45648 8.93944 
6.55 2.60604 0.538747 -0.681249 -8.42713 8.86366 
6.6 2.76026 0.604708 -0.612242 -8.6399 9.111 
6.65 2.54572 0.461698 -0.726223 -8.54611 8.95843 
6.7 1.66841 0.103159 -1.17626 -6.54989 6.86128 
6.75 1.28702 -0.0402444 -1.38556 -5.66933 5.97635 
6.8 1.08805 -0.127352 -1.47957 -5.43277 5.73638 
6.85 0.720224 -0.3135 -1.64288 -4.65321 4.99664 
6.9 0.635822 -0.304004 -1.73799 -4.64171 5.00599 
6.95 0.195144 -0.493949 -1.9593 -3.95282 4.44443 
7 0.233464 -0.497296 -1.9422 -4.11409 4.58272 
7.05 -0.383531 -0.796967 -2.19012 -2.64184 3.54504 
7.1 -0.228401 -0.729911 -2.15686 -3.36389 4.06848 
7.15 -1.059 -1.09389 -2.50992 -1.317 3.22042 
7.2 -1.21374 -1.175 -2.61408 -1.15696 3.32 
7.25 -1.327 -1.24255 -2.66129 -1.0838 3.4001 
7.3 -1.56604 -1.3403 -2.73712 -0.258664 3.43619 
7.35 -1.87294 -1.50472 -2.85899 0.280564 3.74497 
7.4 -2.09257 -1.64484 -2.91284 0.565975 3.98618 
7.45 -2.13686 -1.71836 -2.92074 0.332704 4.01993 
7.5 -2.87161 -2.03321 -3.20129 2.21078 5.24554 
7.55 -2.80521 -2.0237 -3.21843 1.66464 5.0094 
7.6 -2.99603 -2.0702 -3.33069 2.21624 5.40991 
7.65 -3.0771 -2.07563 -3.43174 2.40369 5.59743 
7.7 -3.44518 -2.21863 -3.60488 3.28621 6.37071 
7.75 -3.95276 -2.47866 -3.84268 3.9951 7.24534 
7.8 -4.06554 -2.51544 -3.90415 4.1644 7.44585 
7.85 -4.19471 -2.58455 -3.95098 4.30753 7.64465 
7.9 -4.29837 -2.67979 -3.9614 4.4518 7.82104 
7.95 -4.55315 -2.78132 -4.07534 5.11618 8.44104 
8 -4.7887 -2.83958 -4.26452 5.33827 8.81352 
8.05 -5.26899 -3.06148 -4.46629 6.45156 9.93505 
8.1 -5.36542 -3.13253 -4.49003 6.50087 10.051 
8.15 -5.58902 -3.28192 -4.54831 6.99279 10.5638 
8.2 -5.77717 -3.36058 -4.65542 7.18029 10.8581 
8.25 -6.2652 -3.59094 -4.86467 8.35952 12.0704 
8.3 -6.6022 -3.757 -4.97243 9.24395 12.9568 
8.35 -6.43106 -3.71407 -4.92839 8.28087 12.1661 
8.4 -7.17486 -4.0373 -5.19857 10.3944 14.2424 
8.45 -6.76323 -3.84526 -5.07763 8.94466 12.8964 
8.5 -7.21136 -4.02115 -5.29387 9.97485 13.9892 
8.55 -7.08251 -3.96042 -5.28383 9.58045 13.6217 
8.6 -7.54861 -4.15874 -5.48669 10.7456 14.8272 
8.65 -7.97199 -4.32797 -5.64693 11.8219 15.9351 
8.7 -8.23066 -4.48407 -5.74358 12.1241 16.3656 
8.75 -8.42776 -4.56028 -5.80887 12.5543 16.8279 
8.8 -8.57006 -4.58457 -5.95794 12.7528 17.1054 
8.85 -8.6525 -4.62039 -5.98175 13.0994 17.4238 
8.9 -8.97671 -4.81984 -6.09306 13.7143 18.1389 
8.95 -9.35521 -5.00653 -6.21413 14.5781 19.0715 
9 -9.53968 -5.1059 -6.32053 14.6962 19.3133 
9.05 -9.54836 -5.12143 -6.32403 14.5651 19.2234 
9.1 -9.94599 -5.34396 -6.44413 15.5777 20.2897 
9.15 -10.0196 -5.42993 -6.41137 15.8596 20.555 
9.2 -10.4133 -5.64351 -6.56293 16.4632 21.3165 
9.25 -10.6035 -5.64826 -6.71124 17.0247 21.8911 
9.3 -10.9348 -5.80782 -6.8777 17.452 22.4761 
9.35 -10.6907 -5.72344 -6.79217 16.3347 21.4477 
9.4 -11.2306 -5.95832 -7.01432 17.8185 22.9854 
9.45 -11.2325 -5.90384 -7.03457 17.766 22.9378 
9.5 -11.709 -6.10685 -7.24005 19.1186 24.3379 
9.55 -12.0171 -6.25969 -7.37706 19.6286 24.966 
9.6 -12.231 -6.31371 -7.4903 20.3176 25.6587 
9.65 -12.1841 -6.26661 -7.5385 19.896 25.3062 
9.7 -12.3754 -6.35938 -7.60223 20.3278 25.78 
9.75 -12.3845 -6.43451 -7.56217 20.2211 25.7072 
9.8 -13.01 -6.74048 -7.77364 21.928 27.4948 
9.85 -12.7869 -6.63821 -7.74554 20.9064 26.5451 
9.9 -13.2456 -6.85595 -7.88501 22.1844 27.8706 
9.95 -13.3336 -6.95225 -7.85784 22.4558 28.1447 
10 -13.8104 -7.26065 -8.03028 23.2106 29.0975 
10.05 -13.8728 -7.27674 -8.05778 23.3808 29.2745 
10.1 -14.0675 -7.34361 -8.15904 23.6867 29.6556 
10.15 -14.0508 -7.27756 -8.23651 23.246 29.3019 
10.2 -14.1887 -7.32968 -8.2995 23.5101 29.6083 
10.25 -14.494 -7.4622 -8.4421 24.4637 30.586 
10.3 -14.8718 -7.62874 -8.6278 25.2593 31.4935 
10.35 -15.2734 -7.79363 -8.83909 26.0057 32.3797 
10.4 -15.3308 -7.77582 -8.92097 26.0666 32.4739 
10.45 -15.1196 -7.70492 -8.8095 25.5774 31.934 
10.5 -15.584 -7.96501 -8.93546 26.6903 33.1439 
10.55 -15.4879 -7.96453 -8.89212 26.007 32.5383 
10.6 -15.9701 -8.19882 -9.09056 27.0872 33.7435 
10.65 -16.0491 -8.23739 -9.12841 27.3339 33.9985 
10.7 -16.3276 -8.40788 -9.21839 28.0281 34.7539 
10.75 -16.3445 -8.44104 -9.17961 28.2511 34.9397 
10.8 -16.7664 -8.71311 -9.34551 28.7909 35.6832 
10.85 -17.0645 -8.84823 -9.44951 29.7343 36.6457 
10.9 -16.996 -8.79443 -9.46826 29.0602 36.0603 
10.95 -17.0924 -8.8108 -9.58971 28.9571 36.0591 
11 -17.2248 -8.88504 -9.65354 29.4502 36.5534 
11.05 -17.5442 -9.01556 -9.80024 30.2104 37.387 
11.1 -17.8333 -9.13792 -9.93855 30.886 38.1346 
11.15 -18.1107 -9.23044 -10.1122 31.3363 38.6965 
11.2 -18.0405 -9.20265 -10.0853 31.1722 38.5171 
11.25 -18.2382 -9.33089 -10.1641 31.3518 38.8065 
11.3 -18.184 -9.32465 -10.1516 31.2421 38.6876 
11.35 -18.5543 -9.52298 -10.2948 32.1602 39.6889 
11.4 -18.783 -9.64728 -10.4209 32.5343 40.1615 
11.45 -19.0553 -9.82862 -10.4989 33.1854 40.8804 
11.5 -19.1063 -9.87994 -10.4817 33.4161 41.0995 
11.55 -19.153 -9.92981 -10.5282 33.3029 41.0531 
11.6 -19.6314 -10.2004 -10.7358 34.2207 42.1397 
11.65 -19.6229 -10.1714 -10.7908 33.9701 41.9396 
11.7 -19.9128 -10.2668 -10.9974 34.3997 42.4996 
11.75 -20.1154 -10.3571 -11.0925 34.9095 43.0536 
11.8 -20.0794 -10.3744 -11.0874 34.8147 42.9628 
11.85 -20.3629 -10.5158 -11.2173 35.315 43.5684 
11.9 -20.6798 -10.6511 -11.393 35.9692 44.3247 
11.95 -20.4698 -10.5384 -11.3141 35.3969 43.7152 
12 -20.7416 -10.7002 -11.4404 36.008 44.4091 
12.05 -20.7879 -10.7602 -11.4648 35.916 44.3771 
12.1 -21.1401 -10.9564 -11.6256 36.6661 45.2383 
12.15 -21.425 -11.1135 -11.7727 37.2513 45.9216 
12.2 -21.4899 -11.189 -11.7644 37.5876 46.2411 
12.25 -21.7635 -11.3106 -11.9147 37.7618 46.5778 
12.3 -21.7335 -11.3291 -11.8773 38.0497 46.7926 
12.35 -21.9684 -11.4307 -12.018 38.0614 46.9721 
12.4 -22.1042 -11.4709 -12.1587 38.0288 47.0553 
12.45 -22.4315 -11.6326 -12.3615 38.8249 47.9444 
12.5 -22.4356 -11.6593 -12.3832 38.6971 47.855 
12.55 -22.8348 -11.8505 -12.5584 39.8915 49.101 
12.6 -23.0161 -11.9243 -12.7037 40.0216 49.3462 
12.65 -23.0658 -11.9394 -12.7307 40.2135 49.5357 
12.7 -23.1145 -11.9822 -12.7537 40.3408 49.6779 
12.75 -23.3809 -12.1602 -12.8784 41.0523 50.4548 
12.8 -23.369 -12.1956 -12.8803 40.877 50.3157 
12.85 -23.7726 -12.4414 -13.0727 41.7041 51.2841 
12.9 -23.8715 -12.5196 -13.0748 41.9191 51.5242 
12.95 -23.7955 -12.5404 -13.0141 41.7225 51.3188 
13 -24.3027 -12.7681 -13.2942 42.5915 52.3872 
13.05 -24.4895 -12.8353 -13.4398 43.1417 52.9747 
13.1 -24.5759 -12.8664 -13.5591 42.8583 52.8224 
13.15 -24.6977 -12.9226 -13.6268 43.3375 53.2991 
13.2 -24.9245 -13.0426 -13.7535 43.865 53.8947 
13.25 -25.2411 -13.1838 -13.9316 44.3651 54.5278 
13.3 -25.2779 -13.1613 -13.9962 44.4973 54.6635 
13.35 -25.4004 -13.2129 -14.0853 44.7987 55.0007 
13.4 -25.4949 -13.2939 -14.1169 44.9977 55.234 
13.45 -25.5726 -13.4204 -14.121 45.0296 55.3275 
13.5 -25.8991 -13.6321 -14.2272 46.0417 56.3813 
13.55 -26.116 -13.7906 -14.3114 46.4073 56.8391 
13.6 -26.5176 -13.9423 -14.5185 46.9822 57.582 
13.65 -26.3374 -13.8637 -14.4031 46.8309 57.3275 
13.7 -26.716 -14.0609 -14.6066 47.4464 58.1031 
13.75 -26.6173 -14.02 -14.601 47.1248 57.7839 
13.8 -27.3328 -14.3506 -14.9843 48.5642 59.4645 
13.85 -26.9969 -14.1915 -14.8389 47.8224 58.6294 
13.9 -27.6417 -14.4853 -15.1492 49.2876 60.2715 
13.95 -27.469 -14.3514 -15.143 48.6524 59.6395 
14 -28.0669 -14.6407 -15.484 50.0107 61.1794 
14.05 -27.6392 -14.4267 -15.3192 49.3915 60.3842 
14.1 -28.0839 -14.7286 -15.4796 50.3752 61.5054 
14.15 -27.8876 -14.6669 -15.353 50.0265 61.0835 
14.2 -28.592 -15.0205 -15.7019 51.2568 62.5854 
14.25 -28.6313 -15.0531 -15.6536 51.426 62.7377 
14.3 -28.7402 -15.1663 -15.6496 51.7393 63.0705 
14.35 -29.0221 -15.3197 -15.7496 52.1308 63.5818 
14.4 -29.3669 -15.433 -16.0184 52.4553 64.0994 
14.45 -29.5565 -15.5341 -16.1486 52.7408 64.4768 
14.5 -29.8799 -15.6835 -16.2986 53.4356 65.2671 
14.55 -30.001 -15.6935 -16.4191 53.7027 65.5737 
14.6 -30.1116 -15.7004 -16.522 53.8822 65.7987 
14.65 -30.5441 -15.8893 -16.7562 54.6561 66.7343 
14.7 -29.9593 -15.5236 -16.5669 53.8881 65.7033 
14.75 -30.2846 -15.7583 -16.6889 54.6188 66.5374 
14.8 -30.5129 -15.9949 -16.7504 55.1458 67.1455 
14.85 -31.0954 -16.3322 -16.9723 56.438 68.6074 
14.9 -31.18 -16.4482 -16.9352 56.5481 68.7548 
14.95 -31.3664 -16.5338 -17.0386 56.5161 68.8593 
15 -31.5306 -16.6479 -17.1148 56.6725 69.1088 
15.05 -32.2169 -16.9431 -17.472 58.2814 70.9013 
15.1 -32.4748 -16.9683 -17.5513 58.9233 71.572 
15.15 -32.1213 -16.7162 -17.3143 58.3261 70.802 
15.2 -31.857 -16.5721 -17.1665 57.8736 70.2392 
15.25 -32.329 -16.8197 -17.4161 58.7982 71.3346 
15.3 -31.9239 -16.5681 -17.1584 58.0946 70.4487 
15.35 -32.2098 -16.7227 -17.2797 58.5592 71.0274 
15.4 -32.3356 -16.7936 -17.3163 58.82 71.325 
15.45 -32.077 -16.6741 -17.1565 58.1983 70.6283 
15.5 -32.4083 -16.8417 -17.3164 58.806 71.3579 
15.55 -32.1514 -16.6607 -17.179 58.6215 71.0133 
15.6 -32.2507 -16.6648 -17.2672 58.8712 71.2867 
15.65 -32.297 -16.6263 -17.3208 58.9726 71.3954 
15.7 -32.1199 -16.5303 -17.2535 58.678 71.0333 
15.75 -32.1449 -16.5754 -17.2605 58.6878 71.0649 
15.8 -32.2438 -16.6589 -17.2801 58.6283 71.0849 
15.85 -32.3725 -16.7475 -17.3161 58.7343 71.2602 
15.9 -32.3292 -16.7011 -17.2862 58.8737 71.3374 
15.95 -32.3764 -16.7117 -17.3184 58.8866 71.3798 
16 -32.4182 -16.7276 -17.3879 58.9448 71.4673 
16.05 -32.3325 -16.6791 -17.3465 58.7966 71.2848 
16.1 -32.2832 -16.6536 -17.3096 58.7904 71.2424 
16.15 -32.3851 -16.7159 -17.3283 58.8842 71.3851 
16.2 -32.4133 -16.7385 -17.3456 58.8372 71.3686 
16.25 -32.5079 -16.7935 -17.4028 59.0058 71.5774 
16.3 -32.4769 -16.7799 -17.3949 58.8988 71.47 
16.35 -32.4677 -16.765 -17.3761 58.9017 71.4602 
16.4 -32.5872 -16.8114 -17.4454 58.9527 71.5843 
16.45 -32.5764 -16.786 -17.433 59.001 71.6102 
16.5 -32.6046 -16.8003 -17.4681 58.9894 71.6254 
16.55 -32.6872 -16.8745 -17.5117 58.8952 71.6136 
16.6 -32.6798 -16.8893 -17.4764 59.0084 71.6982 
16.65 -32.477 -16.7388 -17.3263 58.9862 71.5159 
16.7 -32.651 -16.8586 -17.3785 59.1988 71.811 
16.75 -32.6713 -16.8514 -17.3954 59.3519 71.9488 
16.8 -32.5644 -16.7835 -17.3619 59.0621 71.6372 
16.85 -32.6774 -16.8367 -17.4261 59.3745 71.9742 
16.9 -32.4465 -16.7026 -17.2728 59.0785 71.5567 
16.95 -32.5663 -16.7999 -17.3374 59.2494 71.7905 
17 -32.5587 -16.7831 -17.3373 59.2259 71.7637 
17.05 -32.523 -16.7515 -17.3393 59.1258 71.6581 
17.1 -32.4805 -16.7466 -17.2998 59.2797 71.7552 
17.15 -32.5641 -16.7792 -17.3047 59.3251 71.8393 
17.2 -32.568 -16.7859 -17.2972 59.2891 71.8111 
17.25 -32.6242 -16.78 -17.3651 59.4465 71.9815 
17.3 -32.4105 -16.6698 -17.2838 59.1697 71.6108 
17.35 -32.5065 -16.7164 -17.3891 59.2302 71.7405 
17.4 -32.3972 -16.6206 -17.3325 59.1847 71.6175 
17.45 -32.4107 -16.6022 -17.2826 59.3306 71.7279 
17.5 -32.5466 -16.6374 -17.3318 59.4746 71.9284 
17.55 -32.4306 -16.5801 -17.2719 59.3509 71.7461 
17.6 -32.4433 -16.5952 -17.3028 59.3287 71.7444 
17.65 -32.5209 -16.6199 -17.3563 59.4546 71.9022 
17.7 -32.4428 -16.5677 -17.3021 59.4944 71.8747 
17.75 -32.4706 -16.6095 -17.2872 59.4586 71.8637 
17.8 -32.3843 -16.5661 -17.2497 59.3939 71.7521 
17.85 -32.5389 -16.6411 -17.3269 59.4323 71.8897 
17.9 -32.5534 -16.6318 -17.3515 59.5444 71.9927 
17.95 -32.4933 -16.6004 -17.3188 59.5344 71.9422 
18 -32.5736 -16.6378 -17.3767 59.5633 72.0249 
18.05 -32.6268 -16.6629 -17.3793 59.632 72.1122 
18.1 -32.5824 -16.6526 -17.3574 59.4483 71.9326 
18.15 -32.461 -16.6037 -17.3049 59.3666 71.7861 
18.2 -32.5441 -16.6311 -17.3228 59.4442 71.8986 
18.25 -32.6016 -16.6465 -17.2797 59.9354 72.3243 
18.3 -33.3534 -16.9309 -17.4188 61.8662 74.3636 
18.35 -32.7036 -16.4435 -16.8552 61.2679 73.3333 
18.4 -32.7971 -16.3774 -16.7277 61.3061 73.363 
18.45 -32.5679 -16.1376 -16.4579 60.8786 72.7885 
18.5 -32.6847 -16.1114 -16.3765 61.4918 73.3301 
18.55 -32.8697 -16.1454 -16.3158 62.1039 73.9202 
18.6 -32.6685 -15.9602 -16.1315 61.6778 73.3917 
18.65 -32.4742 -15.7743 -15.9954 61.5232 73.1052 
18.7 -32.5522 -15.7303 -15.9836 61.9779 73.5107 
18.75 -32.4227 -15.5538 -15.92 61.5032 73.0016 
18.8 -32.0856 -15.2713 -15.7644 61.1525 72.4627 
18.85 -32.0184 -15.1562 -15.7413 61.1155 72.3725 
18.9 -31.8358 -15.0203 -15.6316 60.5993 71.8036 
18.95 -31.688 -14.9333 -15.5644 60.2412 71.403 
19 -31.5491 -14.842 -15.467 59.8203 70.946 
19.05 -31.4527 -14.7945 -15.4046 59.7312 70.8044 
19.1 -31.2278 -14.6783 -15.2436 59.6762 70.5991 
19.15 -31.1024 -14.5693 -15.1983 59.2483 70.1496 
19.2 -30.8435 -14.3823 -15.1267 58.6484 69.4739 
19.25 -30.818 -14.3465 -15.1345 58.4582 69.2964 
19.3 -30.9022 -14.3572 -15.1581 58.7313 69.5716 
19.35 -30.6408 -14.2031 -15.0334 58.4199 69.1337 
19.4 -30.6204 -14.1464 -15.0263 58.5351 69.2089 
19.45 -30.0124 -13.8014 -14.7583 57.4878 67.9255 
19.5 -29.9876 -13.8308 -14.7169 57.5318 67.9489 
19.55 -29.8194 -13.769 -14.5778 57.31 67.6442 
19.6 -29.7481 -13.7891 -14.4858 57.1973 67.5015 
19.65 -29.3371 -13.5738 -14.2907 56.3647 66.5291 
19.7 -29.469 -13.6649 -14.3077 56.697 66.8911 
19.75 -29.3105 -13.5579 -14.243 56.1737 66.342 
19.8 -28.9386 -13.331 -14.0955 55.5494 65.5712 
19.85 -28.9102 -13.2562 -14.1873 54.9804 65.0818 
19.9 -29.0001 -13.2083 -14.2897 55.3317 65.4313 
19.95 -28.3617 -12.8956 -13.9418 54.4263 64.244 
20 -28.383 -12.8847 -13.9726 54.5431 64.3568 
20.05 -28.1886 -12.8284 -13.8476 54.4774 64.1772 
20.1 -28.0113 -12.7686 -13.7267 54.1144 63.7531 
20.15 -27.9685 -12.7758 -13.6905 53.7305 63.4023 
20.2 -27.873 -12.7089 -13.6301 53.5418 63.1738 
20.25 -27.576 -12.5496 -13.4751 53.2716 62.7485 
20.3 -27.4451 -12.5115 -13.4302 52.9952 62.439 
20.35 -27.4374 -12.5023 -13.4026 53.243 62.6384 
20.4 -27.1486 -12.3232 -13.3022 52.4899 61.8146 
20.45 -27.1953 -12.2574 -13.377 52.4867 61.8354 
20.5 -26.622 -11.8922 -13.2224 50.8146 60.0592 
20.55 -26.7804 -11.9633 -13.2599 51.716 60.9154 
20.6 -26.4887 -11.8214 -13.142 51.2014 60.2967 
20.65 -26.4989 -11.8674 -13.1012 51.3885 60.4602 
20.7 -26.2813 -11.7619 -12.9641 51.1246 60.0903 
20.75 -25.9789 -11.6047 -12.8507 50.2294 59.1414 
20.8 -25.9604 -11.5944 -12.8171 50.435 59.2988 
20.85 -25.6091 -11.4576 -12.6158 49.8105 58.5436 
20.9 -25.6546 -11.4946 -12.607 50.1248 58.8364 
20.95 -25.2798 -11.2956 -12.4727 49.1104 57.7413 
21 -25.2992 -11.2866 -12.4854 49.3107 57.9212 
21.05 -25.1579 -11.2104 -12.4332 48.9061 57.489 
21.1 -25.0109 -11.0938 -12.3724 48.8678 57.3564 
21.15 -24.8777 -10.9649 -12.4027 48.1764 56.6915 
21.2 -24.7149 -10.8047 -12.3794 47.8607 56.3158 
21.25 -24.7017 -10.7716 -12.3797 48.0599 56.4731 
21.3 -24.2454 -10.6054 -12.1479 46.8545 55.1654 
21.35 -24.4684 -10.7563 -12.2161 47.5075 55.8623 
21.4 -24.0913 -10.5303 -12.0647 46.8899 55.0954 
21.45 -23.9726 -10.4528 -11.9506 47.0668 55.1548 
21.5 -23.682 -10.3398 -11.8265 46.1543 54.2018 
21.55 -23.6267 -10.3361 -11.7677 46.4963 54.4558 
21.6 -23.2363 -10.1662 -11.6262 45.3346 53.2323 
21.65 -23.3636 -10.2014 -11.6491 45.963 53.8352 
21.7 -23.1234 -10.0648 -11.5783 45.4203 53.2264 
21.75 -23.2059 -10.1162 -11.5756 45.8028 53.598 
21.8 -22.6509 -9.81386 -11.3956 44.0687 51.7811 
21.85 -22.897 -9.8597 -11.5427 44.8353 52.5825 
21.9 -22.5104 -9.61396 -11.433 43.9169 51.5612 
21.95 -22.6477 -9.67288 -11.4535 44.4547 52.0949 
22 -22.2335 -9.47848 -11.304 43.6941 51.1969 
22.05 -22.1321 -9.45651 -11.2392 43.4885 50.959 
22.1 -21.916 -9.33994 -11.1167 43.1003 50.4853 
22.15 -21.883 -9.3011 -11.0939 43.2176 50.559 
22.2 -21.7501 -9.24464 -11.0209 43.1394 50.4083 
22.25 -21.7854 -9.3088 -11.037 42.9402 50.2686 
22.3 -21.4028 -9.12499 -10.8599 42.1737 49.3751 
22.35 -21.2344 -9.033 -10.803 41.7487 48.9097 
22.4 -21.0457 -8.94708 -10.6849 41.6243 48.6798 
22.45 -21.0527 -8.95052 -10.6907 41.715 48.7623 
22.5 -20.7695 -8.7847 -10.5643 41.0625 48.0237 
22.55 -20.7333 -8.74725 -10.5625 40.9733 47.9245 
22.6 -20.515 -8.60437 -10.4854 40.1842 47.1127 
22.65 -20.3694 -8.45958 -10.496 40.2884 47.1147 
22.7 -20.3744 -8.44676 -10.5076 40.1943 47.0368 
22.75 -20.0143 -8.25701 -10.3626 39.6271 46.3297 
22.8 -19.9662 -8.31711 -10.2269 39.6544 46.3129 
22.85 -19.6757 -8.15919 -10.1213 39.0797 45.6439 
22.9 -19.6616 -8.21715 -10.0925 38.7232 45.337 
22.95 -19.6504 -8.17848 -10.058 39.0115 45.564 
23 -19.4748 -8.07268 -10.0067 39.001 45.4494 
23.05 -19.1098 -7.92114 -9.84204 38.0423 44.4073 
23.1 -18.7337 -7.767 -9.68815 37.0808 43.3604 
23.15 -18.8556 -7.81353 -9.73172 37.4725 43.7662 
23.2 -18.8243 -7.81151 -9.73907 37.1833 43.5066 
23.25 -18.8516 -7.81846 -9.66197 37.9116 44.1266 
23.3 -18.5052 -7.65977 -9.53166 36.7673 42.9395 
23.35 -18.3907 -7.55213 -9.53019 36.8114 42.9087 
23.4 -18.0068 -7.29508 -9.4016 35.7745 41.7812 
23.45 -17.9007 -7.18192 -9.45183 35.3076 41.3277 
23.5 -17.9205 -7.1916 -9.45038 35.4637 41.471 
23.55 -18.0609 -7.28697 -9.462 36.0317 42.037 
23.6 -17.4924 -6.9743 -9.21161 35.0175 40.813 
23.65 -17.4144 -6.95473 -9.1993 34.6835 40.487 
23.7 -17.2811 -6.86994 -9.16502 34.1838 39.9795 
23.75 -17.383 -6.94798 -9.18329 34.7393 40.5166 
23.8 -17.0667 -6.80849 -8.96481 34.2178 39.8604 
23.85 -16.8862 -6.75601 -8.88292 33.7437 39.3488 
23.9 -16.7717 -6.70121 -8.83437 33.3404 38.9336 
23.95 -16.5446 -6.57406 -8.76658 32.6712 38.2257 
24 -16.4547 -6.52803 -8.6732 32.807 38.274 
24.05 -16.3124 -6.45857 -8.61299 32.7358 38.1264 
24.1 -16.2129 -6.43815 -8.5885 32.5716 37.9338 
24.15 -16.0467 -6.30862 -8.52122 32.2785 37.5741 
24.2 -15.6628 -6.06548 -8.42968 31.3514 36.5525 
24.25 -15.5243 -5.9905 -8.34379 30.7146 35.9151 
24.3 -15.333 -5.88611 -8.27608 30.1776 35.3401 
24.35 -15.2227 -5.7952 -8.28115 30.2518 35.3421 
24.4 -15.1965 -5.71872 -8.28924 30.2684 35.3345 
24.45 -15.2902 -5.87714 -8.24042 30.7659 35.8159 
24.5 -15.0601 -5.83026 -8.02913 30.4323 35.375 
24.55 -14.5509 -5.59797 -7.86747 28.825 33.7022 
24.6 -14.755 -5.6674 -7.90527 29.9832 34.8039 
24.65 -14.3583 -5.50429 -7.73731 28.9371 33.6701 
24.7 -14.4852 -5.57438 -7.75916 29.2369 33.9985 
24.75 -14.2726 -5.46908 -7.65386 28.8059 33.496 
24.8 -14.1329 -5.39301 -7.60844 28.6337 33.2656 
24.85 -13.8651 -5.27177 -7.49982 27.9647 32.5315 
24.9 -13.7306 -5.24616 -7.3899 27.8394 32.3372 
24.95 -13.931 -5.31325 -7.4483 28.834 33.3043 
25 -13.629 -5.17298 -7.2773 27.9295 32.3346 
25.05 -13.6348 -5.17283 -7.28473 27.8877 32.3026 
25.1 -13.2091 -4.95504 -7.13364 26.7453 31.0682 
25.15 -13.3965 -4.96134 -7.21829 27.77 32.0524 
25.2 -12.7123 -4.58732 -7.01329 25.7228 29.8914 
25.25 -13.0175 -4.67639 -7.11852 26.9796 31.1431 
25.3 -12.646 -4.53476 -6.96634 25.9032 29.9999 
25.35 -12.8588 -4.63481 -6.98368 26.7209 30.8157 
25.4 -12.4854 -4.45271 -6.84733 25.5652 29.6003 
25.45 -12.1978 -4.27521 -6.73969 25.1657 29.0826 
25.5 -12.1344 -4.27921 -6.67336 25.0118 28.9081 
25.55 -12.0876 -4.25447 -6.61675 25.2019 29.0367 
25.6 -12.0516 -4.24105 -6.60189 25.2098 29.0232 
25.65 -11.7197 -4.14492 -6.39464 24.4008 28.1215 
25.7 -11.5647 -4.09143 -6.29161 24.0435 27.7157 
25.75 -11.5043 -4.02953 -6.27376 24.1368 27.7585 
25.8 -11.3506 -3.95264 -6.17518 23.9938 27.5372 
25.85 -11.1287 -3.86128 -6.07244 23.1897 26.7094 
25.9 -10.979 -3.76618 -6.032 23.0674 26.5182 
25.95 -10.9309 -3.75752 -5.9422 23.1674 26.5641 
26 -10.9582 -3.75716 -5.93396 23.1244 26.5359 
26.05 -10.6466 -3.56715 -5.79898 22.5917 25.8861 
26.1 -10.4594 -3.48836 -5.71517 21.9207 25.1942 
26.15 -10.3897 -3.38128 -5.69959 22.0921 25.2967 
26.2 -10.3006 -3.28377 -5.68788 21.8253 25.0118 
26.25 -10.0541 -3.2696 -5.49386 21.505 24.585 
26.3 -10.0264 -3.28783 -5.4189 21.4113 24.4774 
26.35 -10.033 -3.27182 -5.37358 21.5274 24.5697 
26.4 -9.61864 -3.0603 -5.20012 20.7698 23.6708 
26.45 -9.66699 -3.08327 -5.17181 21.0914 23.9699 
26.5 -9.53888 -3.01004 -5.10939 20.6931 23.5449 
26.55 -9.47261 -2.96795 -5.01571 20.8431 23.6248 
26.6 -9.25267 -2.87674 -4.86872 20.4338 23.133 
26.65 -9.28229 -2.88981 -4.81616 20.5291 23.2196 
26.7 -9.08121 -2.77678 -4.6977 20.0744 22.6987 
26.75 -9.0419 -2.75631 -4.64131 20.2906 22.8605 
26.8 -8.98576 -2.71602 -4.56972 20.133 22.6793 
26.85 -8.66627 -2.55013 -4.38905 19.5591 21.9871 
26.9 -8.69287 -2.58487 -4.33362 19.5858 22.0143 
26.95 -8.54591 -2.50178 -4.2282 19.2334 21.6123 
27 -8.57439 -2.49757 -4.2508 19.6781 22.0239 
27.05 -8.32424 -2.4301 -4.21113 19.1207 21.4134 
27.1 -8.11752 -2.30045 -4.0851 18.6941 20.9127 
27.15 -8.08231 -2.22347 -4.04011 18.7602 20.9413 
27.2 -7.85793 -2.08231 -3.93552 17.9945 20.1339 
27.25 -7.66539 -1.98728 -3.79588 17.6731 19.7347 
27.3 -7.53352 -1.95966 -3.68344 17.4777 19.4842 
27.35 -7.66016 -2.00099 -3.67268 18.0667 20.0643 
27.4 -7.58932 -1.95784 -3.61093 17.7704 19.7549 
27.45 -7.50471 -1.8946 -3.51263 17.8207 19.7441 
27.5 -7.24575 -1.74497 -3.32897 17.4374 19.2534 
27.55 -7.17941 -1.71109 -3.25317 17.4468 19.221 
27.6 -7.15166 -1.69917 -3.17524 17.4731 19.2204 
27.65 -7.15968 -1.70782 -3.0964 17.4795 19.2171 
27.7 -7.11273 -1.65921 -2.99301 17.5444 19.2382 
27.75 -7.02024 -1.59585 -2.87097 17.4113 19.0585 
27.8 -7.12438 -1.61604 -2.83481 18.2902 19.8982 
27.85 -6.7063 -1.41806 -2.60581 17.0534 18.5634 
27.9 -7.05043 -1.56387 -2.60114 18.3297 19.8721 
27.95 -6.64392 -1.37676 -2.37776 16.9907 18.4492 
28 -6.73194 -1.39677 -2.28246 18.0244 19.426 
28.05 -4.96838 -0.62067 -1.60846 12.3662 13.4381 
28.1 -5.94004 -1.14985 -2.02891 15.0728 16.368 
28.15 -6.15518 -1.28438 -2.08066 16.1374 17.4436 
28.2 -5.24865 -0.865998 -1.75936 13.4321 14.5539 
28.25 -5.79331 -1.12588 -2.0139 15.1507 16.3838 
28.3 -5.81033 -1.13275 -2.01671 15.204 16.44 
28.35 -5.33629 -0.922919 -1.83822 13.7821 14.9216 
28.4 -5.53042 -1.04072 -1.97623 14.4061 15.592 
28.45 -5.19291 -0.906183 -1.83297 13.2924 14.4165 
28.5 -5.15227 -0.906549 -1.80351 13.0602 14.1842 
28.55 -5.28153 -0.977666 -1.85866 13.2837 14.4486 
28.6 -5.00295 -0.841727 -1.7727 12.5364 13.6397 
28.65 -4.98992 -0.867772 -1.78553 12.4215 13.5327 
28.7 -5.03422 -0.887554 -1.79969 12.501 13.6251 
28.75 -4.71115 -0.730514 -1.68516 11.5735 12.63 
28.8 -4.72205 -0.744643 -1.72939 11.7034 12.7598 
28.85 -4.68498 -0.741706 -1.70582 11.5575 12.6089 
28.9 -4.61566 -0.696958 -1.7076 11.3317 12.3739 
28.95 -4.59502 -0.699167 -1.70027 11.4145 12.4413 
29 -4.4356 -0.654379 -1.63886 10.9884 11.9805 
29.05 -4.41454 -0.665275 -1.62579 10.83 11.8263 
29.1 -4.53735 -0.720146 -1.66155 11.3514 12.3581 
29.15 -4.5217 -0.685172 -1.66621 11.3327 12.3337 
29.2 -4.5462 -0.711024 -1.6919 11.385 12.3958 
29.25 -4.33668 -0.637061 -1.6052 10.8935 11.8515 
29.3 -4.3378 -0.641537 -1.6338 10.878 11.8418 
29.35 -4.37851 -0.66067 -1.63421 10.9275 11.9033 
29.4 -4.31753 -0.626514 -1.60451 10.7553 11.7168 
29.45 -4.39314 -0.673375 -1.64609 10.875 11.8629 
29.5 -4.37058 -0.644596 -1.63615 11.0215 11.9862 
29.55 -4.35502 -0.652092 -1.6282 10.8212 11.7958 
29.6 -4.3991 -0.67216 -1.65469 11.0013 11.982 
29.65 -4.39173 -0.672985 -1.65117 10.9946 11.9728 
29.7 -4.3488 -0.630145 -1.62918 10.9171 11.8806 
29.75 -4.37494 -0.648874 -1.64866 10.8514 11.8335 
29.8 -4.277 -0.601968 -1.61 10.7398 11.6872 
29.85 -4.304 -0.632074 -1.61508 10.734 11.694 
29.9 -4.40393 -0.665431 -1.63188 11.1853 12.1495 
29.95 -4.50609 -0.716116 -1.66426 11.2031 12.2105 
30 -4.52785 -0.705714 -1.70542 11.5321 12.5259 
30.05 -4.43741 -0.691004 -1.65884 11.2384 12.2156 
30.1 -4.37498 -0.667616 -1.6501 10.9782 11.9512 
30.15 -4.36903 -0.642019 -1.6333 10.9994 11.9648 
30.2 -4.54136 -0.707012 -1.7157 11.6045 12.5988 
30.25 -4.46697 -0.695119 -1.66163 11.4382 12.4109 
30.3 -4.43135 -0.680129 -1.63425 11.3942 12.3531 
30.35 -4.48443 -0.696478 -1.68197 11.4768 12.4556 
30.4 -4.45061 -0.681548 -1.64375 11.2402 12.2195 
30.45 -4.53171 -0.724178 -1.68151 11.4516 12.451 
30.5 -4.64221 -0.755247 -1.73921 11.8716 12.8872 
30.55 -4.52415 -0.711109 -1.68955 11.4773 12.4722 
30.6 -4.40094 -0.668363 -1.63529 11.3787 12.3274 
30.65 -4.39979 -0.685163 -1.64971 11.1071 12.0796 
30.7 -4.51445 -0.718511 -1.67078 11.7304 12.7001 
30.75 -4.74506 -0.823957 -1.76007 11.9531 13.0065 
30.8 -4.50086 -0.697072 -1.65523 11.5573 12.5322 
30.85 -4.4749 -0.707988 -1.69656 11.4685 12.4471 
30.9 -4.42459 -0.702734 -1.6551 11.4081 12.3675 
30.95 -4.4506 -0.693547 -1.65518 11.2066 12.1908 
