0 0 0 0 0 
0.05 -0.165991 -0.0574234 -0.057045 0.382394 
0.1 -0.0897831 -0.0110919 -0.0131009 0.0982303 
0.15 -0.221265 -0.0583063 -0.0717126 0.531888 
0.2 -0.199752 -0.0326247 -0.036793 0.620745 
0.25 -0.0868824 -0.00421427 -0.0054989 0.175242 
0.3 -0.0681918 0.0027 -0.0140401 0.00943253 
0.35 0.0715772 0.0688652 0.0393877 -0.331617 
0.4 -0.0785584 0.00662855 -0.0168744 0.0829925 
0.45 -0.198576 -0.0360167 -0.040586 0.495663 
0.5 -0.152776 -0.00456565 -0.0264877 0.245096 
0.55 -0.0515777 0.0343482 -0.0179182 0.0526272 
0.6 0.0792885 0.0841165 0.0388275 -0.387589 
0.65 0.0839018 0.0844589 0.0339381 -0.537097 
0.7 0.0137325 0.0556202 0.0106211 -0.315991 
0.75 0.0620304 0.0795603 0.0475484 -0.39274 
0.8 -0.0159173 0.0531025 0.00909589 -0.0828097 
0.85 -0.00365386 0.0579934 0.0135978 -0.0509888 
0.9 0.0368519 0.0591243 0.0299363 -0.160436 
0.95 -0.0263847 0.0398331 0.00924108 -0.0920185 
1 -0.0770907 0.0116126 -0.0217319 -0.0536479 
1.05 0.0296303 0.0631195 0.00596198 -0.294401 
1.1 0.130045 0.0923141 0.0603137 -0.288901 
1.15 -0.0166348 0.0158201 0.0166629 -0.0172714 
1.2 -0.167167 -0.0411069 -0.0225803 0.253254 
1.25 -0.18029 -0.037713 -0.038021 0.450418 
1.3 -0.0788508 -0.0070999 -0.005073 0.25929 
1.35 0.0312761 0.0477853 0.025108 0.085301 
1.4 -0.0139514 0.0256744 0.00936072 0.0917641 
1.45 -0.0564555 -0.00496504 0.00822628 0.178492 
1.5 -0.0694685 -0.0175774 0.0204176 0.180951 
1.55 -0.109835 -0.0394172 -0.0194198 0.278941 
1.6 -0.0294042 0.0029453 0.00592632 0.0318406 
1.65 0.0473034 0.0356454 0.0374433 0.000689613 
1.7 -0.024467 0.00150901 0.0141485 0.0742203 
1.75 -0.136584 -0.0294951 -0.0119466 0.369888 
1.8 -0.107283 -0.0196557 -0.0193642 0.262355 
1.85 0.107303 0.0669746 0.0457152 -0.121027 
1.9 0.051239 0.0328014 0.0372874 -0.0532672 
1.95 -0.114015 -0.0324667 -0.0081007 0.378461 
2 -0.158612 -0.0434583 -0.00256895 0.500127 
2.05 -0.19511 -0.0620544 -0.0380199 0.545701 
2.1 -0.00974813 0.00991823 0.0116 0.130197 
2.15 0.139407 0.0710089 0.0708743 -0.030539 
2.2 -0.00889561 -0.00491268 0.00685545 0.111251 
2.25 0.00122061 0.00191799 0.0293586 0.111594 
2.3 -0.00917077 0.000776578 0.0257934 0.0604336 
2.35 -0.00592077 -5.95181e-05 0.0112814 0.168134 
2.4 0.0504691 0.0185759 0.0444516 -0.0352304 
2.45 0.0244246 0.0135118 0.0243981 0.0895432 
2.5 0.0359328 0.0122191 0.0250707 0.0111688 
2.55 -0.0872797 -0.0296845 -0.0173036 0.243446 
2.6 0.0374846 0.0283054 0.0323369 0.0147246 
2.65 0.168365 0.0777765 0.0655051 -0.419841 
2.7 0.136846 0.0436541 0.052702 -0.349801 
2.75 0.0270011 0.0117583 0.0287379 -0.0273929 
2.8 -0.0959308 -0.034598 -0.00343445 0.275424 
2.85 -0.15342 -0.0589983 -0.0337593 0.448783 
2.9 -0.0327413 -0.0115038 0.0018011 0.175383 
2.95 0.0846534 0.0383703 0.0382939 -0.0850869 
3 0.0670958 0.0251897 0.0335679 -0.0711082 
3.05 0.0177073 0.00356321 0.0241314 0.0182263 
3.1 -0.0425745 -0.0304475 0.00424471 0.222479 
3.15 0.0379385 0.0222874 0.0302105 0.104317 
3.2 0.0258507 0.0086574 0.0232045 0.02468 
3.25 0.0440757 0.0130713 0.0403813 -0.0314967 
3.3 0.0460508 0.0186105 0.0332794 -0.000319016 
3.35 0.0626655 0.0302052 0.0199905 -0.120125 
3.4 -0.00472492 -0.00484017 0.0132016 0.0897667 
3.45 0.0950666 0.0505103 0.0460947 -0.191784 
3.5 0.21864 0.087505 0.0888525 -0.492672 
3.55 0.219918 0.0873402 0.0969851 -0.466685 
3.6 0.0498314 0.0204878 0.0440481 -0.0807771 
3.65 -0.050962 -0.0196747 0.0154106 0.226054 
3.7 -0.066053 -0.0245589 -0.00478457 0.271328 
3.75 0.0341039 0.00594519 0.0232309 -0.0181071 
3.8 0.101144 0.0273169 0.0419777 -0.196738 
3.85 0.111128 0.0411426 0.0576107 -0.237107 
3.9 0.0129583 -0.00644644 0.023883 0.0160573 
3.95 0.0325939 0.0149221 0.03379 0.136745 
4 0.0159446 -0.00413077 0.0185549 0.0748381 
4.05 -0.00791948 -0.0126805 0.0177004 0.144327 
4.1 0.0191521 0.00632833 0.0299682 0.0923075 
4.15 -0.0177171 -0.0116791 0.0163234 0.170155 
4.2 -0.0332046 -0.0229127 0.0125084 0.323564 
4.25 -0.178927 -0.0727081 -0.0412907 0.547529 
4.3 -0.1489 -0.058055 -0.0512698 0.356961 
4.35 0.136944 0.0525103 0.0682803 -0.198764 
4.4 0.163102 0.0595406 0.0814184 -0.345247 
4.45 0.0186783 0.0163769 0.0332455 -0.0189175 
4.5 -0.104455 -0.0272421 -0.019766 0.295428 
4.55 -0.154753 -0.0423483 -0.0417674 0.43797 
4.6 -0.0646615 -0.00619479 -0.0186467 0.235588 
4.65 0.0456527 0.0424418 0.0303739 0.0853782 
4.7 0.120619 0.0787983 0.0546372 -0.367347 
4.75 0.156334 0.0870423 0.0726893 -0.601049 
4.8 0.129105 0.0690937 0.0499362 -0.393348 
4.85 0.107826 0.0652052 0.0600127 -0.369672 
4.9 0.0160476 0.0388013 0.0164172 -0.0777136 
4.95 -0.00134073 0.0427063 0.0134203 0.111154 
5 -0.000425606 0.0402332 0.00709508 0.0167676 
5.05 0.0135801 0.035299 0.0284489 -0.0645944 
5.1 0.120049 0.0885758 0.0913326 -0.27635 
5.15 0.958881 0.434696 0.364853 -2.39787 
5.2 2.11123 0.80497 0.65903 -5.01241 
5.25 2.5089 0.848841 0.813485 -6.08254 
5.3 2.95738 0.947623 0.955154 -6.67832 
5.35 3.99531 1.29214 1.28168 -9.27833 
5.4 3.82941 1.17845 1.1778 -8.42301 
5.45 4.61535 1.57767 1.39121 -10.139 
5.5 4.75784 1.62968 1.36411 -10.3358 
5.55 5.01005 1.70033 1.4061 -10.9612 
5.6 4.90867 1.61241 1.31761 -10.6639 
5.65 5.61541 1.93761 1.58288 -12.1712 
5.7 4.65308 1.48707 1.1175 -9.99077 
5.75 5.63607 1.89444 1.53659 -12.4329 
5.8 5.2597 1.7138 1.34547 -11.3694 
5.85 6.54104 2.26369 1.80189 -14.526 
5.9 6.44489 2.19327 1.63686 -14.4444 
5.95 6.11038 2.00045 1.41241 -13.3663 
6 4.87117 1.43766 0.837649 -10.6996 
6.05 5.1766 1.58822 0.88692 -11.4697 
6.1 4.5896 1.32141 0.65398 -10.0246 
6.15 5.24553 1.56518 0.862193 -12.153 
6.2 4.03893 0.973778 0.387296 -9.41866 
6.25 4.33882 1.10768 0.471143 -10.3726 
6.3 4.19484 1.03196 0.370179 -10.1427 
6.35 3.41633 0.70891 0.0445275 -8.32257 
6.4 4.01505 0.972855 0.235479 -9.97554 
6.45 2.97644 0.500507 -0.247408 -7.74657 
6.5 2.56052 0.359511 -0.469517 -6.77899 
6.55 2.40181 0.290389 -0.583907 -6.77059 
6.6 1.82225 0.031319 -0.829948 -5.32561 
6.65 1.70255 -0.0202738 -0.879136 -5.26885 
6.7 0.945618 -0.365222 -1.23525 -3.76244 
6.75 0.747299 -0.411172 -1.40475 -3.72333 
6.8 0.32366 -0.565748 -1.59433 -2.43261 
6.85 0.114702 -0.736125 -1.64288 -2.34923 
6.9 -0.49977 -0.991962 -1.89712 -0.815617 
6.95 -0.41683 -0.944683 -1.88725 -1.24924 
7 -0.859746 -1.15078 -2.09446 -0.323786 
7.05 -1.29262 -1.33577 -2.2694 0.645096 
7.1 -1.28333 -1.36232 -2.27117 0.426067 
7.15 -1.71599 -1.58641 -2.4308 1.30225 
7.2 -2.48036 -1.94668 -2.70487 3.20319 
7.25 -2.19117 -1.87682 -2.56144 1.98104 
7.3 -2.516 -2.0136 -2.71488 2.80321 
7.35 -2.67311 -2.10522 -2.77819 2.98827 
7.4 -3.53779 -2.48442 -3.17103 4.89169 
7.45 -3.71723 -2.50498 -3.29328 5.35567 
7.5 -3.7795 -2.49887 -3.32471 5.65932 
7.55 -4.02603 -2.66663 -3.42467 5.74015 
7.6 -4.52181 -2.81041 -3.68143 6.89383 
7.65 -4.70049 -2.9123 -3.77114 7.24981 
7.7 -4.67008 -2.95384 -3.7182 7.09257 
7.75 -5.36956 -3.27682 -3.98225 8.65174 
7.8 -5.58354 -3.33836 -4.13765 8.93196 
7.85 -5.79561 -3.40078 -4.22341 9.42648 
7.9 -6.04462 -3.51358 -4.3122 10.1439 
7.95 -6.14151 -3.60033 -4.33875 10.1741 
8 -6.73607 -3.88255 -4.64314 11.227 
8.05 -6.70353 -3.85657 -4.59414 11.2262 
8.1 -7.60112 -4.31536 -4.945 13.3154 
8.15 -7.20542 -4.16582 -4.74741 12.1247 
8.2 -7.6589 -4.36625 -4.92029 13.2469 
8.25 -7.5342 -4.32719 -4.89047 12.5933 
8.3 -8.18901 -4.58548 -5.20859 14.2345 
8.35 -8.22182 -4.58268 -5.30915 13.6244 
8.4 -8.81257 -4.78876 -5.55277 15.45 
8.45 -8.63883 -4.70739 -5.50951 14.8975 
8.5 -9.30462 -5.04051 -5.76931 16.4522 
8.55 -9.17297 -4.94691 -5.77498 15.7686 
8.6 -9.67387 -5.10022 -6.01211 17.1904 
8.65 -9.57453 -5.08288 -5.96111 16.7 
8.7 -9.94268 -5.29589 -6.10304 17.3891 
8.75 -10.3011 -5.45347 -6.2472 18.3194 
8.8 -10.5017 -5.5212 -6.37268 18.6758 
8.85 -10.4208 -5.50213 -6.32118 18.3556 
8.9 -10.9006 -5.76615 -6.47314 19.6393 
8.95 -10.7665 -5.74686 -6.39682 19.0119 
9 -11.4175 -6.0535 -6.67996 20.6374 
9.05 -11.3585 -6.05593 -6.65961 20.2256 
9.1 -11.6164 -6.11506 -6.80025 20.6389 
9.15 -11.7361 -6.14048 -6.91074 20.9168 
9.2 -12.0854 -6.24714 -7.12141 21.5676 
9.25 -12.2446 -6.32908 -7.18548 21.9323 
9.3 -12.5042 -6.43265 -7.29563 22.6279 
9.35 -12.8394 -6.5517 -7.51013 23.1798 
9.4 -13.1846 -6.69041 -7.664 24.2594 
9.45 -13.245 -6.75229 -7.67342 24.216 
9.5 -13.1681 -6.75041 -7.61717 23.8756 
9.55 -13.1392 -6.73627 -7.61582 23.7003 
9.6 -13.8084 -7.04855 -7.90734 25.1649 
9.65 -14.1406 -7.17827 -8.08734 25.9593 
9.7 -14.0989 -7.19326 -8.01685 25.8573 
9.75 -14.2667 -7.33135 -8.03857 26.431 
9.8 -14.6477 -7.55695 -8.16097 27.2508 
9.85 -14.56 -7.50156 -8.16372 26.8494 
9.9 -14.8436 -7.67499 -8.27306 27.4813 
9.95 -15.1092 -7.80759 -8.37784 28.0884 
10 -15.2596 -7.85155 -8.45365 28.3849 
10.05 -15.6141 -8.02669 -8.65378 29.0045 
10.1 -15.6034 -8.01942 -8.64582 28.9291 
10.15 -15.991 -8.19756 -8.83537 29.8716 
10.2 -16.214 -8.2532 -8.92875 30.5484 
10.25 -16.355 -8.30758 -9.04741 30.4601 
10.3 -16.3737 -8.33137 -9.03151 30.7757 
10.35 -16.6897 -8.48004 -9.18945 31.4995 
10.4 -16.7893 -8.56742 -9.24632 31.3513 
10.45 -17.0101 -8.68166 -9.30238 32.1617 
10.5 -17.2575 -8.84117 -9.42048 32.2766 
10.55 -17.5844 -8.99744 -9.51478 33.445 
10.6 -17.3303 -8.94745 -9.39199 32.5285 
10.65 -18.0142 -9.30481 -9.64404 34.3006 
10.7 -17.6553 -9.01292 -9.61149 33.0578 
10.75 -18.5401 -9.46187 -9.99574 34.93 
10.8 -17.8466 -9.10378 -9.76113 33.051 
10.85 -18.8807 -9.59443 -10.2248 35.5789 
10.9 -18.5721 -9.45707 -10.0864 34.8449 
10.95 -19.1393 -9.70456 -10.3635 36.0902 
11 -18.8015 -9.49202 -10.2253 35.4522 
11.05 -19.4795 -9.82485 -10.5473 36.6841 
11.1 -19.2716 -9.75396 -10.4383 36.2397 
11.15 -19.517 -9.92581 -10.4919 37.0111 
11.2 -19.7095 -10.0405 -10.6119 37.0196 
11.25 -20.0505 -10.1935 -10.781 37.9282 
11.3 -20.0452 -10.2409 -10.7535 37.9509 
11.35 -20.2247 -10.3852 -10.7856 38.3628 
11.4 -20.4431 -10.4748 -10.9103 38.4993 
11.45 -20.5291 -10.5142 -10.9489 38.7279 
11.5 -20.7528 -10.6218 -11.0517 39.134 
11.55 -21.1696 -10.7975 -11.2942 39.8311 
11.6 -21.1313 -10.7737 -11.3038 39.6791 
11.65 -21.3188 -10.865 -11.3995 40.1708 
11.7 -21.658 -11.016 -11.5706 40.9124 
11.75 -21.9725 -11.1139 -11.7298 41.5536 
11.8 -21.7286 -11.0071 -11.6548 40.8055 
11.85 -22.1768 -11.2726 -11.8015 41.6947 
11.9 -22.1298 -11.2867 -11.7746 41.5827 
11.95 -22.5307 -11.499 -11.9552 42.3425 
12 -22.6925 -11.5796 -12.0427 42.7764 
12.05 -23.2 -11.8594 -12.2226 43.9174 
12.1 -22.8635 -11.7435 -12.0228 43.2395 
12.15 -23.0825 -11.8208 -12.1554 43.2548 
12.2 -23.2093 -11.8759 -12.2294 43.6502 
12.25 -23.7017 -12.1048 -12.5182 44.5258 
12.3 -23.7287 -12.111 -12.5786 44.4172 
12.35 -23.8397 -12.1628 -12.6192 44.7971 
12.4 -24.2752 -12.379 -12.7944 45.881 
12.45 -24.2404 -12.3279 -12.8451 45.5788 
12.5 -24.4927 -12.4497 -12.9851 46.0781 
12.55 -24.6506 -12.5434 -13.0982 46.1146 
12.6 -24.793 -12.65 -13.1831 46.2843 
12.65 -24.8896 -12.7016 -13.173 46.7017 
12.7 -25.2714 -12.9097 -13.3418 47.3859 
12.75 -25.429 -13.0099 -13.3916 47.6284 
12.8 -25.6062 -13.1179 -13.4434 48.1567 
12.85 -25.7986 -13.2164 -13.5347 48.4649 
12.9 -26.0196 -13.3287 -13.6538 48.7606 
12.95 -26.2051 -13.3926 -13.7838 48.9781 
13 -26.5736 -13.556 -14.0039 49.6752 
13.05 -26.5852 -13.5532 -14.0063 49.4394 
13.1 -26.7331 -13.6065 -14.0797 49.9828 
13.15 -27.0051 -13.7062 -14.2494 50.6289 
13.2 -27.1209 -13.7523 -14.3327 50.9111 
13.25 -27.1234 -13.776 -14.3134 50.8099 
13.3 -27.4874 -13.9774 -14.4333 51.8332 
13.35 -27.3989 -13.9819 -14.3664 51.6402 
13.4 -27.754 -14.183 -14.5212 52.4155 
13.45 -28.2775 -14.4383 -14.7805 53.2764 
13.5 -28.0584 -14.3214 -14.6548 52.9761 
13.55 -28.398 -14.5132 -14.7946 53.4929 
13.6 -28.1466 -14.3754 -14.6987 52.9539 
13.65 -28.8338 -14.7262 -15.0609 54.3084 
13.7 -29.0154 -14.78 -15.1874 54.7291 
13.75 -29.1558 -14.8389 -15.2383 55.1203 
13.8 -29.4548 -14.9505 -15.4081 55.7762 
13.85 -29.4682 -14.9562 -15.4188 55.6796 
13.9 -29.5411 -14.9693 -15.4633 55.8594 
13.95 -29.4807 -14.9528 -15.4214 55.9017 
14 -29.8891 -15.2257 -15.6004 56.7129 
14.05 -30.1991 -15.3783 -15.7392 57.6596 
14.1 -30.2069 -15.4263 -15.7317 57.3426 
14.15 -30.5256 -15.5899 -15.856 58.0804 
14.2 -30.5144 -15.5987 -15.8571 57.9045 
14.25 -30.8621 -15.7823 -16.0164 58.5331 
14.3 -31.3424 -15.9759 -16.3405 59.3511 
14.35 -31.2594 -15.9386 -16.3093 59.4457 
14.4 -31.6725 -16.108 -16.5176 60.1839 
14.45 -31.6577 -16.0683 -16.5152 60.035 
14.5 -31.7154 -16.0358 -16.639 60.303 
14.55 -32.1843 -16.2671 -16.8652 61.1321 
14.6 -31.9018 -16.1616 -16.6959 60.8163 
14.65 -32.1721 -16.3751 -16.7983 61.4558 
14.7 -32.4528 -16.5229 -16.8942 62.4489 
14.75 -32.7766 -16.7741 -17.0184 62.7068 
14.8 -32.6927 -16.7493 -16.9788 62.5518 
14.85 -33.4135 -17.0986 -17.3276 63.8837 
14.9 -33.0168 -16.9114 -17.171 62.8327 
14.95 -33.8515 -17.3403 -17.5964 64.286 
15 -33.7735 -17.2164 -17.6273 64.4124 
15.05 -34.1235 -17.3418 -17.7687 65.5174 
15.1 -34.4383 -17.4221 -17.8703 66.2404 
15.15 -33.8413 -17.0475 -17.5126 65.0219 
15.2 -34.2093 -17.2576 -17.7354 65.8114 
15.25 -34.3238 -17.2947 -17.7539 65.8889 
15.3 -33.9649 -17.1051 -17.5271 65.3446 
15.35 -34.4019 -17.3305 -17.7137 66.2083 
15.4 -34.0938 -17.123 -17.5485 65.6488 
15.45 -34.2488 -17.217 -17.658 65.9386 
15.5 -34.3745 -17.2677 -17.7206 66.1677 
15.55 -34.2628 -17.189 -17.6473 65.8561 
15.6 -34.3344 -17.2339 -17.6793 66.2087 
15.65 -34.2642 -17.192 -17.6024 66.1146 
15.7 -34.3831 -17.2533 -17.6601 66.321 
15.75 -34.4965 -17.298 -17.7151 66.4445 
15.8 -34.299 -17.2103 -17.6338 66.0975 
15.85 -34.3822 -17.2613 -17.7121 66.0597 
15.9 -34.2447 -17.1642 -17.6369 65.93 
15.95 -34.421 -17.2518 -17.7143 66.3239 
16 -34.4159 -17.2259 -17.7134 66.3174 
16.05 -34.4194 -17.2402 -17.7183 66.2694 
16.1 -34.4278 -17.2412 -17.7446 66.2423 
16.15 -34.4397 -17.2592 -17.7449 66.0662 
16.2 -34.4935 -17.2573 -17.7933 66.2106 
16.25 -34.4989 -17.2469 -17.8087 66.2255 
16.3 -34.494 -17.2184 -17.8261 66.2484 
16.35 -34.5221 -17.2207 -17.8456 66.3321 
16.4 -34.5262 -17.1967 -17.8559 66.3682 
16.45 -34.5889 -17.2272 -17.8956 66.4145 
16.5 -34.5857 -17.2163 -17.9001 66.3931 
16.55 -34.6501 -17.2629 -17.9258 66.3016 
16.6 -34.7429 -17.2835 -17.9965 66.3134 
16.65 -34.7631 -17.2886 -18.0069 66.338 
16.7 -34.8403 -17.3223 -18.0853 66.3844 
16.75 -34.7085 -17.2694 -18.0206 66.067 
16.8 -34.6983 -17.2636 -18.0088 66.1982 
16.85 -34.6519 -17.2193 -17.95 66.3282 
16.9 -34.6431 -17.2058 -17.9224 66.5125 
16.95 -34.5586 -17.1749 -17.8752 66.4084 
17 -34.5755 -17.2008 -17.8975 66.4437 
17.05 -34.5364 -17.1831 -17.8852 66.3611 
17.1 -34.5159 -17.1538 -17.8713 66.449 
17.15 -34.5806 -17.2077 -17.8615 66.4835 
17.2 -34.5296 -17.1776 -17.8481 66.5469 
17.25 -34.4837 -17.1601 -17.8264 66.4649 
17.3 -34.5501 -17.1997 -17.8541 66.4983 
17.35 -34.5614 -17.2182 -17.8257 66.5515 
17.4 -34.5171 -17.1627 -17.8041 66.5766 
17.45 -34.4361 -17.1006 -17.7716 66.6832 
17.5 -34.5327 -17.1666 -17.822 66.7392 
17.55 -34.4814 -17.0886 -17.8166 66.6931 
17.6 -34.4451 -17.0631 -17.8463 66.7045 
17.65 -34.4879 -17.133 -17.8774 66.4974 
17.7 -34.4641 -17.1468 -17.8446 66.5011 
17.75 -34.4745 -17.1589 -17.8277 66.64 
17.8 -34.4984 -17.1542 -17.814 66.7688 
17.85 -34.4593 -17.1209 -17.7988 66.761 
17.9 -34.3794 -17.0658 -17.781 66.7333 
17.95 -34.3765 -17.0811 -17.7904 66.5361 
18 -34.3703 -17.069 -17.7884 66.7088 
18.05 -34.365 -17.0806 -17.7432 66.6301 
18.1 -34.3096 -17.0571 -17.7041 66.7024 
18.15 -34.5085 -17.1699 -17.8176 66.8566 
18.2 -34.4213 -17.1007 -17.7556 66.7428 
18.25 -34.3573 -17.067 -17.699 66.6092 
18.3 -34.3906 -17.0272 -17.649 67.3263 
18.35 -35.0936 -17.2182 -17.7793 68.9411 
18.4 -34.8102 -16.8717 -17.3593 68.6464 
18.45 -34.8749 -16.7594 -17.1853 68.9309 
18.5 -34.6901 -16.5141 -16.9035 68.7141 
18.55 -34.5439 -16.3636 -16.7246 68.548 
18.6 -34.6268 -16.3361 -16.6129 69.1623 
18.65 -34.7874 -16.3529 -16.615 69.5435 
18.7 -34.4278 -16.0568 -16.3913 68.8831 
18.75 -34.4295 -15.9369 -16.3982 68.8279 
18.8 -34.5094 -15.8678 -16.4532 68.8802 
18.85 -34.4511 -15.769 -16.441 69.005 
18.9 -34.0013 -15.485 -16.2306 68.2024 
18.95 -34.0251 -15.5177 -16.1402 68.4073 
19 -33.8728 -15.4796 -15.9647 68.6393 
19.05 -33.6906 -15.4155 -15.7938 68.1034 
19.1 -33.3688 -15.2357 -15.631 67.2702 
19.15 -33.3911 -15.2375 -15.601 67.4408 
19.2 -33.4134 -15.2431 -15.5949 67.616 
19.25 -33.07 -15.0412 -15.4069 67.1041 
19.3 -33.0647 -14.9821 -15.4484 66.9192 
19.35 -32.4405 -14.587 -15.2291 65.5627 
19.4 -32.6222 -14.613 -15.3722 65.8514 
19.45 -32.7606 -14.6696 -15.4512 66.1637 
19.5 -32.4305 -14.5213 -15.2332 65.682 
19.55 -32.3979 -14.5523 -15.1524 65.8035 
19.6 -32.0018 -14.3631 -14.9357 65.1068 
19.65 -31.8688 -14.2651 -14.8794 64.8688 
19.7 -31.6089 -14.096 -14.7629 64.3319 
19.75 -31.3804 -13.9794 -14.6188 64.2252 
19.8 -31.3234 -13.9951 -14.6137 63.9047 
19.85 -31.5201 -14.072 -14.6636 64.4318 
19.9 -30.9754 -13.79 -14.4889 62.8193 
19.95 -31.1226 -13.8184 -14.6154 62.6307 
20 -31.0295 -13.6948 -14.6105 62.3641 
20.05 -30.9589 -13.624 -14.5706 62.6937 
20.1 -30.6178 -13.4344 -14.4343 62.0731 
20.15 -30.6812 -13.4991 -14.4322 62.2523 
20.2 -30.227 -13.2756 -14.2041 61.4794 
20.25 -30.2102 -13.3035 -14.1556 61.2906 
20.3 -30.1343 -13.2955 -14.1166 61.0122 
20.35 -29.9525 -13.1971 -13.9927 60.877 
20.4 -29.6342 -13.006 -13.832 60.5686 
20.45 -29.4009 -12.8744 -13.778 60.0589 
20.5 -29.5293 -12.8954 -13.8431 60.5437 
20.55 -29.0784 -12.6405 -13.7116 59.3391 
20.6 -28.9859 -12.5454 -13.6267 59.3892 
20.65 -28.8393 -12.4619 -13.664 58.6519 
20.7 -29.1472 -12.5889 -13.779 59.4224 
20.75 -28.6227 -12.357 -13.4861 58.7978 
20.8 -28.4183 -12.2576 -13.3626 58.6807 
20.85 -28.0127 -12.0142 -13.2535 57.8883 
20.9 -28.4051 -12.1667 -13.4258 59.1493 
20.95 -27.9413 -11.9193 -13.1931 58.4238 
21 -27.5886 -11.7588 -13.0487 57.7917 
21.05 -27.5697 -11.781 -13.0508 57.3107 
21.1 -27.571 -11.8442 -13.0021 57.0244 
21.15 -27.5984 -11.9055 -12.9786 56.8558 
21.2 -27.3757 -11.8296 -12.8255 56.0193 
21.25 -27.372 -11.7878 -12.8265 56.1896 
21.3 -27.1551 -11.578 -12.8229 55.724 
21.35 -26.7808 -11.2828 -12.7616 55.2011 
21.4 -26.827 -11.2707 -12.8289 55.4706 
21.45 -26.6605 -11.2481 -12.6848 55.766 
21.5 -26.482 -11.2056 -12.5515 55.2099 
21.55 -26.1805 -11.0412 -12.4035 54.4611 
21.6 -26.2712 -11.1128 -12.4195 54.8435 
21.65 -26.2004 -11.0662 -12.4325 54.4897 
21.7 -25.8502 -10.9105 -12.2415 54.0445 
21.75 -25.6464 -10.8071 -12.1319 53.8754 
21.8 -25.711 -10.8415 -12.1554 53.8838 
21.85 -25.3992 -10.6479 -12.0563 53.046 
21.9 -25.3602 -10.6077 -12.0221 53.3583 
21.95 -25.0629 -10.4124 -11.9683 52.436 
22 -24.7821 -10.221 -11.8521 51.9584 
22.05 -24.7807 -10.2289 -11.847 51.8727 
22.1 -24.8029 -10.2135 -11.8496 52.2019 
22.15 -24.6045 -10.1603 -11.7785 51.6047 
22.2 -24.2457 -9.98981 -11.6282 50.8172 
22.25 -24.0371 -9.85828 -11.5388 50.4608 
22.3 -24.1917 -9.95987 -11.5949 50.5427 
22.35 -24.1969 -9.97108 -11.5399 50.9938 
22.4 -24.0898 -9.96007 -11.4756 50.6709 
22.45 -23.7707 -9.78482 -11.3087 50.2482 
22.5 -23.2196 -9.47754 -11.1136 48.9306 
22.55 -23.4635 -9.61916 -11.2182 49.7875 
22.6 -23.1645 -9.46011 -11.0346 49.2851 
22.65 -23.2903 -9.52919 -11.1111 49.3853 
22.7 -22.9843 -9.34174 -10.9756 48.9073 
22.75 -22.6666 -9.18061 -10.8935 47.9183 
22.8 -22.7965 -9.21225 -10.981 48.0291 
22.85 -22.5912 -9.05899 -10.9161 47.7952 
22.9 -22.6558 -9.11599 -10.8856 48.2579 
22.95 -22.2944 -8.97821 -10.7417 47.4834 
23 -22.1321 -8.94482 -10.6033 47.0576 
23.05 -21.9657 -8.87547 -10.563 46.429 
23.1 -22.2402 -8.95545 -10.6538 47.5074 
23.15 -21.7585 -8.7306 -10.4484 46.4749 
23.2 -21.877 -8.82145 -10.4425 46.8947 
23.25 -21.0587 -8.40682 -10.2059 44.7262 
23.3 -21.1465 -8.42932 -10.2532 44.9068 
23.35 -21.2499 -8.50181 -10.3183 45.0466 
23.4 -21.2142 -8.46329 -10.2411 45.5113 
23.45 -20.9028 -8.31245 -10.1127 44.9008 
23.5 -20.6897 -8.19308 -10.0346 44.0754 
23.55 -20.5668 -8.06452 -10.1018 43.5335 
23.6 -20.3211 -7.92961 -9.99151 42.8953 
23.65 -20.4326 -7.97746 -10.0396 43.2393 
23.7 -20.218 -7.84244 -9.9526 43.0566 
23.75 -20.0359 -7.74748 -9.85284 42.8288 
23.8 -20.0117 -7.72251 -9.89893 42.4582 
23.85 -19.4238 -7.44487 -9.62498 41.3484 
23.9 -19.6746 -7.6123 -9.68711 42.144 
23.95 -19.5881 -7.56823 -9.62546 41.9759 
24 -19.3629 -7.46712 -9.55147 41.0505 
24.05 -19.3622 -7.45727 -9.53942 41.4299 
24.1 -18.9151 -7.23697 -9.34429 40.5566 
24.15 -18.7203 -7.17211 -9.25404 40.1203 
24.2 -18.8605 -7.24594 -9.25294 40.6136 
24.25 -18.8164 -7.20562 -9.26258 40.3652 
24.3 -18.6307 -7.09868 -9.14868 40.2622 
24.35 -18.4631 -7.02588 -9.07891 39.6227 
24.4 -18.26 -6.89379 -9.03111 39.0857 
24.45 -17.8866 -6.64051 -8.9517 38.2017 
24.5 -17.946 -6.63457 -8.97756 38.658 
24.55 -17.6855 -6.61714 -8.7402 38.3647 
24.6 -17.782 -6.6615 -8.77262 38.7503 
24.65 -17.3983 -6.46993 -8.61715 37.9439 
24.7 -17.5236 -6.55692 -8.64123 37.908 
24.75 -17.1917 -6.38947 -8.49839 37.4625 
24.8 -17.4386 -6.52794 -8.567 38.0537 
24.85 -17.0143 -6.29415 -8.3672 37.5453 
24.9 -16.7603 -6.17437 -8.25469 36.745 
24.95 -16.6165 -6.14179 -8.16367 36.5865 
25 -16.5072 -6.10709 -8.07016 36.4591 
25.05 -16.3032 -6.00896 -8.02306 35.6339 
25.1 -16.3888 -6.0058 -8.0356 36.295 
25.15 -16.1949 -5.91186 -7.9717 35.7022 
25.2 -16.125 -5.88505 -7.90218 35.8326 
25.25 -15.8607 -5.74934 -7.81559 35.0642 
25.3 -15.7407 -5.68222 -7.75738 34.5649 
25.35 -15.3966 -5.45004 -7.64388 33.9998 
25.4 -15.4871 -5.46277 -7.72955 33.9799 
25.45 -15.3937 -5.38632 -7.66102 34.246 
25.5 -15.3415 -5.46158 -7.54215 34.1623 
25.55 -15.0372 -5.30801 -7.40201 33.5658 
25.6 -15.171 -5.3273 -7.44276 34.279 
25.65 -14.7773 -5.15197 -7.27487 33.5654 
25.7 -14.6526 -5.12354 -7.17766 32.8225 
25.75 -14.492 -5.08858 -7.0807 32.3681 
25.8 -14.4296 -5.09994 -6.94114 32.3096 
25.85 -14.5114 -5.11493 -6.98149 33.1191 
25.9 -14.4564 -5.0303 -7.00168 33.051 
25.95 -14.0323 -4.78414 -6.87416 32.0418 
26 -13.6123 -4.56719 -6.7232 31.3107 
26.05 -14.0012 -4.77221 -6.79186 32.4023 
26.1 -13.217 -4.46721 -6.40858 29.8451 
26.15 -13.9772 -4.80155 -6.66993 32.1006 
26.2 -13.5165 -4.58864 -6.44375 30.8362 
26.25 -13.2668 -4.44572 -6.31249 30.4512 
26.3 -12.9583 -4.27275 -6.2213 29.8064 
26.35 -13.1301 -4.27 -6.32895 30.3538 
26.4 -12.9088 -4.26212 -6.14037 29.9587 
26.45 -13.0894 -4.3377 -6.14333 30.5379 
26.5 -12.5864 -4.1 -5.9305 29.2414 
26.55 -12.6095 -4.08024 -5.89309 29.6726 
26.6 -12.4307 -4.00235 -5.82067 29.0343 
26.65 -12.5863 -4.06509 -5.86296 29.6734 
26.7 -12.4165 -3.98833 -5.69517 29.4151 
26.75 -12.2231 -3.88488 -5.57973 28.7835 
26.8 -12.035 -3.79391 -5.45975 28.2847 
26.85 -11.9435 -3.70368 -5.39089 28.4085 
26.9 -11.7034 -3.57631 -5.24999 28.1624 
26.95 -11.9445 -3.68403 -5.26643 28.9956 
27 -11.8337 -3.62741 -5.14675 28.6235 
27.05 -11.3332 -3.38514 -4.94532 27.2085 
27.1 -11.687 -3.54177 -5.00253 28.6602 
27.15 -11.3547 -3.38949 -4.85175 27.4372 
27.2 -11.6866 -3.51626 -4.89055 28.7835 
27.25 -10.8962 -3.1672 -4.52712 26.5245 
27.3 -11.0684 -3.34603 -4.68179 27.2847 
27.35 -10.4722 -3.02329 -4.49019 25.5932 
27.4 -10.8996 -3.12987 -4.60552 27.401 
27.45 -10.2344 -2.824 -4.31508 25.1765 
27.5 -10.2859 -2.85009 -4.29108 25.4493 
27.55 -10.567 -2.95048 -4.31762 26.6453 
27.6 -10.248 -2.7995 -4.16478 25.4499 
27.65 -10.1579 -2.73015 -4.06664 25.5926 
27.7 -10.2087 -2.74699 -4.02991 25.7051 
27.75 -9.75245 -2.50566 -3.77422 25.0997 
27.8 -9.66035 -2.47103 -3.69272 24.685 
27.85 -10.1814 -2.68618 -3.77313 26.416 
27.9 -9.53362 -2.37542 -3.48846 24.4657 
27.95 -9.98198 -2.57067 -3.57782 26.2293 
28 -9.34451 -2.25839 -3.24515 24.9497 
28.05 -8.15977 -1.75871 -2.79111 21.1494 
28.1 -8.97849 -2.21213 -3.13096 23.4788 
28.15 -9.23181 -2.35574 -3.21684 24.2568 
28.2 -8.5645 -2.05657 -2.99605 22.1544 
28.25 -8.71595 -2.15409 -3.08652 22.7935 
28.3 -8.70948 -2.16314 -3.08286 22.9109 
28.35 -8.4001 -2.02651 -2.9815 21.908 
28.4 -8.55341 -2.10816 -3.05104 22.4294 
28.45 -8.52491 -2.1281 -3.02167 22.1326 
28.5 -8.34506 -2.04878 -2.95886 21.8138 
28.55 -8.53302 -2.13156 -3.04747 22.261 
28.6 -8.34173 -2.04818 -2.97718 21.6346 
28.65 -8.16295 -1.9818 -2.91624 21.2247 
28.7 -8.28615 -2.04383 -2.96812 21.5993 
28.75 -8.20529 -2.00932 -2.91738 21.3753 
28.8 -8.2449 -2.03072 -2.94308 21.4734 
28.85 -8.25408 -2.03871 -2.96531 21.3893 
28.9 -8.01642 -1.95508 -2.88642 20.8179 
28.95 -7.95975 -1.94884 -2.84953 20.6716 
29 -7.97081 -1.94096 -2.8563 20.6285 
29.05 -8.0287 -1.97476 -2.88403 20.877 
29.1 -7.99446 -1.97849 -2.86353 20.6256 
29.15 -7.90944 -1.95011 -2.81099 20.4656 
29.2 -7.92713 -1.96127 -2.83561 20.4466 
29.25 -7.88062 -1.92623 -2.81601 20.2672 
29.3 -7.87374 -1.93639 -2.82418 20.3108 
29.35 -7.85686 -1.93161 -2.82615 20.161 
29.4 -7.83157 -1.91413 -2.81212 20.2164 
29.45 -7.95705 -1.96834 -2.86021 20.267 
29.5 -7.7885 -1.89385 -2.80537 20.0184 
29.55 -7.68342 -1.87159 -2.76398 19.7882 
29.6 -7.75065 -1.90794 -2.77085 19.9466 
29.65 -7.7712 -1.90445 -2.76451 20.0811 
29.7 -7.93571 -1.9645 -2.84587 20.6467 
29.75 -7.89659 -1.95004 -2.82907 20.4125 
29.8 -7.78393 -1.9149 -2.79432 20.2159 
29.85 -7.7694 -1.926 -2.7959 20.0648 
29.9 -7.74279 -1.89979 -2.7814 20.0348 
29.95 -7.89415 -1.99093 -2.81792 20.2773 
30 -7.88088 -1.98625 -2.82603 20.3329 
30.05 -7.85834 -1.95723 -2.82043 20.3024 
30.1 -7.86814 -1.95356 -2.82689 20.5286 
30.15 -7.83924 -1.95225 -2.81122 20.2433 
30.2 -7.73739 -1.88344 -2.77743 20.2289 
30.25 -7.87703 -1.97085 -2.83903 20.3851 
30.3 -7.8258 -1.92814 -2.80542 20.1184 
30.35 -7.78303 -1.91598 -2.80445 20.0757 
30.4 -7.58204 -1.81032 -2.73045 19.664 
30.45 -7.61905 -1.83981 -2.74825 19.681 
30.5 -7.73677 -1.89361 -2.7771 20.0403 
30.55 -7.83429 -1.92501 -2.81367 20.1427 
30.6 -7.85647 -1.92658 -2.83596 20.5089 
30.65 -7.79997 -1.91578 -2.81318 20.3276 
30.7 -7.61728 -1.83241 -2.73332 19.8304 
30.75 -7.68341 -1.86349 -2.77723 19.8502 
30.8 -7.6948 -1.87145 -2.76767 19.8964 
30.85 -7.74499 -1.90507 -2.79431 19.9454 
30.9 -7.67619 -1.85434 -2.76159 19.8237 
30.95 -7.70502 -1.87595 -2.79195 19.7884 
