0 0 0 0 0 
0.0500161 -0.229545 -0.0712034 -0.0921635 0.660337 
0.100032 -0.277433 -0.0886618 -0.063795 0.6766 
0.150048 -0.341567 -0.112776 -0.108697 1.04536 
0.200065 -0.235088 -0.0840392 -0.0771924 0.715567 
0.250081 -0.120672 -0.0264018 -0.0504833 0.471916 
0.300097 -0.253441 -0.0818216 -0.0934644 0.727712 
0.350113 -0.236849 -0.0682167 -0.0625595 0.631849 
0.400129 -0.284268 -0.0830243 -0.0798172 0.842124 
0.450145 -0.297644 -0.0962317 -0.0984406 0.773987 
0.500161 -0.234924 -0.0732295 -0.0782671 0.726271 
0.550177 -0.313926 -0.105405 -0.115872 0.817109 
0.600194 -0.255816 -0.0625624 -0.0609693 0.572044 
0.65021 -0.282546 -0.0711851 -0.0728274 0.74534 
0.700226 -0.164237 -0.0143217 -0.0708493 0.582154 
0.750242 -0.210582 -0.0653141 -0.0880432 0.539277 
0.800258 -0.150248 -0.0353792 -0.0265623 0.464336 
0.850274 -0.274524 -0.0870914 -0.0817667 0.642592 
0.90029 -0.180863 -0.0539544 -0.0641726 0.391258 
0.950306 -0.0300643 0.00188079 -0.0170396 0.138438 
1.00032 -0.0271963 0.0109104 -0.0119706 0.202676 
1.05034 -0.135329 -0.0404811 -0.0584406 0.279328 
1.10035 -0.111564 -0.03869 -0.0291086 0.207537 
1.15037 -0.119485 -0.0453205 -0.0522535 0.216898 
1.20039 0.0404854 0.0225957 -0.00472206 -0.322532 
1.2504 0.100356 0.0519972 0.010355 -0.278191 
1.30042 0.017964 0.0243335 -0.0208686 -0.057503 
1.35044 0.0535944 0.0539586 0.0128525 -0.232946 
1.40045 0.0371435 0.0189031 -0.00219616 -0.17815 
1.45047 0.153928 0.0638864 0.0366392 -0.484308 
1.50048 0.161157 0.0606004 0.0418628 -0.518426 
1.5505 0.0418492 0.0191929 -0.000178959 -0.0413828 
1.60052 0.0473059 0.0162174 0.0019539 -0.0694918 
1.65053 0.0806829 0.0187505 0.0119919 -0.296565 
1.70055 0.0919577 0.0226693 0.0164654 -0.142556 
1.75056 0.146663 0.0468493 0.0309289 -0.344688 
1.80058 0.0521985 0.0104468 -0.00110851 -0.205002 
1.8506 0.0103393 -0.0167959 -0.00207215 0.113547 
1.90061 0.0443214 -0.00443439 0.00631232 -0.0516762 
1.95063 0.00743005 -0.0301493 -0.0147525 -0.0308942 
2.00065 -0.0793211 -0.0755064 -0.0400191 0.261512 
2.05066 -0.0712022 -0.0485038 -0.0392751 0.293393 
2.10068 -0.137312 -0.080953 -0.0603756 0.403542 
2.15069 -0.0138622 -0.0402222 -0.0120962 0.0927217 
2.20071 -0.0155341 -0.0483167 -0.0121491 0.165971 
2.25073 -0.136314 -0.0947019 -0.051439 0.545345 
2.30074 -0.233678 -0.123077 -0.0657649 0.742768 
2.35076 -0.173977 -0.0867848 -0.0662947 0.626826 
2.40077 -0.0977805 -0.0735802 -0.0397156 0.463892 
2.45079 -0.0779286 -0.0808721 -0.0397341 0.269619 
2.50081 -0.163557 -0.104451 -0.0701953 0.411168 
2.55082 -0.154068 -0.0946254 -0.0621713 0.4585 
2.60084 -0.142255 -0.0999109 -0.0470302 0.371861 
2.65085 -0.13536 -0.0987632 -0.0582984 0.446079 
2.70087 -0.123373 -0.0826549 -0.0552745 0.396129 
2.75089 -0.126634 -0.0944454 -0.0436951 0.379498 
2.8009 -0.17838 -0.112299 -0.0703454 0.479415 
2.85092 -0.0655465 -0.0625206 -0.0315757 0.202156 
2.90094 -0.0174548 -0.0537257 -0.00955247 0.181331 
2.95095 -0.126114 -0.0978045 -0.0445631 0.421777 
3.00097 -0.252824 -0.143549 -0.0863799 0.690258 
3.05098 -0.246044 -0.138333 -0.0888899 0.718488 
3.101 -0.147344 -0.100623 -0.0568494 0.503666 
3.15102 -0.0657717 -0.0928415 -0.0352062 0.243639 
3.20103 -0.010154 -0.056152 -0.0153009 0.105483 
3.25105 -0.112828 -0.0938447 -0.0510719 0.377157 
3.30106 -0.150588 -0.111839 -0.0553795 0.44527 
3.35108 -0.158577 -0.123673 -0.0524396 0.511839 
3.4011 -0.208105 -0.141895 -0.0689316 0.768248 
3.45111 -0.26853 -0.167662 -0.0987515 0.816288 
3.50113 -0.26499 -0.156813 -0.0812436 0.950391 
3.55115 -0.289807 -0.152789 -0.122251 1.02782 
3.60116 -0.113454 -0.0839643 -0.0422503 0.523386 
3.65118 -0.126093 -0.107027 -0.0291036 0.608545 
3.70119 -0.327472 -0.183553 -0.099124 1.20786 
3.75121 -0.438191 -0.223427 -0.140676 1.38859 
3.80123 -0.400813 -0.205679 -0.13095 1.31744 
3.85124 -0.269407 -0.152827 -0.0965509 1.17542 
3.90126 -0.243011 -0.142712 -0.0878365 1.03063 
3.95127 -0.342331 -0.181587 -0.121963 1.18228 
4.00129 -0.370559 -0.187564 -0.126973 1.3173 
4.05131 -0.314902 -0.16628 -0.100721 1.20712 
4.10132 -0.347278 -0.193509 -0.124364 1.17659 
4.15134 -0.41946 -0.213145 -0.152864 1.45153 
4.20135 -0.406836 -0.19481 -0.146919 1.52202 
4.25137 -0.410273 -0.185348 -0.124195 1.45515 
4.30139 -0.37098 -0.169607 -0.137338 1.39102 
4.3514 -0.176426 -0.0792862 -0.0721092 0.861672 
4.40142 -0.291222 -0.13466 -0.107536 1.0811 
4.45144 -0.436551 -0.186762 -0.135649 1.66813 
4.50145 -0.496477 -0.195368 -0.176729 1.50472 
4.55147 -0.341934 -0.140743 -0.129904 1.1933 
4.60148 -0.278489 -0.122353 -0.115725 1.09954 
4.6515 -0.28518 -0.105808 -0.121589 1.03011 
4.70152 -0.402346 -0.139692 -0.149032 1.30197 
4.75153 -0.378021 -0.139552 -0.105758 1.36001 
4.80155 -0.381709 -0.14046 -0.120894 1.26668 
4.85156 -0.354953 -0.134875 -0.127651 1.31203 
4.90158 -0.418544 -0.176421 -0.167239 1.45763 
4.9516 -0.424989 -0.183089 -0.145189 1.56214 
5.00161 -0.585806 -0.233967 -0.204647 1.81111 
5.05163 -0.360144 -0.12296 -0.100107 1.41645 
5.10164 0.138413 0.0735094 0.0810813 0.114935 
5.15166 0.613686 0.18621 0.217235 -0.899436 
5.20168 1.24317 0.331591 0.312178 -2.59758 
5.25169 1.68282 0.359705 0.409653 -4.11401 
5.30171 2.05111 0.422125 0.466388 -4.88614 
5.35173 2.95979 0.721472 0.748812 -7.24366 
5.40174 2.91921 0.599936 0.649961 -7.0967 
5.45176 3.31684 0.757919 0.730215 -8.18161 
5.50177 3.36147 0.840889 0.651804 -8.15143 
5.55179 3.51651 0.818059 0.706101 -8.62191 
5.60181 3.99202 1.02053 0.852582 -9.82272 
5.65182 4.11471 1.03828 0.847429 -9.9388 
5.70184 4.03934 0.977441 0.783426 -10.0427 
5.75185 4.24059 1.03739 0.818892 -10.5754 
5.80187 5.61538 1.6373 1.33303 -14.1607 
5.85189 5.67666 1.61556 1.28865 -14.1829 
5.9019 5.66395 1.57836 1.17078 -14.0533 
5.95192 5.24263 1.33695 0.868346 -13.142 
6.00194 4.98307 1.18685 0.718471 -12.4918 
6.05195 5.13887 1.22379 0.726369 -13.1609 
6.10197 5.01084 1.1807 0.623128 -12.8673 
6.15198 5.63523 1.44838 0.841417 -14.5968 
6.202 4.78558 1.03882 0.46601 -12.5537 
6.25202 4.6174 0.917787 0.32946 -12.4357 
6.30203 4.51511 0.866846 0.259549 -12.304 
6.35205 5.00754 1.08392 0.396662 -13.6654 
6.40206 3.69667 0.472086 -0.184583 -10.3846 
6.45208 3.7191 0.484364 -0.209659 -10.7547 
6.5021 3.1625 0.237746 -0.472827 -9.50928 
6.55211 3.64111 0.402609 -0.286136 -10.9035 
6.60213 3.01282 0.122311 -0.544996 -9.32415 
6.65214 3.14477 0.17165 -0.560677 -10.1037 
6.70216 2.03598 -0.339164 -1.04768 -7.55953 
6.75218 0.454463 0.0997156 0.131286 -1.57661 
6.80219 2.17528 -0.279359 -1.03493 -8.02536 
6.85221 1.51852 -0.532926 -1.35643 -6.39521 
6.90223 1.85657 -0.375628 -1.27786 -7.66406 
6.95224 0.495312 -0.972243 -1.81912 -4.0122 
7.00226 0.983436 -0.788615 -1.67644 -5.97775 
7.05227 0.137075 -1.12297 -2.03327 -3.66859 
7.10229 0.719654 -0.839148 -1.87609 -5.24642 
7.15231 -0.268018 -1.31196 -2.25559 -2.88103 
7.20232 -0.0163427 -1.20419 -2.14344 -3.54218 
7.25234 -0.342217 -1.35368 -2.31038 -3.05856 
7.30235 -0.538388 -1.41254 -2.43878 -2.70303 
7.35237 -0.999508 -1.65072 -2.62455 -1.80994 
7.40239 -0.817093 -1.55513 -2.55634 -2.15527 
7.4524 -1.38967 -1.84112 -2.78626 -0.870245 
7.50242 -1.86071 -2.06236 -2.95949 0.26773 
7.55244 -1.87935 -2.11965 -2.94362 0.270645 
7.60245 -2.36209 -2.35113 -3.10899 1.57323 
7.65247 -2.00613 -2.23073 -3.02907 -0.0589164 
7.70248 -2.65808 -2.48705 -3.28843 2.02785 
7.7525 -3.02087 -2.68316 -3.48942 2.08911 
7.80252 -3.28742 -2.79382 -3.56874 2.7085 
7.85253 -3.21772 -2.79678 -3.53336 2.41237 
7.90255 -3.41886 -2.89315 -3.6552 2.64341 
7.95256 -3.91797 -3.06842 -3.88859 3.74589 
8.00258 -3.86249 -3.03021 -3.97863 3.14255 
8.0526 -4.29583 -3.22536 -4.13371 4.2042 
8.10261 -4.38673 -3.30166 -4.12828 4.52718 
8.15263 -4.44124 -3.31431 -4.19853 4.29955 
8.20265 -4.87537 -3.46395 -4.40692 5.57824 
8.25266 -4.95883 -3.5714 -4.42682 5.45745 
8.30268 -5.25045 -3.67749 -4.54479 6.20219 
8.35269 -5.40887 -3.76631 -4.64414 6.21936 
8.40271 -5.97927 -4.02092 -4.88019 7.55783 
8.45273 -6.2205 -4.16179 -4.97072 8.03921 
8.50274 -6.56083 -4.36426 -5.10739 8.67052 
8.55276 -6.41816 -4.31068 -5.04315 8.11082 
8.60277 -6.78446 -4.43264 -5.23654 9.05432 
8.65279 -6.82624 -4.48326 -5.28599 8.69136 
8.70281 -7.17541 -4.59473 -5.41585 9.64653 
8.75282 -7.05374 -4.54327 -5.4109 9.2777 
8.80284 -7.70175 -4.84418 -5.62861 11.1548 
8.85285 -7.7545 -4.89612 -5.69248 10.7172 
8.90287 -8.00489 -4.95588 -5.79209 11.7618 
8.95289 -8.05915 -4.99727 -5.83669 11.6646 
9.0029 -8.43393 -5.14857 -5.98429 12.6182 
9.05292 -8.57769 -5.25176 -6.06012 12.5222 
9.10293 -8.68508 -5.29329 -6.08191 13.0506 
9.15295 -9.02664 -5.46406 -6.18926 13.8135 
9.20297 -9.13317 -5.52271 -6.28088 13.7693 
9.25298 -9.44356 -5.6451 -6.37512 14.8857 
9.303 -9.65475 -5.81818 -6.45117 15.0773 
9.35302 -9.92329 -5.95918 -6.50084 15.939 
9.40303 -9.84715 -5.96241 -6.46763 15.482 
9.45305 -10.3213 -6.15 -6.6544 16.5903 
9.50306 -9.98449 -6.01725 -6.58315 15.2931 
9.55308 -10.8248 -6.35219 -6.90598 17.6484 
9.6031 -10.8534 -6.37982 -6.9472 17.4035 
9.65311 -11.0159 -6.45773 -6.96135 18.0855 
9.70313 -11.412 -6.61168 -7.15502 19.0472 
9.75315 -11.6433 -6.64582 -7.26913 19.8194 
9.80316 -11.7215 -6.68722 -7.31283 19.9968 
9.85318 -11.7654 -6.73826 -7.30785 20.249 
9.90319 -11.9355 -6.83591 -7.34993 20.5821 
9.95321 -12.3372 -6.98158 -7.5166 21.7329 
10.0032 -12.6018 -7.10076 -7.59572 22.4674 
10.0532 -12.779 -7.23086 -7.62734 22.8892 
10.1033 -13.0229 -7.38411 -7.6709 23.6835 
10.1533 -13.2651 -7.51053 -7.77491 24.2482 
10.2033 -13.1441 -7.44025 -7.74816 23.7973 
10.2533 -13.5727 -7.66395 -7.9366 24.46 
10.3033 -13.5429 -7.63294 -7.94188 24.3735 
10.3533 -13.8561 -7.74907 -8.11306 24.9379 
10.4034 -13.9731 -7.80907 -8.16398 25.1788 
10.4534 -14.0636 -7.85333 -8.20381 25.4344 
10.5034 -14.4713 -8.03005 -8.39936 26.345 
10.5534 -14.6394 -8.05598 -8.52107 26.7579 
10.6034 -14.6391 -8.06533 -8.55099 26.5867 
10.6534 -14.7438 -8.13972 -8.5511 26.9155 
10.7035 -14.9422 -8.2961 -8.61695 27.2518 
10.7535 -15.0721 -8.35027 -8.62792 27.6525 
10.8035 -15.4472 -8.5482 -8.80623 28.3129 
10.8535 -15.4075 -8.52635 -8.77835 28.3804 
10.9035 -15.8171 -8.77137 -8.9189 29.3216 
10.9535 -15.4863 -8.66364 -8.71998 28.5748 
11.0035 -16.0106 -8.94564 -8.93261 29.7941 
11.0536 -16.2907 -8.96932 -9.15671 30.0789 
11.1036 -16.2688 -8.95438 -9.2139 29.5071 
11.1536 -16.394 -9.00779 -9.22526 30.3248 
11.2036 -16.4194 -9.04075 -9.28598 29.9493 
11.2536 -17.1756 -9.36299 -9.62474 31.7837 
11.3036 -17.0316 -9.27994 -9.62239 31.1675 
11.3537 -17.2707 -9.38844 -9.75503 31.6134 
11.4037 -17.0473 -9.31905 -9.64578 31.1631 
11.4537 -17.3696 -9.48073 -9.75901 31.8466 
11.5037 -17.4928 -9.57893 -9.79821 32.1758 
11.5537 -17.8567 -9.7432 -9.97523 32.8727 
11.6037 -17.9666 -9.86332 -10.0108 33.0399 
11.6538 -18.1266 -9.99019 -10.0206 33.2628 
11.7038 -18.0136 -9.95597 -9.99153 33.053 
11.7538 -18.5812 -10.1673 -10.3319 33.9994 
11.8038 -18.5186 -10.1313 -10.3488 33.3146 
11.8538 -18.804 -10.2319 -10.5035 33.8748 
11.9038 -18.979 -10.3133 -10.59 34.4007 
11.9539 -18.9133 -10.2975 -10.5934 34.2188 
12.0039 -19.1879 -10.4151 -10.7103 35.0529 
12.0539 -19.3446 -10.4707 -10.8166 35.2809 
12.1039 -19.3023 -10.4492 -10.8309 35.013 
12.1539 -19.4268 -10.554 -10.8743 35.2611 
12.2039 -19.6467 -10.7101 -10.9583 35.6644 
12.254 -19.8733 -10.8454 -11.0484 36.2666 
12.304 -20.1954 -11.0115 -11.1808 37.095 
12.354 -20.3775 -11.1609 -11.2442 37.4692 
12.404 -20.3128 -11.2003 -11.1773 37.2446 
12.454 -20.7128 -11.3476 -11.417 37.9299 
12.504 -20.9129 -11.4206 -11.5492 38.2759 
12.554 -20.9702 -11.4188 -11.6075 38.4051 
12.6041 -20.8476 -11.3538 -11.6046 37.9761 
12.6541 -21.2652 -11.5557 -11.7884 38.8624 
12.7041 -21.2849 -11.5775 -11.8124 39.0343 
12.7541 -21.5916 -11.6822 -12.0086 39.76 
12.8041 -21.667 -11.7233 -12.0721 39.7241 
12.8541 -21.7548 -11.8043 -12.1165 39.8145 
12.9042 -21.5785 -11.7591 -11.9941 39.6118 
12.9542 -21.9256 -11.9978 -12.1538 40.2586 
13.0042 -22.1259 -12.1476 -12.1891 41.0102 
13.0542 -22.7614 -12.44 -12.5467 41.9681 
13.1042 -22.2265 -12.1781 -12.2749 41.1299 
13.1542 -22.7802 -12.5019 -12.5555 42.0532 
13.2043 -22.8829 -12.5236 -12.6615 42.1023 
13.2543 -23.2418 -12.6767 -12.8977 42.712 
13.3043 -23.0312 -12.5741 -12.8302 42.4136 
13.3543 -23.6149 -12.8508 -13.0927 43.7532 
13.4043 -23.4929 -12.7797 -13.0902 43.6376 
13.4543 -23.8009 -12.9097 -13.2441 44.2738 
13.5044 -23.6038 -12.793 -13.1739 43.8925 
13.5544 -23.9467 -13.0131 -13.352 44.4706 
13.6044 -24.1168 -13.1396 -13.4267 44.9071 
13.6544 -24.3211 -13.3112 -13.4892 45.3507 
13.7044 -24.2445 -13.2946 -13.4332 45.4236 
13.7544 -24.668 -13.5162 -13.6578 46.0831 
13.8045 -24.757 -13.574 -13.6622 46.2736 
13.8545 -24.8014 -13.6076 -13.7153 46.1518 
13.9045 -25.2308 -13.8006 -13.9815 46.9167 
13.9545 -25.2187 -13.7824 -14.0643 46.7387 
14.0045 -25.5674 -13.8912 -14.2582 47.699 
14.0545 -25.6024 -13.8805 -14.2936 47.7839 
14.1045 -25.8206 -13.9643 -14.4261 48.142 
14.1546 -26.0009 -14.0439 -14.5263 48.7289 
14.2046 -25.6913 -13.9078 -14.4071 47.9829 
14.2546 -26.263 -14.2595 -14.6693 49.2342 
14.3046 -26.3778 -14.4122 -14.6758 49.427 
14.3546 -26.6972 -14.6071 -14.7736 50.2739 
14.4046 -26.6768 -14.617 -14.7369 50.0504 
14.4547 -26.9247 -14.7741 -14.8658 50.4121 
14.5047 -27.1568 -14.8673 -15.0035 50.769 
14.5547 -27.0699 -14.8149 -14.9811 50.4874 
14.6047 -27.4911 -14.9903 -15.2289 51.3311 
14.6547 -27.6754 -14.9852 -15.3943 51.9234 
14.7047 -27.6826 -14.9762 -15.4289 51.8209 
14.7548 -27.8394 -15.0074 -15.5723 52.051 
14.8048 -27.9131 -15.0044 -15.6863 52.0766 
14.8548 -28.1289 -15.1849 -15.789 52.4029 
14.9048 -28.217 -15.2996 -15.7852 53.3157 
14.9548 -28.2525 -15.4541 -15.6983 53.2349 
15.0048 -28.7361 -15.6939 -15.8966 54.5413 
15.0549 -28.9126 -15.7972 -15.9325 54.8494 
15.1049 -29.4216 -16.0322 -16.1192 55.6523 
15.1549 -29.2211 -15.8384 -15.9487 55.2211 
15.2049 -28.8675 -15.6024 -15.7723 54.5084 
15.2549 -29.4899 -15.8834 -16.0998 55.7417 
15.3049 -29.1234 -15.6445 -15.8895 55.0956 
15.355 -29.2173 -15.7374 -15.9485 55.0752 
15.405 -29.3979 -15.8314 -16.0148 55.4423 
15.455 -29.0613 -15.6232 -15.7937 55.0543 
15.505 -29.4257 -15.7983 -15.9627 55.7277 
15.555 -29.2092 -15.656 -15.8016 55.5017 
15.605 -29.3037 -15.7097 -15.8985 55.5006 
15.655 -29.3337 -15.6891 -15.961 55.6385 
15.7051 -29.1951 -15.5818 -15.8848 55.3199 
15.7551 -29.4429 -15.7059 -16.0194 55.7712 
15.8051 -29.2749 -15.6016 -15.9259 55.4535 
15.8551 -29.3475 -15.6592 -15.9596 55.5453 
15.9051 -29.388 -15.6768 -15.9929 55.6456 
15.9551 -29.4205 -15.6896 -16.0048 55.5713 
16.0052 -29.4128 -15.6781 -15.992 55.6601 
16.0552 -29.4649 -15.6981 -16.0041 55.6513 
16.1052 -29.4911 -15.6992 -16.0087 55.8759 
16.1552 -29.4847 -15.686 -16.0166 55.7113 
16.2052 -29.3892 -15.6604 -15.9883 55.4914 
16.2552 -29.5431 -15.7674 -16.0736 55.5488 
16.3053 -29.4604 -15.7168 -15.9743 55.6367 
16.3553 -29.5841 -15.755 -16.0168 55.9784 
16.4053 -29.4375 -15.643 -15.9612 55.9631 
16.4553 -29.4653 -15.6741 -15.9868 55.9014 
16.5053 -29.378 -15.6295 -15.9666 55.9166 
16.5553 -29.3196 -15.5843 -15.9189 55.9245 
16.6054 -29.4039 -15.6499 -15.9324 55.9673 
16.6554 -29.3734 -15.6533 -15.9159 55.9222 
16.7054 -29.3482 -15.641 -15.8913 56.0165 
16.7554 -29.3123 -15.6071 -15.8642 55.9476 
16.8054 -29.2829 -15.5855 -15.8482 55.9853 
16.8554 -29.2699 -15.5856 -15.8531 56.0111 
16.9055 -29.3145 -15.6264 -15.8563 56.0082 
16.9555 -29.3032 -15.6113 -15.8319 55.9997 
17.0055 -29.3628 -15.6472 -15.8792 56.1274 
17.0555 -29.2751 -15.6198 -15.8589 55.8278 
17.1055 -29.2634 -15.6201 -15.8371 55.8421 
17.1555 -29.2407 -15.588 -15.8159 55.9604 
17.2055 -29.375 -15.6571 -15.8577 56.2321 
17.2556 -29.3763 -15.6589 -15.8639 56.1531 
17.3056 -29.2521 -15.5879 -15.8287 55.9705 
17.3556 -29.3457 -15.6516 -15.8707 55.9859 
17.4056 -29.2849 -15.6169 -15.834 55.987 
17.4556 -29.3347 -15.6501 -15.8452 56.0785 
17.5056 -29.3036 -15.6292 -15.8331 56.0187 
17.5557 -29.405 -15.6914 -15.8868 56.1528 
17.6057 -29.3956 -15.6808 -15.8863 56.1251 
17.6557 -29.4238 -15.685 -15.9018 56.2249 
17.7057 -29.4828 -15.7268 -15.9294 56.1612 
17.7557 -29.3729 -15.6644 -15.8746 56.0755 
17.8057 -29.4757 -15.7153 -15.9116 56.1475 
17.8558 -29.5234 -15.7077 -15.9557 56.242 
17.9058 -29.5256 -15.7198 -16.02 56.1078 
17.9558 -29.4314 -15.693 -15.9775 55.984 
18.0058 -29.4028 -15.6612 -15.9212 56.0295 
18.0558 -29.2939 -15.5829 -15.8439 56.0293 
18.1058 -29.4777 -15.6865 -15.9168 56.3011 
18.1559 -29.4182 -15.6492 -15.918 56.1078 
18.2059 -29.3907 -15.6459 -15.8924 56.1698 
18.2559 -29.4037 -15.6294 -15.8951 56.1632 
18.3059 -29.6971 -15.7596 -15.9396 57.3529 
18.3559 -30.2038 -15.8371 -15.9226 58.458 
18.4059 -29.9571 -15.5743 -15.6124 58.0423 
18.456 -29.5262 -15.1875 -15.2792 57.1768 
18.506 -30.0012 -15.2571 -15.3991 58.6374 
18.556 -29.8849 -15.0157 -15.2768 58.3226 
18.606 -29.6989 -14.7842 -15.1528 57.8951 
18.656 -29.8268 -14.6909 -15.193 58.5468 
18.706 -29.5584 -14.4218 -15.0935 57.9226 
18.756 -29.6485 -14.4252 -15.0854 58.1365 
18.8061 -29.4134 -14.2793 -14.8892 58.3341 
18.8561 -29.0673 -14.1357 -14.646 57.6147 
18.9061 -28.9721 -14.1357 -14.496 57.3304 
18.9561 -28.7434 -13.9918 -14.3093 57.4767 
19.0061 -28.9836 -14.1336 -14.3743 57.5218 
19.0561 -28.7717 -13.9463 -14.3203 57.2522 
19.1062 -28.4333 -13.6884 -14.2456 56.4561 
19.1562 -28.5828 -13.6496 -14.3698 56.6013 
19.2062 -28.2441 -13.4625 -14.225 55.9962 
19.2562 -28.2512 -13.4179 -14.2262 56.2933 
19.3062 -27.8996 -13.2321 -14.0284 55.8398 
19.3562 -27.9389 -13.3279 -13.9174 56.2718 
19.4063 -27.8491 -13.3225 -13.8317 55.743 
19.4563 -27.7102 -13.2775 -13.7635 55.2441 
19.5063 -27.4033 -13.1185 -13.6197 54.6898 
19.5563 -27.6062 -13.2305 -13.6852 54.8939 
19.6063 -27.435 -13.1484 -13.5642 54.9493 
19.6563 -27.052 -12.9319 -13.4167 53.9356 
19.7064 -27.0139 -12.8504 -13.5027 53.6496 
19.7564 -27.1545 -12.8268 -13.6237 53.9217 
19.8064 -26.9782 -12.6857 -13.5647 53.5451 
19.8564 -26.6984 -12.5227 -13.4366 53.2558 
19.9064 -26.5035 -12.4893 -13.2924 52.7272 
19.9564 -26.4851 -12.5165 -13.2185 53.0309 
20.0065 -26.183 -12.3788 -13.0837 52.2757 
20.0565 -26.2295 -12.3738 -13.101 52.2451 
20.1065 -25.9076 -12.2334 -12.9006 51.9834 
20.1565 -25.8491 -12.2465 -12.8886 51.6485 
20.2065 -25.7445 -12.1449 -12.783 52.0066 
20.2565 -25.4168 -12.002 -12.6533 51.3794 
20.3065 -25.4912 -11.9965 -12.6944 51.3289 
20.3566 -25.2736 -11.8209 -12.6601 50.6575 
20.4066 -24.9932 -11.6162 -12.6118 49.8577 
20.4566 -24.9547 -11.5431 -12.5451 50.2857 
20.5066 -24.6457 -11.4238 -12.4637 49.6244 
20.5566 -24.8503 -11.5352 -12.4644 50.4068 
20.6066 -24.3617 -11.3067 -12.2439 49.5247 
20.6567 -24.4237 -11.3258 -12.2429 49.5781 
20.7067 -24.205 -11.2127 -12.1342 49.5635 
20.7567 -23.9924 -11.1247 -12.0521 48.8428 
20.8067 -23.6269 -10.9471 -11.8131 48.5798 
20.8567 -23.8959 -11.1039 -11.9512 48.8106 
20.9067 -23.5379 -10.8737 -11.7906 48.2824 
20.9568 -23.5077 -10.8735 -11.8208 47.9844 
21.0068 -23.3819 -10.735 -11.8016 47.8461 
21.0568 -23.2459 -10.6197 -11.8044 47.2194 
21.1068 -23.0858 -10.4911 -11.7409 47.1863 
21.1568 -23.0892 -10.5233 -11.761 46.8296 
21.2068 -22.8458 -10.4001 -11.553 47.08 
21.2569 -22.6819 -10.3693 -11.5112 46.2886 
21.3069 -22.7536 -10.4077 -11.5102 46.9594 
21.3569 -22.3941 -10.2446 -11.3511 45.9163 
21.4069 -22.2963 -10.1756 -11.2549 46.3666 
21.4569 -21.9801 -10.0596 -11.1434 45.0706 
21.5069 -22.0531 -10.041 -11.1566 45.7386 
21.557 -21.8042 -9.91018 -11.0398 45.4332 
21.607 -21.8726 -9.97949 -11.1117 45.2119 
21.657 -21.7187 -9.87704 -11.0271 45.0199 
21.707 -21.3042 -9.62946 -10.9097 43.6123 
21.757 -21.4269 -9.61343 -11.0251 44.103 
21.807 -21.3617 -9.55422 -11.0156 43.9969 
21.857 -21.2972 -9.52757 -10.978 43.8691 
21.9071 -21.0269 -9.40271 -10.8105 43.54 
21.9571 -20.6302 -9.21722 -10.6585 42.6253 
22.0071 -20.7578 -9.28123 -10.7183 42.9542 
22.0571 -20.7481 -9.25917 -10.6576 43.2923 
22.1071 -20.5749 -9.19465 -10.6045 42.8063 
22.1571 -20.1276 -8.99703 -10.3911 41.9114 
22.2072 -20.1168 -8.98531 -10.3749 42.0257 
22.2572 -19.7234 -8.77814 -10.2358 41.2026 
22.3072 -20.1637 -9.02244 -10.375 42.19 
22.3572 -19.7932 -8.83913 -10.2027 41.2469 
22.4072 -19.5468 -8.72086 -10.0995 40.8175 
22.4572 -19.5877 -8.69856 -10.1941 40.518 
22.5073 -19.3906 -8.48367 -10.1801 40.4225 
22.5573 -19.3707 -8.46026 -10.1748 40.3699 
22.6073 -19.0758 -8.35571 -10.0021 39.9487 
22.6573 -18.9716 -8.36197 -9.90068 39.8805 
22.7073 -18.9438 -8.35692 -9.90139 39.5686 
22.7573 -18.8373 -8.25737 -9.86922 39.7568 
22.8074 -18.5555 -8.1359 -9.72903 39.0612 
22.8574 -18.4541 -8.12719 -9.6504 38.9892 
22.9074 -18.2454 -8.05605 -9.53808 38.3208 
22.9574 -18.146 -8.01943 -9.52375 37.8065 
23.0074 -18.0104 -7.91836 -9.41768 38.1462 
23.0574 -17.9041 -7.8549 -9.40906 37.8077 
23.1075 -18.0037 -7.9042 -9.44221 38.0675 
23.1575 -17.9231 -7.84066 -9.39342 38.0823 
23.2075 -17.5901 -7.65889 -9.28705 37.3025 
23.2575 -17.3024 -7.49238 -9.23294 36.175 
23.3075 -17.1871 -7.39981 -9.23763 35.8313 
23.3575 -17.2183 -7.38689 -9.22418 36.3273 
23.4075 -17.103 -7.31222 -9.18571 36.1274 
23.4576 -16.8825 -7.19246 -9.10406 35.7059 
23.5076 -16.7763 -7.2034 -9.06737 35.0509 
23.5576 -16.4365 -7.01581 -8.86205 34.7646 
23.6076 -16.4292 -7.07283 -8.83637 34.3179 
23.6576 -16.4731 -7.03346 -8.86209 34.7939 
23.7076 -16.1433 -6.91847 -8.73049 33.7234 
23.7577 -16.1744 -6.92789 -8.70435 34.0342 
23.8077 -15.8357 -6.79073 -8.61022 33.072 
23.8577 -15.7181 -6.70456 -8.51648 33.3077 
23.9077 -15.7087 -6.71772 -8.4555 33.366 
23.9577 -15.6929 -6.69098 -8.48423 33.2955 
24.0077 -15.5806 -6.59842 -8.41918 33.2966 
24.0578 -15.1951 -6.42217 -8.30639 31.8757 
24.1078 -15.0127 -6.30357 -8.21819 31.6934 
24.1578 -15.1019 -6.28528 -8.28761 32.0919 
24.2078 -15.0073 -6.21669 -8.28328 31.6618 
24.2578 -15.041 -6.25522 -8.25899 31.9375 
24.3078 -14.6522 -6.05396 -8.06979 31.3339 
24.3579 -14.7428 -6.09364 -8.09171 31.8383 
24.4079 -14.3063 -5.9622 -7.84002 30.7721 
24.4579 -14.228 -5.97244 -7.79535 30.7459 
24.5079 -14.2596 -5.99671 -7.75503 31.0663 
24.5579 -14.161 -5.9715 -7.70154 30.5129 
24.6079 -13.6285 -5.68732 -7.51042 29.6657 
24.658 -13.8044 -5.76058 -7.53324 30.3981 
24.708 -13.2593 -5.586 -7.2795 28.1697 
24.758 -13.6296 -5.76309 -7.35996 29.5868 
24.808 -13.6399 -5.76338 -7.3861 29.7817 
24.858 -13.6723 -5.72141 -7.41324 29.9831 
24.908 -12.8815 -5.34463 -7.09686 27.9426 
24.958 -13.0284 -5.35338 -7.13676 28.7396 
25.0081 -12.7106 -5.21401 -7.03523 27.3052 
25.0581 -12.7865 -5.185 -7.05027 28.0517 
25.1081 -12.6036 -5.08934 -7.02987 27.3144 
25.1581 -12.5115 -5.0298 -6.96903 27.5201 
25.2081 -12.6143 -5.07902 -6.99168 27.7297 
25.2581 -12.411 -4.97172 -6.91783 27.3942 
25.3082 -12.0874 -4.82425 -6.75906 26.499 
25.3582 -11.8839 -4.75163 -6.68545 25.8991 
25.4082 -11.8978 -4.72131 -6.64361 26.4041 
25.4582 -11.7879 -4.69313 -6.55464 26.222 
25.5082 -11.7535 -4.6605 -6.50139 26.2887 
25.5582 -11.3084 -4.46033 -6.344 25.0024 
25.6083 -11.5779 -4.55687 -6.3889 26.1243 
25.6583 -11.0727 -4.34671 -6.21201 24.5255 
25.7083 -11.3373 -4.44102 -6.29674 25.91 
25.7583 -11.2069 -4.36756 -6.17839 25.8238 
25.8083 -10.8294 -4.24138 -6.0552 23.8653 
25.8583 -11.0348 -4.28969 -6.07311 25.0078 
25.9084 -10.6864 -4.10026 -5.94624 24.36 
25.9584 -10.6986 -4.06277 -5.95652 24.3613 
26.0084 -10.3673 -3.87525 -5.86274 23.1435 
26.0584 -10.2315 -3.91706 -5.64887 23.654 
26.1084 -10.1325 -3.8801 -5.59392 23.3435 
26.1584 -10.2663 -3.94801 -5.62299 23.8385 
26.2085 -9.8894 -3.78854 -5.41867 23.0598 
26.2585 -9.89288 -3.79703 -5.33705 23.3371 
26.3085 -9.95014 -3.77261 -5.37297 23.4844 
26.3585 -9.83369 -3.69962 -5.26951 23.0938 
26.4085 -9.4158 -3.53853 -5.10722 22.0227 
26.4585 -9.47241 -3.56677 -5.02858 22.9056 
26.5085 -9.39506 -3.56835 -4.94937 22.1299 
26.5586 -9.40999 -3.49857 -4.93818 22.5895 
26.6086 -9.01719 -3.27537 -4.76264 21.6551 
26.6586 -8.95219 -3.23848 -4.69671 21.3749 
26.7086 -8.7816 -3.15347 -4.57361 20.9577 
26.7586 -8.87483 -3.17375 -4.61397 21.7038 
26.8086 -8.54279 -3.05572 -4.49982 20.7196 
26.8587 -8.28296 -2.9362 -4.3485 19.8458 
26.9087 -8.38625 -2.90366 -4.40771 20.5861 
26.9587 -8.36403 -2.80392 -4.40772 20.8408 
27.0087 -7.88686 -2.58227 -4.1736 19.258 
27.0587 -8.07372 -2.79048 -4.11498 19.9274 
27.1087 -8.15977 -2.77875 -4.07218 20.5315 
27.1588 -7.67041 -2.52209 -3.87835 18.8097 
27.2088 -7.8255 -2.57015 -3.88727 19.9008 
27.2588 -7.73326 -2.50971 -3.82374 19.6183 
27.3088 -7.83472 -2.5277 -3.74525 20.5527 
27.3588 -7.19534 -2.26042 -3.44284 18.0926 
27.4088 -7.74435 -2.45511 -3.57604 20.2954 
27.4589 -7.45571 -2.3 -3.44795 19.5508 
27.5089 -7.3043 -2.20341 -3.29957 19.2925 
27.5589 -7.0988 -2.11506 -3.18678 18.9979 
27.6089 -7.5948 -2.35368 -3.23286 20.6091 
27.6589 -6.73703 -1.93215 -2.90283 17.7767 
27.7089 -7.29311 -2.1839 -2.96854 20.0686 
27.759 -7.09851 -2.08519 -2.81425 19.168 
27.809 -7.24437 -2.12859 -2.78424 19.9481 
27.859 -7.06017 -2.01506 -2.63148 19.6676 
27.909 -6.57915 -1.76833 -2.33608 18.3533 
27.959 -7.12579 -2.03177 -2.4201 20.4535 
28.009 -6.70769 -1.81679 -2.15142 19.2848 
28.059 -5.77718 -1.38709 -1.7999 16.5406 
28.1091 -6.2318 -1.67841 -2.0005 17.5446 
28.1591 -6.48718 -1.85431 -2.07101 18.6042 
28.2091 -5.88246 -1.59437 -1.88991 16.6812 
28.2591 -6.02368 -1.67081 -1.97558 17.26 
28.3091 -6.1113 -1.72254 -1.99798 17.4751 
28.3591 -5.8456 -1.61918 -1.87895 16.6634 
28.4092 -5.97947 -1.67747 -1.96637 17.2473 
28.4592 -5.93575 -1.66957 -1.95038 17.084 
28.5092 -5.80451 -1.63047 -1.88848 16.599 
28.5592 -5.86922 -1.65757 -1.92847 16.8195 
28.6092 -5.71583 -1.57565 -1.88835 16.4142 
28.6592 -5.69267 -1.58576 -1.86813 16.3454 
28.7093 -5.79302 -1.64191 -1.90861 16.5724 
28.7593 -5.69825 -1.57659 -1.89629 16.183 
28.8093 -5.50145 -1.50203 -1.82966 15.6978 
28.8593 -5.48263 -1.52272 -1.82224 15.6537 
28.9093 -5.50212 -1.52152 -1.8331 15.7948 
28.9593 -5.63917 -1.58328 -1.86927 16.1394 
29.0094 -5.65046 -1.58075 -1.87072 16.1618 
29.0594 -5.50958 -1.53228 -1.83129 15.7789 
29.1094 -5.43485 -1.50397 -1.80233 15.8428 
29.1594 -5.49592 -1.54894 -1.83921 15.7982 
29.2094 -5.50311 -1.53953 -1.83825 15.8111 
29.2594 -5.58214 -1.59588 -1.86314 16.0206 
29.3095 -5.43942 -1.52647 -1.79924 15.6731 
29.3595 -5.44714 -1.52964 -1.82446 15.6986 
29.4095 -5.4187 -1.51873 -1.82682 15.6937 
29.4595 -5.28224 -1.47108 -1.79098 15.0732 
29.5095 -5.27487 -1.45876 -1.78948 15.287 
29.5595 -5.36533 -1.51564 -1.83268 15.468 
29.6095 -5.19855 -1.42667 -1.74346 15.0604 
29.6596 -5.41254 -1.51864 -1.85441 15.4673 
29.7096 -5.22654 -1.42422 -1.78774 15.0626 
29.7596 -5.11376 -1.40398 -1.73155 14.7812 
29.8096 -5.20917 -1.4483 -1.78717 15.032 
29.8596 -5.18287 -1.40884 -1.75334 15.0196 
29.9096 -5.28166 -1.4545 -1.78084 15.292 
29.9597 -5.26595 -1.44912 -1.80239 15.2653 
30.0097 -5.1156 -1.39409 -1.75407 14.8769 
30.0597 -5.11835 -1.39865 -1.76228 14.6666 
30.1097 -5.12671 -1.39252 -1.76727 14.675 
30.1597 -5.11796 -1.38759 -1.74946 14.7366 
30.2097 -5.16669 -1.41376 -1.78259 14.9023 
30.2598 -5.14604 -1.4245 -1.77906 14.7831 
30.3098 -5.15662 -1.4258 -1.7942 14.734 
30.3598 -5.10152 -1.40355 -1.75776 14.636 
30.4098 -5.17136 -1.41543 -1.77666 14.9893 
30.4598 -5.11746 -1.4105 -1.73604 14.7125 
30.5098 -5.17292 -1.43045 -1.77586 14.9875 
30.5599 -5.32421 -1.49888 -1.83267 15.4385 
30.6099 -5.15576 -1.4361 -1.76211 14.9066 
30.6599 -5.14142 -1.43976 -1.74375 14.8718 
30.7099 -5.39058 -1.5547 -1.84007 15.6451 
30.7599 -5.30604 -1.50367 -1.79478 15.3267 
30.8099 -5.30901 -1.50814 -1.81109 15.4082 
30.86 -5.37827 -1.55577 -1.85292 15.703 
30.91 -5.16693 -1.45829 -1.76245 15.0424 
30.96 -5.17839 -1.46147 -1.75718 15.0314 
