0 -0.0305492 -0.00442084 -0.00970014 0.0771247 
0.0500161 -0.0302776 -0.00451703 -0.00953874 0.0771159 
0.100032 -0.030006 -0.00461322 -0.00937734 0.0771071 
0.150048 -0.0297344 -0.00470941 -0.00921593 0.0770983 
0.200065 -0.0294628 -0.0048056 -0.00905453 0.0770895 
0.250081 -0.0291911 -0.00490179 -0.00889313 0.0770807 
0.300097 -0.0289195 -0.00499798 -0.00873173 0.0770719 
0.350113 -0.0286479 -0.00509417 -0.00857032 0.077063 
0.400129 -0.0283763 -0.00519036 -0.00840892 0.0770542 
0.450145 -0.0281047 -0.00528655 -0.00824752 0.0770454 
0.500161 -0.0278331 -0.00538274 -0.00808611 0.0770366 
0.550177 -0.0275614 -0.00547893 -0.00792471 0.0770278 
0.600194 -0.0272898 -0.00557512 -0.00776331 0.077019 
0.65021 -0.0270182 -0.00567131 -0.0076019 0.0770101 
0.700226 -0.0267466 -0.0057675 -0.0074405 0.0770013 
0.750242 -0.026475 -0.00586369 -0.0072791 0.0769925 
0.800258 -0.0262034 -0.00595988 -0.00711769 0.0769837 
0.850274 -0.0259317 -0.00605606 -0.00695629 0.0769749 
0.90029 -0.0256601 -0.00615225 -0.00679489 0.0769661 
0.950306 -0.0253885 -0.00624844 -0.00663348 0.0769573 
1.00032 -0.0251169 -0.00634463 -0.00647208 0.0769484 
1.05034 -0.0248453 -0.00644082 -0.00631068 0.0769396 
1.10035 -0.0245737 -0.00653701 -0.00614928 0.0769308 
1.15037 -0.024302 -0.0066332 -0.00598787 0.076922 
1.20039 -0.0240304 -0.00672939 -0.00582647 0.0769132 
1.2504 -0.0237588 -0.00682558 -0.00566507 0.0769044 
1.30042 -0.0234872 -0.00692177 -0.00550366 0.0768956 
1.35044 -0.0232156 -0.00701796 -0.00534226 0.0768867 
1.40045 -0.022944 -0.00711415 -0.00518086 0.0768779 
1.45047 -0.0226723 -0.00721034 -0.00501945 0.0768691 
1.50048 -0.0224007 -0.00730653 -0.00485805 0.0768603 
1.5505 -0.0221291 -0.00740272 -0.00469665 0.0768515 
1.60052 -0.0218575 -0.00749891 -0.00453524 0.0768427 
1.65053 -0.0215859 -0.0075951 -0.00437384 0.0768339 
1.70055 -0.0213142 -0.00769129 -0.00421244 0.076825 
1.75056 -0.0210426 -0.00778748 -0.00405103 0.0768162 
1.80058 -0.020771 -0.00788367 -0.00388963 0.0768074 
1.8506 -0.0204994 -0.00797986 -0.00372823 0.0767986 
1.90061 -0.0202278 -0.00807605 -0.00356682 0.0767898 
1.95063 -0.0199562 -0.00817223 -0.00340542 0.076781 
2.00065 -0.0196845 -0.00826842 -0.00324402 0.0767722 
2.05066 -0.0194129 -0.00836461 -0.00308261 0.0767633 
2.10068 -0.0191413 -0.0084608 -0.00292121 0.0767545 
2.15069 -0.0188697 -0.00855699 -0.00275981 0.0767457 
2.20071 -0.0185981 -0.00865318 -0.00259841 0.0767369 
2.25073 -0.0183265 -0.00874937 -0.002437 0.0767281 
2.30074 -0.0180548 -0.00884556 -0.0022756 0.0767193 
2.35076 -0.0177832 -0.00894175 -0.0021142 0.0767104 
2.40077 -0.0175116 -0.00903794 -0.00195279 0.0767016 
2.45079 -0.01724 -0.00913413 -0.00179139 0.0766928 
2.50081 -0.0169684 -0.00923032 -0.00162999 0.076684 
2.55082 -0.0166968 -0.00932651 -0.00146858 0.0766752 
2.60084 -0.0164251 -0.0094227 -0.00130718 0.0766664 
2.65085 -0.0161535 -0.00951889 -0.00114578 0.0766576 
2.70087 -0.0158819 -0.00961508 -0.000984372 0.0766487 
2.75089 -0.0156103 -0.00971126 -0.000822968 0.0766399 
2.8009 -0.0153387 -0.00980745 -0.000661563 0.0766311 
2.85092 -0.015067 -0.00990364 -0.000500158 0.0766223 
2.90094 -0.0147954 -0.00999982 -0.00033875 0.0766134 
2.95095 -0.0145238 -0.010096 -0.000177341 0.0766046 
3.00097 -0.0142521 -0.0101922 -1.59281e-05 0.0765957 
3.05098 -0.0139805 -0.0102884 0.000145491 0.0765868 
3.101 -0.0137088 -0.0103845 0.000306919 0.0765779 
3.15102 -0.0134371 -0.0104807 0.000468365 0.076569 
3.20103 -0.0131654 -0.0105768 0.00062984 0.0765599 
3.25105 -0.0128936 -0.0106729 0.000791365 0.0765508 
3.30106 -0.0126216 -0.0107689 0.000952977 0.0765414 
3.35108 -0.0123495 -0.0108648 0.00111474 0.0765316 
3.4011 -0.0120769 -0.0109606 0.00127675 0.0765212 
3.45111 -0.0118038 -0.011056 0.00143921 0.0765099 
3.50113 -0.0115297 -0.0111508 0.00160241 0.0764968 
3.55115 -0.0112538 -0.0112448 0.00176687 0.0764808 
3.60116 -0.0109751 -0.0113373 0.00193344 0.0764599 
3.65118 -0.0106915 -0.0114273 0.0021035 0.0764307 
3.70119 -0.0103998 -0.0115133 0.00227931 0.0763877 
3.75121 -0.0100949 -0.0115925 0.00246446 0.0763214 
3.80123 -0.0097681 -0.011661 0.00266464 0.0762167 
3.85124 -0.00940593 -0.0117121 0.00288872 0.0760488 
3.90126 -0.00898682 -0.0117357 0.0031504 0.075778 
3.95127 -0.00847708 -0.0117161 0.00347053 0.0753414 
4.00129 -0.00782457 -0.0116296 0.00388044 0.0746399 
4.05131 -0.0069496 -0.0114401 0.00442658 0.0735206 
4.10132 -0.00573184 -0.0110945 0.00517689 0.0717489 
4.15134 -0.00399206 -0.0105148 0.00622923 0.0689709 
4.20135 -0.00146674 -0.00958827 0.00772256 0.0646588 
4.25137 0.00222578 -0.00815479 0.00985087 0.0580381 
4.30139 0.00763008 -0.00599003 0.0128804 0.0479882 
4.3514 0.01551 -0.00278543 0.0171697 0.032916 
4.40142 0.0269163 0.00187487 0.0231903 0.0105991 
4.45144 0.0432644 0.0085389 0.0315476 -0.0219987 
4.50145 0.0664102 0.0179086 0.0429937 -0.0689189 
4.55147 0.0987139 0.0308534 0.0584272 -0.135383 
4.60148 0.143059 0.0484037 0.0788665 -0.227885 
4.6515 0.20279 0.0717101 0.105382 -0.354113 
4.70152 0.281525 0.101955 0.138978 -0.522605 
4.75153 0.382785 0.140202 0.180409 -0.741991 
4.80155 0.509455 0.187184 0.229952 -1.01982 
4.85156 0.663088 0.243063 0.287172 -1.361 
4.90158 0.843242 0.307214 0.350745 -1.7662 
4.9516 1.04703 0.378119 0.418434 -2.23066 
5.00161 1.26912 0.453435 0.48726 -2.74391 
5.05163 1.50229 0.530269 0.553884 -3.29083 
5.10164 1.73843 0.60558 0.615076 -3.8537 
5.15166 1.96973 0.676613 0.668168 -4.41475 
5.20168 2.18963 0.741225 0.711335 -4.95853 
5.25169 2.39343 0.798046 0.743681 -5.47336 
5.30171 2.57842 0.846466 0.765144 -5.95183 
5.35173 2.74361 0.886502 0.776285 -6.39045 
5.40174 2.88938 0.918619 0.77806 -6.78889 
5.45176 3.01699 0.94355 0.771613 -7.14895 
5.50177 3.12817 0.962143 0.758122 -7.47374 
5.55179 3.22484 0.975265 0.738699 -7.76699 
5.60181 3.30892 0.983725 0.714335 -8.0325 
5.65182 3.38214 0.988246 0.685876 -8.27391 
5.70184 3.44606 0.989447 0.654019 -8.49447 
5.75185 3.50198 0.987838 0.619324 -8.69698 
5.80187 3.55095 0.983826 0.582221 -8.88374 
5.85189 3.59378 0.977716 0.543019 -9.05651 
5.9019 3.63103 0.969717 0.501921 -9.21659 
5.95192 3.66301 0.959941 0.459023 -9.36469 
6.00194 3.68974 0.948398 0.414314 -9.50098 
6.05195 3.71099 0.934987 0.367669 -9.62499 
6.10197 3.72615 0.919473 0.318834 -9.73552 
6.15198 3.7342 0.901468 0.267409 -9.83047 
6.202 3.73363 0.880392 0.212814 -9.90669 
6.25202 3.72234 0.855432 0.154262 -9.95973 
6.30203 3.69747 0.825498 0.0907312 -9.9836 
6.35205 3.65539 0.789183 0.0209371 -9.97057 
6.40206 3.5916 0.744748 -0.0566552 -9.91107 
6.45208 3.50086 0.690151 -0.143781 -9.79391 
6.5021 3.3775 0.623163 -0.242236 -9.60692 
6.55211 3.216 0.541603 -0.353646 -9.33821 
6.60213 3.01197 0.443698 -0.479124 -8.97824 
6.65214 2.76334 0.328544 -0.618872 -8.52228 
6.70216 2.47144 0.196544 -0.77185 -7.97284 
6.75218 2.14161 0.0496599 -0.93564 -7.34102 
6.80219 1.78292 -0.108687 -1.10666 -6.64586 
6.85221 1.40685 -0.274109 -1.2807 -5.91164 
6.90223 1.02533 -0.441993 -1.45361 -5.16373 
6.95224 0.648795 -0.608259 -1.62199 -4.42449 
7.00226 0.284959 -0.769862 -1.78352 -3.7105 
7.05227 -0.0616791 -0.924981 -1.93707 -3.03158 
7.10229 -0.389458 -1.07289 -2.08247 -2.3915 
7.15231 -0.698856 -1.21372 -2.22027 -1.78947 
7.20232 -0.99167 -1.34811 -2.35139 -1.22183 
7.25234 -1.27032 -1.47695 -2.47691 -0.683593 
7.30235 -1.53738 -1.60123 -2.59788 -0.169397 
7.35237 -1.79524 -1.72184 -2.71526 0.325776 
7.40239 -2.04602 -1.83961 -2.82986 0.806328 
7.4524 -2.29143 -1.95521 -2.94235 1.2759 
7.50242 -2.53289 -2.06916 -3.05325 1.73741 
7.55244 -2.77148 -2.18191 -3.16297 2.19315 
7.60245 -3.00802 -2.29378 -3.27182 2.64482 
7.65247 -3.24313 -2.40501 -3.38004 3.09373 
7.70248 -3.47729 -2.51579 -3.4878 3.54085 
7.7525 -3.71083 -2.62626 -3.59523 3.98688 
7.80252 -3.944 -2.7365 -3.70244 4.43235 
7.85253 -4.177 -2.84661 -3.8095 4.87764 
7.90255 -4.40997 -2.95664 -3.91647 5.32307 
7.95256 -4.64303 -3.06663 -4.02339 5.76887 
8.00258 -4.87626 -3.17661 -4.13031 6.21525 
8.0526 -5.10977 -3.28661 -4.23726 6.6624 
8.10261 -5.34361 -3.39666 -4.34426 7.11049 
8.15263 -5.57787 -3.50678 -4.45135 7.55973 
8.20265 -5.81264 -3.61699 -4.55854 8.0103 
8.25266 -6.04797 -3.7273 -4.66587 8.4624 
8.30268 -6.28397 -3.83773 -4.77335 8.91628 
8.35269 -6.52071 -3.9483 -4.88101 9.37219 
8.40271 -6.7583 -4.05903 -4.98886 9.83039 
8.45273 -6.9968 -4.16991 -5.09692 10.2912 
8.50274 -7.23633 -4.28097 -5.2052 10.7549 
8.55276 -7.47697 -4.3922 -5.31371 11.2217 
8.60277 -7.71877 -4.5036 -5.42244 11.6922 
8.65279 -7.96181 -4.61515 -5.53138 12.1664 
8.70281 -8.2061 -4.72682 -5.64049 12.6447 
8.75282 -8.45162 -4.83857 -5.74971 13.1273 
8.80284 -8.6983 -4.95034 -5.85897 13.6143 
8.85285 -8.946 -5.06203 -5.96817 14.1056 
8.90287 -9.19448 -5.17354 -6.07715 14.6009 
8.95289 -9.4434 -5.28473 -6.18575 15.0999 
9.0029 -9.69232 -5.39542 -6.29376 15.6018 
9.05292 -9.94067 -5.50542 -6.40092 16.1056 
9.10293 -10.1878 -5.61452 -6.50698 16.6098 
9.15295 -10.4329 -5.72251 -6.61166 17.113 
9.20297 -10.6752 -5.82916 -6.71467 17.6132 
9.25298 -10.9139 -5.93429 -6.81578 18.1084 
9.303 -11.1482 -6.03772 -6.91476 18.5966 
9.35302 -11.3774 -6.13936 -7.01149 19.076 
9.40303 -11.6011 -6.23916 -7.10589 19.5448 
9.45305 -11.819 -6.33712 -7.19798 20.0019 
9.50306 -12.0309 -6.43333 -7.28784 20.4465 
9.55308 -12.237 -6.52792 -7.37564 20.8782 
9.6031 -12.4376 -6.62105 -7.46158 21.2972 
9.65311 -12.6331 -6.71292 -7.5459 21.704 
9.70313 -12.824 -6.80374 -7.62888 22.0994 
9.75315 -13.011 -6.89371 -7.71075 22.4846 
9.80316 -13.1946 -6.98301 -7.79175 22.8606 
9.85318 -13.3754 -7.07181 -7.87211 23.2288 
9.90319 -13.554 -7.16027 -7.952 23.5902 
9.95321 -13.7307 -7.24849 -8.03157 23.946 
10.0032 -13.9059 -7.33657 -8.11094 24.2971 
10.0532 -14.0801 -7.42459 -8.19022 24.6444 
10.1033 -14.2536 -7.5126 -8.26948 24.9887 
10.1533 -14.4264 -7.60064 -8.34875 25.3305 
10.2033 -14.5988 -7.68874 -8.42809 25.6704 
10.2533 -14.771 -7.77691 -8.50752 26.0089 
10.3033 -14.9431 -7.86516 -8.58704 26.3462 
10.3533 -15.115 -7.95351 -8.66665 26.6826 
10.4034 -15.2869 -8.04193 -8.74637 27.0183 
10.4534 -15.4588 -8.13043 -8.82618 27.3536 
10.5034 -15.6308 -8.21901 -8.90607 27.6884 
10.5534 -15.8028 -8.30765 -8.98605 28.023 
10.6034 -15.9748 -8.39634 -9.06609 28.3573 
10.6534 -16.1469 -8.48509 -9.14619 28.6914 
10.7035 -16.3191 -8.57387 -9.22634 29.0253 
10.7535 -16.4913 -8.66267 -9.30653 29.3591 
10.8035 -16.6635 -8.7515 -9.38675 29.6927 
10.8535 -16.8358 -8.84033 -9.46698 30.0261 
10.9035 -17.0081 -8.92917 -9.54723 30.3593 
10.9535 -17.1804 -9.01799 -9.62749 30.6923 
11.0035 -17.3527 -9.1068 -9.70775 31.025 
11.0536 -17.525 -9.19558 -9.78801 31.3573 
11.1036 -17.6973 -9.28432 -9.86828 31.6893 
11.1536 -17.8695 -9.37301 -9.94854 32.0208 
11.2036 -18.0416 -9.46165 -10.0288 32.3518 
11.2536 -18.2138 -9.55023 -10.1091 32.6821 
11.3036 -18.3858 -9.63874 -10.1895 33.0118 
11.3537 -18.5577 -9.72717 -10.2699 33.3406 
11.4037 -18.7296 -9.81552 -10.3503 33.6686 
11.4537 -18.9013 -9.90379 -10.431 33.9955 
11.5037 -19.0729 -9.99198 -10.5118 34.3213 
11.5537 -19.2443 -10.0801 -10.5929 34.6458 
11.6037 -19.4157 -10.1681 -10.6743 34.9691 
11.6538 -19.5869 -10.2561 -10.7561 35.291 
11.7038 -19.758 -10.3441 -10.8384 35.6115 
11.7538 -19.9291 -10.4321 -10.9214 35.9307 
11.8038 -20.1 -10.5201 -11.0052 36.2486 
11.8538 -20.271 -10.6083 -11.0898 36.5653 
11.9038 -20.4419 -10.6966 -11.1754 36.8811 
11.9539 -20.613 -10.7851 -11.2621 37.1962 
12.0039 -20.7842 -10.8739 -11.35 37.511 
12.0539 -20.9556 -10.963 -11.4391 37.8259 
12.1039 -21.1272 -11.0525 -11.5294 38.1413 
12.1539 -21.2992 -11.1424 -11.6208 38.4577 
12.2039 -21.4716 -11.2328 -11.7134 38.7754 
12.254 -21.6443 -11.3237 -11.807 39.0947 
12.304 -21.8175 -11.415 -11.9015 39.4161 
12.354 -21.9911 -11.5068 -11.9967 39.7396 
12.404 -22.1652 -11.599 -12.0925 40.0655 
12.454 -22.3397 -11.6917 -12.1887 40.3936 
12.504 -22.5145 -11.7846 -12.2852 40.7241 
12.554 -22.6898 -11.8779 -12.3819 41.0567 
12.6041 -22.8653 -11.9715 -12.4786 41.3914 
12.6541 -23.0412 -12.0653 -12.5754 41.728 
12.7041 -23.2173 -12.1593 -12.672 42.0664 
12.7541 -23.3937 -12.2535 -12.7686 42.4062 
12.8041 -23.5703 -12.3478 -12.865 42.7475 
12.8541 -23.7472 -12.4422 -12.9613 43.09 
12.9042 -23.9242 -12.5368 -13.0574 43.4337 
12.9542 -24.1014 -12.6314 -13.1534 43.7783 
13.0042 -24.2788 -12.7262 -13.2492 44.1239 
13.0542 -24.4564 -12.821 -13.345 44.4702 
13.1042 -24.6342 -12.916 -13.4406 44.8174 
13.1542 -24.8123 -13.011 -13.5362 45.1653 
13.2043 -24.9905 -13.1062 -13.6318 45.514 
13.2543 -25.1691 -13.2015 -13.7273 45.8634 
13.3043 -25.3479 -13.2969 -13.8229 46.2135 
13.3543 -25.5271 -13.3925 -13.9185 46.5645 
13.4043 -25.7067 -13.4883 -14.0141 46.9163 
13.4543 -25.8867 -13.5843 -14.1099 47.269 
13.5044 -26.0671 -13.6806 -14.2059 47.6228 
13.5544 -26.2481 -13.7771 -14.302 47.9776 
13.6044 -26.4297 -13.8739 -14.3984 48.3337 
13.6544 -26.612 -13.9711 -14.495 48.6912 
13.7044 -26.795 -14.0686 -14.5919 49.0501 
13.7544 -26.9789 -14.1666 -14.6892 49.4108 
13.8045 -27.1637 -14.2651 -14.7869 49.7733 
13.8545 -27.3496 -14.3641 -14.8849 50.1378 
13.9045 -27.5367 -14.4637 -14.9835 50.5046 
13.9545 -27.725 -14.5639 -15.0826 50.8739 
14.0045 -27.9146 -14.6648 -15.1822 51.2458 
14.0545 -28.1057 -14.7663 -15.2823 51.6206 
14.1045 -28.2984 -14.8687 -15.3831 51.9985 
14.1546 -28.4926 -14.9717 -15.4844 52.3795 
14.2046 -28.6885 -15.0755 -15.5862 52.7636 
14.2546 -28.8859 -15.18 -15.6885 53.151 
14.3046 -29.0849 -15.2851 -15.7911 53.5414 
14.3546 -29.2851 -15.3906 -15.8939 53.9345 
14.4046 -29.4863 -15.4964 -15.9967 54.3297 
14.4547 -29.6881 -15.6022 -16.0991 54.7262 
14.5047 -29.8898 -15.7076 -16.2007 55.1229 
14.5547 -30.0906 -15.812 -16.3011 55.5182 
14.6047 -30.2895 -15.915 -16.3995 55.9103 
14.6547 -30.4852 -16.0157 -16.4954 56.2968 
14.7047 -30.6763 -16.1133 -16.5879 56.6749 
14.7548 -30.8612 -16.2069 -16.6761 57.0415 
14.8048 -31.038 -16.2956 -16.759 57.3934 
14.8548 -31.2051 -16.3784 -16.8359 57.7269 
14.9048 -31.3606 -16.4543 -16.9059 58.039 
14.9548 -31.503 -16.5226 -16.9682 58.3265 
15.0048 -31.6311 -16.5827 -17.0226 58.5871 
15.0549 -31.7442 -16.6342 -17.0686 58.8192 
15.1049 -31.8419 -16.6771 -17.1063 59.0222 
15.1549 -31.9244 -16.7116 -17.1362 59.1962 
15.2049 -31.9924 -16.7382 -17.1586 59.3425 
15.2549 -32.0468 -16.7575 -17.1743 59.4631 
15.3049 -32.0892 -16.7704 -17.1843 59.5604 
15.355 -32.1211 -16.7778 -17.1894 59.6374 
15.405 -32.1441 -16.7807 -17.1906 59.6973 
15.455 -32.1599 -16.7799 -17.1887 59.7431 
15.505 -32.1699 -16.7764 -17.1846 59.7776 
15.555 -32.1756 -16.7709 -17.179 59.8036 
15.605 -32.1782 -16.764 -17.1724 59.8233 
15.655 -32.1785 -16.7562 -17.1654 59.8386 
15.7051 -32.1776 -16.748 -17.1583 59.8511 
15.7551 -32.1759 -16.7397 -17.1514 59.862 
15.8051 -32.1741 -16.7315 -17.1448 59.8723 
15.8551 -32.1723 -16.7237 -17.1388 59.8827 
15.9051 -32.171 -16.7162 -17.1333 59.8937 
15.9551 -32.1703 -16.7093 -17.1285 59.9057 
16.0052 -32.1702 -16.7029 -17.1243 59.9188 
16.0552 -32.1709 -16.697 -17.1208 59.9333 
16.1052 -32.1723 -16.6916 -17.1178 59.949 
16.1552 -32.1745 -16.6867 -17.1154 59.9661 
16.2052 -32.1773 -16.6823 -17.1136 59.9845 
16.2552 -32.1809 -16.6783 -17.1121 60.0041 
16.3053 -32.185 -16.6747 -17.1112 60.0248 
16.3553 -32.1897 -16.6715 -17.1106 60.0466 
16.4053 -32.1949 -16.6686 -17.1103 60.0693 
16.4553 -32.2006 -16.6659 -17.1103 60.0929 
16.5053 -32.2067 -16.6635 -17.1106 60.1173 
16.5553 -32.2132 -16.6614 -17.1112 60.1423 
16.6054 -32.22 -16.6594 -17.1119 60.1681 
16.6554 -32.2271 -16.6576 -17.1128 60.1943 
16.7054 -32.2345 -16.656 -17.1138 60.2211 
16.7554 -32.2421 -16.6544 -17.115 60.2484 
16.8054 -32.2499 -16.653 -17.1163 60.2762 
16.8554 -32.258 -16.6517 -17.1177 60.3043 
16.9055 -32.2662 -16.6505 -17.1192 60.3328 
16.9555 -32.2746 -16.6493 -17.1207 60.3618 
17.0055 -32.2832 -16.6482 -17.1223 60.3911 
17.0555 -32.2919 -16.6472 -17.1239 60.4209 
17.1055 -32.3009 -16.6462 -17.1256 60.4511 
17.1555 -32.3101 -16.6453 -17.1273 60.4819 
17.2055 -32.3195 -16.6445 -17.129 60.5133 
17.2556 -32.3293 -16.6437 -17.1307 60.5455 
17.3056 -32.3394 -16.6431 -17.1325 60.5788 
17.3556 -32.35 -16.6425 -17.1343 60.6133 
17.4056 -32.3612 -16.6422 -17.1361 60.6495 
17.4556 -32.3733 -16.642 -17.1379 60.6878 
17.5056 -32.3863 -16.6421 -17.1397 60.729 
17.5557 -32.4007 -16.6425 -17.1415 60.7738 
17.6057 -32.4168 -16.6433 -17.1431 60.8235 
17.6557 -32.435 -16.6445 -17.1445 60.8791 
17.7057 -32.4557 -16.6461 -17.1454 60.9424 
17.7557 -32.4795 -16.6481 -17.1456 61.0151 
17.8057 -32.5067 -16.6502 -17.1445 61.0991 
17.8558 -32.5378 -16.652 -17.1416 61.1963 
17.9058 -32.5728 -16.6529 -17.1359 61.3082 
17.9558 -32.6112 -16.652 -17.1263 61.4354 
18.0058 -32.6521 -16.6479 -17.1113 61.5774 
18.0558 -32.6938 -16.6389 -17.0894 61.7318 
18.1058 -32.7336 -16.6231 -17.0591 61.894 
18.1559 -32.7683 -16.5984 -17.0189 62.0571 
18.2059 -32.7943 -16.5632 -16.9681 62.2123 
18.2559 -32.808 -16.5162 -16.9065 62.3504 
18.3059 -32.8066 -16.4571 -16.8348 62.4625 
18.3559 -32.7881 -16.3862 -16.7544 62.5417 
18.4059 -32.7522 -16.3048 -16.6671 62.5838 
18.456 -32.6995 -16.2146 -16.5749 62.5877 
18.506 -32.6316 -16.1175 -16.4799 62.5548 
18.556 -32.5507 -16.0153 -16.3836 62.4885 
18.606 -32.459 -15.9098 -16.2874 62.3931 
18.656 -32.3587 -15.8022 -16.1921 62.2732 
18.706 -32.2519 -15.6936 -16.0982 62.1335 
18.756 -32.14 -15.5846 -16.006 61.9779 
18.8061 -32.0244 -15.4758 -15.9157 61.8099 
18.8561 -31.9062 -15.3675 -15.827 61.6322 
18.9061 -31.7859 -15.2597 -15.74 61.4472 
18.9561 -31.6641 -15.1525 -15.6544 61.2564 
19.0061 -31.5411 -15.0459 -15.5701 61.0611 
19.0561 -31.4172 -14.9399 -15.4867 60.8625 
19.1062 -31.2923 -14.8343 -15.4042 60.661 
19.1562 -31.1666 -14.729 -15.3223 60.4571 
19.2062 -31.0398 -14.624 -15.2408 60.2512 
19.2562 -30.9119 -14.5192 -15.1595 60.0432 
19.3062 -30.7825 -14.4143 -15.0783 59.8331 
19.3562 -30.6515 -14.3094 -14.997 59.6207 
19.4063 -30.5183 -14.2042 -14.9154 59.4057 
19.4563 -30.3826 -14.0988 -14.8334 59.1876 
19.5063 -30.2439 -13.9931 -14.7508 58.9657 
19.5563 -30.1015 -13.8869 -14.6674 58.7393 
19.6063 -29.9548 -13.7804 -14.5832 58.5076 
19.6563 -29.8032 -13.6737 -14.4981 58.2696 
19.7064 -29.6462 -13.5668 -14.4122 58.0243 
19.7564 -29.4832 -13.46 -14.3255 57.7709 
19.8064 -29.3143 -13.3538 -14.2383 57.5087 
19.8564 -29.1397 -13.2484 -14.1509 57.2375 
19.9064 -28.9598 -13.1446 -14.0639 56.9575 
19.9564 -28.7761 -13.0427 -13.9777 56.6697 
20.0065 -28.5898 -12.9434 -13.8929 56.3755 
20.0565 -28.403 -12.8469 -13.8102 56.0771 
20.1065 -28.2173 -12.7534 -13.7299 55.7766 
20.1565 -28.0343 -12.663 -13.6522 55.4763 
20.2065 -27.8553 -12.5755 -13.5772 55.1781 
20.2565 -27.6811 -12.4906 -13.5047 54.8835 
20.3065 -27.5119 -12.4078 -13.4346 54.5932 
20.3566 -27.3476 -12.3268 -13.3665 54.3078 
20.4066 -27.1878 -12.2471 -13.3001 54.027 
20.4566 -27.032 -12.1685 -13.235 53.7505 
20.5066 -26.8794 -12.0905 -13.171 53.4779 
20.5566 -26.7296 -12.0131 -13.1077 53.2085 
20.6066 -26.582 -11.9361 -13.0451 52.9417 
20.6567 -26.4361 -11.8593 -12.9828 52.6771 
20.7067 -26.2915 -11.7827 -12.9209 52.4141 
20.7567 -26.1479 -11.7062 -12.8593 52.1525 
20.8067 -26.0049 -11.6298 -12.7977 51.8918 
20.8567 -25.8626 -11.5534 -12.7363 51.6318 
20.9067 -25.7206 -11.477 -12.675 51.3724 
20.9568 -25.5788 -11.4007 -12.6137 51.1133 
21.0068 -25.4373 -11.3244 -12.5525 50.8546 
21.0568 -25.296 -11.2481 -12.4913 50.596 
21.1068 -25.1547 -11.1718 -12.4302 50.3376 
21.1568 -25.0135 -11.0955 -12.369 50.0793 
21.2068 -24.8723 -11.0193 -12.3079 49.8211 
21.2569 -24.7312 -10.943 -12.2468 49.5629 
21.3069 -24.5901 -10.8667 -12.1857 49.3047 
21.3569 -24.449 -10.7905 -12.1245 49.0466 
21.4069 -24.3079 -10.7142 -12.0634 48.7885 
21.4569 -24.1669 -10.638 -12.0023 48.5304 
21.5069 -24.0258 -10.5617 -11.9412 48.2723 
21.557 -23.8847 -10.4854 -11.8802 48.0142 
21.607 -23.7437 -10.4092 -11.8191 47.756 
21.657 -23.6026 -10.3329 -11.758 47.4979 
21.707 -23.4615 -10.2567 -11.6969 47.2398 
21.757 -23.3204 -10.1804 -11.6358 46.9816 
21.807 -23.1794 -10.1042 -11.5748 46.7234 
21.857 -23.0383 -10.0279 -11.5137 46.4652 
21.9071 -22.8972 -9.95162 -11.4527 46.207 
21.9571 -22.7561 -9.87534 -11.3916 45.9487 
22.0071 -22.615 -9.79906 -11.3306 45.6904 
22.0571 -22.4738 -9.72277 -11.2696 45.432 
22.1071 -22.3327 -9.64647 -11.2086 45.1736 
22.1571 -22.1915 -9.57016 -11.1476 44.9151 
22.2072 -22.0503 -9.49385 -11.0866 44.6565 
22.2572 -21.9091 -9.41752 -11.0256 44.3979 
22.3072 -21.7678 -9.34117 -10.9647 44.1391 
22.3572 -21.6266 -9.26481 -10.9038 43.8802 
22.4072 -21.4852 -9.18843 -10.8429 43.6212 
22.4572 -21.3439 -9.11203 -10.7821 43.362 
22.5073 -21.2024 -9.0356 -10.7212 43.1026 
22.5573 -21.061 -8.95915 -10.6605 42.843 
22.6073 -20.9194 -8.88266 -10.5998 42.5832 
22.6573 -20.7778 -8.80614 -10.5391 42.3231 
22.7073 -20.636 -8.72959 -10.4785 42.0626 
22.7573 -20.4942 -8.65299 -10.418 41.8019 
22.8074 -20.3523 -8.57634 -10.3575 41.5407 
22.8574 -20.2102 -8.49964 -10.2972 41.279 
22.9074 -20.068 -8.42288 -10.2369 41.0168 
22.9574 -19.9256 -8.34606 -10.1767 40.7541 
23.0074 -19.783 -8.26918 -10.1167 40.4907 
23.0574 -19.6403 -8.19222 -10.0568 40.2265 
23.1075 -19.4973 -8.11519 -9.997 39.9615 
23.1575 -19.354 -8.03807 -9.93737 39.6957 
23.2075 -19.2105 -7.96088 -9.87791 39.4288 
23.2575 -19.0667 -7.88359 -9.81862 39.1609 
23.3075 -18.9226 -7.80622 -9.75951 38.8918 
23.3575 -18.7781 -7.72877 -9.70059 38.6214 
23.4075 -18.6333 -7.65124 -9.64186 38.3497 
23.4576 -18.4881 -7.57364 -9.58331 38.0765 
23.5076 -18.3425 -7.49598 -9.52495 37.8018 
23.5576 -18.1966 -7.41828 -9.46676 37.5256 
23.6076 -18.0502 -7.34057 -9.40873 37.2477 
23.6576 -17.9034 -7.26286 -9.35083 36.9683 
23.7076 -17.7563 -7.1852 -9.29302 36.6873 
23.7577 -17.6089 -7.10763 -9.23526 36.4049 
23.8077 -17.4611 -7.03021 -9.17749 36.1212 
23.8577 -17.3132 -6.95299 -9.11963 35.8363 
23.9077 -17.1651 -6.87603 -9.06161 35.5505 
23.9577 -17.0171 -6.79941 -9.00333 35.2642 
24.0077 -16.8691 -6.72321 -8.94469 34.9777 
24.0578 -16.7213 -6.6475 -8.88559 34.6915 
24.1078 -16.574 -6.57237 -8.8259 34.4061 
24.1578 -16.4271 -6.49788 -8.76552 34.1221 
24.2078 -16.281 -6.4241 -8.70433 33.8398 
24.2578 -16.1357 -6.3511 -8.64223 33.56 
24.3078 -15.9914 -6.27891 -8.57914 33.2832 
24.3579 -15.8482 -6.20757 -8.51499 33.0097 
24.4079 -15.7062 -6.1371 -8.44972 32.7402 
24.4579 -15.5656 -6.06749 -8.38331 32.4748 
24.5079 -15.4263 -5.99873 -8.31574 32.2139 
24.5579 -15.2885 -5.93078 -8.24703 31.9577 
24.6079 -15.152 -5.8636 -8.17722 31.7061 
24.658 -15.0169 -5.79714 -8.10636 31.4592 
24.708 -14.8832 -5.73132 -8.03451 31.217 
24.758 -14.7507 -5.6661 -7.96174 30.9791 
24.808 -14.6195 -5.60139 -7.88814 30.7454 
24.858 -14.4893 -5.53714 -7.81379 30.5156 
24.908 -14.3602 -5.47326 -7.73878 30.2894 
24.958 -14.2319 -5.4097 -7.66318 30.0666 
25.0081 -14.1045 -5.34641 -7.58709 29.8468 
25.0581 -13.9779 -5.28333 -7.51056 29.6296 
25.1081 -13.8518 -5.22041 -7.43368 29.4148 
25.1581 -13.7263 -5.15762 -7.35649 29.2022 
25.2081 -13.6013 -5.09491 -7.27906 28.9914 
25.2581 -13.4767 -5.03226 -7.20143 28.7822 
25.3082 -13.3525 -4.96964 -7.12363 28.5743 
25.3582 -13.2285 -4.90704 -7.04571 28.3677 
25.4082 -13.1048 -4.84443 -6.96769 28.1621 
25.4582 -12.9812 -4.78181 -6.88959 27.9573 
25.5082 -12.8579 -4.71915 -6.81145 27.7533 
25.5582 -12.7346 -4.65645 -6.73325 27.5498 
25.6083 -12.6115 -4.59371 -6.65503 27.3468 
25.6583 -12.4884 -4.53091 -6.57679 27.1442 
25.7083 -12.3654 -4.46805 -6.49852 26.9419 
25.7583 -12.2423 -4.40513 -6.42024 26.7399 
25.8083 -12.1193 -4.34214 -6.34195 26.538 
25.8583 -11.9963 -4.27909 -6.26364 26.3363 
25.9084 -11.8732 -4.21595 -6.18529 26.1346 
25.9584 -11.7501 -4.15273 -6.10692 25.9329 
26.0084 -11.6268 -4.08943 -6.0285 25.7311 
26.0584 -11.5035 -4.02603 -5.95002 25.5293 
26.1084 -11.3801 -3.96253 -5.87146 25.3273 
26.1584 -11.2565 -3.89892 -5.79282 25.1251 
26.2085 -11.1327 -3.83518 -5.71406 24.9227 
26.2585 -11.0087 -3.77131 -5.63515 24.7199 
26.3085 -10.8845 -3.70728 -5.55607 24.5168 
26.3585 -10.7599 -3.64308 -5.47678 24.3132 
26.4085 -10.6351 -3.57869 -5.39724 24.1091 
26.4585 -10.5098 -3.51408 -5.31739 23.9043 
26.5085 -10.3841 -3.44922 -5.23719 23.6987 
26.5586 -10.2578 -3.38409 -5.15657 23.4923 
26.6086 -10.131 -3.31864 -5.07546 23.2849 
26.6586 -10.0034 -3.25284 -4.99378 23.0763 
26.7086 -9.87507 -3.18664 -4.91144 22.8664 
26.7586 -9.74584 -3.12 -4.82833 22.6549 
26.8086 -9.61561 -3.05287 -4.74436 22.4417 
26.8587 -9.48425 -2.9852 -4.6594 22.2264 
26.9087 -9.35164 -2.91693 -4.57331 22.009 
26.9587 -9.21766 -2.84802 -4.48598 21.7891 
27.0087 -9.0822 -2.77843 -4.39726 21.5664 
27.0587 -8.94514 -2.70813 -4.30701 21.3407 
27.1087 -8.80639 -2.63711 -4.21512 21.1117 
27.1588 -8.66592 -2.56536 -4.12147 20.8793 
27.2088 -8.52373 -2.49293 -4.02599 20.6432 
27.2588 -8.37986 -2.41989 -3.92863 20.4035 
27.3088 -8.23447 -2.34636 -3.82942 20.1602 
27.3588 -8.08782 -2.27254 -3.72846 19.9134 
27.4088 -7.94029 -2.19867 -3.62595 19.6636 
27.4589 -7.79241 -2.12508 -3.52219 19.4114 
27.5089 -7.64486 -2.05217 -3.41763 19.1576 
27.5589 -7.49849 -1.98044 -3.31286 18.9035 
27.6089 -7.35426 -1.91043 -3.20858 18.6503 
27.6589 -7.21329 -1.84274 -3.10562 18.3998 
27.7089 -7.07676 -1.77797 -3.00493 18.1539 
27.759 -6.94583 -1.71675 -2.90748 17.9143 
27.809 -6.82164 -1.6596 -2.81425 17.6831 
27.859 -6.70517 -1.607 -2.72615 17.462 
27.909 -6.59721 -1.55927 -2.64396 17.2526 
27.959 -6.49828 -1.5166 -2.56829 17.056 
28.009 -6.40863 -1.47902 -2.49953 16.873 
28.059 -6.32821 -1.4464 -2.43787 16.704 
28.1091 -6.25672 -1.41849 -2.38325 16.5488 
28.1591 -6.19362 -1.39493 -2.33544 16.4069 
28.2091 -6.13822 -1.37526 -2.29402 16.2777 
28.2591 -6.08971 -1.35902 -2.25848 16.1599 
28.3091 -6.04722 -1.34569 -2.22821 16.0525 
28.3591 -6.00988 -1.33481 -2.2026 15.9542 
28.4092 -5.97687 -1.32591 -2.18102 15.8638 
28.4592 -5.94742 -1.31859 -2.16286 15.7801 
28.5092 -5.92084 -1.31249 -2.14757 15.702 
28.5592 -5.89652 -1.3073 -2.13465 15.6286 
28.6092 -5.87395 -1.30277 -2.12367 15.5589 
28.6592 -5.8527 -1.29869 -2.11423 15.4922 
28.7093 -5.83241 -1.29489 -2.10603 15.4279 
28.7593 -5.81279 -1.29124 -2.09878 15.3655 
28.8093 -5.79362 -1.28763 -2.09227 15.3045 
28.8593 -5.77471 -1.284 -2.08632 15.2446 
28.9093 -5.75594 -1.28029 -2.08077 15.1854 
28.9593 -5.73718 -1.27646 -2.07552 15.1268 
29.0094 -5.71838 -1.27248 -2.07046 15.0686 
29.0594 -5.69947 -1.26835 -2.06554 15.0107 
29.1094 -5.68041 -1.26405 -2.06069 14.9529 
29.1594 -5.66119 -1.25959 -2.05587 14.8951 
29.2094 -5.64179 -1.25496 -2.05105 14.8373 
29.2594 -5.6222 -1.25017 -2.04621 14.7795 
29.3095 -5.60243 -1.24523 -2.04134 14.7216 
29.3595 -5.58248 -1.24015 -2.03641 14.6636 
29.4095 -5.56235 -1.23494 -2.03144 14.6055 
29.4595 -5.54206 -1.22961 -2.0264 14.5473 
29.5095 -5.52161 -1.22416 -2.0213 14.4889 
29.5595 -5.50101 -1.21861 -2.01615 14.4305 
29.6095 -5.48028 -1.21297 -2.01093 14.3719 
29.6596 -5.45943 -1.20724 -2.00566 14.3132 
29.7096 -5.43846 -1.20143 -2.00034 14.2544 
29.7596 -5.41739 -1.19555 -1.99497 14.1955 
29.8096 -5.39623 -1.18961 -1.98955 14.1365 
29.8596 -5.37498 -1.18362 -1.98408 14.0774 
29.9096 -5.35365 -1.17757 -1.97858 14.0182 
29.9597 -5.33225 -1.17148 -1.97304 13.959 
30.0097 -5.31079 -1.16534 -1.96746 13.8996 
30.0597 -5.28927 -1.15917 -1.96186 13.8403 
30.1097 -5.2677 -1.15297 -1.95622 13.7808 
30.1597 -5.24609 -1.14673 -1.95056 13.7214 
30.2097 -5.22443 -1.14047 -1.94488 13.6618 
30.2598 -5.20274 -1.13419 -1.93918 13.6023 
30.3098 -5.18101 -1.12789 -1.93345 13.5427 
30.3598 -5.15926 -1.12157 -1.92771 13.483 
30.4098 -5.13748 -1.11523 -1.92196 13.4234 
30.4598 -5.11567 -1.10887 -1.91619 13.3637 
30.5098 -5.09384 -1.10251 -1.91041 13.3039 
30.5599 -5.072 -1.09613 -1.90461 13.2442 
30.6099 -5.05013 -1.08974 -1.89881 13.1844 
30.6599 -5.02826 -1.08334 -1.893 13.1247 
30.7099 -5.00637 -1.07693 -1.88718 13.0649 
30.7599 -4.98446 -1.07052 -1.88135 13.005 
30.8099 -4.96255 -1.0641 -1.87552 12.9452 
30.86 -4.94062 -1.05767 -1.86968 12.8854 
30.91 -4.91869 -1.05124 -1.86383 12.8255 
30.96 -4.89675 -1.0448 -1.85798 12.7657 
