0.0365954 0.0162397 0.0120028 -0.110577 0.0162397 0.00801818 0.00519333 -0.0510518 0.0120028 0.00519333 0.00427728 -0.0352841 -0.110577 -0.0510518 -0.0352841 0.354283 
0.0365954 0.0162397 0.0120028 -0.110577 0.0162397 0.00801818 0.00519333 -0.0510518 0.0120028 0.00519333 0.00427728 -0.0352841 -0.110577 -0.0510518 -0.0352841 0.354283 
0.0365954 0.0162397 0.0120028 -0.110577 0.0162397 0.00801818 0.00519333 -0.0510518 0.0120028 0.00519333 0.00427728 -0.0352841 -0.110577 -0.0510518 -0.0352841 0.354283 
0.0365954 0.0162397 0.0120028 -0.110577 0.0162397 0.00801818 0.00519333 -0.0510518 0.0120028 0.00519333 0.00427728 -0.0352841 -0.110577 -0.0510518 -0.0352841 0.354283 
0.0365954 0.0162397 0.0120028 -0.110577 0.0162397 0.00801818 0.00519333 -0.0510518 0.0120028 0.00519333 0.00427728 -0.0352841 -0.110577 -0.0510518 -0.0352841 0.354283 
0.0365954 0.0162397 0.0120028 -0.110577 0.0162397 0.00801818 0.00519333 -0.0510518 0.0120028 0.00519333 0.00427728 -0.0352841 -0.110577 -0.0510518 -0.0352841 0.354283 
0.0365954 0.0162397 0.0120028 -0.110577 0.0162397 0.00801818 0.00519333 -0.0510518 0.0120028 0.00519333 0.00427728 -0.0352841 -0.110577 -0.0510518 -0.0352841 0.354283 
0.0365954 0.0162397 0.0120028 -0.110577 0.0162397 0.00801818 0.00519333 -0.0510518 0.0120028 0.00519333 0.00427728 -0.0352841 -0.110577 -0.0510518 -0.0352841 0.354283 
0.0365954 0.0162397 0.0120028 -0.110577 0.0162397 0.00801818 0.00519333 -0.0510518 0.0120028 0.00519333 0.00427728 -0.0352841 -0.110577 -0.0510518 -0.0352841 0.354283 
0.0365954 0.0162397 0.0120028 -0.110577 0.0162397 0.00801818 0.00519333 -0.0510518 0.0120028 0.00519333 0.00427728 -0.0352841 -0.110577 -0.0510518 -0.0352841 0.354283 
0.0365954 0.0162397 0.0120028 -0.110577 0.0162397 0.00801818 0.00519333 -0.0510518 0.0120028 0.00519333 0.00427728 -0.0352841 -0.110577 -0.0510518 -0.0352841 0.354283 
0.0365954 0.0162397 0.0120028 -0.110577 0.0162397 0.00801818 0.00519333 -0.0510518 0.0120028 0.00519333 0.00427728 -0.0352841 -0.110577 -0.0510518 -0.0352841 0.354283 
0.0365954 0.0162397 0.0120028 -0.110577 0.0162397 0.00801818 0.00519333 -0.0510518 0.0120028 0.00519333 0.00427728 -0.0352841 -0.110577 -0.0510518 -0.0352841 0.354283 
0.0365954 0.0162397 0.0120028 -0.110577 0.0162397 0.00801818 0.00519333 -0.0510518 0.0120028 0.00519333 0.00427728 -0.0352841 -0.110577 -0.0510518 -0.0352841 0.354283 
0.0365954 0.0162397 0.0120028 -0.110577 0.0162397 0.00801818 0.00519333 -0.0510518 0.0120028 0.00519333 0.00427728 -0.0352841 -0.110577 -0.0510518 -0.0352841 0.354283 
0.0365954 0.0162397 0.0120028 -0.110577 0.0162397 0.00801818 0.00519333 -0.0510518 0.0120028 0.00519333 0.00427728 -0.0352841 -0.110577 -0.0510518 -0.0352841 0.354283 
0.0365954 0.0162397 0.0120028 -0.110577 0.0162397 0.00801818 0.00519333 -0.0510518 0.0120028 0.00519333 0.00427728 -0.0352841 -0.110577 -0.0510518 -0.0352841 0.354283 
0.0365954 0.0162397 0.0120028 -0.110577 0.0162397 0.00801818 0.00519333 -0.0510518 0.0120028 0.00519333 0.00427728 -0.0352841 -0.110577 -0.0510518 -0.0352841 0.354283 
0.0365954 0.0162397 0.0120028 -0.110577 0.0162397 0.00801818 0.00519333 -0.0510518 0.0120028 0.00519333 0.00427728 -0.0352841 -0.110577 -0.0510518 -0.0352841 0.354283 
0.0365954 0.0162397 0.0120028 -0.110577 0.0162397 0.00801818 0.00519333 -0.0510518 0.0120028 0.00519333 0.00427728 -0.0352841 -0.110577 -0.0510518 -0.0352841 0.354283 
0.0365954 0.0162397 0.0120028 -0.110577 0.0162397 0.00801818 0.00519333 -0.0510518 0.0120028 0.00519333 0.00427728 -0.0352841 -0.110577 -0.0510518 -0.0352841 0.354283 
0.0365954 0.0162397 0.0120028 -0.110577 0.0162397 0.00801818 0.00519333 -0.0510518 0.0120028 0.00519333 0.00427728 -0.0352841 -0.110577 -0.0510518 -0.0352841 0.354283 
0.0365954 0.0162397 0.0120028 -0.110577 0.0162397 0.00801818 0.00519333 -0.0510518 0.0120028 0.00519333 0.00427728 -0.0352841 -0.110577 -0.0510518 -0.0352841 0.354283 
0.0365954 0.0162397 0.0120028 -0.110577 0.0162397 0.00801818 0.00519333 -0.0510518 0.0120028 0.00519333 0.00427728 -0.0352841 -0.110577 -0.0510518 -0.0352841 0.354283 
0.0365954 0.0162397 0.0120028 -0.110577 0.0162397 0.00801818 0.00519333 -0.0510518 0.0120028 0.00519333 0.00427728 -0.0352841 -0.110577 -0.0510518 -0.0352841 0.354283 
0.0365954 0.0162397 0.0120028 -0.110577 0.0162397 0.00801818 0.00519333 -0.0510518 0.0120028 0.00519333 0.00427728 -0.0352841 -0.110577 -0.0510518 -0.0352841 0.354283 
0.0365954 0.0162397 0.0120028 -0.110577 0.0162397 0.00801818 0.00519333 -0.0510518 0.0120028 0.00519333 0.00427728 -0.0352841 -0.110577 -0.0510518 -0.0352841 0.354283 
0.0365954 0.0162397 0.0120028 -0.110577 0.0162397 0.00801818 0.00519333 -0.0510518 0.0120028 0.00519333 0.00427728 -0.0352841 -0.110577 -0.0510518 -0.0352841 0.354283 
0.0365954 0.0162397 0.0120028 -0.110577 0.0162397 0.00801818 0.00519333 -0.0510518 0.0120028 0.00519333 0.00427728 -0.0352841 -0.110577 -0.0510518 -0.0352841 0.354283 
0.0365954 0.0162397 0.0120028 -0.110577 0.0162397 0.00801818 0.00519333 -0.0510518 0.0120028 0.00519333 0.00427728 -0.0352841 -0.110577 -0.0510518 -0.0352841 0.354283 
0.0365954 0.0162397 0.0120028 -0.110577 0.0162397 0.00801818 0.00519333 -0.0510518 0.0120028 0.00519333 0.00427728 -0.0352841 -0.110577 -0.0510518 -0.0352841 0.354283 
0.0365954 0.0162397 0.0120028 -0.110577 0.0162397 0.00801818 0.00519333 -0.0510518 0.0120028 0.00519333 0.00427728 -0.0352841 -0.110577 -0.0510518 -0.0352841 0.354283 
0.0365954 0.0162397 0.0120028 -0.110577 0.0162397 0.00801818 0.00519333 -0.0510518 0.0120028 0.00519333 0.00427728 -0.0352841 -0.110577 -0.0510518 -0.0352841 0.354283 
0.0365954 0.0162397 0.0120028 -0.110577 0.0162397 0.00801818 0.00519333 -0.0510518 0.0120028 0.00519333 0.00427728 -0.0352841 -0.110577 -0.0510518 -0.0352841 0.354283 
0.0365954 0.0162397 0.0120028 -0.110577 0.0162397 0.00801818 0.00519333 -0.0510518 0.0120028 0.00519333 0.00427728 -0.0352841 -0.110577 -0.0510518 -0.0352841 0.354283 
0.0365954 0.0162397 0.0120028 -0.110577 0.0162397 0.00801818 0.00519333 -0.0510518 0.0120028 0.00519333 0.00427728 -0.0352841 -0.110577 -0.0510518 -0.0352841 0.354283 
0.0365954 0.0162397 0.0120028 -0.110577 0.0162397 0.00801818 0.00519333 -0.0510518 0.0120028 0.00519333 0.00427728 -0.0352841 -0.110577 -0.0510518 -0.0352841 0.354283 
0.0365954 0.0162397 0.0120028 -0.110577 0.0162397 0.00801818 0.00519333 -0.0510518 0.0120028 0.00519333 0.00427728 -0.0352841 -0.110577 -0.0510518 -0.0352841 0.354283 
0.0365954 0.0162397 0.0120028 -0.110577 0.0162397 0.00801818 0.00519333 -0.0510518 0.0120028 0.00519333 0.00427728 -0.0352841 -0.110577 -0.0510518 -0.0352841 0.354283 
0.0365954 0.0162397 0.0120028 -0.110577 0.0162397 0.00801818 0.00519333 -0.0510518 0.0120028 0.00519333 0.00427728 -0.0352841 -0.110577 -0.0510518 -0.0352841 0.354283 
0.0365954 0.0162397 0.0120028 -0.110577 0.0162397 0.00801818 0.00519333 -0.0510518 0.0120028 0.00519333 0.00427728 -0.0352841 -0.110577 -0.0510518 -0.0352841 0.354283 
0.0365954 0.0162397 0.0120028 -0.110577 0.0162397 0.00801818 0.00519333 -0.0510518 0.0120028 0.00519333 0.00427728 -0.0352841 -0.110577 -0.0510518 -0.0352841 0.354283 
0.0365954 0.0162397 0.0120028 -0.110577 0.0162397 0.00801818 0.00519333 -0.0510518 0.0120028 0.00519333 0.00427728 -0.0352841 -0.110577 -0.0510518 -0.0352841 0.354283 
0.0365954 0.0162397 0.0120028 -0.110577 0.0162397 0.00801818 0.00519333 -0.0510518 0.0120028 0.00519333 0.00427728 -0.0352841 -0.110577 -0.0510518 -0.0352841 0.354283 
0.0365954 0.0162397 0.0120028 -0.110577 0.0162397 0.00801818 0.00519333 -0.0510518 0.0120028 0.00519333 0.00427728 -0.0352841 -0.110577 -0.0510518 -0.0352841 0.354283 
0.0365954 0.0162397 0.0120028 -0.110577 0.0162397 0.00801818 0.00519333 -0.0510518 0.0120028 0.00519333 0.00427728 -0.0352841 -0.110577 -0.0510518 -0.0352841 0.354283 
0.0365954 0.0162397 0.0120028 -0.110577 0.0162397 0.00801818 0.00519333 -0.0510518 0.0120028 0.00519333 0.00427728 -0.0352841 -0.110577 -0.0510518 -0.0352841 0.354283 
0.0365954 0.0162397 0.0120028 -0.110577 0.0162397 0.00801818 0.00519333 -0.0510518 0.0120028 0.00519333 0.00427728 -0.0352841 -0.110577 -0.0510518 -0.0352841 0.354283 
0.0365954 0.0162397 0.0120028 -0.110577 0.0162397 0.00801819 0.00519333 -0.0510519 0.0120028 0.00519333 0.00427729 -0.0352841 -0.110577 -0.0510519 -0.0352841 0.354283 
0.0365954 0.0162397 0.0120028 -0.110577 0.0162397 0.00801819 0.00519333 -0.0510519 0.0120028 0.00519333 0.00427729 -0.0352841 -0.110577 -0.0510519 -0.0352841 0.354283 
0.0365954 0.0162397 0.0120028 -0.110577 0.0162397 0.00801819 0.00519333 -0.0510519 0.0120028 0.00519333 0.00427729 -0.0352841 -0.110577 -0.0510519 -0.0352841 0.354283 
0.0365954 0.0162397 0.0120028 -0.110577 0.0162397 0.00801819 0.00519333 -0.0510519 0.0120028 0.00519333 0.00427729 -0.0352841 -0.110577 -0.0510519 -0.0352841 0.354283 
0.0365954 0.0162397 0.0120028 -0.110577 0.0162397 0.00801819 0.00519334 -0.0510519 0.0120028 0.00519334 0.00427729 -0.0352841 -0.110577 -0.0510519 -0.0352841 0.354283 
0.0365955 0.0162397 0.0120028 -0.110577 0.0162397 0.0080182 0.00519334 -0.0510519 0.0120028 0.00519334 0.00427729 -0.0352842 -0.110577 -0.0510519 -0.0352842 0.354283 
0.0365955 0.0162397 0.0120029 -0.110577 0.0162397 0.0080182 0.00519334 -0.0510519 0.0120029 0.00519334 0.0042773 -0.0352842 -0.110577 -0.0510519 -0.0352842 0.354283 
0.0365955 0.0162398 0.0120029 -0.110577 0.0162398 0.00801821 0.00519335 -0.051052 0.0120029 0.00519335 0.0042773 -0.0352842 -0.110577 -0.051052 -0.0352842 0.354283 
0.0365956 0.0162398 0.0120029 -0.110577 0.0162398 0.00801823 0.00519336 -0.051052 0.0120029 0.00519336 0.00427731 -0.0352843 -0.110577 -0.051052 -0.0352843 0.354284 
0.0365957 0.0162398 0.0120029 -0.110577 0.0162398 0.00801824 0.00519338 -0.0510521 0.0120029 0.00519338 0.00427733 -0.0352844 -0.110577 -0.0510521 -0.0352844 0.354284 
0.0365959 0.0162399 0.012003 -0.110578 0.0162399 0.00801827 0.00519341 -0.0510523 0.012003 0.00519341 0.00427735 -0.0352845 -0.110578 -0.0510523 -0.0352845 0.354285 
0.0365961 0.01624 0.0120031 -0.110578 0.01624 0.00801832 0.00519344 -0.0510525 0.0120031 0.00519344 0.00427738 -0.0352846 -0.110578 -0.0510525 -0.0352846 0.354286 
0.0365965 0.0162402 0.0120032 -0.110579 0.0162402 0.00801838 0.0051935 -0.0510528 0.0120032 0.0051935 0.00427743 -0.0352849 -0.110579 -0.0510528 -0.0352849 0.354287 
0.0365969 0.0162404 0.0120034 -0.11058 0.0162404 0.00801847 0.00519358 -0.0510532 0.0120034 0.00519358 0.00427751 -0.0352853 -0.11058 -0.0510532 -0.0352853 0.354289 
0.0365977 0.0162407 0.0120037 -0.110581 0.0162407 0.0080186 0.0051937 -0.0510538 0.0120037 0.0051937 0.00427763 -0.0352858 -0.110581 -0.0510538 -0.0352858 0.354293 
0.0365987 0.0162411 0.0120041 -0.110583 0.0162411 0.0080188 0.00519389 -0.0510548 0.0120041 0.00519389 0.00427782 -0.0352866 -0.110583 -0.0510548 -0.0352866 0.354297 
0.0366002 0.0162418 0.0120047 -0.110587 0.0162418 0.0080191 0.00519417 -0.0510561 0.0120047 0.00519417 0.00427811 -0.0352878 -0.110587 -0.0510561 -0.0352878 0.354303 
0.0366025 0.0162428 0.0120056 -0.110591 0.0162428 0.00801955 0.0051946 -0.0510581 0.0120056 0.0051946 0.00427859 -0.0352896 -0.110591 -0.0510581 -0.0352896 0.354313 
0.0366058 0.0162443 0.012007 -0.110598 0.0162443 0.00802022 0.00519529 -0.051061 0.012007 0.00519529 0.00427936 -0.0352923 -0.110598 -0.051061 -0.0352923 0.354326 
0.0366108 0.0162465 0.0120093 -0.110608 0.0162465 0.00802125 0.00519636 -0.0510654 0.0120093 0.00519636 0.00428061 -0.0352964 -0.110608 -0.0510654 -0.0352964 0.354347 
0.0366183 0.0162499 0.0120128 -0.110623 0.0162499 0.00802282 0.00519806 -0.0510719 0.0120128 0.00519806 0.00428266 -0.0353029 -0.110623 -0.0510719 -0.0353029 0.354376 
0.0366298 0.0162551 0.0120183 -0.110645 0.0162551 0.00802528 0.00520078 -0.0510819 0.0120183 0.00520078 0.00428603 -0.0353129 -0.110645 -0.0510819 -0.0353129 0.354421 
0.0366473 0.0162632 0.0120272 -0.110679 0.0162632 0.0080291 0.00520516 -0.0510971 0.0120272 0.00520516 0.00429157 -0.0353288 -0.110679 -0.0510971 -0.0353288 0.354488 
0.0366744 0.0162758 0.0120414 -0.110731 0.0162758 0.00803511 0.00521222 -0.0511207 0.0120414 0.00521222 0.00430067 -0.0353542 -0.110731 -0.0511207 -0.0353542 0.354589 
0.0367167 0.0162956 0.0120644 -0.110811 0.0162956 0.00804461 0.00522361 -0.0511575 0.0120644 0.00522361 0.00431557 -0.0353949 -0.110811 -0.0511575 -0.0353949 0.354744 
0.0367831 0.0163268 0.0121014 -0.110936 0.0163268 0.00805966 0.00524198 -0.0512152 0.0121014 0.00524198 0.00433983 -0.0354606 -0.110936 -0.0512152 -0.0354606 0.354985 
0.036888 0.0163763 0.012161 -0.111132 0.0163763 0.0080835 0.00527149 -0.0513062 0.012161 0.00527149 0.00437908 -0.0355665 -0.111132 -0.0513062 -0.0355665 0.355362 
0.0370541 0.0164547 0.012257 -0.111443 0.0164547 0.00812129 0.00531872 -0.0514505 0.012257 0.00531872 0.00444212 -0.0357376 -0.111443 -0.0514505 -0.0357376 0.355954 
0.0373179 0.0165789 0.0124108 -0.111936 0.0165789 0.008181 0.00539388 -0.0516795 0.0124108 0.00539388 0.00454251 -0.0360132 -0.111936 -0.0516795 -0.0360132 0.356891 
0.0377365 0.0167755 0.0126558 -0.11272 0.0167755 0.00827503 0.00551267 -0.0520429 0.0126558 0.00551267 0.00470095 -0.0364555 -0.11272 -0.0520429 -0.0364555 0.35838 
0.0383995 0.0170853 0.0130437 -0.113964 0.0170853 0.00842232 0.00569896 -0.0526182 0.0130437 0.00569896 0.00494857 -0.0371613 -0.113964 -0.0526182 -0.0371613 0.360748 
0.039446 0.0175713 0.0136532 -0.115937 0.0175713 0.00865161 0.00598861 -0.053526 0.0136532 0.00598861 0.00533159 -0.0382801 -0.115937 -0.053526 -0.0382801 0.364514 
0.0410899 0.0183288 0.0146026 -0.119054 0.0183288 0.00900598 0.00643479 -0.054951 0.0146026 0.00643479 0.00591771 -0.04004 -0.119054 -0.054951 -0.04004 0.370489 
0.0436567 0.0195012 0.0160681 -0.123953 0.0195012 0.00954924 0.00711537 -0.0571739 0.0160681 0.00711537 0.00680467 -0.0427839 -0.123953 -0.0571739 -0.0427839 0.37993 
0.0476357 0.0213013 0.0183079 -0.131604 0.0213013 0.0103748 0.00814272 -0.0606156 0.0183079 0.00814272 0.00813142 -0.0470215 -0.131604 -0.0606156 -0.0470215 0.394767 
0.0537537 0.0240405 0.0216952 -0.143463 0.0240405 0.0116172 0.0096766 -0.0658997 0.0216952 0.0096766 0.0100923 -0.0534989 -0.143463 -0.0658997 -0.0534989 0.417927 
0.0630764 0.0281685 0.0267616 -0.161688 0.0281685 0.0134681 0.0119406 -0.0739372 0.0267616 0.0119406 0.0129546 -0.0632914 -0.161688 -0.0739372 -0.0632914 0.453793 
0.0771408 0.0343245 0.03425 -0.189426 0.0343245 0.0161953 0.0152417 -0.0860374 0.03425 0.0152417 0.0170781 -0.0779225 -0.189426 -0.0860374 -0.0779225 0.508829 
0.0981289 0.0434004 0.0451796 -0.231198 0.0434004 0.0201665 0.0199935 -0.104051 0.0451796 0.0199935 0.0229373 -0.0995096 -0.231198 -0.104051 -0.0995096 0.592417 
0.129076 0.0566162 0.0609171 -0.293367 0.0566162 0.0258755 0.0267392 -0.130538 0.0609171 0.0267392 0.031141 -0.13093 -0.293367 -0.130538 -0.13093 0.717917 
0.174103 0.0755978 0.0832433 -0.384681 0.0755978 0.0339685 0.0361719 -0.168958 0.0832433 0.0361719 0.0424441 -0.175986 -0.384681 -0.168958 -0.175986 0.903924 
0.238651 0.102447 0.114401 -0.51684 0.102447 0.0452632 0.0491431 -0.223845 0.114401 0.0491431 0.0577448 -0.239545 -0.51684 -0.223845 -0.239544 1.17562 
0.329626 0.139772 0.157086 -0.704921 0.139772 0.0607502 0.0666467 -0.300911 0.157086 0.0666467 0.0780473 -0.327552 -0.704921 -0.300911 -0.327552 1.56593 
0.455373 0.190636 0.214333 -0.967448 0.190636 0.0815595 0.0897612 -0.40699 0.214333 0.0897612 0.104377 -0.446853 -0.967448 -0.40699 -0.446853 2.11596 
0.625272 0.258356 0.289235 -1.32569 0.258356 0.108867 0.119525 -0.549659 0.289235 0.119525 0.137625 -0.604636 -1.32569 -0.549659 -0.604636 2.87388 
0.848745 0.346079 0.384419 -1.80168 0.346079 0.143717 0.156725 -0.736374 0.384419 0.156725 0.178299 -0.807337 -1.80168 -0.736374 -0.807337 3.89098 
1.13349 0.456079 0.501259 -2.41448 0.456079 0.186748 0.201599 -0.972968 0.501259 0.201599 0.226208 -1.05894 -2.41448 -0.972968 -1.05894 5.21393 
1.48288 0.588782 0.638863 -3.17447 0.588782 0.23783 0.253469 -1.26149 0.638863 0.253469 0.280107 -1.35867 -3.17447 -1.26149 -1.35867 6.87219 
1.89288 0.741697 0.793086 -4.07635 0.741697 0.295699 0.310432 -1.59772 0.793086 0.310432 0.337446 -1.69871 -4.07635 -1.59772 -1.69871 8.86223 
2.34942 0.908607 0.955954 -5.09266 0.908607 0.357719 0.36922 -1.96918 0.955954 0.36922 0.394357 -2.06258 -5.09266 -1.96918 -2.06258 11.1319 
2.82757 1.07952 1.11603 -6.17111 1.07952 0.419958 0.425445 -2.35462 1.11603 0.425445 0.446066 -2.4256 -6.17111 -2.35462 -2.4256 13.5724 
3.29383 1.2418 1.26002 -7.23858 1.2418 0.477702 0.474279 -2.72623 1.26002 0.474279 0.487737 -2.75809 -7.23858 -2.72623 -2.75809 16.0248 
3.71174 1.38244 1.37536 -8.21284 1.38244 0.526339 0.511452 -3.0544 1.37536 0.511452 0.515553 -3.03106 -8.21284 -3.0544 -3.03106 18.3046 
4.04947 1.49083 1.45309 -9.01942 1.49083 0.562373 0.534239 -3.31401 1.45309 0.534239 0.527644 -3.22266 -9.01942 -3.31401 -3.22266 20.238 
4.28653 1.56101 1.48977 -9.6073 1.56101 0.584149 0.542038 -3.48975 1.48977 0.542038 0.524475 -3.32291 -9.6073 -3.48975 -3.32291 21.6993 
4.41716 1.59251 1.48771 -9.95764 1.59251 0.592031 0.536305 -3.57847 1.48771 0.536305 0.50853 -3.33486 -9.95764 -3.57847 -3.33486 22.6329 
4.44926 1.58965 1.4537 -10.083 1.58965 0.588018 0.51995 -3.58809 1.4537 0.51995 0.483504 -3.27206 -10.083 -3.58809 -3.27206 23.0542 
4.40028 1.55974 1.39679 -10.0187 1.55974 0.57503 0.496483 -3.53385 1.39679 0.496483 0.453343 -3.15394 -10.0187 -3.53385 -3.15394 23.0334 
4.29189 1.5111 1.32619 -9.81151 1.5111 0.556173 0.469266 -3.43399 1.32619 0.469266 0.421506 -3.001 -9.81151 -3.43399 -3.001 22.6701 
4.14548 1.4515 1.24979 -9.50909 1.4515 0.534212 0.441032 -3.30602 1.24979 0.441032 0.390573 -2.83134 -9.50909 -3.30602 -2.83134 22.0698 
3.97926 1.38726 1.1735 -9.15319 1.38726 0.511292 0.413712 -3.16456 1.1735 0.413712 0.362175 -2.65887 -9.15319 -3.16456 -2.65887 21.3278 
3.80716 1.32296 1.1012 -8.77655 1.32296 0.488896 0.388481 -3.02054 1.1012 0.388481 0.337141 -2.49309 -8.77655 -3.02054 -2.49309 20.5205 
3.63877 1.26158 1.03506 -8.40244 1.26158 0.467924 0.365911 -2.88128 1.03506 0.365911 0.31571 -2.3396 -8.40244 -2.88128 -2.3396 19.704 
3.48008 1.20479 0.97599 -8.04592 1.20479 0.448826 0.346148 -2.75116 0.97599 0.346148 0.297746 -2.20104 -8.04592 -2.75116 -2.20104 18.9159 
3.33427 1.15334 0.924047 -7.7156 1.15334 0.431741 0.329078 -2.63233 0.924047 0.329078 0.282916 -2.07801 -7.7156 -2.63233 -2.07801 18.179 
3.20259 1.10734 0.878795 -7.41549 1.10734 0.416614 0.314442 -2.52542 0.878795 0.314442 0.270803 -1.96987 -7.41549 -2.52542 -1.96987 17.5053 
3.08505 1.06652 0.839548 -7.14652 1.06652 0.403275 0.301924 -2.43013 0.839548 0.301924 0.260992 -1.8753 -7.14652 -2.43013 -1.8753 16.899 
2.98089 1.03041 0.805528 -6.9077 1.03041 0.391503 0.2912 -2.34559 0.805528 0.2912 0.253101 -1.79267 -6.9077 -2.34559 -1.79267 16.36 
2.88899 0.99844 0.775977 -6.69701 0.99844 0.381064 0.281974 -2.27066 0.775977 0.281974 0.246816 -1.72034 -6.69701 -2.27066 -1.72034 15.885 
2.80812 0.970052 0.750222 -6.512 0.970052 0.37173 0.273991 -2.20415 0.750222 0.273991 0.241893 -1.65679 -6.512 -2.20415 -1.65679 15.4694 
2.73707 0.944725 0.727713 -6.35021 0.944725 0.363303 0.267051 -2.14494 0.727713 0.267051 0.238164 -1.60073 -6.35021 -2.14494 -1.60073 15.1086 
2.67484 0.922033 0.708052 -6.20948 0.922033 0.355622 0.261018 -2.09204 0.708052 0.261018 0.235547 -1.55118 -6.20948 -2.09204 -1.55118 14.7979 
2.62076 0.90168 0.691035 -6.08827 0.90168 0.348578 0.25583 -2.04477 0.691035 0.25583 0.234048 -1.50756 -6.08827 -2.04477 -1.50756 14.5343 
2.57458 0.883544 0.676685 -5.98592 0.883544 0.34213 0.251511 -2.00276 0.676685 0.251511 0.233772 -1.46976 -5.98592 -2.00276 -1.46976 14.3161 
2.53667 0.867743 0.665304 -5.903 0.867743 0.336329 0.248194 -1.96615 0.665304 0.248194 0.234941 -1.43826 -5.903 -1.96615 -1.43826 14.1443 
2.50819 0.854707 0.657547 -5.84174 0.854707 0.331345 0.246143 -1.93574 0.657548 0.246143 0.23791 -1.41429 -5.84174 -1.93574 -1.41429 14.0232 
2.49135 0.845276 0.654499 -5.80653 0.845276 0.327511 0.245789 -1.91317 0.654499 0.245789 0.243193 -1.39999 -5.80653 -1.91317 -1.39999 13.9616 
2.48966 0.840806 0.657751 -5.80439 0.840806 0.325359 0.247757 -1.90119 0.657751 0.247757 0.251473 -1.39857 -5.80439 -1.90119 -1.39857 13.9735 
2.5081 0.84326 0.669449 -5.84551 0.84326 0.325667 0.252886 -1.90379 0.669449 0.252886 0.263603 -1.41448 -5.84551 -1.90379 -1.41448 14.0797 
2.55315 0.855225 0.692243 -5.94309 0.855225 0.329462 0.262211 -1.92633 0.692243 0.262211 0.280555 -1.45326 -5.94309 -1.92633 -1.45326 14.3069 
2.63231 0.87976 0.729061 -6.11248 0.87976 0.337979 0.27688 -1.97516 0.729061 0.27688 0.303301 -1.52113 -6.11248 -1.97516 -1.52113 14.6861 
2.75289 0.919961 0.782583 -6.36863 0.919961 0.352488 0.297951 -2.05676 0.782583 0.297951 0.332585 -1.6239 -6.36863 -2.05676 -1.6239 15.2473 
2.9197 0.978081 0.854323 -6.7212 0.978081 0.373973 0.326038 -2.17592 0.854323 0.326038 0.368547 -1.76508 -6.7212 -2.17592 -1.76508 16.0091 
3.13163 1.05422 0.943345 -7.16737 1.05422 0.402609 0.360815 -2.33292 0.943345 0.360815 0.410262 -1.94313 -7.16737 -2.33292 -1.94313 16.9637 
3.37774 1.14476 1.04489 -7.68366 1.14476 0.43716 0.400477 -2.52028 1.04489 0.400477 0.45529 -2.14861 -7.68366 -2.52028 -2.14861 18.0592 
3.63454 1.24124 1.14959 -8.22009 1.24124 0.474504 0.441409 -2.72034 1.14959 0.441409 0.499504 -2.36233 -8.22009 -2.72034 -2.36233 19.1883 
3.86691 1.33056 1.24405 -8.7022 1.33056 0.509671 0.478412 -2.90558 1.24405 0.478412 0.537487 -2.55658 -8.7022 -2.90558 -2.55657 20.192 
4.03429 1.39723 1.31338 -9.04411 1.39723 0.536678 0.505657 -3.04342 1.31338 0.505657 0.563616 -2.70026 -9.04411 -3.04342 -2.70026 20.8875 
4.10141 1.42744 1.3452 -9.17125 1.42744 0.550072 0.518235 -3.10465 1.3452 0.518235 0.573585 -2.76729 -9.17125 -3.10465 -2.76729 21.1171 
4.0492 1.41328 1.3334 -9.04356 1.41328 0.546592 0.513649 -3.07253 1.3334 0.513649 0.56572 -2.74456 -9.04356 -3.07253 -2.74456 20.7969 
3.88066 1.35516 1.27993 -8.66793 1.35516 0.526146 0.492532 -2.94783 1.27993 0.492532 0.541441 -2.63578 -8.66793 -2.94783 -2.63578 19.9437 
3.61878 1.26117 1.19365 -8.09381 1.26117 0.491638 0.458255 -2.74765 1.19365 0.458255 0.504651 -2.45922 -8.09381 -2.74765 -2.45922 18.6652 
3.29824 1.14408 1.08721 -7.39557 1.14408 0.447833 0.415706 -2.49898 1.08721 0.415706 0.460446 -2.2411 -7.39557 -2.49898 -2.24109 17.1222 
2.95542 1.01752 0.973425 -6.65117 1.01752 0.399922 0.369909 -2.23071 0.973425 0.369909 0.41378 -2.0081 -6.65117 -2.23071 -2.0081 15.4831 
2.62081 0.893062 0.862735 -5.92593 0.893062 0.352372 0.325002 -1.96737 0.862736 0.325002 0.368566 -1.78201 -5.92593 -1.96737 -1.782 13.8887 
2.31543 0.778802 0.762133 -5.26487 0.778802 0.308353 0.283801 -1.72611 0.762133 0.283801 0.327353 -1.57735 -5.26487 -1.72611 -1.57735 12.4363 
2.05069 0.679233 0.675258 -4.69242 0.679233 0.269675 0.247816 -1.51644 0.675258 0.247816 0.291427 -1.40166 -4.69242 -1.51644 -1.40165 11.1786 
1.83033 0.595933 0.603142 -4.21652 0.595933 0.237025 0.21753 -1.34166 0.603142 0.21753 0.261116 -1.25697 -4.21652 -1.34166 -1.25697 10.1327 
1.65284 0.528471 0.545103 -3.83378 0.528471 0.210311 0.192748 -1.20079 0.545104 0.192748 0.236139 -1.14177 -3.83378 -1.20079 -1.14177 9.29101 
1.51372 0.475263 0.499534 -3.53443 0.475263 0.188983 0.172888 -1.09041 0.499534 0.172888 0.215894 -1.05257 -3.53443 -1.09041 -1.05257 8.63237 
1.4072 0.434207 0.464454 -3.30594 0.434207 0.172279 0.157212 -1.00598 0.464454 0.157212 0.19965 -0.985156 -3.30594 -1.00598 -0.985154 8.12937 
1.32732 0.403111 0.437877 -3.13533 0.403111 0.159389 0.144966 -0.94277 0.437878 0.144966 0.186689 -0.935288 -3.13533 -0.94277 -0.935287 7.75376 
1.26855 0.37993 0.418 -3.01064 0.37993 0.14955 0.135456 -0.896388 0.418 0.135456 0.176363 -0.899148 -3.01064 -0.896388 -0.899146 7.47934 
1.22615 0.362889 0.403286 -2.9215 0.362889 0.142097 0.128084 -0.863018 0.403287 0.128084 0.168118 -0.873488 -2.9215 -0.863018 -0.873487 7.28343 
1.19616 0.350526 0.392489 -2.85935 0.350526 0.136476 0.122364 -0.839507 0.392489 0.122364 0.1615 -0.85568 -2.85935 -0.839507 -0.855679 7.14727 
1.17548 0.341665 0.384626 -2.81737 0.341665 0.132239 0.117904 -0.823337 0.384627 0.117904 0.156155 -0.843663 -2.81737 -0.823337 -0.843661 7.05588 
1.16166 0.3354 0.378946 -2.79029 0.3354 0.12904 0.114404 -0.812558 0.378946 0.114404 0.151805 -0.835872 -2.79029 -0.812558 -0.83587 6.99765 
1.15287 0.331032 0.374881 -2.77409 0.331032 0.126615 0.111635 -0.8057 0.374881 0.111635 0.148235 -0.831144 -2.77409 -0.8057 -0.831142 6.9638 
1.14777 0.32806 0.372025 -2.76587 0.32806 0.124761 0.109426 -0.801673 0.372025 0.109426 0.145292 -0.828648 -2.76587 -0.801673 -0.828648 6.94785 
1.14538 0.326108 0.370077 -2.76348 0.326108 0.123336 0.107648 -0.799694 0.370077 0.107648 0.142852 -0.827785 -2.76348 -0.799694 -0.827782 6.94514 
1.14503 0.324915 0.368845 -2.76546 0.324915 0.122232 0.106214 -0.799216 0.368847 0.106214 0.140831 -0.828154 -2.76546 -0.799216 -0.828154 6.95242 
1.14622 0.324293 0.36817 -2.7708 0.324293 0.121374 0.105058 -0.799854 0.368172 0.105058 0.139162 -0.829494 -2.7708 -0.799854 -0.829494 6.96748 
1.14865 0.324123 0.367968 -2.77883 0.324123 0.120713 0.104134 -0.801367 0.36797 0.104134 0.137793 -0.831638 -2.77883 -0.801367 -0.831638 6.98892 
1.15214 0.324316 0.368177 -2.78915 0.324316 0.120207 0.103406 -0.803591 0.368179 0.103406 0.136696 -0.83449 -2.78915 -0.803591 -0.834486 7.01589 
1.15655 0.324827 0.368765 -2.80157 0.324827 0.119836 0.102858 -0.806442 0.368767 0.102858 0.135843 -0.838007 -2.80157 -0.806442 -0.838007 7.04803 
1.16183 0.325617 0.369703 -2.81597 0.325617 0.119579 0.102466 -0.80987 0.369703 0.102466 0.135216 -0.842178 -2.81597 -0.80987 -0.842178 7.08521 
1.16797 0.326675 0.370989 -2.83235 0.326675 0.119421 0.102222 -0.813852 0.370989 0.102222 0.134794 -0.847015 -2.83235 -0.813852 -0.847015 7.12755 
1.17495 0.32798 0.372608 -2.85077 0.32798 0.119361 0.102112 -0.818401 0.37261 0.102112 0.134565 -0.852528 -2.85077 -0.818401 -0.852528 7.1753 
1.18282 0.329544 0.37459 -2.87133 0.329544 0.119392 0.102146 -0.823532 0.37459 0.102146 0.134541 -0.858765 -2.87133 -0.823532 -0.858765 7.22881 
1.19154 0.331341 0.37689 -2.89405 0.331341 0.1195 0.102295 -0.829247 0.376894 0.102295 0.134682 -0.865715 -2.89405 -0.829247 -0.865715 7.28845 
1.20113 0.33338 0.379536 -2.91905 0.33338 0.119684 0.102571 -0.835564 0.379536 0.102571 0.135 -0.87344 -2.91905 -0.835564 -0.87344 7.35463 
1.21163 0.335653 0.382523 -2.94639 0.335653 0.119944 0.102966 -0.842503 0.382523 0.102966 0.135483 -0.881924 -2.94639 -0.842503 -0.881924 7.42771 
1.22297 0.33815 0.385822 -2.97606 0.33815 0.120268 0.10347 -0.850048 0.385822 0.10347 0.136126 -0.891171 -2.97606 -0.850048 -0.891171 7.50794 
1.23508 0.340847 0.389423 -3.00793 0.340847 0.120657 0.10408 -0.858192 0.389423 0.10408 0.136908 -0.901104 -3.00793 -0.858192 -0.901104 7.59535 
1.24788 0.343708 0.393288 -3.04188 0.343708 0.121088 0.104784 -0.866875 0.393288 0.104784 0.137833 -0.911716 -3.04188 -0.866875 -0.911716 7.68994 
1.26123 0.346722 0.397381 -3.07757 0.346722 0.121565 0.105576 -0.876034 0.397381 0.105576 0.13888 -0.922874 -3.07757 -0.876034 -0.922874 7.79126 
1.27496 0.349823 0.401657 -3.11464 0.349823 0.122072 0.106443 -0.88559 0.401657 0.106443 0.140039 -0.934471 -3.11464 -0.88559 -0.934464 7.89864 
1.28876 0.352962 0.406048 -3.15243 0.352962 0.122602 0.107382 -0.895416 0.406048 0.107382 0.141308 -0.94635 -3.15243 -0.895416 -0.946342 8.01091 
1.30238 0.356106 0.410488 -3.19023 0.356106 0.123148 0.108385 -0.905365 0.410488 0.108385 0.142662 -0.958275 -3.19023 -0.905365 -0.958267 8.12639 
1.31548 0.359169 0.414909 -3.22713 0.359169 0.123703 0.109444 -0.915268 0.414909 0.109444 0.144104 -0.970039 -3.22713 -0.915268 -0.970032 8.24303 
1.3277 0.362114 0.419247 -3.2621 0.362114 0.12426 0.110558 -0.92495 0.419247 0.110558 0.14563 -0.981415 -3.2621 -0.92495 -0.981407 8.3582 
1.33865 0.364902 0.423435 -3.29399 0.364902 0.124834 0.111736 -0.934242 0.423435 0.111736 0.147251 -0.992142 -3.29399 -0.934242 -0.992134 8.46884 
1.34807 0.367504 0.427452 -3.32178 0.367504 0.125416 0.112991 -0.943016 0.427452 0.112991 0.148972 -1.00204 -3.32178 -0.943016 -1.00203 8.57179 
1.35562 0.369907 0.431305 -3.34444 0.369907 0.126041 0.114342 -0.951164 0.431305 0.114342 0.150837 -1.01099 -3.34444 -0.951164 -1.01099 8.66379 
1.36133 0.372192 0.435036 -3.36134 0.372192 0.126726 0.115814 -0.958679 0.435036 0.115814 0.152855 -1.01897 -3.36134 -0.958679 -1.01897 8.74203 
1.36511 0.374401 0.438728 -3.3721 0.374401 0.12751 0.117466 -0.965675 0.438728 0.117466 0.155106 -1.02609 -3.3721 -0.965675 -1.02608 8.80444 
1.36727 0.376682 0.44252 -3.37689 0.376682 0.128433 0.119316 -0.972313 0.44252 0.119316 0.157616 -1.0326 -3.37689 -0.972313 -1.0326 8.84988 
1.36819 0.379112 0.446541 -3.37639 0.379112 0.129517 0.121399 -0.978821 0.446541 0.121399 0.160416 -1.03879 -3.37639 -0.978821 -1.03879 8.87851 
1.36845 0.381889 0.450966 -3.37177 0.381889 0.130802 0.123741 -0.985558 0.450966 0.123741 0.163544 -1.04512 -3.37177 -0.985558 -1.04512 8.89188 
1.36856 0.38504 0.455864 -3.36433 0.38504 0.132263 0.126328 -0.992729 0.455864 0.126328 0.166977 -1.05196 -3.36433 -0.992729 -1.05194 8.89246 
1.36911 0.388664 0.461365 -3.35579 0.388664 0.133915 0.129143 -1.00064 0.461365 0.129143 0.170708 -1.05966 -3.35579 -1.00064 -1.05966 8.88394 
1.37059 0.392799 0.467415 -3.34775 0.392799 0.135738 0.132137 -1.00949 0.467415 0.132137 0.174633 -1.06847 -3.34775 -1.00949 -1.06847 8.87015 
1.37331 0.397362 0.473999 -3.34138 0.397362 0.137653 0.135239 -1.01921 0.473999 0.135239 0.178726 -1.07854 -3.34138 -1.01921 -1.07854 8.85468 
1.3774 0.402267 0.480965 -3.33762 0.402267 0.139633 0.138378 -1.02979 0.480965 0.138378 0.182831 -1.08971 -3.33762 -1.02979 -1.08971 8.84061 
1.38275 0.407387 0.488136 -3.33704 0.407387 0.141602 0.141468 -1.04095 0.488136 0.141468 0.186874 -1.10181 -3.33704 -1.04095 -1.10181 8.83032 
1.38925 0.412575 0.495323 -3.33954 0.412575 0.143505 0.144424 -1.05252 0.495323 0.144424 0.190742 -1.11452 -3.33954 -1.05252 -1.11452 8.82513 
1.39648 0.417641 0.502312 -3.34488 0.417641 0.145279 0.147167 -1.06407 0.502312 0.147167 0.194336 -1.12746 -3.34488 -1.06407 -1.12746 8.82541 
1.40421 0.422478 0.508965 -3.35263 0.422478 0.146904 0.149677 -1.07545 0.508965 0.149677 0.197628 -1.1403 -3.35263 -1.07545 -1.1403 8.83102 
1.41206 0.427002 0.515129 -3.36212 0.427002 0.148354 0.151905 -1.08629 0.515129 0.151905 0.200554 -1.15269 -3.36212 -1.08629 -1.15269 8.84113 
1.41975 0.431084 0.520714 -3.37265 0.431084 0.149605 0.153839 -1.09642 0.520714 0.153839 0.203094 -1.16435 -3.37265 -1.09642 -1.16435 8.85474 
1.42705 0.434715 0.525665 -3.38354 0.434715 0.15065 0.155476 -1.10564 0.525665 0.155476 0.205265 -1.17506 -3.38354 -1.10564 -1.17506 8.87054 
1.43373 0.437866 0.529961 -3.39447 0.437866 0.151524 0.156845 -1.114 0.529961 0.156845 0.207069 -1.18474 -3.39447 -1.114 -1.18474 8.88788 
1.43974 0.440552 0.533638 -3.40497 0.440552 0.152222 0.157967 -1.12134 0.533638 0.157967 0.208557 -1.19339 -3.40497 -1.12134 -1.19339 8.90582 
1.44508 0.442825 0.536743 -3.41483 0.442825 0.152767 0.158844 -1.12778 0.536743 0.158844 0.20974 -1.20087 -3.41483 -1.12778 -1.20087 8.92322 
1.44968 0.444679 0.539307 -3.4238 0.444679 0.153183 0.159542 -1.1333 0.539307 0.159542 0.210686 -1.20738 -3.4238 -1.1333 -1.20738 8.94006 
1.45354 0.44619 0.541405 -3.43182 0.44619 0.153484 0.160084 -1.13799 0.541405 0.160084 0.211426 -1.21298 -3.43182 -1.13799 -1.21298 8.95575 
1.45685 0.447395 0.543076 -3.43893 0.447395 0.153702 0.160484 -1.14197 0.543076 0.160484 0.211967 -1.21767 -3.43893 -1.14197 -1.21767 8.97021 
1.45959 0.448364 0.544441 -3.44516 0.448364 0.153839 0.160759 -1.14526 0.544441 0.160759 0.212372 -1.22159 -3.44516 -1.14526 -1.22159 8.98322 
1.46184 0.449089 0.545486 -3.45047 0.449089 0.153919 0.16095 -1.14799 0.545486 0.16095 0.212669 -1.22487 -3.45047 -1.14799 -1.22487 8.99493 
1.4637 0.449661 0.546326 -3.45514 0.449661 0.153954 0.161072 -1.15025 0.546326 0.161072 0.212875 -1.22762 -3.45514 -1.15025 -1.22762 9.00531 
1.46523 0.450111 0.546967 -3.45911 0.450111 0.153984 0.161171 -1.15211 0.546967 0.161171 0.213028 -1.22989 -3.45911 -1.15211 -1.22989 9.01459 
1.46654 0.450455 0.547516 -3.46268 0.450455 0.153969 0.161232 -1.1537 0.547516 0.161232 0.21315 -1.23184 -3.46268 -1.1537 -1.23184 9.02307 
1.46762 0.450714 0.547913 -3.4657 0.450714 0.153954 0.161263 -1.15498 0.547913 0.161263 0.213234 -1.23344 -3.4657 -1.15498 -1.23344 9.03052 
1.46867 0.450974 0.54834 -3.46857 0.450974 0.153961 0.161308 -1.15614 0.54834 0.161308 0.213318 -1.23491 -3.46857 -1.15614 -1.23491 9.03754 
1.4697 0.451218 0.548721 -3.47131 0.451218 0.153946 0.161354 -1.15715 0.548721 0.161354 0.213417 -1.2363 -3.47131 -1.15715 -1.2363 9.04437 
1.4707 0.451477 0.549026 -3.47403 0.451477 0.153961 0.161392 -1.15811 0.549026 0.161392 0.213501 -1.23749 -3.47403 -1.15811 -1.23749 9.05103 
1.47183 0.451691 0.549454 -3.47678 0.451691 0.153976 0.161461 -1.15895 0.549454 0.161461 0.213646 -1.23877 -3.47678 -1.15895 -1.23877 9.05756 
1.47305 0.452011 0.549927 -3.47964 0.452011 0.154007 0.161552 -1.15985 0.549927 0.161552 0.213791 -1.24002 -3.47964 -1.15985 -1.24002 9.06458 
1.47458 0.452393 0.550491 -3.48285 0.452393 0.154106 0.161705 -1.1608 0.550491 0.161705 0.214035 -1.24142 -3.48285 -1.1608 -1.24142 9.0719 
1.47632 0.452881 0.551193 -3.48657 0.452881 0.154198 0.161873 -1.16183 0.551193 0.161873 0.214333 -1.24298 -3.48657 -1.16183 -1.24298 9.08044 
1.4783 0.45343 0.551926 -3.49078 0.45343 0.154335 0.162071 -1.16299 0.551926 0.162071 0.21463 -1.24466 -3.49078 -1.16299 -1.24466 9.08984 
1.48083 0.454163 0.552963 -3.49573 0.454163 0.154526 0.162369 -1.16437 0.552963 0.162369 0.215088 -1.2467 -3.49573 -1.16437 -1.2467 9.10071 
1.48389 0.455017 0.554184 -3.50177 0.455017 0.15477 0.162727 -1.16595 0.554184 0.162727 0.21563 -1.24915 -3.50177 -1.16595 -1.24915 9.1134 
1.48761 0.456085 0.555618 -3.50873 0.456085 0.155052 0.163139 -1.16779 0.555618 0.163139 0.21627 -1.25189 -3.50873 -1.16779 -1.25189 9.12823 
1.49188 0.457306 0.557358 -3.51685 0.457306 0.155403 0.163651 -1.16995 0.557358 0.163651 0.217033 -1.25516 -3.51685 -1.16995 -1.25516 9.14557 
1.49716 0.458832 0.559464 -3.52673 0.458832 0.15583 0.164276 -1.17258 0.559464 0.164276 0.217964 -1.259 -3.52673 -1.17258 -1.259 9.16614 
1.50336 0.460663 0.561966 -3.53827 0.460663 0.156364 0.165009 -1.17557 0.561966 0.165009 0.219048 -1.26343 -3.53827 -1.17557 -1.26343 9.19006 
1.51071 0.46283 0.564926 -3.55182 0.46283 0.156975 0.165878 -1.17911 0.564926 0.165878 0.22036 -1.26865 -3.55182 -1.17911 -1.26865 9.21851 
1.51962 0.465454 0.568497 -3.56812 0.465454 0.15773 0.166931 -1.18329 0.568497 0.166931 0.221924 -1.27481 -3.56812 -1.18329 -1.27481 9.25134 
1.52991 0.468475 0.572662 -3.58722 0.468475 0.158592 0.168159 -1.18823 0.572662 0.168159 0.223778 -1.28207 -3.58722 -1.18823 -1.28207 9.29065 
1.54208 0.472061 0.577499 -3.60944 0.472061 0.159599 0.169556 -1.19385 0.577499 0.169556 0.225883 -1.29028 -3.60944 -1.19385 -1.29028 9.33594 
1.55637 0.476273 0.583252 -3.63568 0.476273 0.160797 0.171227 -1.20044 0.583252 0.171227 0.228416 -1.29999 -3.63568 -1.20044 -1.29999 9.38867 
1.57309 0.481171 0.589935 -3.66608 0.481171 0.162193 0.173157 -1.20816 0.589935 0.173157 0.231384 -1.31122 -3.66608 -1.20816 -1.31122 9.45007 
1.59241 0.486816 0.597672 -3.70111 0.486816 0.163742 0.175362 -1.2168 0.597672 0.175362 0.234795 -1.32388 -3.70111 -1.2168 -1.32388 9.52026 
1.61465 0.493347 0.606552 -3.74164 0.493347 0.165588 0.17794 -1.22687 0.606552 0.17794 0.23877 -1.33862 -3.74164 -1.22687 -1.33862 9.6012 
1.64005 0.500793 0.616653 -3.78766 0.500793 0.167633 0.18084 -1.23822 0.616653 0.18084 0.243294 -1.35516 -3.78766 -1.23822 -1.35516 9.69287 
1.66882 0.509186 0.628159 -3.83972 0.509186 0.169975 0.184158 -1.25095 0.628159 0.184158 0.248497 -1.37384 -3.83972 -1.25095 -1.37384 9.79565 
1.7012 0.518646 0.641083 -3.89813 0.518646 0.172569 0.187851 -1.26514 0.641083 0.187851 0.254356 -1.39471 -3.89813 -1.26514 -1.39471 9.91052 
1.73715 0.529144 0.655426 -3.96289 0.529144 0.175446 0.191978 -1.28079 0.655426 0.191978 0.260971 -1.41785 -3.96289 -1.28079 -1.41785 10.0376 
1.77673 0.540665 0.671234 -4.03406 0.540665 0.178612 0.196541 -1.29791 0.671234 0.196541 0.268295 -1.44324 -4.03406 -1.29791 -1.44324 10.1758 
1.81961 0.553207 0.688446 -4.11115 0.553207 0.182091 0.201546 -1.31641 0.688446 0.201546 0.276352 -1.47083 -4.11115 -1.31641 -1.47083 10.325 
1.86554 0.566635 0.706818 -4.19348 0.566635 0.185753 0.206902 -1.336 0.706818 0.206902 0.285049 -1.50037 -4.19348 -1.336 -1.50037 10.4833 
1.91409 0.580826 0.726364 -4.28046 0.580826 0.189659 0.212639 -1.35672 0.726364 0.212639 0.294373 -1.53171 -4.28046 -1.35672 -1.53171 10.6494 
1.96466 0.595581 0.746643 -4.37073 0.595581 0.193726 0.21862 -1.37811 0.746643 0.21862 0.304062 -1.56445 -4.37073 -1.37811 -1.56445 10.8209 
2.01624 0.610718 0.767563 -4.46307 0.610718 0.197929 0.224838 -1.40009 0.767563 0.224838 0.314163 -1.59833 -4.46307 -1.40009 -1.59833 10.9955 
2.0683 0.626038 0.788651 -4.55591 0.626038 0.202202 0.231171 -1.42221 0.788651 0.231171 0.324371 -1.63269 -4.55591 -1.42221 -1.63269 11.1702 
2.12006 0.641266 0.809647 -4.64807 0.641266 0.206451 0.237503 -1.44415 0.809647 0.237503 0.334534 -1.66721 -4.64807 -1.44415 -1.66721 11.3423 
2.17062 0.656219 0.830322 -4.73822 0.656219 0.210724 0.243835 -1.46588 0.830322 0.243835 0.344543 -1.70132 -4.73822 -1.46588 -1.70132 11.51 
2.21921 0.670639 0.85022 -4.82471 0.670639 0.214828 0.249924 -1.48672 0.85022 0.249924 0.354126 -1.73456 -4.82471 -1.48672 -1.73456 11.6705 
2.26538 0.684387 0.869171 -4.90698 0.684387 0.218811 0.255814 -1.50681 0.869171 0.255814 0.36322 -1.76651 -4.90698 -1.50681 -1.76651 11.8226 
2.30862 0.697418 0.887024 -4.98407 0.697418 0.222641 0.261414 -1.52591 0.887024 0.261414 0.371735 -1.79697 -4.98407 -1.52591 -1.79697 11.9647 
2.34882 0.709595 0.903656 -5.05573 0.709595 0.226227 0.266663 -1.54376 0.903656 0.266663 0.379578 -1.82559 -5.05573 -1.54376 -1.82559 12.0964 
2.38583 0.720886 0.919037 -5.12164 0.720886 0.229706 0.271576 -1.56058 0.919037 0.271576 0.386749 -1.85226 -5.12164 -1.56058 -1.85226 12.2173 
2.41925 0.731323 0.933075 -5.18164 0.731323 0.232925 0.276123 -1.57617 0.933075 0.276123 0.393173 -1.87692 -5.18164 -1.57617 -1.87692 12.3276 
2.44989 0.740875 0.945892 -5.23615 0.740875 0.235962 0.280334 -1.59061 0.945892 0.280334 0.398987 -1.89948 -5.23615 -1.59061 -1.89948 12.4271 
2.47711 0.749573 0.957397 -5.28516 0.749573 0.238846 0.284164 -1.60413 0.957397 0.284164 0.40416 -1.92029 -5.28516 -1.60413 -1.92029 12.5177 
2.50195 0.757721 0.967987 -5.32971 0.757721 0.241592 0.287766 -1.6167 0.967987 0.287766 0.408829 -1.93933 -5.32971 -1.6167 -1.93933 12.5994 
2.52441 0.765198 0.977539 -5.37024 0.765198 0.244217 0.291107 -1.6286 0.977539 0.291107 0.412994 -1.95691 -5.37024 -1.6286 -1.95691 12.6741 
2.54462 0.772125 0.986328 -5.40674 0.772125 0.246765 0.294235 -1.63983 0.986328 0.294235 0.416748 -1.97296 -5.40674 -1.63983 -1.97296 12.7415 
2.56329 0.77887 0.994354 -5.44061 0.77887 0.249329 0.297211 -1.65076 0.994354 0.297211 0.420151 -1.98792 -5.44061 -1.65076 -1.98792 12.8043 
2.58008 0.785095 1.00186 -5.47144 0.785095 0.251816 0.300064 -1.66119 1.00186 0.300064 0.42334 -2.00183 -5.47144 -1.66119 -2.00183 12.8617 
2.59613 0.791107 1.00894 -5.50073 0.791107 0.254349 0.302872 -1.67163 1.00894 0.302872 0.426376 -2.0152 -5.50073 -1.67163 -2.0152 12.9166 
2.61127 0.797211 1.01578 -5.52869 0.797211 0.256943 0.305664 -1.68219 1.01578 0.305664 0.429245 -2.02808 -5.52869 -1.68219 -2.02808 12.9689 
2.62604 0.803284 1.02243 -5.55579 0.803284 0.259659 0.308487 -1.69281 1.02243 0.308487 0.432083 -2.04065 -5.55579 -1.69281 -2.04065 13.02 
2.64014 0.809387 1.02896 -5.58228 0.809387 0.262482 0.31134 -1.70374 1.02896 0.31134 0.434891 -2.05322 -5.58228 -1.70374 -2.05322 13.0701 
2.65424 0.815643 1.03546 -5.60889 0.815643 0.265442 0.31427 -1.71509 1.03546 0.31427 0.437714 -2.06561 -5.60889 -1.71509 -2.06561 13.1202 
2.6687 0.822266 1.04224 -5.63586 0.822266 0.268646 0.317413 -1.72717 1.04224 0.317413 0.440704 -2.07861 -5.63586 -1.72717 -2.07861 13.1719 
2.68329 0.829102 1.0491 -5.66345 0.829102 0.272064 0.320663 -1.73987 1.0491 0.320663 0.443771 -2.09186 -5.66345 -1.73987 -2.09186 13.2249 
2.69873 0.836487 1.05643 -5.69275 0.836487 0.275726 0.324158 -1.75354 1.05643 0.324158 0.447037 -2.10583 -5.69275 -1.75354 -2.10583 13.2808 
2.71478 0.84433 1.06403 -5.72327 0.84433 0.279739 0.327927 -1.76819 1.06403 0.327927 0.450516 -2.12048 -5.72327 -1.76819 -2.12048 13.3398 
2.73169 0.852722 1.07214 -5.75549 0.852722 0.284042 0.331955 -1.784 1.07214 0.331955 0.454254 -2.13605 -5.75549 -1.784 -2.13605 13.4023 
2.75 0.861786 1.08078 -5.79065 0.861786 0.288696 0.336258 -1.80109 1.08078 0.336258 0.458191 -2.15277 -5.79065 -1.80109 -2.15277 13.47 
2.76947 0.871552 1.09006 -5.82776 0.871552 0.293686 0.340881 -1.81934 1.09006 0.340881 0.462463 -2.17065 -5.82776 -1.81934 -2.17065 13.542 
2.79028 0.88205 1.09998 -5.8678 0.88205 0.299118 0.345871 -1.83923 1.09998 0.345871 0.467056 -2.18982 -5.8678 -1.83923 -2.18982 13.6204 
2.81268 0.893311 1.1106 -5.91125 0.893311 0.304977 0.351227 -1.86078 1.1106 0.351227 0.47197 -2.21051 -5.91125 -1.86078 -2.21051 13.7048 
2.83679 0.905426 1.12195 -5.95764 0.905426 0.311279 0.356949 -1.88379 1.12195 0.356949 0.477219 -2.23248 -5.95764 -1.88379 -2.23248 13.7957 
2.86279 0.918427 1.13406 -6.00769 0.918427 0.317963 0.363007 -1.90845 1.13406 0.363007 0.482788 -2.25592 -6.00769 -1.90845 -2.25592 13.8936 
2.89075 0.932343 1.14709 -6.06189 0.932343 0.325134 0.369492 -1.93494 1.14709 0.369492 0.488739 -2.28125 -6.06189 -1.93494 -2.28125 14 
2.92029 0.947021 1.16077 -6.11914 0.947021 0.332642 0.376251 -1.96295 1.16077 0.376251 0.494949 -2.30786 -6.11914 -1.96295 -2.30786 14.1135 
2.9519 0.962585 1.17526 -6.18042 0.962585 0.340576 0.383392 -1.99243 1.17526 0.383392 0.501526 -2.33606 -6.18042 -1.99243 -2.33606 14.2346 
2.98517 0.97876 1.19028 -6.24512 0.97876 0.34874 0.390671 -2.02307 1.19028 0.390671 0.508224 -2.36548 -6.24512 -2.02307 -2.36548 14.363 
3.01996 0.995544 1.20593 -6.31323 0.995544 0.357193 0.398178 -2.05511 1.20593 0.398178 0.515152 -2.39612 -6.31323 -2.05511 -2.39612 14.499 
3.05627 1.01285 1.22195 -6.38428 1.01285 0.365814 0.405792 -2.08795 1.22195 0.405792 0.522156 -2.42786 -6.38428 -2.08795 -2.42786 14.6416 
3.09369 1.03024 1.23822 -6.45789 1.03024 0.374344 0.413269 -2.12109 1.23822 0.413269 0.529083 -2.46002 -6.45789 -2.12109 -2.46002 14.7905 
3.13141 1.04745 1.2543 -6.53247 1.04745 0.38269 0.420517 -2.15381 1.2543 0.420517 0.535858 -2.492 -6.53247 -2.15381 -2.492 14.9429 
3.16931 1.06424 1.27008 -6.6073 1.06424 0.390625 0.427353 -2.18542 1.27008 0.427353 0.542236 -2.52325 -6.6073 -2.18542 -2.52325 15.0962 
3.20618 1.07986 1.28497 -6.68091 1.07986 0.397812 0.433472 -2.21484 1.28497 0.433472 0.548111 -2.55341 -6.68091 -2.21484 -2.55341 15.2498 
3.24127 1.09406 1.29855 -6.75171 1.09406 0.404037 0.43869 -2.24139 1.29855 0.43869 0.553146 -2.5813 -6.75171 -2.24139 -2.5813 15.3999 
3.27374 1.10599 1.31042 -6.8175 1.10599 0.40892 0.442627 -2.26361 1.31042 0.442627 0.55719 -2.60602 -6.8175 -2.26361 -2.60602 15.543 
3.30212 1.11508 1.31995 -6.87634 1.11508 0.412094 0.445023 -2.27997 1.31995 0.445023 0.559967 -2.62653 -6.87634 -2.27997 -2.62653 15.6746 
3.32532 1.12057 1.32657 -6.92529 1.12057 0.413239 0.445572 -2.28925 1.32657 0.445572 0.561264 -2.64172 -6.92529 -2.28925 -2.64172 15.79 
3.34167 1.1217 1.32965 -6.96216 1.1217 0.41185 0.443909 -2.28986 1.32965 0.443909 0.560791 -2.65027 -6.96216 -2.28986 -2.65027 15.8853 
3.35059 1.11798 1.32904 -6.98499 1.11798 0.407852 0.439972 -2.28101 1.32904 0.439972 0.558716 -2.65222 -6.98499 -2.28101 -2.65222 15.9575 
3.35065 1.10895 1.32431 -6.99182 1.10895 0.400894 0.433624 -2.26141 1.32431 0.433624 0.554749 -2.64667 -6.99182 -2.26141 -2.64667 16.0017 
3.34167 1.09424 1.31552 -6.98096 1.09424 0.390961 0.424835 -2.23035 1.31552 0.424835 0.549164 -2.63318 -6.98096 -2.23035 -2.63318 16.0151 
3.32355 1.07419 1.30301 -6.95337 1.07419 0.378235 0.413879 -2.18835 1.30301 0.413879 0.542206 -2.61273 -6.95337 -2.18835 -2.61273 15.9998 
3.2973 1.04935 1.28745 -6.91003 1.04935 0.36319 0.401184 -2.13641 1.28745 0.401184 0.534424 -2.58655 -6.91003 -2.13641 -2.58655 15.9565 
3.26428 1.02078 1.27008 -6.85388 1.02078 0.346497 0.387665 -2.07684 1.27008 0.387665 0.52655 -2.55713 -6.85388 -2.07684 -2.55713 15.8928 
3.22754 0.990051 1.25244 -6.79028 0.990051 0.328827 0.373932 -2.01208 1.25244 0.373932 0.51947 -2.52686 -6.79028 -2.01208 -2.52686 15.8147 
3.18988 0.95932 1.23645 -6.72473 0.95932 0.311768 0.361328 -1.94635 1.23645 0.361328 0.51416 -2.49945 -6.72473 -1.94635 -2.49945 15.7354 
3.15503 0.930298 1.22382 -6.66394 0.930298 0.296082 0.350739 -1.88342 1.22382 0.350739 0.511475 -2.47858 -6.66394 -1.88342 -2.47858 15.6667 
3.12701 0.905579 1.21649 -6.61597 0.905579 0.283112 0.343201 -1.82794 1.21649 0.343201 0.512299 -2.46765 -6.61597 -1.82794 -2.46765 15.6223 
3.10901 0.886963 1.21582 -6.58679 0.886963 0.273743 0.3396 -1.78351 1.21582 0.3396 0.51712 -2.46942 -6.58679 -1.78351 -2.46942 15.6133 
3.1037 0.875671 1.22284 -6.58057 0.875671 0.268799 0.340271 -1.75299 1.22284 0.340271 0.526215 -2.48541 -6.58057 -1.75299 -2.48541 15.6475 
3.11218 0.872437 1.23755 -6.60095 0.872437 0.26828 0.345215 -1.73779 1.23755 0.345215 0.539276 -2.5163 -6.60095 -1.73779 -2.5163 15.7317 
3.13446 0.877136 1.25934 -6.64673 0.877136 0.272095 0.354065 -1.73785 1.25934 0.354065 0.555664 -2.56042 -6.64673 -1.73785 -2.56042 15.8623 
3.16852 0.888672 1.28693 -6.71558 0.888672 0.279602 0.366028 -1.75159 1.28693 0.366028 0.574463 -2.61566 -6.71558 -1.75159 -2.61566 16.0352 
3.2124 0.905945 1.31848 -6.80273 0.905945 0.289886 0.380188 -1.77661 1.31848 0.380188 0.594574 -2.67859 -6.80273 -1.77661 -2.67859 16.2412 
3.26306 0.92688 1.35217 -6.90295 0.92688 0.301941 0.395386 -1.80963 1.35217 0.395386 0.614929 -2.74579 -6.90295 -1.80963 -2.74579 16.4688 
3.31689 0.949707 1.38611 -7.00903 0.949707 0.314667 0.410614 -1.84698 1.38611 0.410614 0.63443 -2.81311 -7.00903 -1.84698 -2.81311 16.7056 
3.37073 0.972778 1.4184 -7.11548 0.972778 0.327148 0.424896 -1.88568 1.4184 0.424896 0.65213 -2.87756 -7.11548 -1.88568 -2.87756 16.9407 
3.42175 0.994446 1.44763 -7.21667 0.994446 0.338562 0.437531 -1.92255 1.44763 0.437531 0.667511 -2.9364 -7.21667 -1.92255 -2.9364 17.1633 
3.46802 1.01361 1.47314 -7.30896 1.01361 0.348267 0.448059 -1.95544 1.47314 0.448059 0.680084 -2.98792 -7.30896 -1.95544 -2.98792 17.366 
3.50854 1.02991 1.49432 -7.38977 1.02991 0.356201 0.45636 -1.98358 1.49432 0.45636 0.68988 -3.03101 -7.38977 -1.98358 -3.03101 17.5444 
3.54224 1.04248 1.51086 -7.4574 1.04248 0.361847 0.462189 -2.00531 1.51086 0.462189 0.696838 -3.06531 -7.4574 -2.00531 -3.06531 17.6948 
3.56848 1.05151 1.52295 -7.51123 1.05151 0.365479 0.465759 -2.02087 1.52295 0.465759 0.701172 -3.09094 -7.51123 -2.02087 -3.09094 17.8176 
3.58813 1.05737 1.53094 -7.552 1.05737 0.367249 0.467194 -2.03052 1.53094 0.467194 0.703033 -3.10852 -7.552 -2.03052 -3.10852 17.9131 
3.60144 1.05994 1.53528 -7.58081 1.05994 0.367249 0.466888 -2.03473 1.53528 0.466888 0.703064 -3.11902 -7.58081 -2.03473 -3.11902 17.9836 
3.6095 1.05994 1.5365 -7.599 1.05994 0.365845 0.465118 -2.03412 1.5365 0.465118 0.701324 -3.12341 -7.599 -2.03412 -3.12341 18.0322 
3.61279 1.05774 1.53522 -7.60803 1.05774 0.363373 0.462128 -2.02966 1.53522 0.462128 0.698364 -3.12305 -7.60803 -2.02966 -3.12305 18.0618 
3.61218 1.05383 1.53198 -7.60974 1.05383 0.359894 0.458313 -2.02216 1.53198 0.458313 0.694519 -3.11865 -7.60974 -2.02216 -3.11865 18.0752 
3.6084 1.04858 1.52716 -7.60535 1.04858 0.355804 0.453827 -2.01208 1.52716 0.453827 0.689972 -3.11096 -7.60535 -2.01208 -3.11096 18.0764 
3.60278 1.04254 1.5213 -7.59644 1.04254 0.351349 0.448944 -2.00055 1.5213 0.448944 0.684967 -3.1012 -7.59644 -2.00055 -3.1012 18.0676 
3.59509 1.03564 1.51465 -7.58386 1.03564 0.346619 0.443848 -1.98779 1.51465 0.443848 0.679779 -3.08984 -7.58386 -1.98779 -3.08984 18.0513 
3.58655 1.02863 1.50787 -7.56958 1.02863 0.341736 0.438751 -1.97455 1.50787 0.438751 0.674561 -3.07788 -7.56958 -1.97455 -3.07788 18.03 
3.57715 1.02136 1.50049 -7.55334 1.02136 0.336914 0.433624 -1.96118 1.50049 0.433624 0.669342 -3.06531 -7.55334 -1.96118 -3.06531 18.0051 
3.56763 1.01434 1.49347 -7.53674 1.01434 0.332275 0.42868 -1.94775 1.49347 0.42868 0.664276 -3.05237 -7.53674 -1.94775 -3.05237 17.9783 
3.55811 1.00745 1.48657 -7.51978 1.00745 0.327759 0.424011 -1.93488 1.48657 0.424011 0.659546 -3.04004 -7.51978 -1.93488 -3.04004 17.9502 
3.54871 1.00085 1.47992 -7.50342 1.00085 0.323578 0.419617 -1.92273 1.47992 0.419617 0.65506 -3.0282 -7.50342 -1.92273 -3.0282 17.9226 
3.54004 0.994751 1.47375 -7.48792 0.994751 0.319672 0.415588 -1.91132 1.47375 0.415588 0.65094 -3.01672 -7.48792 -1.91132 -3.01672 17.8965 
3.53162 0.988953 1.4679 -7.47302 0.988953 0.315948 0.411743 -1.90045 1.4679 0.411743 0.647034 -3.0061 -7.47302 -1.90045 -3.0061 17.8716 
3.52393 0.983643 1.46246 -7.45972 0.983643 0.312592 0.408234 -1.89081 1.46246 0.408234 0.643494 -2.99634 -7.45972 -1.89081 -2.99634 17.8494 
3.51697 0.97876 1.45758 -7.44727 0.97876 0.309601 0.405121 -1.88177 1.45758 0.405121 0.64032 -2.98743 -7.44727 -1.88177 -2.98743 17.8284 
3.51111 0.974609 1.45331 -7.43689 0.974609 0.306763 0.402313 -1.87372 1.45331 0.402313 0.637512 -2.97925 -7.43689 -1.87372 -2.97925 17.8105 
3.505 0.970459 1.44897 -7.42676 0.970459 0.304382 0.399689 -1.86646 1.44897 0.399689 0.634796 -2.97192 -7.42676 -1.86646 -2.97192 17.7947 
3.50037 0.967041 1.44537 -7.41895 0.967041 0.302094 0.39743 -1.85992 1.44537 0.39743 0.632507 -2.96533 -7.41895 -1.85992 -2.96533 17.782 
3.49646 0.963867 1.4422 -7.41211 0.963867 0.300079 0.395355 -1.85425 1.4422 0.395355 0.630463 -2.95923 -7.41211 -1.85425 -2.95923 17.7715 
3.49243 0.960999 1.43915 -7.40588 0.960999 0.29837 0.393555 -1.84906 1.43915 0.393555 0.628571 -2.95361 -7.40588 -1.84906 -2.95361 17.7622 
3.48975 0.958679 1.43665 -7.40186 0.958679 0.296783 0.391968 -1.84479 1.43665 0.391968 0.626984 -2.94922 -7.40186 -1.84479 -2.94922 17.7578 
3.48743 0.956421 1.43427 -7.39856 0.956421 0.295349 0.390503 -1.84076 1.43427 0.390503 0.625549 -2.94495 -7.39856 -1.84076 -2.94495 17.7549 
3.48572 0.95459 1.43219 -7.39673 0.95459 0.294189 0.389282 -1.83765 1.43219 0.389282 0.624207 -2.94092 -7.39673 -1.83765 -2.94092 17.7551 
3.48438 0.953003 1.43036 -7.39575 0.953003 0.293243 0.388214 -1.8349 1.43036 0.388214 0.623138 -2.9375 -7.39575 -1.8349 -2.9375 17.7571 
3.48376 0.951721 1.42859 -7.39661 0.951721 0.292328 0.387207 -1.83258 1.42859 0.387207 0.62204 -2.93433 -7.39661 -1.83258 -2.93433 17.7629 
3.48389 0.950562 1.42725 -7.39844 0.950562 0.291534 0.386444 -1.83075 1.42725 0.386444 0.621338 -2.93176 -7.39844 -1.83075 -2.93176 17.7715 
3.48425 0.949707 1.4259 -7.40149 0.949707 0.291016 0.385773 -1.82941 1.4259 0.385773 0.620514 -2.9292 -7.40149 -1.82941 -2.9292 17.7839 
3.48523 0.948914 1.4245 -7.40588 0.948914 0.290497 0.385132 -1.82831 1.4245 0.385132 0.619751 -2.92651 -7.40588 -1.82831 -2.92651 17.7986 
3.48718 0.948547 1.42346 -7.41223 0.948547 0.290222 0.384735 -1.8277 1.42346 0.384735 0.619232 -2.92432 -7.41223 -1.8277 -2.92432 17.8181 
3.48938 0.94812 1.42224 -7.42017 0.94812 0.290009 0.384247 -1.82751 1.42224 0.384247 0.618683 -2.922 -7.42017 -1.82751 -2.922 17.8423 
3.49255 0.948181 1.4212 -7.4303 0.948181 0.290039 0.383911 -1.82812 1.4212 0.383911 0.618195 -2.91968 -7.4303 -1.82812 -2.91968 17.873 
3.49634 0.948364 1.4201 -7.44336 0.948364 0.290192 0.383759 -1.82922 1.4201 0.383759 0.617859 -2.91748 -7.44336 -1.82922 -2.91748 17.9114 
3.50208 0.949097 1.41907 -7.45959 0.949097 0.290741 0.383789 -1.83148 1.41907 0.383789 0.617523 -2.91504 -7.45959 -1.83148 -2.91504 17.9585 
3.50891 0.950134 1.41785 -7.47998 0.950134 0.291443 0.383789 -1.83435 1.41785 0.383789 0.617188 -2.91235 -7.47998 -1.83435 -2.91235 18.0166 
3.51709 0.951599 1.41644 -7.50476 0.951599 0.292542 0.383911 -1.8385 1.41644 0.383911 0.616974 -2.90894 -7.50476 -1.8385 -2.90894 18.0886 
3.52734 0.953552 1.41467 -7.5354 0.953552 0.293884 0.384155 -1.84399 1.41467 0.384155 0.616699 -2.90491 -7.5354 -1.84399 -2.90491 18.1775 
3.53979 0.955994 1.41235 -7.57275 0.955994 0.295593 0.38443 -1.85077 1.41235 0.38443 0.616364 -2.89917 -7.57275 -1.85077 -2.89917 18.2861 
3.55408 0.958618 1.40918 -7.61731 0.958618 0.297455 0.384552 -1.85846 1.40918 0.384552 0.615936 -2.89124 -7.61731 -1.85846 -2.89124 18.418 
3.57068 0.961731 1.40466 -7.6698 0.961731 0.299683 0.384705 -1.86731 1.40466 0.384705 0.615387 -2.87964 -7.6698 -1.86731 -2.87964 18.5759 
3.58887 0.964233 1.39825 -7.72961 0.964233 0.30188 0.384521 -1.87555 1.39825 0.384521 0.614655 -2.86328 -7.72961 -1.87555 -2.86328 18.7612 
3.60791 0.965881 1.38928 -7.79565 0.965881 0.303864 0.384094 -1.88208 1.38928 0.384094 0.613953 -2.83997 -7.79565 -1.88208 -2.83997 18.9729 
3.62634 0.966003 1.37701 -7.8656 0.966003 0.305389 0.38327 -1.88495 1.37701 0.38327 0.613251 -2.8075 -7.8656 -1.88495 -2.8075 19.2078 
3.64209 0.963562 1.36066 -7.93433 0.963562 0.306549 0.382263 -1.88159 1.36066 0.382263 0.612732 -2.76355 -7.93433 -1.88159 -2.76355 19.4546 
3.65222 0.957458 1.33984 -7.99512 0.957458 0.307037 0.381287 -1.8689 1.33984 0.381287 0.613007 -2.70618 -7.99512 -1.8689 -2.70618 19.6997 
3.65356 0.947021 1.31464 -8.03906 0.947021 0.306976 0.380859 -1.84363 1.31464 0.380859 0.614655 -2.63428 -8.03906 -1.84363 -2.63428 19.9189 
3.64355 0.932007 1.28564 -8.05762 0.932007 0.307098 0.381805 -1.80493 1.28564 0.381805 0.618408 -2.54919 -8.05762 -1.80493 -2.54919 20.0869 
3.62012 0.91333 1.25488 -8.04248 0.91333 0.308136 0.385162 -1.75232 1.25488 0.385162 0.625031 -2.45422 -8.04248 -1.75232 -2.45422 20.1755 
3.58289 0.892273 1.22485 -7.98914 0.892273 0.311096 0.391907 -1.68896 1.22485 0.391907 0.63501 -2.35632 -7.98914 -1.68896 -2.35632 20.1633 
3.53369 0.871582 1.19824 -7.8988 0.871582 0.31723 0.402496 -1.62109 1.19824 0.402496 0.64798 -2.26318 -7.8988 -1.62109 -2.26318 20.042 
3.47742 0.854248 1.17822 -7.77881 0.854248 0.327026 0.416992 -1.55627 1.17822 0.416992 0.66333 -2.18372 -7.77881 -1.55627 -2.18372 19.8181 
3.41931 0.842407 1.1665 -7.6416 0.842407 0.340607 0.43457 -1.50232 1.1665 0.43457 0.679718 -2.12537 -7.6416 -1.50232 -2.12537 19.5154 
3.36536 0.838135 1.16345 -7.5022 0.838135 0.357147 0.453735 -1.46558 1.16345 0.453735 0.69516 -2.0918 -7.5022 -1.46558 -2.0918 19.1682 
3.31934 0.841064 1.16797 -7.37256 0.841064 0.375366 0.472656 -1.44897 1.16797 0.472656 0.708069 -2.08276 -7.37256 -1.44897 -2.08276 18.8137 
3.28357 0.85022 1.1781 -7.26245 0.85022 0.393463 0.489655 -1.45142 1.1781 0.489655 0.717194 -2.0946 -7.26245 -1.45142 -2.0946 18.4807 
3.25891 0.863831 1.19171 -7.17627 0.863831 0.410187 0.503601 -1.47052 1.19171 0.503601 0.721985 -2.12231 -7.17627 -1.47052 -2.12231 18.1904 
3.24377 0.879944 1.20648 -7.1145 0.879944 0.424377 0.513763 -1.5014 1.20648 0.513763 0.722473 -2.15997 -7.1145 -1.5014 -2.15997 17.9526 
3.23657 0.896851 1.22089 -7.07397 0.896851 0.435593 0.520233 -1.53949 1.22089 0.520233 0.719208 -2.20209 -7.07397 -1.53949 -2.20209 17.7678 
3.23499 0.912964 1.23358 -7.05115 0.912964 0.443649 0.523087 -1.58057 1.23358 0.523087 0.712891 -2.24481 -7.05115 -1.58057 -2.24481 17.6326 
3.23718 0.927704 1.24432 -7.0415 0.927704 0.448822 0.523117 -1.62195 1.24432 0.523117 0.704437 -2.28516 -7.0415 -1.62195 -2.28516 17.5378 
3.24158 0.940521 1.25269 -7.04102 0.940521 0.451416 0.520767 -1.66095 1.25269 0.520767 0.694458 -2.32147 -7.04102 -1.66095 -2.32147 17.4749 
3.24756 0.951263 1.25897 -7.04688 0.951263 0.45195 0.516769 -1.69678 1.25897 0.516769 0.683762 -2.35327 -7.04688 -1.69678 -2.35327 17.4365 
3.2536 0.960083 1.2634 -7.05591 0.960083 0.450958 0.511658 -1.72864 1.2634 0.511658 0.672852 -2.38025 -7.05591 -1.72864 -2.38025 17.4155 
3.25964 0.967255 1.2663 -7.06726 0.967255 0.448898 0.505905 -1.75684 1.2663 0.505905 0.662094 -2.40271 -7.06726 -1.75684 -2.40271 17.4077 
3.2652 0.973022 1.26779 -7.07898 0.973022 0.446091 0.499878 -1.78156 1.26779 0.499878 0.651627 -2.42108 -7.07898 -1.78156 -2.42108 17.4084 
3.27032 0.97757 1.2684 -7.0907 0.97757 0.44281 0.493774 -1.8028 1.2684 0.493774 0.641785 -2.43597 -7.0907 -1.8028 -2.43597 17.4143 
3.27496 0.981232 1.26822 -7.10205 0.981232 0.439331 0.487823 -1.82129 1.26822 0.487823 0.632523 -2.44775 -7.10205 -1.82129 -2.44775 17.4246 
3.27917 0.984222 1.26758 -7.11267 0.984222 0.435776 0.482147 -1.83746 1.26758 0.482147 0.623917 -2.45697 -7.11267 -1.83746 -2.45697 17.4365 
3.2832 0.986755 1.26651 -7.12268 0.986755 0.432343 0.476807 -1.85193 1.26651 0.476807 0.615936 -2.46405 -7.12268 -1.85193 -2.46405 17.45 
3.28693 0.988953 1.26523 -7.13196 0.988953 0.429001 0.471802 -1.86475 1.26523 0.471802 0.608551 -2.46936 -7.13196 -1.86475 -2.46936 17.4644 
3.29077 0.990997 1.2637 -7.14099 0.990997 0.425858 0.467133 -1.87659 1.2637 0.467133 0.601562 -2.47302 -7.14099 -1.87659 -2.47302 17.48 
3.29431 0.992828 1.26184 -7.14941 0.992828 0.422806 0.462738 -1.8877 1.26184 0.462738 0.594971 -2.47534 -7.14941 -1.8877 -2.47534 17.4958 
3.29785 0.994537 1.25977 -7.15759 0.994537 0.419769 0.458496 -1.89795 1.25977 0.458496 0.588531 -2.47607 -7.15759 -1.89795 -2.47607 17.5122 
3.30182 0.996155 1.25729 -7.16602 0.996155 0.416855 0.454346 -1.90808 1.25729 0.454346 0.582169 -2.47577 -7.16602 -1.90808 -2.47577 17.5303 
3.30603 0.997559 1.25443 -7.17493 0.997559 0.413788 0.450165 -1.91797 1.25443 0.450165 0.575607 -2.47388 -7.17493 -1.91797 -2.47388 17.5498 
3.31006 0.998535 1.25076 -7.18359 0.998535 0.4104 0.445709 -1.92761 1.25076 0.445709 0.568665 -2.47052 -7.18359 -1.92761 -2.47052 17.571 
3.31409 0.998779 1.24606 -7.19275 0.998779 0.40654 0.44075 -1.93677 1.24606 0.44075 0.56102 -2.46521 -7.19275 -1.93677 -2.46521 17.594 
3.31781 0.998199 1.23999 -7.20227 0.998199 0.402039 0.435104 -1.9458 1.23999 0.435104 0.55246 -2.45789 -7.20227 -1.9458 -2.45789 17.6206 
3.32056 0.996155 1.23215 -7.21155 0.996155 0.396484 0.428436 -1.95349 1.23215 0.428436 0.542648 -2.44775 -7.21155 -1.95349 -2.44775 17.6482 
3.32196 0.99234 1.22205 -7.22046 0.99234 0.389801 0.420547 -1.96014 1.22205 0.420547 0.531235 -2.43445 -7.22046 -1.96014 -2.43445 17.6782 
3.32043 0.986176 1.20895 -7.22754 0.986176 0.381714 0.411148 -1.9649 1.20895 0.411148 0.517944 -2.41718 -7.22754 -1.9649 -2.41718 17.71 
3.31519 0.977051 1.19247 -7.23132 0.977051 0.371964 0.400009 -1.96674 1.19247 0.400009 0.50264 -2.39551 -7.23132 -1.96674 -2.39551 17.74 
3.3045 0.964783 1.17233 -7.23071 0.964783 0.360718 0.387192 -1.96539 1.17233 0.387192 0.48526 -2.36896 -7.23071 -1.96539 -2.36896 17.7688 
3.28815 0.949371 1.14853 -7.22437 0.949371 0.347977 0.372787 -1.96051 1.14853 0.372787 0.466034 -2.33777 -7.22437 -1.96051 -2.33777 17.7935 
3.26422 0.930756 1.12122 -7.20996 0.930756 0.334061 0.357056 -1.95135 1.12122 0.357056 0.445267 -2.30182 -7.20996 -1.95135 -2.30182 17.8098 
3.23334 0.90976 1.09122 -7.18726 0.90976 0.319351 0.340469 -1.93866 1.09122 0.340469 0.423584 -2.26227 -7.18726 -1.93866 -2.26227 17.8167 
3.19562 0.887115 1.05948 -7.15613 0.887115 0.304443 0.323669 -1.92279 1.05948 0.323669 0.401733 -2.22034 -7.15613 -1.92279 -2.22034 17.8125 
3.15326 0.864105 1.02744 -7.1178 0.864105 0.289886 0.307281 -1.90503 1.02744 0.307281 0.380539 -2.17761 -7.1178 -1.90503 -2.17761 17.7976 
3.1084 0.841705 0.996399 -7.07458 0.841705 0.276108 0.29184 -1.88623 0.996399 0.29184 0.360641 -2.13593 -7.07458 -1.88623 -2.13593 17.7722 
3.06299 0.82077 0.967468 -7.0282 0.82077 0.263443 0.277756 -1.86737 0.967468 0.277756 0.342621 -2.09674 -7.0282 -1.86737 -2.09674 17.7395 
3.01953 0.802124 0.941498 -6.9823 0.802124 0.252213 0.26532 -1.84979 0.941498 0.26532 0.326782 -2.06134 -6.9823 -1.84979 -2.06134 17.7021 
2.97974 0.785828 0.918976 -6.93811 0.785828 0.242386 0.254562 -1.83374 0.918976 0.254562 0.313248 -2.03003 -6.93811 -1.83374 -2.03003 17.6628 
2.94446 0.772156 0.899963 -6.89819 0.772156 0.234024 0.245483 -1.81958 0.899963 0.245483 0.301971 -2.0036 -6.89819 -1.81958 -2.0036 17.6243 
2.91431 0.760864 0.884247 -6.86267 0.760864 0.226974 0.237946 -1.80743 0.884247 0.237946 0.292694 -1.98151 -6.86267 -1.80743 -1.98151 17.5879 
2.8891 0.751709 0.871582 -6.83228 0.751709 0.221085 0.231812 -1.79736 0.871582 0.231812 0.285248 -1.9635 -6.83228 -1.79736 -1.9635 17.5557 
2.86841 0.744263 0.86145 -6.80676 0.744263 0.216217 0.226776 -1.78882 0.86145 0.226776 0.279266 -1.94897 -6.80676 -1.78882 -1.94897 17.5271 
2.85199 0.738403 0.853516 -6.78613 0.738403 0.212204 0.222733 -1.78192 0.853516 0.222733 0.274582 -1.93744 -6.78613 -1.78192 -1.93744 17.5034 
2.83893 0.733765 0.847321 -6.76929 0.733765 0.208969 0.219498 -1.77618 0.847321 0.219498 0.270889 -1.92841 -6.76929 -1.77618 -1.92841 17.4829 
2.82886 0.730133 0.84256 -6.75598 0.730133 0.206329 0.216919 -1.77173 0.84256 0.216919 0.268021 -1.92139 -6.75598 -1.77173 -1.92139 17.4666 
2.82074 0.727112 0.838684 -6.74512 0.727112 0.204178 0.214798 -1.76782 0.838684 0.214798 0.265701 -1.91565 -6.74512 -1.76782 -1.91565 17.4526 
2.81458 0.724762 0.835785 -6.73682 0.724762 0.202423 0.21315 -1.76465 0.835785 0.21315 0.263947 -1.91132 -6.73682 -1.76465 -1.91132 17.4414 
2.80994 0.722931 0.833557 -6.73022 0.722931 0.20105 0.211853 -1.76215 0.833557 0.211853 0.262589 -1.90796 -6.73022 -1.76215 -1.90796 17.4331 
2.80627 0.721405 0.831848 -6.7251 0.721405 0.19989 0.210785 -1.76013 0.831848 0.210785 0.261505 -1.90527 -6.7251 -1.76013 -1.90527 17.426 
2.80347 0.720245 0.830475 -6.72119 0.720245 0.199005 0.209946 -1.75842 0.830475 0.209946 0.260651 -1.90332 -6.72119 -1.75842 -1.90332 17.4204 
2.80164 0.71933 0.829468 -6.71838 0.71933 0.198288 0.209274 -1.75714 0.829468 0.209274 0.259995 -1.90167 -6.71838 -1.75714 -1.90167 17.4163 
2.79999 0.718567 0.828705 -6.71582 0.718567 0.197693 0.208755 -1.75598 0.828705 0.208755 0.259521 -1.90045 -6.71582 -1.75598 -1.90045 17.4126 
2.79877 0.717957 0.828003 -6.71399 0.717957 0.197243 0.208328 -1.75507 0.828003 0.208328 0.259094 -1.89935 -6.71399 -1.75507 -1.89935 17.4102 
2.79761 0.717438 0.827484 -6.71265 0.717438 0.196877 0.207977 -1.75439 0.827484 0.207977 0.258774 -1.89856 -6.71265 -1.75439 -1.89856 17.4082 
2.797 0.717072 0.827057 -6.71155 0.717072 0.196587 0.207718 -1.75378 0.827057 0.207718 0.258499 -1.89795 -6.71155 -1.75378 -1.89795 17.4067 
2.79639 0.716705 0.826721 -6.71057 0.716705 0.196327 0.207489 -1.75317 0.826721 0.207489 0.258331 -1.89746 -6.71057 -1.75317 -1.89746 17.405 
2.7959 0.716492 0.826508 -6.71008 0.716492 0.196159 0.207336 -1.75293 0.826508 0.207336 0.258209 -1.89709 -6.71008 -1.75293 -1.89709 17.4041 
2.79565 0.716278 0.826324 -6.70972 0.716278 0.19603 0.207184 -1.75269 0.826324 0.207184 0.258072 -1.89673 -6.70972 -1.75269 -1.89673 17.4038 
2.79523 0.716156 0.82608 -6.70898 0.716156 0.195908 0.207077 -1.75238 0.82608 0.207077 0.257996 -1.89648 -6.70898 -1.75238 -1.89648 17.4033 
2.79523 0.716034 0.825958 -6.70886 0.716034 0.195816 0.206985 -1.7522 0.825958 0.206985 0.257935 -1.89624 -6.70886 -1.7522 -1.89624 17.4023 
2.79504 0.715912 0.825806 -6.70862 0.715912 0.195724 0.206886 -1.75195 0.825806 0.206886 0.257858 -1.89594 -6.70862 -1.75195 -1.89594 17.4026 
2.79504 0.715897 0.825806 -6.70874 0.715897 0.195709 0.206871 -1.75201 0.825806 0.206871 0.257858 -1.89581 -6.70874 -1.75201 -1.89581 17.4026 
2.7948 0.71579 0.825714 -6.7085 0.71579 0.195648 0.206795 -1.75195 0.825714 0.206795 0.257812 -1.89569 -6.7085 -1.75195 -1.89569 17.4028 
2.79474 0.715729 0.825623 -6.70825 0.715729 0.195625 0.206741 -1.75186 0.825623 0.206741 0.257812 -1.89551 -6.70825 -1.75186 -1.89551 17.4028 
2.79468 0.715683 0.8255 -6.70825 0.715683 0.195602 0.206696 -1.7518 0.8255 0.206696 0.257782 -1.89532 -6.70825 -1.7518 -1.89532 17.4028 
2.7948 0.715729 0.8255 -6.70837 0.715729 0.195602 0.206696 -1.75189 0.8255 0.206696 0.257797 -1.89526 -6.70837 -1.75189 -1.89526 17.4031 
2.7948 0.715698 0.82547 -6.70862 0.715698 0.195587 0.206635 -1.75195 0.82547 0.206635 0.257828 -1.89508 -6.70862 -1.75195 -1.89508 17.4038 
2.79474 0.715683 0.825378 -6.70862 0.715683 0.195595 0.206604 -1.75201 0.825378 0.206604 0.257828 -1.89496 -6.70862 -1.75201 -1.89496 17.4045 
2.79474 0.715714 0.825378 -6.70886 0.715714 0.19561 0.206581 -1.75208 0.825378 0.206581 0.257874 -1.89484 -6.70886 -1.75208 -1.89484 17.4053 
2.79486 0.715729 0.825317 -6.70898 0.715729 0.19561 0.206551 -1.75217 0.825317 0.206551 0.257904 -1.89465 -6.70898 -1.75217 -1.89465 17.4058 
2.79486 0.71579 0.825195 -6.70935 0.71579 0.195633 0.206512 -1.75238 0.825195 0.206512 0.257965 -1.89447 -6.70935 -1.75238 -1.89447 17.407 
2.79495 0.715805 0.825165 -6.70972 0.715805 0.195641 0.206474 -1.75253 0.825165 0.206474 0.257996 -1.89429 -6.70972 -1.75253 -1.89429 17.4082 
2.79498 0.715851 0.825043 -6.71002 0.715851 0.195663 0.206421 -1.75269 0.825043 0.206421 0.258064 -1.89395 -6.71002 -1.75269 -1.89395 17.4097 
2.79507 0.715897 0.824921 -6.71057 0.715897 0.195686 0.206375 -1.75287 0.824921 0.206375 0.258125 -1.89374 -6.71057 -1.75287 -1.89374 17.411 
2.79529 0.715988 0.824844 -6.71124 0.715988 0.19574 0.206322 -1.75317 0.824844 0.206322 0.258209 -1.89349 -6.71124 -1.75317 -1.89349 17.4132 
2.79541 0.716049 0.824768 -6.71185 0.716049 0.195778 0.206284 -1.75345 0.824768 0.206284 0.258339 -1.89319 -6.71185 -1.75345 -1.89319 17.4153 
2.79559 0.716125 0.8246 -6.71259 0.716125 0.195801 0.206184 -1.75378 0.8246 0.206184 0.25843 -1.89279 -6.71259 -1.75378 -1.89279 17.418 
2.79578 0.716232 0.824478 -6.71332 0.716232 0.195862 0.206131 -1.75418 0.824478 0.206131 0.258553 -1.89233 -6.71332 -1.75418 -1.89233 17.4208 
2.79599 0.716354 0.824295 -6.71436 0.716354 0.19593 0.206047 -1.75467 0.824295 0.206047 0.258675 -1.89185 -6.71436 -1.75467 -1.89185 17.4242 
2.79626 0.716461 0.824112 -6.71527 0.716461 0.195999 0.20594 -1.75513 0.824112 0.20594 0.258835 -1.89124 -6.71527 -1.75513 -1.89124 17.4279 
2.7966 0.71666 0.823929 -6.7168 0.71666 0.196083 0.205849 -1.7558 0.823929 0.205849 0.258995 -1.89069 -6.7168 -1.7558 -1.89069 17.4326 
2.79681 0.716751 0.823685 -6.71808 0.716751 0.196167 0.205734 -1.75641 0.823685 0.205734 0.259209 -1.89008 -6.71808 -1.75641 -1.89008 17.4377 
2.79721 0.716949 0.823425 -6.71967 0.716949 0.196243 0.205612 -1.75717 0.823425 0.205612 0.259445 -1.88931 -6.71967 -1.75717 -1.88931 17.4435 
2.79761 0.717102 0.823105 -6.72144 0.717102 0.196327 0.205444 -1.75784 0.823105 0.205444 0.259659 -1.88843 -6.72144 -1.75784 -1.88843 17.4498 
2.79803 0.717346 0.82283 -6.72357 0.717346 0.196442 0.205299 -1.75879 0.82283 0.205299 0.259964 -1.88754 -6.72357 -1.75879 -1.88754 17.4574 
2.79858 0.717606 0.822495 -6.72607 0.717606 0.196571 0.205139 -1.75992 0.822495 0.205139 0.260277 -1.88666 -6.72607 -1.75992 -1.88666 17.4664 
2.7991 0.717865 0.822098 -6.7287 0.717865 0.196709 0.204956 -1.76102 0.822098 0.204956 0.260628 -1.88556 -6.7287 -1.76102 -1.88556 17.476 
2.79971 0.71814 0.82164 -6.73169 0.71814 0.196854 0.20475 -1.76233 0.82164 0.20475 0.260986 -1.88434 -6.73169 -1.76233 -1.88434 17.4868 
2.80035 0.718445 0.821136 -6.73505 0.718445 0.197014 0.204529 -1.76373 0.821136 0.204529 0.261398 -1.883 -6.73505 -1.76373 -1.883 17.4993 
2.80115 0.718796 0.820679 -6.73901 0.718796 0.197205 0.204308 -1.76535 0.820679 0.204308 0.261879 -1.88174 -6.73901 -1.76535 -1.88174 17.5134 
2.80194 0.719131 0.820114 -6.74323 0.719131 0.197365 0.204048 -1.76709 0.820114 0.204048 0.262367 -1.88031 -6.74323 -1.76709 -1.88031 17.5294 
2.80283 0.719559 0.819534 -6.74799 0.719559 0.197571 0.203796 -1.76898 0.819534 0.203796 0.262932 -1.87878 -6.74799 -1.76898 -1.87878 17.5469 
2.80377 0.719955 0.818909 -6.75336 0.719955 0.197777 0.203529 -1.77112 0.818909 0.203529 0.263535 -1.87732 -6.75336 -1.77112 -1.87732 17.5674 
2.80481 0.720383 0.818237 -6.75934 0.720383 0.19799 0.203232 -1.77338 0.818237 0.203232 0.26416 -1.87567 -6.75934 -1.77338 -1.87567 17.5892 
2.80585 0.72084 0.817505 -6.76581 0.72084 0.198219 0.202934 -1.77591 0.817505 0.202934 0.264854 -1.87408 -6.76581 -1.77591 -1.87408 17.6141 
2.80713 0.721344 0.816803 -6.77313 0.721344 0.198456 0.202652 -1.77856 0.816803 0.202652 0.26561 -1.87253 -6.77313 -1.77856 -1.87253 17.6414 
2.80832 0.721817 0.816025 -6.78113 0.721817 0.1987 0.202347 -1.78146 0.816025 0.202347 0.266396 -1.87109 -6.78113 -1.78146 -1.87109 17.672 
2.80957 0.722275 0.815262 -6.78986 0.722275 0.198933 0.202049 -1.78455 0.815262 0.202049 0.26722 -1.86972 -6.78986 -1.78455 -1.86972 17.7054 
2.81094 0.722778 0.814529 -6.79932 0.722778 0.199184 0.201767 -1.78781 0.814529 0.201767 0.268089 -1.86856 -6.79932 -1.78781 -1.86856 17.7419 
2.81226 0.723221 0.813751 -6.80963 0.723221 0.199425 0.201508 -1.79132 0.813751 0.201508 0.268967 -1.86765 -6.80963 -1.79132 -1.86765 17.7816 
2.81363 0.723663 0.813034 -6.82074 0.723663 0.199657 0.201286 -1.79489 0.813034 0.201286 0.269897 -1.86716 -6.82074 -1.79489 -1.86716 17.825 
2.81491 0.724045 0.812378 -6.83264 0.724045 0.199875 0.20108 -1.79865 0.812378 0.20108 0.270836 -1.86713 -6.83264 -1.79865 -1.86713 17.8719 
2.81619 0.72438 0.811829 -6.84528 0.72438 0.200081 0.200958 -1.80252 0.811829 0.200958 0.271797 -1.86774 -6.84528 -1.80252 -1.86774 17.922 
2.81738 0.724655 0.811401 -6.8587 0.724655 0.200264 0.200874 -1.80643 0.811401 0.200874 0.272728 -1.86902 -6.8587 -1.80643 -1.86902 17.9755 
2.81836 0.724823 0.811096 -6.8728 0.724823 0.200428 0.200867 -1.81042 0.811096 0.200867 0.273643 -1.87119 -6.8728 -1.81042 -1.87119 18.0321 
2.81912 0.724876 0.810913 -6.88727 0.724876 0.200562 0.200928 -1.81442 0.810913 0.200928 0.274498 -1.8743 -6.88727 -1.81442 -1.8743 18.0917 
2.81973 0.7248 0.81102 -6.9024 0.7248 0.200668 0.201096 -1.81836 0.81102 0.201096 0.275352 -1.87872 -6.9024 -1.81836 -1.87872 18.1539 
2.81995 0.724556 0.81134 -6.91785 0.724556 0.200729 0.201355 -1.82219 0.81134 0.201355 0.276115 -1.88437 -6.91785 -1.82219 -1.88437 18.2178 
2.81985 0.72419 0.81192 -6.93341 0.72419 0.200787 0.201733 -1.82594 0.81192 0.201733 0.276855 -1.89151 -6.93341 -1.82594 -1.89151 18.2837 
2.81937 0.72364 0.81282 -6.9491 0.72364 0.200809 0.202194 -1.82954 0.81282 0.202194 0.277489 -1.90015 -6.9491 -1.82954 -1.90015 18.3508 
2.81848 0.722931 0.814026 -6.96472 0.722931 0.200809 0.202759 -1.83296 0.814026 0.202759 0.278069 -1.91043 -6.96472 -1.83296 -1.91043 18.4183 
2.81714 0.722061 0.815521 -6.98016 0.722061 0.200817 0.203419 -1.8363 0.815521 0.203419 0.278564 -1.9223 -6.98016 -1.8363 -1.9223 18.486 
2.81525 0.721039 0.817307 -6.99506 0.721039 0.200802 0.204136 -1.83937 0.817307 0.204136 0.278992 -1.93573 -6.99506 -1.83937 -1.93573 18.5525 
2.81302 0.71991 0.819443 -7.00977 0.71991 0.200848 0.204933 -1.84247 0.819443 0.204933 0.279396 -1.95078 -7.00977 -1.84247 -1.95078 18.6185 
2.81036 0.718666 0.821777 -7.0238 0.718666 0.200886 0.205734 -1.84538 0.821777 0.205734 0.279732 -1.96707 -7.0238 -1.84538 -1.96707 18.6825 
2.80728 0.717339 0.824356 -7.03723 0.717339 0.200985 0.206562 -1.84834 0.824356 0.206562 0.280113 -1.98462 -7.03723 -1.84834 -1.98462 18.7446 
2.80383 0.715996 0.827026 -7.04999 0.715996 0.201122 0.207348 -1.85124 0.827026 0.207348 0.280472 -2.00293 -7.04999 -1.85124 -2.00293 18.8043 
2.80016 0.714661 0.829865 -7.06238 0.714661 0.20134 0.208099 -1.85437 0.829865 0.208099 0.280907 -2.02197 -7.06238 -1.85437 -2.02197 18.8624 
2.79628 0.713364 0.832657 -7.07422 0.713364 0.201637 0.208778 -1.85776 0.832657 0.208778 0.281372 -2.04126 -7.07422 -1.85776 -2.04126 18.9183 
2.79234 0.712196 0.835464 -7.08557 0.712196 0.202003 0.209366 -1.86127 0.835464 0.209366 0.281929 -2.06052 -7.08557 -1.86127 -2.06052 18.9716 
2.78845 0.711113 0.838196 -7.09662 0.711113 0.202446 0.209854 -1.86514 0.838196 0.209854 0.2826 -2.07953 -7.09662 -1.86514 -2.07953 19.0233 
2.78462 0.710167 0.840759 -7.10745 0.710167 0.202969 0.210243 -1.86934 0.840759 0.210243 0.283401 -2.09796 -7.10745 -1.86934 -2.09796 19.0734 
2.7809 0.709358 0.843094 -7.11789 0.709358 0.203541 0.210495 -1.87378 0.843094 0.210495 0.284271 -2.11542 -7.11789 -1.87378 -2.11542 19.1216 
2.77745 0.70874 0.845238 -7.12833 0.70874 0.20417 0.210644 -1.8786 0.845238 0.210644 0.285233 -2.1319 -7.12833 -1.8786 -2.1319 19.1684 
2.77432 0.70829 0.847183 -7.13867 0.70829 0.204826 0.210709 -1.88362 0.847183 0.210709 0.286316 -2.14725 -7.13867 -1.88362 -2.14725 19.2141 
2.77145 0.70797 0.848854 -7.1488 0.70797 0.205513 0.210667 -1.88884 0.848854 0.210667 0.287445 -2.1613 -7.1488 -1.88884 -2.1613 19.2584 
2.76888 0.707779 0.850288 -7.15881 0.707779 0.206196 0.210564 -1.89421 0.850288 0.210564 0.288628 -2.17409 -7.15881 -1.89421 -2.17409 19.3013 
2.76662 0.707733 0.851501 -7.16867 0.707733 0.206871 0.210407 -1.89964 0.851501 0.210407 0.289841 -2.18559 -7.16867 -1.89964 -2.18559 19.3429 
2.76471 0.707794 0.852516 -7.17834 0.707794 0.207529 0.210213 -1.90509 0.852516 0.210213 0.291058 -2.19588 -7.17834 -1.90509 -2.19588 19.3833 
2.76308 0.707932 0.853348 -7.18784 0.707932 0.208155 0.209995 -1.91046 0.853348 0.209995 0.292278 -2.20503 -7.18784 -1.91046 -2.20503 19.4221 
2.76172 0.708145 0.854012 -7.19702 0.708145 0.20874 0.20977 -1.91571 0.854012 0.20977 0.293453 -2.21304 -7.19702 -1.91571 -2.21304 19.4593 
2.76059 0.708397 0.854553 -7.20584 0.708397 0.209278 0.209549 -1.92073 0.854553 0.209549 0.294601 -2.22009 -7.20584 -1.92073 -2.22009 19.4947 
2.7597 0.708679 0.854988 -7.21432 0.708679 0.209768 0.209343 -1.92555 0.854988 0.209343 0.295696 -2.22627 -7.21432 -1.92555 -2.22627 19.5285 
2.75902 0.709 0.855347 -7.22238 0.709 0.210213 0.209164 -1.93016 0.855347 0.209164 0.29673 -2.23166 -7.22238 -1.93016 -2.23166 19.5603 
2.7585 0.709335 0.855629 -7.23007 0.709335 0.210609 0.209023 -1.93449 0.855629 0.209023 0.297703 -2.23639 -7.23007 -1.93449 -2.23639 19.5903 
2.75816 0.709663 0.855888 -7.2374 0.709663 0.210957 0.208912 -1.93851 0.855888 0.208912 0.298611 -2.24054 -7.2374 -1.93851 -2.24054 19.6185 
2.75795 0.710007 0.856125 -7.24423 0.710007 0.21126 0.208836 -1.94226 0.856125 0.208836 0.299454 -2.24419 -7.24423 -1.94226 -2.24419 19.6448 
2.75784 0.71035 0.856361 -7.25073 0.71035 0.211533 0.208809 -1.94577 0.856361 0.208809 0.300255 -2.2475 -7.25073 -1.94577 -2.2475 19.6696 
2.75786 0.710693 0.856598 -7.25668 0.710693 0.211769 0.208832 -1.94899 0.856598 0.208832 0.300991 -2.2504 -7.25668 -1.94899 -2.2504 19.6922 
2.758 0.711044 0.856873 -7.26242 0.711044 0.211985 0.208904 -1.95198 0.856873 0.208904 0.301697 -2.25308 -7.26242 -1.95198 -2.25308 19.7134 
2.75818 0.711372 0.857178 -7.26767 0.711372 0.212168 0.209019 -1.9547 0.857178 0.209019 0.302353 -2.25548 -7.26767 -1.9547 -2.25548 19.7328 
2.75851 0.711739 0.857536 -7.27264 0.711739 0.212349 0.209198 -1.95724 0.857536 0.209198 0.303013 -2.25781 -7.27264 -1.95724 -2.25781 19.7509 
2.75894 0.712128 0.857979 -7.27744 0.712128 0.212526 0.209431 -1.95964 0.857979 0.209431 0.30365 -2.26006 -7.27744 -1.95964 -2.26006 19.7679 
2.75945 0.712536 0.858475 -7.28195 0.712536 0.2127 0.209719 -1.96186 0.858475 0.209719 0.304298 -2.26219 -7.28195 -1.96186 -2.26219 19.7834 
2.76012 0.71299 0.859093 -7.28635 0.71299 0.212889 0.210072 -1.96401 0.859093 0.210072 0.304966 -2.26439 -7.28635 -1.96401 -2.26439 19.7981 
2.76093 0.713497 0.85981 -7.29062 0.713497 0.2131 0.210497 -1.96605 0.85981 0.210497 0.305679 -2.26656 -7.29062 -1.96605 -2.26656 19.8118 
2.7619 0.71405 0.860657 -7.29483 0.71405 0.213327 0.210991 -1.96806 0.860657 0.210991 0.306446 -2.26886 -7.29483 -1.96806 -2.26886 19.8249 
2.76305 0.71471 0.861664 -7.2991 0.71471 0.213604 0.211582 -1.97009 0.861664 0.211582 0.307301 -2.27135 -7.2991 -1.97009 -2.27135 19.8373 
2.76443 0.715458 0.862846 -7.3035 0.715458 0.213924 0.212263 -1.97217 0.862846 0.212263 0.308258 -2.274 -7.3035 -1.97217 -2.274 19.8495 
2.76608 0.716312 0.864227 -7.30804 0.716312 0.214298 0.213053 -1.97431 0.864227 0.213053 0.309345 -2.2769 -7.30804 -1.97431 -2.2769 19.8615 
2.76799 0.717319 0.86586 -7.31293 0.717319 0.214754 0.213976 -1.97662 0.86586 0.213976 0.3106 -2.28015 -7.31293 -1.97662 -2.28015 19.8737 
2.77023 0.718483 0.867752 -7.31812 0.718483 0.215286 0.215027 -1.9791 0.867752 0.215027 0.312046 -2.28375 -7.31812 -1.9791 -2.28375 19.8859 
2.77287 0.719845 0.869949 -7.32379 0.719845 0.215921 0.216246 -1.98184 0.869949 0.216246 0.313713 -2.28784 -7.32379 -1.98184 -2.28784 19.8988 
2.77594 0.72142 0.872505 -7.33005 0.72142 0.216671 0.217644 -1.98488 0.872505 0.217644 0.315655 -2.29247 -7.33005 -1.98488 -2.29247 19.9122 
2.77952 0.723255 0.875473 -7.33704 0.723255 0.217546 0.21925 -1.98828 0.875473 0.21925 0.317913 -2.29773 -7.33704 -1.98828 -2.29773 19.9268 
2.78367 0.725368 0.878925 -7.345 0.725368 0.218574 0.221092 -1.99213 0.878925 0.221092 0.320541 -2.3038 -7.345 -1.99213 -2.3038 19.9427 
2.78849 0.727825 0.882915 -7.35385 0.727825 0.219767 0.223198 -1.9965 0.882915 0.223198 0.323587 -2.31065 -7.35385 -1.9965 -2.31065 19.9601 
2.79401 0.730648 0.887493 -7.36395 0.730648 0.221147 0.225609 -2.00146 0.887493 0.225609 0.327118 -2.31856 -7.36395 -2.00146 -2.31856 19.9796 
2.80041 0.733894 0.892765 -7.37549 0.733894 0.222741 0.228357 -2.00715 0.892765 0.228357 0.331203 -2.32761 -7.37549 -2.00715 -2.32761 20.0015 
2.80772 0.737602 0.898804 -7.38855 0.737602 0.224567 0.231485 -2.01361 0.898804 0.231485 0.335915 -2.33795 -7.38855 -2.01361 -2.33795 20.0261 
2.81612 0.74184 0.905712 -7.40352 0.74184 0.226653 0.235039 -2.021 0.905712 0.235039 0.341335 -2.34982 -7.40352 -2.021 -2.34982 20.0544 
2.82564 0.746643 0.913586 -7.42049 0.746643 0.229017 0.239056 -2.0294 0.913586 0.239056 0.347546 -2.36336 -7.42049 -2.0294 -2.36336 20.0862 
2.83646 0.752071 0.922523 -7.43983 0.752071 0.231688 0.243587 -2.03893 0.922523 0.243587 0.354647 -2.37877 -7.43983 -2.03893 -2.37877 20.1227 
2.84867 0.758186 0.932652 -7.46178 0.758186 0.234685 0.248684 -2.04973 0.932652 0.248684 0.362732 -2.39635 -7.46178 -2.04973 -2.39635 20.1643 
2.86239 0.765034 0.94405 -7.4866 0.765034 0.238029 0.254385 -2.06191 0.94405 0.254385 0.371889 -2.41623 -7.4866 -2.06191 -2.41623 20.2119 
2.87773 0.772657 0.956833 -7.51457 0.772657 0.241737 0.260731 -2.07561 0.956833 0.260731 0.382221 -2.43869 -7.51457 -2.07561 -2.43869 20.2657 
2.89483 0.781094 0.971104 -7.54605 0.781094 0.245818 0.267756 -2.09094 0.971104 0.267756 0.393816 -2.46401 -7.54605 -2.09094 -2.46401 20.3271 
2.91371 0.790369 0.986938 -7.58133 0.790369 0.250275 0.275489 -2.10802 0.986938 0.275489 0.406754 -2.49236 -7.58133 -2.10802 -2.49236 20.3969 
2.93442 0.800474 1.00439 -7.62047 0.800474 0.255095 0.283935 -2.12689 1.00439 0.283935 0.421106 -2.52395 -7.62047 -2.12689 -2.52395 20.4754 
2.95702 0.811417 1.02349 -7.66389 0.811417 0.260266 0.293087 -2.14766 1.02349 0.293087 0.436901 -2.55899 -7.66389 -2.14766 -2.55899 20.564 
2.9814 0.823135 1.04423 -7.7117 0.823135 0.265743 0.30291 -2.17036 1.04423 0.30291 0.454149 -2.59756 -7.7117 -2.17036 -2.59756 20.6635 
3.00746 0.835533 1.06651 -7.76384 0.835533 0.271468 0.313332 -2.1949 1.06651 0.313332 0.472801 -2.6397 -7.76384 -2.1949 -2.6397 20.7742 
3.035 0.848499 1.09018 -7.82034 0.848499 0.277363 0.324245 -2.22124 1.09018 0.324245 0.492754 -2.68536 -7.82034 -2.22124 -2.68536 20.8973 
3.06371 0.861841 1.11501 -7.88098 0.861841 0.283322 0.335501 -2.24919 1.11501 0.335501 0.513821 -2.73431 -7.88098 -2.24919 -2.73431 21.0329 
3.09318 0.875328 1.14067 -7.9453 0.875328 0.289212 0.346888 -2.27848 1.14067 0.346888 0.535727 -2.78617 -7.9453 -2.27848 -2.78617 21.1813 
3.1228 0.888659 1.16666 -8.01277 0.888659 0.294874 0.358142 -2.30876 1.16666 0.358142 0.558092 -2.84042 -8.01277 -2.30876 -2.84042 21.3425 
3.15196 0.901497 1.19242 -8.08252 0.901497 0.300128 0.368947 -2.33956 1.19242 0.368947 0.580424 -2.89627 -8.08252 -2.33956 -2.89627 21.5159 
3.17989 0.913452 1.21727 -8.15353 0.913452 0.304779 0.378936 -2.37033 1.21727 0.378936 0.60211 -2.95268 -8.15353 -2.37033 -2.95268 21.7005 
3.20571 0.924107 1.24038 -8.22462 0.924107 0.308628 0.3877 -2.40044 1.24038 0.3877 0.62243 -3.00852 -8.22462 -2.40044 -3.00852 21.8954 
3.22855 0.933067 1.26091 -8.29439 0.933067 0.311493 0.394819 -2.42923 1.26091 0.394819 0.640578 -3.06232 -8.29439 -2.42923 -3.06232 22.0987 
3.24757 0.939962 1.27799 -8.36127 0.939962 0.313222 0.399894 -2.45601 1.27799 0.399894 0.655719 -3.11259 -8.36127 -2.45601 -3.11259 22.308 
3.26206 0.94453 1.29083 -8.42406 0.94453 0.313733 0.402581 -2.48023 1.29083 0.402581 0.66702 -3.15785 -8.42406 -2.48023 -3.15785 22.5212 
3.27156 0.946648 1.29878 -8.48141 0.946648 0.313016 0.402648 -2.50145 1.29878 0.402648 0.673759 -3.19668 -8.48141 -2.50145 -3.19668 22.7357 
3.27591 0.94637 1.30147 -8.53261 0.94637 0.31117 0.400014 -2.51949 1.30147 0.400014 0.675398 -3.22804 -8.53261 -2.51949 -3.22804 22.9491 
3.2754 0.943981 1.29887 -8.57739 0.943981 0.308411 0.394793 -2.53447 1.29887 0.394793 0.671679 -3.25127 -8.57739 -2.53447 -3.25127 23.1597 
3.27073 0.939978 1.29131 -8.61604 0.939978 0.305058 0.387304 -2.54683 1.29131 0.387304 0.662681 -3.26629 -8.61604 -2.54683 -3.26629 23.3658 
3.26304 0.935045 1.27958 -8.64955 0.935045 0.301517 0.378074 -2.55731 1.27958 0.378074 0.64886 -3.2737 -8.64955 -2.55731 -3.2737 23.5669 
3.25375 0.930004 1.26479 -8.67934 0.930004 0.298243 0.36779 -2.56691 1.26479 0.36779 0.631042 -3.27467 -8.67934 -2.56691 -3.27467 23.7628 
3.2445 0.925707 1.24832 -8.70735 0.925707 0.295683 0.35724 -2.57675 1.24832 0.35724 0.610347 -3.27089 -8.70735 -2.57675 -3.27089 23.9543 
3.23686 0.92294 1.23166 -8.73557 0.92294 0.294225 0.347223 -2.58795 1.23166 0.347223 0.588082 -3.26439 -8.73557 -2.58795 -3.26439 24.1423 
3.2322 0.922332 1.2162 -8.76579 0.922332 0.294151 0.338455 -2.60141 1.2162 0.338455 0.565591 -3.25723 -8.76579 -2.60141 -3.25723 24.3276 
3.23157 0.924282 1.20316 -8.79948 0.924282 0.295603 0.331506 -2.6178 1.20316 0.331506 0.544136 -3.25133 -8.79948 -2.6178 -3.25133 24.5112 
3.23548 0.928918 1.19339 -8.83751 0.928918 0.298576 0.326733 -2.6374 1.19339 0.326733 0.524748 -3.24823 -8.83751 -2.6374 -3.24823 24.6933 
3.244 0.93611 1.18738 -8.88013 0.93611 0.302927 0.32428 -2.66014 1.18738 0.32428 0.50817 -3.24894 -8.88013 -2.66014 -3.24894 24.8737 
3.25677 0.945514 1.18523 -8.92695 0.945514 0.308409 0.324078 -2.68559 1.18523 0.324078 0.494823 -3.25394 -8.92695 -2.68559 -3.25394 25.0515 
3.27309 0.956634 1.18669 -8.97716 0.956634 0.314707 0.325892 -2.71312 1.18669 0.325892 0.484818 -3.26325 -8.97716 -2.71312 -3.26325 25.2254 
3.29206 0.968898 1.19129 -9.02956 0.968898 0.321483 0.329377 -2.74192 1.19129 0.329377 0.478007 -3.27641 -9.02956 -2.74192 -3.27641 25.394 
3.3127 0.981725 1.1984 -9.08286 0.981725 0.328409 0.334125 -2.77114 1.1984 0.334125 0.474067 -3.29276 -9.08286 -2.77114 -3.29276 25.5555 
3.33406 0.994578 1.20732 -9.13574 0.994578 0.335197 0.339722 -2.80002 1.20732 0.339722 0.472548 -3.31142 -9.13574 -2.80002 -3.31142 25.7085 
3.3553 1.00701 1.2174 -9.18706 1.00701 0.341611 0.345779 -2.82786 1.2174 0.345779 0.472962 -3.33153 -9.18706 -2.82786 -3.33153 25.8519 
3.37571 1.01866 1.22801 -9.23578 1.01866 0.347481 0.351963 -2.8541 1.22801 0.351963 0.474819 -3.35226 -9.23578 -2.8541 -3.35226 25.9845 
3.39478 1.02928 1.23866 -9.28122 1.02928 0.352693 0.358002 -2.87836 1.23866 0.358002 0.477673 -3.37289 -9.28122 -2.87836 -3.37289 26.1059 
3.41214 1.03872 1.24894 -9.32289 1.03872 0.357188 0.363695 -2.90038 1.24894 0.363695 0.481136 -3.39284 -9.32289 -2.90038 -3.39284 26.2159 
3.42759 1.04691 1.25856 -9.36048 1.04691 0.360951 0.368904 -2.92005 1.25856 0.368904 0.484894 -3.41167 -9.36048 -2.92005 -3.41167 26.3146 
3.44103 1.05385 1.26734 -9.39394 1.05385 0.364002 0.373545 -2.93736 1.26734 0.373545 0.488702 -3.42909 -9.39394 -2.93736 -3.42909 26.4024 
3.45247 1.05957 1.27516 -9.42331 1.05957 0.366383 0.377579 -2.95235 1.27516 0.377579 0.492376 -3.44489 -9.42331 -2.95235 -3.44489 26.4798 
3.46201 1.06418 1.28198 -9.4488 1.06418 0.368156 0.381003 -2.96518 1.28198 0.381003 0.495795 -3.45901 -9.4488 -2.96518 -3.45901 26.5476 
3.46978 1.06775 1.2878 -9.47064 1.06775 0.369386 0.383838 -2.97599 1.2878 0.383838 0.498882 -3.47145 -9.47064 -2.97599 -3.47145 26.6066 
3.47593 1.07042 1.29267 -9.48914 1.07042 0.370146 0.386124 -2.98499 1.29267 0.386124 0.501593 -3.48226 -9.48914 -2.98499 -3.48226 26.6575 
3.48065 1.07229 1.29665 -9.50462 1.07229 0.370504 0.387909 -2.99236 1.29665 0.387909 0.503915 -3.49152 -9.50462 -2.99236 -3.49152 26.7011 
3.48411 1.07349 1.29983 -9.51743 1.07349 0.370529 0.389249 -2.9983 1.29983 0.389249 0.505856 -3.49935 -9.51743 -2.9983 -3.49935 26.7384 
3.48652 1.07411 1.3023 -9.52791 1.07411 0.370282 0.390201 -3.003 1.3023 0.390201 0.507433 -3.50589 -9.52791 -3.003 -3.50589 26.77 
3.48799 1.07426 1.30413 -9.5363 1.07426 0.369817 0.390817 -3.00663 1.30413 0.390817 0.508675 -3.51128 -9.5363 -3.00663 -3.51128 26.7966 
3.48871 1.07402 1.30542 -9.54296 1.07402 0.369183 0.391151 -3.00936 1.30542 0.391151 0.509617 -3.51565 -9.54296 -3.00936 -3.51565 26.8189 
3.48881 1.07348 1.30625 -9.5481 1.07348 0.368422 0.39125 -3.01132 1.30625 0.39125 0.510292 -3.51913 -9.5481 -3.01132 -3.51913 26.8375 
3.48841 1.07271 1.3067 -9.552 1.07271 0.36757 0.391157 -3.01265 1.3067 0.391157 0.510736 -3.52184 -9.552 -3.01265 -3.52184 26.8529 
3.48761 1.07175 1.30683 -9.55482 1.07175 0.366657 0.390911 -3.01346 1.30683 0.390911 0.510985 -3.52391 -9.55482 -3.01346 -3.52391 26.8656 
3.48651 1.07067 1.30669 -9.55676 1.07067 0.365707 0.390545 -3.01384 1.30669 0.390545 0.511066 -3.52542 -9.55676 -3.01384 -3.52542 26.876 
3.48517 1.06949 1.30636 -9.55798 1.06949 0.364742 0.390087 -3.01389 1.30636 0.390087 0.511012 -3.52646 -9.55798 -3.01389 -3.52646 26.8844 
3.48368 1.06827 1.30586 -9.55861 1.06827 0.363777 0.389561 -3.01366 1.30586 0.389561 0.510847 -3.52712 -9.55861 -3.01366 -3.52712 26.8911 
3.48206 1.06701 1.30524 -9.55878 1.06701 0.362826 0.388988 -3.01323 1.30524 0.388988 0.510594 -3.52746 -9.55878 -3.01323 -3.52746 26.8964 
3.48038 1.06575 1.30453 -9.55856 1.06575 0.361899 0.388386 -3.01264 1.30453 0.388386 0.510272 -3.52756 -9.55856 -3.01264 -3.52756 26.9006 
3.47867 1.06451 1.30375 -9.55805 1.06451 0.361001 0.387767 -3.01193 1.30375 0.387767 0.5099 -3.52744 -9.55805 -3.01193 -3.52744 26.9038 
3.47697 1.06329 1.30295 -9.55732 1.06329 0.36014 0.387144 -3.01114 1.30295 0.387144 0.50949 -3.52717 -9.55732 -3.01114 -3.52717 26.9062 
3.47528 1.06211 1.30211 -9.55643 1.06211 0.359319 0.386524 -3.01029 1.30211 0.386524 0.509056 -3.52677 -9.55643 -3.01029 -3.52677 26.908 
3.47363 1.06098 1.30127 -9.55541 1.06098 0.35854 0.385916 -3.00941 1.30127 0.385916 0.508605 -3.52627 -9.55541 -3.00941 -3.52627 26.9092 
3.47204 1.05989 1.30043 -9.55432 1.05989 0.357805 0.385324 -3.00853 1.30043 0.385324 0.508151 -3.52571 -9.55432 -3.00853 -3.52571 26.9099 
3.4705 1.05886 1.29961 -9.55318 1.05886 0.357113 0.384753 -3.00764 1.29961 0.384753 0.507696 -3.52511 -9.55318 -3.00764 -3.52511 26.9104 
3.46903 1.05789 1.29882 -9.55202 1.05789 0.356465 0.384206 -3.00677 1.29882 0.384206 0.507247 -3.52447 -9.55202 -3.00677 -3.52447 26.9105 
3.46764 1.05697 1.29805 -9.55084 1.05697 0.35586 0.383684 -3.00591 1.29805 0.383684 0.506808 -3.52382 -9.55084 -3.00591 -3.52382 26.9104 
3.46632 1.05611 1.29731 -9.5497 1.05611 0.355295 0.383189 -3.00509 1.29731 0.383189 0.506382 -3.52317 -9.5497 -3.00509 -3.52317 26.9102 
3.46507 1.0553 1.2966 -9.54857 1.0553 0.354771 0.382721 -3.0043 1.2966 0.382721 0.505972 -3.52252 -9.54857 -3.0043 -3.52252 26.9097 
3.4639 1.05454 1.29593 -9.54747 1.05454 0.354284 0.382281 -3.00355 1.29593 0.382281 0.505579 -3.52188 -9.54747 -3.00355 -3.52188 26.9093 
3.46281 1.05384 1.2953 -9.54643 1.05384 0.353834 0.381868 -3.00283 1.2953 0.381868 0.505204 -3.52127 -9.54643 -3.00283 -3.52127 26.9088 
3.46179 1.05319 1.2947 -9.54542 1.05319 0.353417 0.38148 -3.00215 1.2947 0.38148 0.504849 -3.52066 -9.54542 -3.00215 -3.52066 26.9081 
3.46084 1.05259 1.29414 -9.54447 1.05259 0.353033 0.38112 -3.00151 1.29414 0.38112 0.504513 -3.5201 -9.54447 -3.00151 -3.5201 26.9075 
3.45995 1.05203 1.29362 -9.54355 1.05203 0.352679 0.380784 -3.00091 1.29362 0.380784 0.504197 -3.51955 -9.54355 -3.00091 -3.51955 26.9069 
3.45913 1.05151 1.29313 -9.5427 1.05151 0.352353 0.380471 -3.00035 1.29313 0.380471 0.503899 -3.51903 -9.5427 -3.00035 -3.51903 26.9063 
3.45836 1.05103 1.29267 -9.54189 1.05103 0.352052 0.380181 -2.99983 1.29267 0.380181 0.50362 -3.51854 -9.54189 -2.99983 -3.51854 26.9056 
3.45766 1.05059 1.29224 -9.54114 1.05059 0.351776 0.379911 -2.99934 1.29224 0.379911 0.50336 -3.51807 -9.54114 -2.99934 -3.51807 26.905 
3.45701 1.05019 1.29185 -9.54043 1.05019 0.351523 0.379663 -2.99889 1.29185 0.379663 0.503117 -3.51763 -9.54043 -2.99889 -3.51763 26.9044 
3.45641 1.04981 1.29148 -9.53978 1.04981 0.351291 0.379433 -2.99847 1.29148 0.379433 0.502891 -3.51723 -9.53978 -2.99847 -3.51723 26.9038 
3.45585 1.04947 1.29114 -9.53915 1.04947 0.351078 0.37922 -2.99807 1.29114 0.37922 0.502679 -3.51684 -9.53915 -2.99807 -3.51684 26.9032 
3.45534 1.04915 1.29083 -9.53858 1.04915 0.350882 0.379024 -2.99771 1.29083 0.379024 0.502483 -3.51649 -9.53858 -2.99771 -3.51649 26.9027 
3.45487 1.04886 1.29054 -9.53805 1.04886 0.350703 0.378843 -2.99737 1.29054 0.378843 0.502302 -3.51616 -9.53805 -2.99737 -3.51616 26.9022 
3.45444 1.0486 1.29027 -9.53755 1.0486 0.350539 0.378677 -2.99706 1.29027 0.378677 0.502133 -3.51584 -9.53755 -2.99706 -3.51584 26.9017 
3.45404 1.04835 1.29002 -9.53709 1.04835 0.350389 0.378524 -2.99678 1.29002 0.378524 0.501977 -3.51556 -9.53709 -2.99678 -3.51556 26.9012 
3.45367 1.04813 1.28979 -9.53667 1.04813 0.350251 0.378382 -2.99651 1.28979 0.378382 0.501833 -3.51529 -9.53667 -2.99651 -3.51529 26.9008 
3.45334 1.04792 1.28958 -9.53628 1.04792 0.350126 0.378253 -2.99627 1.28958 0.378253 0.501699 -3.51504 -9.53628 -2.99627 -3.51504 26.9004 
3.45303 1.04773 1.28939 -9.53592 1.04773 0.350011 0.378134 -2.99604 1.28939 0.378134 0.501576 -3.51481 -9.53592 -2.99604 -3.51481 26.9 
3.45274 1.04756 1.28921 -9.53558 1.04756 0.349905 0.378024 -2.99584 1.28921 0.378024 0.501463 -3.5146 -9.53558 -2.99584 -3.5146 26.8996 
