0.000000 0.000000 0.000000 0.000000 
0.000012 0.000011 0.000017 0.000011 
0.000023 0.000022 0.000033 0.000022 
0.000035 0.000033 0.000050 0.000033 
0.000047 0.000044 0.000066 0.000043 
0.000058 0.000055 0.000083 0.000054 
0.000070 0.000066 0.000100 0.000065 
0.000082 0.000077 0.000116 0.000076 
0.000093 0.000088 0.000133 0.000087 
0.000105 0.000099 0.000149 0.000098 
0.000117 0.000110 0.000166 0.000108 
0.000128 0.000121 0.000183 0.000119 
0.000140 0.000132 0.000199 0.000130 
0.000151 0.000143 0.000216 0.000141 
0.000163 0.000154 0.000232 0.000152 
0.000175 0.000165 0.000249 0.000163 
0.000186 0.000176 0.000266 0.000174 
0.000198 0.000187 0.000282 0.000184 
0.000210 0.000198 0.000299 0.000195 
0.000221 0.000209 0.000315 0.000206 
0.000233 0.000220 0.000332 0.000217 
0.000245 0.000231 0.000349 0.000228 
0.000256 0.000242 0.000365 0.000239 
0.000268 0.000253 0.000382 0.000250 
0.000280 0.000264 0.000398 0.000260 
0.000291 0.000275 0.000415 0.000271 
0.000303 0.000286 0.000432 0.000282 
0.000315 0.000297 0.000448 0.000293 
0.000326 0.000308 0.000465 0.000304 
0.000338 0.000319 0.000481 0.000315 
0.000350 0.000330 0.000498 0.000325 
0.000361 0.000341 0.000515 0.000336 
0.000373 0.000352 0.000531 0.000347 
0.000384 0.000363 0.000548 0.000358 
0.000396 0.000374 0.000564 0.000369 
0.000408 0.000385 0.000581 0.000380 
0.000419 0.000396 0.000598 0.000391 
0.000431 0.000407 0.000614 0.000401 
0.000443 0.000418 0.000631 0.000412 
0.000454 0.000429 0.000647 0.000423 
0.000466 0.000440 0.000664 0.000434 
0.000478 0.000451 0.000681 0.000445 
0.000489 0.000462 0.000697 0.000456 
0.000501 0.000473 0.000714 0.000467 
0.000513 0.000484 0.000730 0.000477 
0.000524 0.000495 0.000747 0.000488 
0.000536 0.000506 0.000764 0.000499 
0.000548 0.000517 0.000780 0.000510 
0.000559 0.000528 0.000797 0.000521 
0.000571 0.000539 0.000813 0.000532 
0.000583 0.000550 0.000830 0.000543 
0.000594 0.000561 0.000847 0.000553 
0.000606 0.000572 0.000863 0.000564 
0.000617 0.000583 0.000880 0.000575 
0.000629 0.000594 0.000896 0.000586 
0.000641 0.000605 0.000913 0.000597 
0.000652 0.000616 0.000930 0.000608 
0.000664 0.000627 0.000946 0.000618 
0.000676 0.000638 0.000963 0.000629 
0.000687 0.000649 0.000979 0.000640 
0.000699 0.000660 0.000996 0.000651 
0.000711 0.000671 0.001013 0.000662 
0.000722 0.000682 0.001029 0.000673 
0.000734 0.000693 0.001046 0.000684 
0.000746 0.000704 0.001062 0.000694 
0.000757 0.000715 0.001079 0.000705 
0.000769 0.000726 0.001096 0.000716 
0.000781 0.000737 0.001112 0.000727 
0.000792 0.000748 0.001129 0.000738 
0.000804 0.000759 0.001145 0.000749 
0.000816 0.000770 0.001162 0.000760 
0.000827 0.000781 0.001179 0.000770 
0.000839 0.000792 0.001195 0.000781 
0.000850 0.000803 0.001212 0.000792 
0.000862 0.000814 0.001228 0.000803 
0.000874 0.000825 0.001245 0.000814 
0.000885 0.000836 0.001262 0.000825 
0.000897 0.000847 0.001278 0.000835 
0.000909 0.000858 0.001295 0.000846 
0.000920 0.000869 0.001311 0.000857 
0.000932 0.000880 0.001328 0.000868 
0.000944 0.000891 0.001345 0.000879 
0.000955 0.000902 0.001361 0.000890 
0.000967 0.000913 0.001378 0.000901 
0.000979 0.000924 0.001394 0.000911 
0.000990 0.000935 0.001411 0.000922 
0.001002 0.000946 0.001428 0.000933 
0.001014 0.000957 0.001444 0.000944 
0.001025 0.000968 0.001461 0.000955 
0.001037 0.000979 0.001477 0.000966 
0.001048 0.000990 0.001494 0.000977 
0.001060 0.001001 0.001511 0.000987 
0.001072 0.001012 0.001527 0.000998 
0.001083 0.001023 0.001544 0.001009 
0.001095 0.001034 0.001560 0.001020 
0.001107 0.001045 0.001577 0.001031 
0.001118 0.001056 0.001594 0.001042 
0.001130 0.001067 0.001610 0.001052 
0.001142 0.001078 0.001627 0.001063 
0.001153 0.001089 0.001643 0.001074 
0.001165 0.001100 0.001660 0.001085 
0.001177 0.001111 0.001677 0.001096 
0.001188 0.001122 0.001693 0.001107 
0.001200 0.001133 0.001710 0.001118 
0.001212 0.001144 0.001726 0.001128 
0.001223 0.001155 0.001743 0.001139 
0.001235 0.001166 0.001760 0.001150 
0.001247 0.001177 0.001776 0.001161 
0.001258 0.001188 0.001793 0.001172 
0.001270 0.001199 0.001809 0.001183 
0.001282 0.001210 0.001826 0.001193 
0.001293 0.001221 0.001843 0.001204 
0.001305 0.001232 0.001859 0.001215 
0.001316 0.001243 0.001876 0.001226 
0.001328 0.001254 0.001892 0.001237 
0.001340 0.001265 0.001909 0.001248 
0.001351 0.001276 0.001926 0.001259 
0.001363 0.001287 0.001942 0.001269 
0.001375 0.001298 0.001959 0.001280 
0.001386 0.001309 0.001975 0.001291 
0.001398 0.001320 0.001992 0.001302 
0.001410 0.001331 0.002009 0.001313 
0.001421 0.001342 0.002025 0.001324 
0.001433 0.001353 0.002042 0.001335 
0.001445 0.001364 0.002058 0.001345 
0.001456 0.001375 0.002075 0.001356 
0.001468 0.001386 0.002092 0.001367 
0.001480 0.001397 0.002108 0.001378 
0.001491 0.001408 0.002125 0.001389 
0.001503 0.001419 0.002141 0.001400 
0.001515 0.001430 0.002158 0.001411 
0.001526 0.001441 0.002175 0.001421 
0.001538 0.001452 0.002191 0.001432 
0.001549 0.001463 0.002208 0.001443 
0.001561 0.001474 0.002224 0.001454 
0.001573 0.001485 0.002241 0.001465 
0.001584 0.001496 0.002258 0.001476 
0.001596 0.001507 0.002274 0.001486 
0.001608 0.001518 0.002291 0.001497 
0.001619 0.001529 0.002307 0.001508 
0.001631 0.001540 0.002324 0.001519 
0.001643 0.001551 0.002341 0.001530 
0.001654 0.001562 0.002357 0.001541 
0.001666 0.001573 0.002374 0.001552 
0.001678 0.001584 0.002390 0.001562 
0.001689 0.001595 0.002407 0.001573 
0.001701 0.001606 0.002424 0.001584 
0.001713 0.001617 0.002440 0.001595 
0.001724 0.001628 0.002457 0.001606 
0.001736 0.001639 0.002473 0.001617 
0.001748 0.001650 0.002490 0.001628 
0.001759 0.001661 0.002507 0.001638 
0.001771 0.001672 0.002523 0.001649 
0.001782 0.001683 0.002540 0.001660 
0.001794 0.001694 0.002556 0.001671 
0.001806 0.001705 0.002573 0.001682 
0.001817 0.001716 0.002590 0.001693 
0.001829 0.001727 0.002606 0.001703 
0.001841 0.001738 0.002623 0.001714 
0.001852 0.001749 0.002639 0.001725 
0.001864 0.001760 0.002656 0.001736 
0.001876 0.001771 0.002673 0.001747 
0.001887 0.001782 0.002689 0.001758 
0.001899 0.001793 0.002706 0.001769 
0.001911 0.001804 0.002722 0.001779 
0.001922 0.001815 0.002739 0.001790 
0.001934 0.001826 0.002756 0.001801 
0.001946 0.001837 0.002772 0.001812 
0.001957 0.001848 0.002789 0.001823 
0.001969 0.001859 0.002805 0.001834 
0.001981 0.001870 0.002822 0.001845 
0.001992 0.001881 0.002839 0.001855 
0.002004 0.001892 0.002855 0.001866 
0.002015 0.001903 0.002872 0.001877 
0.002027 0.001914 0.002888 0.001888 
0.002039 0.001925 0.002905 0.001899 
0.002050 0.001936 0.002922 0.001910 
0.002062 0.001947 0.002938 0.001920 
0.002074 0.001958 0.002955 0.001931 
0.002085 0.001969 0.002971 0.001942 
0.002097 0.001980 0.002988 0.001953 
0.002109 0.001991 0.003005 0.001964 
0.002120 0.002002 0.003021 0.001975 
0.002132 0.002013 0.003038 0.001986 
0.002144 0.002024 0.003054 0.001996 
0.002155 0.002035 0.003071 0.002007 
0.002167 0.002046 0.003088 0.002018 
0.002179 0.002057 0.003104 0.002029 
0.002190 0.002068 0.003121 0.002040 
0.002202 0.002079 0.003137 0.002051 
0.002214 0.002090 0.003154 0.002061 
0.002225 0.002101 0.003171 0.002072 
0.002237 0.002112 0.003187 0.002083 
0.002248 0.002123 0.003204 0.002094 
0.002260 0.002134 0.003220 0.002105 
0.002272 0.002145 0.003237 0.002116 
0.002283 0.002156 0.003254 0.002127 
0.002295 0.002167 0.003270 0.002137 
0.002307 0.002178 0.003287 0.002148 
0.002318 0.002189 0.003303 0.002159 
0.002330 0.002200 0.003320 0.002170 
0.002342 0.002211 0.003337 0.002181 
0.002353 0.002222 0.003353 0.002192 
0.002365 0.002233 0.003370 0.002203 
0.002377 0.002244 0.003386 0.002213 
0.002388 0.002255 0.003403 0.002224 
0.002400 0.002266 0.003420 0.002235 
0.002412 0.002277 0.003436 0.002246 
0.002423 0.002288 0.003453 0.002257 
0.002435 0.002299 0.003469 0.002268 
0.002447 0.002310 0.003486 0.002279 
0.002458 0.002321 0.003503 0.002289 
0.002470 0.002332 0.003519 0.002300 
0.002481 0.002343 0.003536 0.002311 
0.002493 0.002354 0.003552 0.002322 
0.002505 0.002365 0.003569 0.002333 
0.002516 0.002376 0.003586 0.002344 
0.002528 0.002387 0.003602 0.002354 
0.002540 0.002398 0.003619 0.002365 
0.002551 0.002409 0.003635 0.002376 
0.002563 0.002420 0.003652 0.002387 
0.002575 0.002431 0.003669 0.002398 
0.002586 0.002442 0.003685 0.002409 
0.002598 0.002453 0.003702 0.002420 
0.002610 0.002464 0.003718 0.002430 
0.002621 0.002475 0.003735 0.002441 
0.002633 0.002486 0.003752 0.002452 
0.002645 0.002497 0.003768 0.002463 
0.002656 0.002508 0.003785 0.002474 
0.002668 0.002519 0.003801 0.002485 
0.002680 0.002530 0.003818 0.002496 
0.002691 0.002541 0.003835 0.002506 
0.002703 0.002552 0.003851 0.002517 
0.002714 0.002563 0.003868 0.002528 
0.002726 0.002574 0.003884 0.002539 
0.002738 0.002585 0.003901 0.002550 
0.002749 0.002596 0.003918 0.002561 
0.002761 0.002607 0.003934 0.002571 
0.002773 0.002618 0.003951 0.002582 
0.002784 0.002629 0.003967 0.002593 
0.002796 0.002640 0.003984 0.002604 
0.002808 0.002651 0.004001 0.002615 
0.002819 0.002662 0.004017 0.002626 
0.002831 0.002673 0.004034 0.002637 
0.002843 0.002684 0.004050 0.002647 
0.002854 0.002695 0.004067 0.002658 
0.002866 0.002706 0.004084 0.002669 
0.002878 0.002717 0.004100 0.002680 
0.002889 0.002728 0.004117 0.002691 
0.002901 0.002739 0.004133 0.002702 
0.002913 0.002750 0.004150 0.002713 
0.002924 0.002761 0.004167 0.002723 
0.002936 0.002772 0.004183 0.002734 
0.002947 0.002783 0.004200 0.002745 
0.002959 0.002794 0.004216 0.002756 
0.002971 0.002805 0.004233 0.002767 
0.002982 0.002816 0.004250 0.002778 
0.002994 0.002827 0.004266 0.002788 
0.003006 0.002838 0.004283 0.002799 
0.003017 0.002849 0.004299 0.002810 
0.003029 0.002860 0.004316 0.002821 
0.003041 0.002871 0.004333 0.002832 
0.003052 0.002882 0.004349 0.002843 
0.003064 0.002893 0.004366 0.002854 
0.003076 0.002904 0.004382 0.002864 
0.003087 0.002915 0.004399 0.002875 
0.003099 0.002926 0.004416 0.002886 
0.003111 0.002937 0.004432 0.002897 
0.003122 0.002948 0.004449 0.002908 
0.003134 0.002959 0.004465 0.002919 
0.003146 0.002970 0.004482 0.002929 
0.003157 0.002981 0.004499 0.002940 
0.003169 0.002992 0.004515 0.002951 
0.003180 0.003003 0.004532 0.002962 
0.003192 0.003014 0.004548 0.002973 
0.003204 0.003025 0.004565 0.002984 
0.003215 0.003036 0.004582 0.002995 
0.003227 0.003047 0.004598 0.003005 
0.003239 0.003058 0.004615 0.003016 
0.003250 0.003069 0.004631 0.003027 
0.003262 0.003080 0.004648 0.003038 
0.003274 0.003091 0.004665 0.003049 
0.003285 0.003102 0.004681 0.003060 
0.003297 0.003113 0.004698 0.003071 
0.003309 0.003124 0.004714 0.003081 
0.003320 0.003135 0.004731 0.003092 
0.003332 0.003146 0.004748 0.003103 
0.003344 0.003157 0.004764 0.003114 
0.003355 0.003168 0.004781 0.003125 
0.003367 0.003179 0.004797 0.003136 
0.003379 0.003190 0.004814 0.003146 
0.003390 0.003201 0.004831 0.003157 
0.003402 0.003212 0.004847 0.003168 
0.003413 0.003223 0.004864 0.003179 
0.003425 0.003234 0.004880 0.003190 
0.003437 0.003245 0.004897 0.003201 
0.003448 0.003256 0.004914 0.003212 
0.003460 0.003267 0.004930 0.003222 
0.003472 0.003278 0.004947 0.003233 
0.003483 0.003289 0.004963 0.003244 
0.003495 0.003300 0.004980 0.003255 
0.003507 0.003311 0.004997 0.003266 
0.003518 0.003322 0.005013 0.003277 
0.003530 0.003333 0.005030 0.003288 
0.003542 0.003344 0.005046 0.003298 
0.003553 0.003355 0.005063 0.003309 
0.003565 0.003366 0.005080 0.003320 
0.003577 0.003377 0.005096 0.003331 
0.003588 0.003388 0.005113 0.003342 
0.003600 0.003399 0.005129 0.003353 
0.003612 0.003410 0.005146 0.003364 
0.003623 0.003421 0.005163 0.003374 
0.003635 0.003432 0.005179 0.003385 
0.003646 0.003443 0.005196 0.003396 
0.003658 0.003454 0.005212 0.003407 
0.003670 0.003465 0.005229 0.003418 
0.003681 0.003476 0.005246 0.003429 
0.003693 0.003487 0.005262 0.003439 
0.003705 0.003498 0.005279 0.003450 
0.003716 0.003509 0.005295 0.003461 
0.003728 0.003520 0.005312 0.003472 
0.003740 0.003531 0.005329 0.003483 
0.003751 0.003542 0.005345 0.003494 
0.003763 0.003553 0.005362 0.003505 
0.003775 0.003564 0.005378 0.003515 
0.003786 0.003575 0.005395 0.003526 
0.003798 0.003586 0.005412 0.003537 
0.003810 0.003597 0.005428 0.003548 
0.003821 0.003608 0.005445 0.003559 
0.003833 0.003619 0.005461 0.003570 
0.003844 0.003630 0.005478 0.003581 
0.003856 0.003641 0.005495 0.003591 
0.003868 0.003652 0.005511 0.003602 
0.003879 0.003663 0.005528 0.003613 
0.003891 0.003674 0.005544 0.003624 
0.003903 0.003685 0.005561 0.003635 
0.003914 0.003696 0.005578 0.003646 
0.003926 0.003707 0.005594 0.003656 
0.003938 0.003718 0.005611 0.003667 
0.003949 0.003729 0.005627 0.003678 
0.003961 0.003740 0.005644 0.003689 
0.003973 0.003751 0.005661 0.003700 
0.003984 0.003762 0.005677 0.003711 
0.003996 0.003773 0.005694 0.003722 
0.004008 0.003784 0.005710 0.003732 
0.004019 0.003795 0.005727 0.003743 
0.004031 0.003806 0.005744 0.003754 
0.004043 0.003817 0.005760 0.003765 
0.004054 0.003828 0.005777 0.003776 
0.004066 0.003839 0.005793 0.003787 
0.004078 0.003850 0.005810 0.003797 
0.004089 0.003861 0.005827 0.003808 
0.004101 0.003872 0.005843 0.003819 
0.004112 0.003883 0.005860 0.003830 
0.004124 0.003894 0.005876 0.003841 
0.004136 0.003905 0.005893 0.003852 
0.004147 0.003916 0.005910 0.003863 
0.004159 0.003927 0.005926 0.003873 
0.004171 0.003938 0.005943 0.003884 
0.004182 0.003949 0.005959 0.003895 
0.004194 0.003960 0.005976 0.003906 
0.004206 0.003971 0.005993 0.003917 
0.004217 0.003982 0.006009 0.003928 
0.004229 0.003993 0.006026 0.003939 
0.004241 0.004004 0.006042 0.003949 
0.004252 0.004015 0.006059 0.003960 
0.004264 0.004026 0.006076 0.003971 
0.004276 0.004037 0.006092 0.003982 
0.004287 0.004048 0.006109 0.003993 
0.004299 0.004059 0.006125 0.004004 
0.004311 0.004070 0.006142 0.004014 
0.004322 0.004081 0.006159 0.004025 
0.004334 0.004092 0.006175 0.004036 
0.004345 0.004103 0.006192 0.004047 
0.004357 0.004114 0.006208 0.004058 
0.004369 0.004125 0.006225 0.004069 
0.004380 0.004136 0.006242 0.004080 
0.004392 0.004147 0.006258 0.004090 
0.004404 0.004158 0.006275 0.004101 
0.004415 0.004169 0.006291 0.004112 
0.004427 0.004180 0.006308 0.004123 
0.004439 0.004191 0.006325 0.004134 
0.004450 0.004202 0.006341 0.004145 
0.004462 0.004213 0.006358 0.004156 
0.004474 0.004224 0.006374 0.004166 
0.004485 0.004235 0.006391 0.004177 
0.004497 0.004246 0.006408 0.004188 
0.004509 0.004257 0.006424 0.004199 
0.004520 0.004268 0.006441 0.004210 
0.004532 0.004279 0.006457 0.004221 
0.004543 0.004290 0.006474 0.004232 
0.004555 0.004301 0.006491 0.004242 
0.004567 0.004312 0.006507 0.004253 
0.004578 0.004323 0.006524 0.004264 
0.004590 0.004334 0.006540 0.004275 
0.004602 0.004345 0.006557 0.004286 
0.004613 0.004356 0.006574 0.004297 
0.004625 0.004367 0.006590 0.004307 
0.004637 0.004378 0.006607 0.004318 
0.004648 0.004389 0.006623 0.004329 
0.004660 0.004400 0.006640 0.004340 
0.004672 0.004411 0.006657 0.004351 
0.004683 0.004422 0.006673 0.004362 
0.004695 0.004433 0.006690 0.004373 
0.004707 0.004444 0.006706 0.004383 
0.004718 0.004455 0.006723 0.004394 
0.004730 0.004466 0.006740 0.004405 
0.004742 0.004477 0.006756 0.004416 
0.004753 0.004488 0.006773 0.004427 
0.004765 0.004499 0.006789 0.004438 
0.004777 0.004510 0.006806 0.004449 
0.004788 0.004521 0.006823 0.004459 
0.004800 0.004532 0.006839 0.004470 
0.004811 0.004543 0.006856 0.004481 
0.004823 0.004554 0.006872 0.004492 
0.004835 0.004565 0.006889 0.004503 
0.004846 0.004576 0.006906 0.004514 
0.004858 0.004587 0.006922 0.004524 
0.004870 0.004598 0.006939 0.004535 
0.004881 0.004609 0.006955 0.004546 
0.004893 0.004620 0.006972 0.004557 
0.004905 0.004631 0.006989 0.004568 
0.004916 0.004642 0.007005 0.004579 
0.004928 0.004653 0.007022 0.004590 
0.004940 0.004664 0.007038 0.004600 
0.004951 0.004675 0.007055 0.004611 
0.004963 0.004686 0.007072 0.004622 
0.004975 0.004697 0.007088 0.004633 
0.004986 0.004708 0.007105 0.004644 
0.004998 0.004719 0.007121 0.004655 
0.005010 0.004730 0.007138 0.004665 
0.005021 0.004741 0.007155 0.004676 
0.005033 0.004752 0.007171 0.004687 
0.005044 0.004763 0.007188 0.004698 
0.005056 0.004774 0.007204 0.004709 
0.005068 0.004785 0.007221 0.004720 
0.005079 0.004796 0.007238 0.004731 
0.005091 0.004807 0.007254 0.004741 
0.005103 0.004818 0.007271 0.004752 
0.005114 0.004829 0.007287 0.004763 
0.005126 0.004840 0.007304 0.004774 
0.005138 0.004851 0.007321 0.004785 
0.005149 0.004862 0.007337 0.004796 
0.005161 0.004873 0.007354 0.004807 
0.005173 0.004884 0.007370 0.004817 
0.005184 0.004895 0.007387 0.004828 
0.005196 0.004906 0.007404 0.004839 
0.005208 0.004917 0.007420 0.004850 
0.005219 0.004928 0.007437 0.004861 
0.005231 0.004939 0.007453 0.004872 
0.005243 0.004950 0.007470 0.004883 
0.005254 0.004961 0.007487 0.004893 
0.005266 0.004972 0.007503 0.004904 
0.005277 0.004983 0.007520 0.004915 
0.005289 0.004994 0.007536 0.004926 
0.005301 0.005005 0.007553 0.004937 
0.005312 0.005016 0.007570 0.004948 
0.005324 0.005027 0.007586 0.004958 
0.005336 0.005038 0.007603 0.004969 
0.005347 0.005049 0.007619 0.004980 
0.005359 0.005060 0.007636 0.004991 
0.005371 0.005071 0.007653 0.005002 
0.005382 0.005082 0.007669 0.005013 
0.005394 0.005093 0.007686 0.005024 
0.005406 0.005104 0.007702 0.005034 
0.005417 0.005115 0.007719 0.005045 
0.005429 0.005126 0.007736 0.005056 
0.005441 0.005137 0.007752 0.005067 
0.005452 0.005148 0.007769 0.005078 
0.005464 0.005159 0.007785 0.005089 
0.005476 0.005170 0.007802 0.005099 
0.005487 0.005181 0.007819 0.005110 
0.005499 0.005192 0.007835 0.005121 
0.005510 0.005203 0.007852 0.005132 
0.005522 0.005214 0.007868 0.005143 
0.005534 0.005225 0.007885 0.005154 
0.005545 0.005236 0.007902 0.005165 
0.005557 0.005247 0.007918 0.005175 
0.005569 0.005258 0.007935 0.005186 
0.005580 0.005269 0.007951 0.005197 
0.005592 0.005280 0.007968 0.005208 
0.005604 0.005291 0.007985 0.005219 
0.005615 0.005302 0.008001 0.005230 
0.005627 0.005313 0.008018 0.005241 
0.005639 0.005324 0.008034 0.005251 
0.005650 0.005335 0.008051 0.005262 
0.005662 0.005346 0.008068 0.005273 
0.005674 0.005357 0.008084 0.005284 
0.005685 0.005368 0.008101 0.005295 
0.005697 0.005379 0.008117 0.005306 
0.005709 0.005390 0.008134 0.005317 
0.005720 0.005401 0.008151 0.005327 
0.005732 0.005412 0.008167 0.005338 
0.005743 0.005423 0.008184 0.005349 
0.005755 0.005434 0.008200 0.005360 
0.005767 0.005445 0.008217 0.005371 
0.005778 0.005456 0.008234 0.005382 
0.005790 0.005467 0.008250 0.005392 
0.005802 0.005478 0.008267 0.005403 
0.005813 0.005489 0.008283 0.005414 
0.005825 0.005500 0.008300 0.005425 
0.005837 0.005511 0.008317 0.005436 
0.005848 0.005522 0.008333 0.005447 
0.005860 0.005533 0.008350 0.005458 
0.005872 0.005544 0.008366 0.005468 
0.005883 0.005555 0.008383 0.005479 
0.005895 0.005566 0.008400 0.005490 
0.005907 0.005577 0.008416 0.005501 
0.005918 0.005588 0.008433 0.005512 
0.005930 0.005599 0.008449 0.005523 
0.005942 0.005610 0.008466 0.005534 
0.005953 0.005621 0.008483 0.005544 
0.005965 0.005632 0.008499 0.005555 
0.005976 0.005643 0.008516 0.005566 
0.005988 0.005654 0.008532 0.005577 
0.006000 0.005665 0.008549 0.005588 
0.006011 0.005676 0.008566 0.005599 
0.006023 0.005687 0.008582 0.005609 
0.006035 0.005698 0.008599 0.005620 
0.006046 0.005709 0.008615 0.005631 
0.006058 0.005720 0.008632 0.005642 
0.006070 0.005731 0.008649 0.005653 
0.006081 0.005742 0.008665 0.005664 
0.006093 0.005753 0.008682 0.005675 
0.006105 0.005764 0.008698 0.005685 
0.006116 0.005775 0.008715 0.005696 
0.006128 0.005786 0.008732 0.005707 
0.006140 0.005797 0.008748 0.005718 
0.006151 0.005808 0.008765 0.005729 
0.006163 0.005819 0.008781 0.005740 
0.006175 0.005830 0.008798 0.005750 
0.006186 0.005841 0.008815 0.005761 
0.006198 0.005852 0.008831 0.005772 
0.006209 0.005863 0.008848 0.005783 
0.006221 0.005874 0.008864 0.005794 
0.006233 0.005885 0.008881 0.005805 
0.006244 0.005896 0.008898 0.005816 
0.006256 0.005907 0.008914 0.005826 
0.006268 0.005918 0.008931 0.005837 
0.006279 0.005929 0.008947 0.005848 
0.006291 0.005940 0.008964 0.005859 
0.006303 0.005951 0.008981 0.005870 
0.006314 0.005962 0.008997 0.005881 
0.006326 0.005973 0.009014 0.005892 
0.006338 0.005984 0.009030 0.005902 
0.006349 0.005995 0.009047 0.005913 
0.006361 0.006006 0.009064 0.005924 
0.006373 0.006017 0.009080 0.005935 
0.006384 0.006028 0.009097 0.005946 
0.006396 0.006039 0.009113 0.005957 
0.006408 0.006050 0.009130 0.005968 
0.006419 0.006061 0.009147 0.005978 
0.006431 0.006072 0.009163 0.005989 
0.006442 0.006083 0.009180 0.006000 
0.006454 0.006094 0.009196 0.006011 
0.006466 0.006105 0.009213 0.006022 
0.006477 0.006116 0.009230 0.006033 
0.006489 0.006127 0.009246 0.006043 
0.006501 0.006138 0.009263 0.006054 
0.006512 0.006149 0.009279 0.006065 
0.006524 0.006160 0.009296 0.006076 
0.006536 0.006171 0.009313 0.006087 
0.006547 0.006182 0.009329 0.006098 
0.006559 0.006193 0.009346 0.006109 
0.006571 0.006204 0.009362 0.006119 
0.006582 0.006215 0.009379 0.006130 
0.006594 0.006226 0.009396 0.006141 
0.006606 0.006237 0.009412 0.006152 
0.006617 0.006248 0.009429 0.006163 
0.006629 0.006259 0.009445 0.006174 
0.006641 0.006270 0.009462 0.006184 
0.006652 0.006281 0.009479 0.006195 
0.006664 0.006292 0.009495 0.006206 
0.006675 0.006303 0.009512 0.006217 
0.006687 0.006314 0.009528 0.006228 
0.006699 0.006325 0.009545 0.006239 
0.006710 0.006336 0.009562 0.006250 
0.006722 0.006347 0.009578 0.006260 
0.006734 0.006358 0.009595 0.006271 
0.006745 0.006369 0.009611 0.006282 
0.006757 0.006380 0.009628 0.006293 
0.006769 0.006391 0.009645 0.006304 
0.006780 0.006402 0.009661 0.006315 
0.006792 0.006413 0.009678 0.006326 
0.006804 0.006424 0.009694 0.006336 
0.006815 0.006435 0.009711 0.006347 
0.006827 0.006446 0.009728 0.006358 
0.006839 0.006457 0.009744 0.006369 
0.006850 0.006468 0.009761 0.006380 
0.006862 0.006479 0.009777 0.006391 
0.006874 0.006490 0.009794 0.006402 
0.006885 0.006501 0.009811 0.006412 
0.006897 0.006512 0.009827 0.006423 
0.006908 0.006523 0.009844 0.006434 
0.006920 0.006534 0.009860 0.006445 
0.006932 0.006545 0.009877 0.006456 
0.006943 0.006556 0.009894 0.006467 
0.006955 0.006567 0.009910 0.006477 
0.006967 0.006578 0.009927 0.006488 
0.006978 0.006589 0.009943 0.006499 
0.006990 0.006600 0.009960 0.006510 
0.007002 0.006611 0.009977 0.006521 
0.007013 0.006622 0.009993 0.006532 
0.007025 0.006633 0.010010 0.006543 
0.007037 0.006644 0.010026 0.006553 
0.007048 0.006655 0.010043 0.006564 
0.007060 0.006666 0.010060 0.006575 
0.007072 0.006677 0.010076 0.006586 
0.007083 0.006688 0.010093 0.006597 
0.007095 0.006699 0.010109 0.006608 
0.007107 0.006710 0.010126 0.006619 
0.007118 0.006721 0.010143 0.006629 
0.007130 0.006732 0.010159 0.006640 
0.007141 0.006743 0.010176 0.006651 
0.007153 0.006754 0.010192 0.006662 
0.007165 0.006765 0.010209 0.006673 
0.007176 0.006776 0.010226 0.006684 
0.007188 0.006787 0.010242 0.006694 
0.007200 0.006798 0.010259 0.006705 
0.007211 0.006809 0.010275 0.006716 
0.007223 0.006820 0.010292 0.006727 
0.007235 0.006831 0.010309 0.006738 
0.007246 0.006842 0.010325 0.006749 
0.007258 0.006853 0.010342 0.006760 
0.007270 0.006864 0.010358 0.006770 
0.007281 0.006875 0.010375 0.006781 
0.007293 0.006886 0.010392 0.006792 
0.007305 0.006897 0.010408 0.006803 
0.007316 0.006908 0.010425 0.006814 
0.007328 0.006919 0.010441 0.006825 
0.007340 0.006930 0.010458 0.006836 
0.007351 0.006941 0.010475 0.006846 
0.007363 0.006952 0.010491 0.006857 
0.007374 0.006963 0.010508 0.006868 
0.007386 0.006974 0.010524 0.006879 
0.007398 0.006985 0.010541 0.006890 
0.007409 0.006996 0.010558 0.006901 
0.007421 0.007007 0.010574 0.006911 
0.007433 0.007018 0.010591 0.006922 
0.007444 0.007029 0.010607 0.006933 
0.007456 0.007040 0.010624 0.006944 
0.007468 0.007051 0.010641 0.006955 
0.007479 0.007062 0.010657 0.006966 
0.007491 0.007073 0.010674 0.006977 
0.007503 0.007084 0.010690 0.006987 
0.007514 0.007095 0.010707 0.006998 
0.007526 0.007106 0.010724 0.007009 
0.007538 0.007117 0.010740 0.007020 
0.007549 0.007128 0.010757 0.007031 
0.007561 0.007139 0.010773 0.007042 
0.007573 0.007150 0.010790 0.007053 
0.007584 0.007161 0.010807 0.007063 
0.007596 0.007172 0.010823 0.007074 
0.007607 0.007183 0.010840 0.007085 
0.007619 0.007194 0.010856 0.007096 
0.007631 0.007205 0.010873 0.007107 
0.007642 0.007216 0.010890 0.007118 
0.007654 0.007227 0.010906 0.007128 
0.007666 0.007238 0.010923 0.007139 
0.007677 0.007249 0.010939 0.007150 
0.007689 0.007260 0.010956 0.007161 
0.007701 0.007271 0.010973 0.007172 
0.007712 0.007282 0.010989 0.007183 
0.007724 0.007293 0.011006 0.007194 
0.007736 0.007304 0.011022 0.007204 
0.007747 0.007315 0.011039 0.007215 
0.007759 0.007326 0.011056 0.007226 
0.007771 0.007337 0.011072 0.007237 
0.007782 0.007348 0.011089 0.007248 
0.007794 0.007359 0.011105 0.007259 
0.007805 0.007370 0.011122 0.007269 
0.007817 0.007381 0.011139 0.007280 
0.007829 0.007392 0.011155 0.007291 
0.007840 0.007403 0.011172 0.007302 
0.007852 0.007414 0.011188 0.007313 
0.007864 0.007425 0.011205 0.007324 
0.007875 0.007436 0.011222 0.007335 
0.007887 0.007447 0.011238 0.007345 
0.007899 0.007458 0.011255 0.007356 
0.007910 0.007469 0.011271 0.007367 
0.007922 0.007480 0.011288 0.007378 
0.007934 0.007491 0.011305 0.007389 
0.007945 0.007502 0.011321 0.007400 
0.007957 0.007513 0.011338 0.007411 
0.007969 0.007524 0.011354 0.007421 
0.007980 0.007535 0.011371 0.007432 
0.007992 0.007546 0.011388 0.007443 
0.008004 0.007557 0.011404 0.007454 
0.008015 0.007568 0.011421 0.007465 
0.008027 0.007579 0.011437 0.007476 
0.008039 0.007590 0.011454 0.007487 
0.008050 0.007601 0.011471 0.007497 
0.008062 0.007612 0.011487 0.007508 
0.008073 0.007623 0.011504 0.007519 
0.008085 0.007634 0.011520 0.007530 
0.008097 0.007645 0.011537 0.007541 
0.008108 0.007656 0.011554 0.007552 
0.008120 0.007667 0.011570 0.007562 
0.008132 0.007678 0.011587 0.007573 
0.008143 0.007689 0.011603 0.007584 
0.008155 0.007700 0.011620 0.007595 
0.008167 0.007711 0.011637 0.007606 
0.008178 0.007722 0.011653 0.007617 
0.008190 0.007733 0.011670 0.007628 
0.008202 0.007744 0.011686 0.007638 
0.008213 0.007755 0.011703 0.007649 
0.008225 0.007766 0.011720 0.007660 
0.008237 0.007777 0.011736 0.007671 
0.008248 0.007788 0.011753 0.007682 
0.008260 0.007799 0.011769 0.007693 
0.008271 0.007810 0.011786 0.007704 
0.008283 0.007821 0.011803 0.007714 
0.008295 0.007832 0.011819 0.007725 
0.008306 0.007843 0.011836 0.007736 
0.008318 0.007854 0.011852 0.007747 
0.008330 0.007865 0.011869 0.007758 
0.008341 0.007876 0.011886 0.007769 
0.008353 0.007887 0.011902 0.007779 
0.008365 0.007898 0.011919 0.007790 
0.008376 0.007909 0.011935 0.007801 
0.008388 0.007920 0.011952 0.007812 
0.008400 0.007931 0.011969 0.007823 
0.008411 0.007942 0.011985 0.007834 
0.008423 0.007953 0.012002 0.007845 
0.008435 0.007964 0.012018 0.007855 
0.008446 0.007975 0.012035 0.007866 
0.008458 0.007986 0.012052 0.007877 
0.008470 0.007997 0.012068 0.007888 
0.008481 0.008008 0.012085 0.007899 
0.008493 0.008019 0.012101 0.007910 
0.008504 0.008030 0.012118 0.007921 
0.008516 0.008041 0.012135 0.007931 
0.008528 0.008052 0.012151 0.007942 
0.008539 0.008063 0.012168 0.007953 
0.008551 0.008074 0.012184 0.007964 
0.008563 0.008085 0.012201 0.007975 
0.008574 0.008096 0.012218 0.007986 
0.008586 0.008107 0.012234 0.007996 
0.008598 0.008118 0.012251 0.008007 
0.008609 0.008129 0.012267 0.008018 
0.008621 0.008140 0.012284 0.008029 
0.008633 0.008151 0.012301 0.008040 
0.008644 0.008162 0.012317 0.008051 
0.008656 0.008173 0.012334 0.008062 
0.008668 0.008184 0.012350 0.008072 
0.008679 0.008195 0.012367 0.008083 
0.008691 0.008206 0.012384 0.008094 
0.008703 0.008217 0.012400 0.008105 
0.008714 0.008228 0.012417 0.008116 
0.008726 0.008239 0.012433 0.008127 
0.008738 0.008250 0.012450 0.008138 
0.008749 0.008261 0.012467 0.008148 
0.008761 0.008272 0.012483 0.008159 
0.008772 0.008283 0.012500 0.008170 
0.008784 0.008294 0.012516 0.008181 
0.008796 0.008305 0.012533 0.008192 
0.008807 0.008316 0.012550 0.008203 
0.008819 0.008327 0.012566 0.008213 
0.008831 0.008338 0.012583 0.008224 
0.008842 0.008349 0.012599 0.008235 
0.008854 0.008360 0.012616 0.008246 
0.008866 0.008371 0.012633 0.008257 
0.008877 0.008382 0.012649 0.008268 
0.008889 0.008393 0.012666 0.008279 
0.008901 0.008404 0.012682 0.008289 
0.008912 0.008415 0.012699 0.008300 
0.008924 0.008426 0.012716 0.008311 
0.008936 0.008437 0.012732 0.008322 
0.008947 0.008448 0.012749 0.008333 
0.008959 0.008459 0.012765 0.008344 
0.008971 0.008470 0.012782 0.008354 
0.008982 0.008481 0.012799 0.008365 
0.008994 0.008492 0.012815 0.008376 
0.009005 0.008503 0.012832 0.008387 
0.009017 0.008514 0.012848 0.008398 
0.009029 0.008525 0.012865 0.008409 
0.009040 0.008536 0.012882 0.008420 
0.009052 0.008547 0.012898 0.008430 
0.009064 0.008558 0.012915 0.008441 
0.009075 0.008569 0.012931 0.008452 
0.009087 0.008580 0.012948 0.008463 
0.009099 0.008591 0.012965 0.008474 
0.009110 0.008602 0.012981 0.008485 
0.009122 0.008613 0.012998 0.008496 
0.009134 0.008624 0.013014 0.008506 
0.009145 0.008635 0.013031 0.008517 
0.009157 0.008646 0.013048 0.008528 
0.009169 0.008657 0.013064 0.008539 
0.009180 0.008668 0.013081 0.008550 
0.009192 0.008679 0.013097 0.008561 
0.009203 0.008690 0.013114 0.008572 
0.009215 0.008701 0.013131 0.008582 
0.009227 0.008712 0.013147 0.008593 
0.009238 0.008723 0.013164 0.008604 
0.009250 0.008734 0.013180 0.008615 
0.009262 0.008745 0.013197 0.008626 
0.009273 0.008756 0.013214 0.008637 
0.009285 0.008767 0.013230 0.008647 
0.009297 0.008778 0.013247 0.008658 
0.009308 0.008789 0.013263 0.008669 
0.009320 0.008800 0.013280 0.008680 
0.009332 0.008811 0.013297 0.008691 
0.009343 0.008822 0.013313 0.008702 
0.009355 0.008833 0.013330 0.008713 
0.009367 0.008844 0.013346 0.008723 
0.009378 0.008855 0.013363 0.008734 
0.009390 0.008866 0.013380 0.008745 
0.009402 0.008877 0.013396 0.008756 
0.009413 0.008888 0.013413 0.008767 
0.009425 0.008899 0.013429 0.008778 
0.009437 0.008910 0.013446 0.008789 
0.009448 0.008921 0.013463 0.008799 
0.009460 0.008932 0.013479 0.008810 
0.009471 0.008943 0.013496 0.008821 
0.009483 0.008954 0.013512 0.008832 
0.009495 0.008965 0.013529 0.008843 
0.009506 0.008976 0.013546 0.008854 
0.009518 0.008987 0.013562 0.008864 
0.009530 0.008998 0.013579 0.008875 
0.009541 0.009009 0.013595 0.008886 
0.009553 0.009020 0.013612 0.008897 
0.009565 0.009031 0.013629 0.008908 
0.009576 0.009042 0.013645 0.008919 
0.009588 0.009053 0.013662 0.008930 
0.009600 0.009064 0.013678 0.008940 
0.009611 0.009075 0.013695 0.008951 
0.009623 0.009086 0.013712 0.008962 
0.009635 0.009097 0.013728 0.008973 
0.009646 0.009108 0.013745 0.008984 
0.009658 0.009119 0.013761 0.008995 
0.009670 0.009130 0.013778 0.009005 
0.009681 0.009141 0.013795 0.009016 
0.009693 0.009152 0.013811 0.009027 
0.009704 0.009163 0.013828 0.009038 
0.009716 0.009174 0.013844 0.009049 
0.009728 0.009185 0.013861 0.009060 
0.009739 0.009196 0.013878 0.009071 
0.009751 0.009207 0.013894 0.009081 
0.009763 0.009218 0.013911 0.009092 
0.009774 0.009229 0.013927 0.009103 
0.009786 0.009240 0.013944 0.009114 
0.009798 0.009251 0.013961 0.009125 
0.009809 0.009262 0.013977 0.009136 
0.009821 0.009273 0.013994 0.009147 
0.009833 0.009284 0.014010 0.009157 
0.009844 0.009295 0.014027 0.009168 
0.009856 0.009306 0.014044 0.009179 
0.009868 0.009317 0.014060 0.009190 
0.009879 0.009328 0.014077 0.009201 
0.009891 0.009339 0.014093 0.009212 
0.009902 0.009350 0.014110 0.009222 
0.009914 0.009361 0.014127 0.009233 
0.009926 0.009372 0.014143 0.009244 
0.009937 0.009383 0.014160 0.009255 
0.009949 0.009394 0.014176 0.009266 
0.009961 0.009405 0.014193 0.009277 
0.009972 0.009416 0.014210 0.009288 
0.009984 0.009427 0.014226 0.009298 
0.009996 0.009438 0.014243 0.009309 
0.010007 0.009449 0.014259 0.009320 
0.010019 0.009460 0.014276 0.009331 
0.010031 0.009471 0.014293 0.009342 
0.010042 0.009482 0.014309 0.009353 
0.010054 0.009493 0.014326 0.009364 
0.010066 0.009504 0.014342 0.009374 
0.010077 0.009515 0.014359 0.009385 
0.010089 0.009526 0.014376 0.009396 
0.010101 0.009537 0.014392 0.009407 
0.010112 0.009548 0.014409 0.009418 
0.010124 0.009559 0.014425 0.009429 
0.010136 0.009570 0.014442 0.009439 
0.010147 0.009581 0.014459 0.009450 
0.010159 0.009592 0.014475 0.009461 
0.010170 0.009603 0.014492 0.009472 
0.010182 0.009614 0.014508 0.009483 
0.010194 0.009625 0.014525 0.009494 
0.010205 0.009636 0.014542 0.009505 
0.010217 0.009647 0.014558 0.009515 
0.010229 0.009658 0.014575 0.009526 
0.010240 0.009669 0.014591 0.009537 
0.010252 0.009680 0.014608 0.009548 
0.010264 0.009691 0.014625 0.009559 
0.010275 0.009702 0.014641 0.009570 
0.010287 0.009713 0.014658 0.009581 
0.010299 0.009724 0.014674 0.009591 
0.010310 0.009735 0.014691 0.009602 
0.010322 0.009746 0.014708 0.009613 
0.010334 0.009757 0.014724 0.009624 
0.010345 0.009768 0.014741 0.009635 
0.010357 0.009779 0.014757 0.009646 
0.010369 0.009790 0.014774 0.009657 
0.010380 0.009801 0.014791 0.009667 
0.010392 0.009812 0.014807 0.009678 
0.010403 0.009823 0.014824 0.009689 
0.010415 0.009834 0.014840 0.009700 
0.010427 0.009845 0.014857 0.009711 
0.010438 0.009856 0.014874 0.009722 
0.010450 0.009867 0.014890 0.009732 
0.010462 0.009878 0.014907 0.009743 
0.010473 0.009889 0.014923 0.009754 
0.010485 0.009900 0.014940 0.009765 
0.010497 0.009911 0.014957 0.009776 
0.010508 0.009922 0.014973 0.009787 
0.010520 0.009933 0.014990 0.009798 
0.010532 0.009944 0.015006 0.009808 
0.010543 0.009955 0.015023 0.009819 
0.010555 0.009966 0.015040 0.009830 
0.010567 0.009977 0.015056 0.009841 
0.010578 0.009988 0.015073 0.009852 
0.010590 0.009999 0.015089 0.009863 
0.010601 0.010010 0.015106 0.009874 
0.010613 0.010021 0.015123 0.009884 
0.010625 0.010032 0.015139 0.009895 
0.010636 0.010043 0.015156 0.009906 
0.010648 0.010054 0.015172 0.009917 
0.010660 0.010065 0.015189 0.009928 
0.010671 0.010076 0.015206 0.009939 
0.010683 0.010087 0.015222 0.009949 
0.010695 0.010098 0.015239 0.009960 
0.010706 0.010109 0.015255 0.009971 
0.010718 0.010120 0.015272 0.009982 
0.010730 0.010131 0.015289 0.009993 
0.010741 0.010142 0.015305 0.010004 
0.010753 0.010153 0.015322 0.010015 
0.010765 0.010164 0.015338 0.010025 
0.010776 0.010175 0.015355 0.010036 
0.010788 0.010186 0.015372 0.010047 
0.010800 0.010197 0.015388 0.010058 
0.010811 0.010208 0.015405 0.010069 
0.010823 0.010219 0.015421 0.010080 
0.010835 0.010230 0.015438 0.010091 
0.010846 0.010241 0.015455 0.010101 
0.010858 0.010252 0.015471 0.010112 
0.010869 0.010263 0.015488 0.010123 
0.010881 0.010274 0.015504 0.010134 
0.010893 0.010285 0.015521 0.010145 
0.010904 0.010296 0.015538 0.010156 
0.010916 0.010307 0.015554 0.010166 
0.010928 0.010318 0.015571 0.010177 
0.010939 0.010329 0.015587 0.010188 
0.010951 0.010340 0.015604 0.010199 
0.010963 0.010351 0.015621 0.010210 
0.010974 0.010362 0.015637 0.010221 
0.010986 0.010373 0.015654 0.010232 
0.010998 0.010384 0.015670 0.010242 
0.011009 0.010395 0.015687 0.010253 
0.011021 0.010406 0.015704 0.010264 
0.011033 0.010417 0.015720 0.010275 
0.011044 0.010428 0.015737 0.010286 
0.011056 0.010439 0.015753 0.010297 
0.011068 0.010450 0.015770 0.010308 
0.011079 0.010461 0.015787 0.010318 
0.011091 0.010472 0.015803 0.010329 
0.011102 0.010483 0.015820 0.010340 
0.011114 0.010494 0.015836 0.010351 
0.011126 0.010505 0.015853 0.010362 
0.011137 0.010516 0.015870 0.010373 
0.011149 0.010527 0.015886 0.010383 
0.011161 0.010538 0.015903 0.010394 
0.011172 0.010549 0.015919 0.010405 
0.011184 0.010560 0.015936 0.010416 
0.011196 0.010571 0.015953 0.010427 
0.011207 0.010582 0.015969 0.010438 
0.011219 0.010593 0.015986 0.010449 
0.011231 0.010604 0.016002 0.010459 
0.011242 0.010615 0.016019 0.010470 
0.011254 0.010626 0.016036 0.010481 
0.011266 0.010637 0.016052 0.010492 
0.011277 0.010648 0.016069 0.010503 
0.011289 0.010659 0.016085 0.010514 
0.011301 0.010670 0.016102 0.010524 
0.011312 0.010681 0.016119 0.010535 
0.011324 0.010692 0.016135 0.010546 
0.011335 0.010703 0.016152 0.010557 
0.011347 0.010714 0.016168 0.010568 
0.011359 0.010725 0.016185 0.010579 
0.011370 0.010736 0.016202 0.010590 
0.011382 0.010747 0.016218 0.010600 
0.011394 0.010758 0.016235 0.010611 
0.011405 0.010769 0.016251 0.010622 
0.011417 0.010780 0.016268 0.010633 
0.011429 0.010791 0.016285 0.010644 
0.011440 0.010802 0.016301 0.010655 
0.011452 0.010813 0.016318 0.010666 
0.011464 0.010824 0.016334 0.010676 
0.011475 0.010835 0.016351 0.010687 
0.011487 0.010846 0.016368 0.010698 
0.011499 0.010857 0.016384 0.010709 
0.011510 0.010868 0.016401 0.010720 
0.011522 0.010879 0.016417 0.010731 
0.011534 0.010890 0.016434 0.010742 
0.011545 0.010901 0.016451 0.010752 
0.011557 0.010912 0.016467 0.010763 
0.011568 0.010923 0.016484 0.010774 
0.011580 0.010934 0.016500 0.010785 
0.011592 0.010945 0.016517 0.010796 
0.011603 0.010956 0.016534 0.010807 
0.011615 0.010967 0.016550 0.010817 
0.011627 0.010978 0.016567 0.010828 
0.011638 0.010989 0.016583 0.010839 
0.011650 0.011000 0.016600 0.010850 
0.011662 0.011011 0.016617 0.010861 
0.011673 0.011022 0.016633 0.010872 
0.011685 0.011033 0.016650 0.010883 
0.011697 0.011044 0.016666 0.010893 
0.011708 0.011055 0.016683 0.010904 
0.011720 0.011066 0.016700 0.010915 
0.011732 0.011077 0.016716 0.010926 
0.011743 0.011088 0.016733 0.010937 
0.011755 0.011099 0.016749 0.010948 
0.011767 0.011110 0.016766 0.010959 
0.011778 0.011121 0.016783 0.010969 
0.011790 0.011132 0.016799 0.010980 
0.011801 0.011143 0.016816 0.010991 
0.011813 0.011154 0.016832 0.011002 
0.011825 0.011165 0.016849 0.011013 
0.011836 0.011176 0.016866 0.011024 
0.011848 0.011187 0.016882 0.011034 
0.011860 0.011198 0.016899 0.011045 
0.011871 0.011209 0.016915 0.011056 
0.011883 0.011220 0.016932 0.011067 
0.011895 0.011231 0.016949 0.011078 
0.011906 0.011242 0.016965 0.011089 
0.011918 0.011253 0.016982 0.011100 
0.011930 0.011264 0.016998 0.011110 
0.011941 0.011275 0.017015 0.011121 
0.011953 0.011286 0.017032 0.011132 
0.011965 0.011297 0.017048 0.011143 
0.011976 0.011308 0.017065 0.011154 
0.011988 0.011319 0.017081 0.011165 
0.012000 0.011330 0.017098 0.011175 
0.012011 0.011341 0.017115 0.011186 
0.012023 0.011352 0.017131 0.011197 
0.012034 0.011363 0.017148 0.011208 
0.012046 0.011374 0.017164 0.011219 
0.012058 0.011385 0.017181 0.011230 
0.012069 0.011396 0.017198 0.011241 
0.012081 0.011407 0.017214 0.011251 
0.012093 0.011418 0.017231 0.011262 
0.012104 0.011429 0.017247 0.011273 
0.012116 0.011440 0.017264 0.011284 
0.012128 0.011451 0.017281 0.011295 
0.012139 0.011462 0.017297 0.011306 
0.012151 0.011473 0.017314 0.011317 
0.012163 0.011484 0.017330 0.011327 
0.012174 0.011495 0.017347 0.011338 
0.012186 0.011506 0.017364 0.011349 
0.012198 0.011517 0.017380 0.011360 
0.012209 0.011528 0.017397 0.011371 
0.012221 0.011539 0.017413 0.011382 
0.012233 0.011550 0.017430 0.011392 
0.012244 0.011561 0.017447 0.011403 
0.012256 0.011572 0.017463 0.011414 
0.012267 0.011583 0.017480 0.011425 
0.012279 0.011594 0.017496 0.011436 
0.012291 0.011605 0.017513 0.011447 
0.012302 0.011616 0.017530 0.011458 
0.012314 0.011627 0.017546 0.011468 
0.012326 0.011638 0.017563 0.011479 
0.012337 0.011649 0.017579 0.011490 
0.012349 0.011660 0.017596 0.011501 
0.012361 0.011671 0.017613 0.011512 
0.012372 0.011682 0.017629 0.011523 
0.012384 0.011693 0.017646 0.011534 
0.012396 0.011704 0.017662 0.011544 
0.012407 0.011715 0.017679 0.011555 
0.012419 0.011726 0.017696 0.011566 
0.012431 0.011737 0.017712 0.011577 
0.012442 0.011748 0.017729 0.011588 
0.012454 0.011759 0.017745 0.011599 
0.012466 0.011770 0.017762 0.011610 
0.012477 0.011781 0.017779 0.011620 
0.012489 0.011792 0.017795 0.011631 
0.012500 0.011803 0.017812 0.011642 
0.012512 0.011814 0.017828 0.011653 
0.012524 0.011825 0.017845 0.011664 
0.012535 0.011836 0.017862 0.011675 
0.012547 0.011847 0.017878 0.011685 
0.012559 0.011858 0.017895 0.011696 
0.012570 0.011869 0.017911 0.011707 
0.012582 0.011880 0.017928 0.011718 
0.012594 0.011891 0.017945 0.011729 
0.012605 0.011902 0.017961 0.011740 
0.012617 0.011913 0.017978 0.011751 
0.012629 0.011924 0.017994 0.011761 
0.012640 0.011935 0.018011 0.011772 
0.012652 0.011946 0.018028 0.011783 
0.012664 0.011957 0.018044 0.011794 
0.012675 0.011968 0.018061 0.011805 
0.012687 0.011979 0.018077 0.011816 
0.012699 0.011990 0.018094 0.011827 
0.012710 0.012001 0.018111 0.011837 
0.012722 0.012012 0.018127 0.011848 
0.012733 0.012023 0.018144 0.011859 
0.012745 0.012034 0.018160 0.011870 
0.012757 0.012045 0.018177 0.011881 
0.012768 0.012056 0.018194 0.011892 
0.012780 0.012067 0.018210 0.011902 
0.012792 0.012078 0.018227 0.011913 
0.012803 0.012089 0.018243 0.011924 
0.012815 0.012100 0.018260 0.011935 
0.012827 0.012111 0.018277 0.011946 
0.012838 0.012122 0.018293 0.011957 
0.012850 0.012133 0.018310 0.011968 
0.012862 0.012144 0.018326 0.011978 
0.012873 0.012155 0.018343 0.011989 
0.012885 0.012166 0.018360 0.012000 
0.012897 0.012177 0.018376 0.012011 
0.012908 0.012188 0.018393 0.012022 
0.012920 0.012199 0.018409 0.012033 
0.012932 0.012210 0.018426 0.012044 
0.012943 0.012221 0.018443 0.012054 
0.012955 0.012232 0.018459 0.012065 
0.012966 0.012243 0.018476 0.012076 
0.012978 0.012254 0.018492 0.012087 
0.012990 0.012265 0.018509 0.012098 
0.013001 0.012276 0.018526 0.012109 
0.013013 0.012287 0.018542 0.012119 
0.013025 0.012298 0.018559 0.012130 
0.013036 0.012309 0.018575 0.012141 
0.013048 0.012320 0.018592 0.012152 
0.013060 0.012331 0.018609 0.012163 
0.013071 0.012342 0.018625 0.012174 
0.013083 0.012353 0.018642 0.012185 
0.013095 0.012364 0.018658 0.012195 
0.013106 0.012375 0.018675 0.012206 
0.013118 0.012386 0.018692 0.012217 
0.013130 0.012397 0.018708 0.012228 
0.013141 0.012408 0.018725 0.012239 
0.013153 0.012419 0.018741 0.012250 
0.013165 0.012430 0.018758 0.012261 
0.013176 0.012441 0.018775 0.012271 
0.013188 0.012452 0.018791 0.012282 
0.013199 0.012463 0.018808 0.012293 
0.013211 0.012474 0.018824 0.012304 
0.013223 0.012485 0.018841 0.012315 
0.013234 0.012496 0.018858 0.012326 
0.013246 0.012507 0.018874 0.012336 
0.013258 0.012518 0.018891 0.012347 
0.013269 0.012529 0.018907 0.012358 
0.013281 0.012540 0.018924 0.012369 
0.013293 0.012551 0.018941 0.012380 
0.013304 0.012562 0.018957 0.012391 
0.013316 0.012573 0.018974 0.012402 
0.013328 0.012584 0.018990 0.012412 
0.013339 0.012595 0.019007 0.012423 
0.013351 0.012606 0.019024 0.012434 
0.013363 0.012617 0.019040 0.012445 
0.013374 0.012628 0.019057 0.012456 
0.013386 0.012639 0.019073 0.012467 
0.013398 0.012650 0.019090 0.012478 
0.013409 0.012661 0.019107 0.012488 
0.013421 0.012672 0.019123 0.012499 
0.013432 0.012683 0.019140 0.012510 
0.013444 0.012694 0.019156 0.012521 
0.013456 0.012705 0.019173 0.012532 
0.013467 0.012716 0.019190 0.012543 
0.013479 0.012727 0.019206 0.012553 
0.013491 0.012738 0.019223 0.012564 
0.013502 0.012749 0.019239 0.012575 
0.013514 0.012760 0.019256 0.012586 
0.013526 0.012771 0.019273 0.012597 
0.013537 0.012782 0.019289 0.012608 
0.013549 0.012793 0.019306 0.012619 
0.013561 0.012804 0.019322 0.012629 
0.013572 0.012815 0.019339 0.012640 
0.013584 0.012826 0.019356 0.012651 
0.013596 0.012837 0.019372 0.012662 
0.013607 0.012848 0.019389 0.012673 
0.013619 0.012859 0.019405 0.012684 
0.013631 0.012870 0.019422 0.012694 
0.013642 0.012881 0.019439 0.012705 
0.013654 0.012892 0.019455 0.012716 
0.013665 0.012903 0.019472 0.012727 
0.013677 0.012914 0.019488 0.012738 
0.013689 0.012925 0.019505 0.012749 
0.013700 0.012936 0.019522 0.012760 
0.013712 0.012947 0.019538 0.012770 
0.013724 0.012958 0.019555 0.012781 
0.013735 0.012969 0.019571 0.012792 
0.013747 0.012980 0.019588 0.012803 
0.013759 0.012991 0.019605 0.012814 
0.013770 0.013002 0.019621 0.012825 
0.013782 0.013013 0.019638 0.012836 
0.013794 0.013024 0.019654 0.012846 
0.013805 0.013035 0.019671 0.012857 
0.013817 0.013046 0.019688 0.012868 
0.013829 0.013057 0.019704 0.012879 
0.013840 0.013068 0.019721 0.012890 
0.013852 0.013079 0.019737 0.012901 
0.013864 0.013090 0.019754 0.012911 
0.013875 0.013101 0.019771 0.012922 
0.013887 0.013112 0.019787 0.012933 
0.013898 0.013123 0.019804 0.012944 
0.013910 0.013134 0.019820 0.012955 
0.013922 0.013145 0.019837 0.012966 
0.013933 0.013156 0.019854 0.012977 
0.013945 0.013167 0.019870 0.012987 
0.013957 0.013178 0.019887 0.012998 
0.013968 0.013189 0.019903 0.013009 
0.013980 0.013200 0.019920 0.013020 
0.013992 0.013211 0.019937 0.013031 
0.014003 0.013222 0.019953 0.013042 
0.014015 0.013233 0.019970 0.013053 
0.014027 0.013244 0.019986 0.013063 
0.014038 0.013255 0.020003 0.013074 
0.014050 0.013266 0.020020 0.013085 
0.014062 0.013277 0.020036 0.013096 
0.014073 0.013288 0.020053 0.013107 
0.014085 0.013299 0.020069 0.013118 
0.014097 0.013310 0.020086 0.013129 
0.014108 0.013321 0.020103 0.013139 
0.014120 0.013332 0.020119 0.013150 
0.014131 0.013343 0.020136 0.013161 
0.014143 0.013354 0.020152 0.013172 
0.014155 0.013365 0.020169 0.013183 
0.014166 0.013376 0.020186 0.013194 
0.014178 0.013387 0.020202 0.013204 
0.014190 0.013398 0.020219 0.013215 
0.014201 0.013409 0.020235 0.013226 
0.014213 0.013420 0.020252 0.013237 
0.014225 0.013431 0.020269 0.013248 
0.014236 0.013442 0.020285 0.013259 
0.014248 0.013453 0.020302 0.013270 
0.014260 0.013464 0.020318 0.013280 
0.014271 0.013475 0.020335 0.013291 
0.014283 0.013486 0.020352 0.013302 
0.014295 0.013497 0.020368 0.013313 
0.014306 0.013508 0.020385 0.013324 
0.014318 0.013519 0.020401 0.013335 
0.014330 0.013530 0.020418 0.013345 
0.014341 0.013541 0.020435 0.013356 
0.014353 0.013552 0.020451 0.013367 
0.014364 0.013563 0.020468 0.013378 
0.014376 0.013574 0.020484 0.013389 
0.014388 0.013585 0.020501 0.013400 
0.014399 0.013596 0.020518 0.013411 
0.014411 0.013607 0.020534 0.013421 
0.014423 0.013618 0.020551 0.013432 
0.014434 0.013629 0.020567 0.013443 
0.014446 0.013640 0.020584 0.013454 
0.014458 0.013651 0.020601 0.013465 
0.014469 0.013662 0.020617 0.013476 
0.014481 0.013673 0.020634 0.013487 
0.014493 0.013684 0.020650 0.013497 
0.014504 0.013695 0.020667 0.013508 
0.014516 0.013706 0.020684 0.013519 
0.014528 0.013717 0.020700 0.013530 
0.014539 0.013728 0.020717 0.013541 
0.014551 0.013739 0.020733 0.013552 
0.014563 0.013750 0.020750 0.013562 
0.014574 0.013761 0.020767 0.013573 
0.014586 0.013772 0.020783 0.013584 
0.014597 0.013783 0.020800 0.013595 
0.014609 0.013794 0.020816 0.013606 
0.014621 0.013805 0.020833 0.013617 
0.014632 0.013816 0.020850 0.013628 
0.014644 0.013827 0.020866 0.013638 
0.014656 0.013838 0.020883 0.013649 
0.014667 0.013849 0.020899 0.013660 
0.014679 0.013860 0.020916 0.013671 
0.014691 0.013871 0.020933 0.013682 
0.014702 0.013882 0.020949 0.013693 
0.014714 0.013893 0.020966 0.013704 
0.014726 0.013904 0.020982 0.013714 
0.014737 0.013915 0.020999 0.013725 
0.014749 0.013926 0.021016 0.013736 
0.014761 0.013937 0.021032 0.013747 
0.014772 0.013948 0.021049 0.013758 
0.014784 0.013959 0.021065 0.013769 
0.014796 0.013970 0.021082 0.013780 
0.014807 0.013981 0.021099 0.013790 
0.014819 0.013992 0.021115 0.013801 
0.014830 0.014003 0.021132 0.013812 
0.014842 0.014014 0.021148 0.013823 
0.014854 0.014025 0.021165 0.013834 
0.014865 0.014036 0.021182 0.013845 
0.014877 0.014047 0.021198 0.013855 
0.014889 0.014058 0.021215 0.013866 
0.014900 0.014069 0.021231 0.013877 
0.014912 0.014080 0.021248 0.013888 
0.014924 0.014091 0.021265 0.013899 
0.014935 0.014102 0.021281 0.013910 
0.014947 0.014113 0.021298 0.013921 
0.014959 0.014124 0.021314 0.013931 
0.014970 0.014135 0.021331 0.013942 
0.014982 0.014146 0.021348 0.013953 
0.014994 0.014157 0.021364 0.013964 
0.015005 0.014168 0.021381 0.013975 
0.015017 0.014179 0.021397 0.013986 
0.015029 0.014190 0.021414 0.013997 
0.015040 0.014201 0.021431 0.014007 
0.015052 0.014212 0.021447 0.014018 
0.015063 0.014223 0.021464 0.014029 
0.015075 0.014234 0.021480 0.014040 
0.015087 0.014245 0.021497 0.014051 
0.015098 0.014256 0.021514 0.014062 
0.015110 0.014267 0.021530 0.014072 
0.015122 0.014278 0.021547 0.014083 
0.015133 0.014289 0.021563 0.014094 
0.015145 0.014300 0.021580 0.014105 
0.015157 0.014311 0.021597 0.014116 
0.015168 0.014322 0.021613 0.014127 
0.015180 0.014333 0.021630 0.014138 
0.015192 0.014344 0.021646 0.014148 
0.015203 0.014355 0.021663 0.014159 
0.015215 0.014366 0.021680 0.014170 
0.015227 0.014377 0.021696 0.014181 
0.015238 0.014388 0.021713 0.014192 
0.015250 0.014399 0.021729 0.014203 
0.015262 0.014410 0.021746 0.014214 
0.015273 0.014421 0.021763 0.014224 
0.015285 0.014432 0.021779 0.014235 
0.015296 0.014443 0.021796 0.014246 
0.015308 0.014454 0.021812 0.014257 
0.015320 0.014465 0.021829 0.014268 
0.015331 0.014476 0.021846 0.014279 
0.015343 0.014487 0.021862 0.014289 
0.015355 0.014498 0.021879 0.014300 
0.015366 0.014509 0.021895 0.014311 
0.015378 0.014520 0.021912 0.014322 
0.015390 0.014531 0.021929 0.014333 
0.015401 0.014542 0.021945 0.014344 
0.015413 0.014553 0.021962 0.014355 
0.015425 0.014564 0.021978 0.014365 
0.015436 0.014575 0.021995 0.014376 
0.015448 0.014586 0.022012 0.014387 
0.015460 0.014597 0.022028 0.014398 
0.015471 0.014608 0.022045 0.014409 
0.015483 0.014619 0.022061 0.014420 
0.015494 0.014630 0.022078 0.014431 
0.015506 0.014641 0.022095 0.014441 
0.015518 0.014652 0.022111 0.014452 
0.015529 0.014663 0.022128 0.014463 
0.015541 0.014674 0.022144 0.014474 
0.015553 0.014685 0.022161 0.014485 
0.015564 0.014696 0.022178 0.014496 
0.015576 0.014707 0.022194 0.014506 
0.015588 0.014718 0.022211 0.014517 
0.015599 0.014729 0.022227 0.014528 
0.015611 0.014740 0.022244 0.014539 
0.015623 0.014751 0.022261 0.014550 
0.015634 0.014762 0.022277 0.014561 
0.015646 0.014773 0.022294 0.014572 
0.015658 0.014784 0.022310 0.014582 
0.015669 0.014795 0.022327 0.014593 
0.015681 0.014806 0.022344 0.014604 
0.015693 0.014817 0.022360 0.014615 
0.015704 0.014828 0.022377 0.014626 
0.015716 0.014839 0.022393 0.014637 
0.015728 0.014850 0.022410 0.014648 
0.015739 0.014861 0.022427 0.014658 
0.015751 0.014872 0.022443 0.014669 
0.015762 0.014883 0.022460 0.014680 
0.015774 0.014894 0.022476 0.014691 
0.015786 0.014905 0.022493 0.014702 
0.015797 0.014916 0.022510 0.014713 
0.015809 0.014927 0.022526 0.014723 
0.015821 0.014938 0.022543 0.014734 
0.015832 0.014949 0.022559 0.014745 
0.015844 0.014960 0.022576 0.014756 
0.015856 0.014971 0.022593 0.014767 
0.015867 0.014982 0.022609 0.014778 
0.015879 0.014993 0.022626 0.014789 
0.015891 0.015004 0.022642 0.014799 
0.015902 0.015015 0.022659 0.014810 
0.015914 0.015026 0.022676 0.014821 
0.015926 0.015037 0.022692 0.014832 
0.015937 0.015048 0.022709 0.014843 
0.015949 0.015059 0.022725 0.014854 
0.015961 0.015070 0.022742 0.014864 
0.015972 0.015081 0.022759 0.014875 
0.015984 0.015092 0.022775 0.014886 
0.015995 0.015103 0.022792 0.014897 
0.016007 0.015114 0.022808 0.014908 
0.016019 0.015125 0.022825 0.014919 
0.016030 0.015136 0.022842 0.014930 
0.016042 0.015147 0.022858 0.014940 
0.016054 0.015158 0.022875 0.014951 
0.016065 0.015169 0.022891 0.014962 
0.016077 0.015180 0.022908 0.014973 
0.016089 0.015191 0.022925 0.014984 
0.016100 0.015202 0.022941 0.014995 
0.016112 0.015213 0.022958 0.015006 
0.016124 0.015224 0.022974 0.015016 
0.016135 0.015235 0.022991 0.015027 
0.016147 0.015246 0.023008 0.015038 
0.016159 0.015257 0.023024 0.015049 
0.016170 0.015268 0.023041 0.015060 
0.016182 0.015279 0.023057 0.015071 
0.016193 0.015290 0.023074 0.015081 
0.016205 0.015301 0.023091 0.015092 
0.016217 0.015312 0.023107 0.015103 
0.016228 0.015323 0.023124 0.015114 
0.016240 0.015334 0.023140 0.015125 
0.016252 0.015345 0.023157 0.015136 
0.016263 0.015356 0.023174 0.015147 
0.016275 0.015367 0.023190 0.015157 
0.016287 0.015378 0.023207 0.015168 
0.016298 0.015389 0.023223 0.015179 
0.016310 0.015400 0.023240 0.015190 
0.016322 0.015411 0.023257 0.015201 
0.016333 0.015422 0.023273 0.015212 
0.016345 0.015433 0.023290 0.015223 
0.016357 0.015444 0.023306 0.015233 
0.016368 0.015455 0.023323 0.015244 
0.016380 0.015466 0.023340 0.015255 
0.016392 0.015477 0.023356 0.015266 
0.016403 0.015488 0.023373 0.015277 
0.016415 0.015499 0.023389 0.015288 
0.016427 0.015510 0.023406 0.015299 
0.016438 0.015521 0.023423 0.015309 
0.016450 0.015532 0.023439 0.015320 
0.016461 0.015543 0.023456 0.015331 
0.016473 0.015554 0.023472 0.015342 
0.016485 0.015565 0.023489 0.015353 
0.016496 0.015576 0.023506 0.015364 
0.016508 0.015587 0.023522 0.015374 
0.016520 0.015598 0.023539 0.015385 
0.016531 0.015609 0.023555 0.015396 
0.016543 0.015620 0.023572 0.015407 
0.016555 0.015631 0.023589 0.015418 
0.016566 0.015642 0.023605 0.015429 
0.016578 0.015653 0.023622 0.015440 
0.016590 0.015664 0.023638 0.015450 
0.016601 0.015675 0.023655 0.015461 
0.016613 0.015686 0.023672 0.015472 
0.016625 0.015697 0.023688 0.015483 
0.016636 0.015708 0.023705 0.015494 
0.016648 0.015719 0.023721 0.015505 
0.016660 0.015730 0.023738 0.015516 
0.016671 0.015741 0.023755 0.015526 
0.016683 0.015752 0.023771 0.015537 
0.016694 0.015763 0.023788 0.015548 
0.016706 0.015774 0.023804 0.015559 
0.016718 0.015785 0.023821 0.015570 
0.016729 0.015796 0.023838 0.015581 
0.016741 0.015807 0.023854 0.015591 
0.016753 0.015818 0.023871 0.015602 
0.016764 0.015829 0.023887 0.015613 
0.016776 0.015840 0.023904 0.015624 
0.016788 0.015851 0.023921 0.015635 
0.016799 0.015862 0.023937 0.015646 
0.016811 0.015873 0.023954 0.015657 
0.016823 0.015884 0.023970 0.015667 
0.016834 0.015895 0.023987 0.015678 
0.016846 0.015906 0.024004 0.015689 
0.016858 0.015917 0.024020 0.015700 
0.016869 0.015928 0.024037 0.015711 
0.016881 0.015939 0.024053 0.015722 
0.016893 0.015950 0.024070 0.015732 
0.016904 0.015961 0.024087 0.015743 
0.016916 0.015972 0.024103 0.015754 
0.016927 0.015983 0.024120 0.015765 
0.016939 0.015994 0.024136 0.015776 
0.016951 0.016005 0.024153 0.015787 
0.016962 0.016016 0.024170 0.015798 
0.016974 0.016027 0.024186 0.015808 
0.016986 0.016038 0.024203 0.015819 
0.016997 0.016049 0.024219 0.015830 
0.017009 0.016060 0.024236 0.015841 
0.017021 0.016071 0.024253 0.015852 
0.017032 0.016082 0.024269 0.015863 
0.017044 0.016093 0.024286 0.015874 
0.017056 0.016104 0.024302 0.015884 
0.017067 0.016115 0.024319 0.015895 
0.017079 0.016126 0.024336 0.015906 
0.017091 0.016137 0.024352 0.015917 
0.017102 0.016148 0.024369 0.015928 
0.017114 0.016159 0.024385 0.015939 
0.017126 0.016170 0.024402 0.015950 
0.017137 0.016181 0.024419 0.015960 
0.017149 0.016192 0.024435 0.015971 
0.017160 0.016203 0.024452 0.015982 
0.017172 0.016214 0.024468 0.015993 
0.017184 0.016225 0.024485 0.016004 
0.017195 0.016236 0.024502 0.016015 
0.017207 0.016247 0.024518 0.016025 
0.017219 0.016258 0.024535 0.016036 
0.017230 0.016269 0.024551 0.016047 
0.017242 0.016280 0.024568 0.016058 
0.017254 0.016291 0.024585 0.016069 
0.017265 0.016302 0.024601 0.016080 
0.017277 0.016313 0.024618 0.016091 
0.017289 0.016324 0.024634 0.016101 
0.017300 0.016335 0.024651 0.016112 
0.017312 0.016346 0.024668 0.016123 
0.017324 0.016357 0.024684 0.016134 
0.017335 0.016368 0.024701 0.016145 
0.017347 0.016379 0.024717 0.016156 
0.017358 0.016390 0.024734 0.016167 
0.017370 0.016401 0.024751 0.016177 
0.017382 0.016412 0.024767 0.016188 
0.017393 0.016423 0.024784 0.016199 
0.017405 0.016434 0.024800 0.016210 
0.017417 0.016445 0.024817 0.016221 
0.017428 0.016456 0.024834 0.016232 
0.017440 0.016467 0.024850 0.016242 
0.017452 0.016478 0.024867 0.016253 
0.017463 0.016489 0.024883 0.016264 
0.017475 0.016500 0.024900 0.016275 
0.017487 0.016511 0.024917 0.016286 
0.017498 0.016522 0.024933 0.016297 
0.017510 0.016533 0.024950 0.016308 
0.017522 0.016544 0.024966 0.016318 
0.017533 0.016555 0.024983 0.016329 
0.017545 0.016566 0.025000 0.016340 
0.017557 0.016577 0.025016 0.016351 
0.017568 0.016588 0.025033 0.016362 
0.017580 0.016599 0.025049 0.016373 
0.017591 0.016610 0.025066 0.016384 
0.017603 0.016621 0.025083 0.016394 
0.017615 0.016632 0.025099 0.016405 
0.017626 0.016643 0.025116 0.016416 
0.017638 0.016654 0.025132 0.016427 
0.017650 0.016665 0.025149 0.016438 
0.017661 0.016676 0.025166 0.016449 
0.017673 0.016687 0.025182 0.016459 
0.017685 0.016698 0.025199 0.016470 
0.017696 0.016709 0.025215 0.016481 
0.017708 0.016720 0.025232 0.016492 
0.017720 0.016731 0.025249 0.016503 
0.017731 0.016742 0.025265 0.016514 
0.017743 0.016753 0.025282 0.016525 
0.017755 0.016764 0.025298 0.016535 
0.017766 0.016775 0.025315 0.016546 
0.017778 0.016786 0.025332 0.016557 
0.017790 0.016797 0.025348 0.016568 
0.017801 0.016808 0.025365 0.016579 
0.017813 0.016819 0.025381 0.016590 
0.017825 0.016830 0.025398 0.016601 
0.017836 0.016841 0.025415 0.016611 
0.017848 0.016852 0.025431 0.016622 
0.017859 0.016863 0.025448 0.016633 
0.017871 0.016874 0.025464 0.016644 
0.017883 0.016885 0.025481 0.016655 
0.017894 0.016896 0.025498 0.016666 
0.017906 0.016907 0.025514 0.016676 
0.017918 0.016918 0.025531 0.016687 
0.017929 0.016929 0.025547 0.016698 
0.017941 0.016940 0.025564 0.016709 
0.017953 0.016951 0.025581 0.016720 
0.017964 0.016962 0.025597 0.016731 
0.017976 0.016973 0.025614 0.016742 
0.017988 0.016984 0.025630 0.016752 
0.017999 0.016995 0.025647 0.016763 
0.018011 0.017006 0.025664 0.016774 
0.018023 0.017017 0.025680 0.016785 
0.018034 0.017028 0.025697 0.016796 
0.018046 0.017039 0.025713 0.016807 
0.018058 0.017050 0.025730 0.016817 
0.018069 0.017061 0.025747 0.016828 
0.018081 0.017072 0.025763 0.016839 
0.018092 0.017083 0.025780 0.016850 
0.018104 0.017094 0.025796 0.016861 
0.018116 0.017105 0.025813 0.016872 
0.018127 0.017116 0.025830 0.016883 
0.018139 0.017127 0.025846 0.016893 
0.018151 0.017138 0.025863 0.016904 
0.018162 0.017149 0.025879 0.016915 
0.018174 0.017160 0.025896 0.016926 
0.018186 0.017171 0.025913 0.016937 
0.018197 0.017182 0.025929 0.016948 
0.018209 0.017193 0.025946 0.016959 
0.018221 0.017204 0.025962 0.016969 
0.018232 0.017215 0.025979 0.016980 
0.018244 0.017226 0.025996 0.016991 
0.018256 0.017237 0.026012 0.017002 
0.018267 0.017248 0.026029 0.017013 
0.018279 0.017259 0.026045 0.017024 
0.018291 0.017270 0.026062 0.017035 
0.018302 0.017281 0.026079 0.017045 
0.018314 0.017292 0.026095 0.017056 
0.018325 0.017303 0.026112 0.017067 
0.018337 0.017314 0.026128 0.017078 
0.018349 0.017325 0.026145 0.017089 
0.018360 0.017336 0.026162 0.017100 
0.018372 0.017347 0.026178 0.017110 
0.018384 0.017358 0.026195 0.017121 
0.018395 0.017369 0.026211 0.017132 
0.018407 0.017380 0.026228 0.017143 
0.018419 0.017391 0.026245 0.017154 
0.018430 0.017402 0.026261 0.017165 
0.018442 0.017413 0.026278 0.017176 
0.018454 0.017424 0.026294 0.017186 
0.018465 0.017435 0.026311 0.017197 
0.018477 0.017446 0.026328 0.017208 
0.018489 0.017457 0.026344 0.017219 
0.018500 0.017468 0.026361 0.017230 
0.018512 0.017479 0.026377 0.017241 
0.018524 0.017490 0.026394 0.017251 
0.018535 0.017501 0.026411 0.017262 
0.018547 0.017512 0.026427 0.017273 
0.018558 0.017523 0.026444 0.017284 
0.018570 0.017534 0.026460 0.017295 
0.018582 0.017545 0.026477 0.017306 
0.018593 0.017556 0.026494 0.017317 
0.018605 0.017567 0.026510 0.017327 
0.018617 0.017578 0.026527 0.017338 
0.018628 0.017589 0.026543 0.017349 
0.018640 0.017600 0.026560 0.017360 
0.018652 0.017611 0.026577 0.017371 
0.018663 0.017622 0.026593 0.017382 
0.018675 0.017633 0.026610 0.017393 
0.018687 0.017644 0.026626 0.017403 
0.018698 0.017655 0.026643 0.017414 
0.018710 0.017666 0.026660 0.017425 
0.018722 0.017677 0.026676 0.017436 
0.018733 0.017688 0.026693 0.017447 
0.018745 0.017699 0.026709 0.017458 
0.018757 0.017710 0.026726 0.017468 
0.018768 0.017721 0.026743 0.017479 
0.018780 0.017732 0.026759 0.017490 
0.018791 0.017743 0.026776 0.017501 
0.018803 0.017754 0.026792 0.017512 
0.018815 0.017765 0.026809 0.017523 
0.018826 0.017776 0.026826 0.017534 
0.018838 0.017787 0.026842 0.017544 
0.018850 0.017798 0.026859 0.017555 
0.018861 0.017809 0.026875 0.017566 
0.018873 0.017820 0.026892 0.017577 
0.018885 0.017831 0.026909 0.017588 
0.018896 0.017842 0.026925 0.017599 
0.018908 0.017853 0.026942 0.017610 
0.018920 0.017864 0.026958 0.017620 
0.018931 0.017875 0.026975 0.017631 
0.018943 0.017886 0.026992 0.017642 
0.018955 0.017897 0.027008 0.017653 
0.018966 0.017908 0.027025 0.017664 
0.018978 0.017919 0.027041 0.017675 
0.018989 0.017930 0.027058 0.017685 
0.019001 0.017941 0.027075 0.017696 
0.019013 0.017952 0.027091 0.017707 
0.019024 0.017963 0.027108 0.017718 
0.019036 0.017974 0.027124 0.017729 
0.019048 0.017985 0.027141 0.017740 
0.019059 0.017996 0.027158 0.017751 
0.019071 0.018007 0.027174 0.017761 
0.019083 0.018018 0.027191 0.017772 
0.019094 0.018029 0.027207 0.017783 
0.019106 0.018040 0.027224 0.017794 
0.019118 0.018051 0.027241 0.017805 
0.019129 0.018062 0.027257 0.017816 
0.019141 0.018073 0.027274 0.017827 
0.019153 0.018084 0.027290 0.017837 
0.019164 0.018095 0.027307 0.017848 
0.019176 0.018106 0.027324 0.017859 
0.019188 0.018117 0.027340 0.017870 
0.019199 0.018128 0.027357 0.017881 
0.019211 0.018139 0.027373 0.017892 
0.019223 0.018150 0.027390 0.017902 
0.019234 0.018161 0.027407 0.017913 
0.019246 0.018172 0.027423 0.017924 
0.019257 0.018183 0.027440 0.017935 
0.019269 0.018194 0.027456 0.017946 
0.019281 0.018205 0.027473 0.017957 
0.019292 0.018216 0.027490 0.017968 
0.019304 0.018227 0.027506 0.017978 
0.019316 0.018238 0.027523 0.017989 
0.019327 0.018249 0.027539 0.018000 
0.019339 0.018260 0.027556 0.018011 
0.019351 0.018271 0.027573 0.018022 
0.019362 0.018282 0.027589 0.018033 
0.019374 0.018293 0.027606 0.018044 
0.019386 0.018304 0.027622 0.018054 
0.019397 0.018315 0.027639 0.018065 
0.019409 0.018326 0.027656 0.018076 
0.019421 0.018337 0.027672 0.018087 
0.019432 0.018348 0.027689 0.018098 
0.019444 0.018359 0.027705 0.018109 
0.019456 0.018370 0.027722 0.018120 
0.019467 0.018381 0.027739 0.018130 
0.019479 0.018392 0.027755 0.018141 
0.019490 0.018403 0.027772 0.018152 
0.019502 0.018414 0.027788 0.018163 
0.019514 0.018425 0.027805 0.018174 
0.019525 0.018436 0.027822 0.018185 
0.019537 0.018447 0.027838 0.018195 
0.019549 0.018458 0.027855 0.018206 
0.019560 0.018469 0.027871 0.018217 
0.019572 0.018480 0.027888 0.018228 
0.019584 0.018491 0.027905 0.018239 
0.019595 0.018502 0.027921 0.018250 
0.019607 0.018513 0.027938 0.018261 
0.019619 0.018524 0.027954 0.018271 
0.019630 0.018535 0.027971 0.018282 
0.019642 0.018546 0.027988 0.018293 
0.019654 0.018557 0.028004 0.018304 
0.019665 0.018568 0.028021 0.018315 
0.019677 0.018579 0.028037 0.018326 
0.019689 0.018590 0.028054 0.018337 
0.019700 0.018601 0.028071 0.018347 
0.019712 0.018612 0.028087 0.018358 
0.019723 0.018623 0.028104 0.018369 
0.019735 0.018634 0.028120 0.018380 
0.019747 0.018645 0.028137 0.018391 
0.019758 0.018656 0.028154 0.018402 
0.019770 0.018667 0.028170 0.018412 
0.019782 0.018678 0.028187 0.018423 
0.019793 0.018689 0.028203 0.018434 
0.019805 0.018700 0.028220 0.018445 
0.019817 0.018711 0.028237 0.018456 
0.019828 0.018722 0.028253 0.018467 
0.019840 0.018733 0.028270 0.018478 
0.019852 0.018744 0.028286 0.018488 
0.019863 0.018755 0.028303 0.018499 
0.019875 0.018766 0.028320 0.018510 
0.019887 0.018777 0.028336 0.018521 
0.019898 0.018788 0.028353 0.018532 
0.019910 0.018799 0.028369 0.018543 
0.019922 0.018810 0.028386 0.018554 
0.019933 0.018821 0.028403 0.018564 
0.019945 0.018832 0.028419 0.018575 
0.019956 0.018843 0.028436 0.018586 
0.019968 0.018854 0.028452 0.018597 
0.019980 0.018865 0.028469 0.018608 
0.019991 0.018876 0.028486 0.018619 
0.020003 0.018887 0.028502 0.018629 
0.020015 0.018898 0.028519 0.018640 
0.020026 0.018909 0.028535 0.018651 
0.020038 0.018920 0.028552 0.018662 
0.020050 0.018931 0.028569 0.018673 
0.020061 0.018942 0.028585 0.018684 
0.020073 0.018953 0.028602 0.018695 
0.020085 0.018964 0.028618 0.018705 
0.020096 0.018975 0.028635 0.018716 
0.020108 0.018986 0.028652 0.018727 
0.020120 0.018997 0.028668 0.018738 
0.020131 0.019008 0.028685 0.018749 
0.020143 0.019019 0.028701 0.018760 
0.020155 0.019030 0.028718 0.018771 
0.020166 0.019041 0.028735 0.018781 
0.020178 0.019052 0.028751 0.018792 
0.020189 0.019063 0.028768 0.018803 
0.020201 0.019074 0.028784 0.018814 
0.020213 0.019085 0.028801 0.018825 
0.020224 0.019096 0.028818 0.018836 
0.020236 0.019107 0.028834 0.018846 
0.020248 0.019118 0.028851 0.018857 
0.020259 0.019129 0.028867 0.018868 
0.020271 0.019140 0.028884 0.018879 
0.020283 0.019151 0.028901 0.018890 
0.020294 0.019162 0.028917 0.018901 
0.020306 0.019173 0.028934 0.018912 
0.020318 0.019184 0.028950 0.018922 
0.020329 0.019195 0.028967 0.018933 
0.020341 0.019206 0.028984 0.018944 
0.020353 0.019217 0.029000 0.018955 
0.020364 0.019228 0.029017 0.018966 
0.020376 0.019239 0.029033 0.018977 
0.020388 0.019250 0.029050 0.018988 
0.020399 0.019261 0.029067 0.018998 
0.020411 0.019272 0.029083 0.019009 
0.020422 0.019283 0.029100 0.019020 
0.020434 0.019294 0.029116 0.019031 
0.020446 0.019305 0.029133 0.019042 
0.020457 0.019316 0.029150 0.019053 
0.020469 0.019327 0.029166 0.019063 
0.020481 0.019338 0.029183 0.019074 
0.020492 0.019349 0.029199 0.019085 
0.020504 0.019360 0.029216 0.019096 
0.020516 0.019371 0.029233 0.019107 
0.020527 0.019382 0.029249 0.019118 
0.020539 0.019393 0.029266 0.019129 
0.020551 0.019404 0.029282 0.019139 
0.020562 0.019415 0.029299 0.019150 
0.020574 0.019426 0.029316 0.019161 
0.020586 0.019437 0.029332 0.019172 
0.020597 0.019448 0.029349 0.019183 
0.020609 0.019459 0.029365 0.019194 
0.020620 0.019470 0.029382 0.019204 
0.020632 0.019481 0.029399 0.019215 
0.020644 0.019492 0.029415 0.019226 
0.020655 0.019503 0.029432 0.019237 
0.020667 0.019514 0.029448 0.019248 
0.020679 0.019525 0.029465 0.019259 
0.020690 0.019536 0.029482 0.019270 
0.020702 0.019547 0.029498 0.019280 
0.020714 0.019558 0.029515 0.019291 
0.020725 0.019569 0.029531 0.019302 
0.020737 0.019580 0.029548 0.019313 
0.020749 0.019591 0.029565 0.019324 
0.020760 0.019602 0.029581 0.019335 
0.020772 0.019613 0.029598 0.019346 
0.020784 0.019624 0.029614 0.019356 
0.020795 0.019635 0.029631 0.019367 
0.020807 0.019646 0.029648 0.019378 
0.020819 0.019657 0.029664 0.019389 
0.020830 0.019668 0.029681 0.019400 
0.020842 0.019679 0.029697 0.019411 
0.020854 0.019690 0.029714 0.019422 
0.020865 0.019701 0.029731 0.019432 
0.020877 0.019712 0.029747 0.019443 
0.020888 0.019723 0.029764 0.019454 
0.020900 0.019734 0.029780 0.019465 
0.020912 0.019745 0.029797 0.019476 
0.020923 0.019756 0.029814 0.019487 
0.020935 0.019767 0.029830 0.019497 
0.020947 0.019778 0.029847 0.019508 
0.020958 0.019789 0.029863 0.019519 
0.020970 0.019800 0.029880 0.019530 
0.020982 0.019811 0.029897 0.019541 
0.020993 0.019822 0.029913 0.019552 
0.021005 0.019833 0.029930 0.019563 
0.021017 0.019844 0.029946 0.019573 
0.021028 0.019855 0.029963 0.019584 
0.021040 0.019866 0.029980 0.019595 
0.021052 0.019877 0.029996 0.019606 
0.021063 0.019888 0.030013 0.019617 
0.021075 0.019899 0.030029 0.019628 
0.021087 0.019910 0.030046 0.019638 
0.021098 0.019921 0.030063 0.019649 
0.021110 0.019932 0.030079 0.019660 
0.021121 0.019943 0.030096 0.019671 
0.021133 0.019954 0.030112 0.019682 
0.021145 0.019965 0.030129 0.019693 
0.021156 0.019976 0.030146 0.019704 
0.021168 0.019987 0.030162 0.019714 
0.021180 0.019998 0.030179 0.019725 
0.021191 0.020009 0.030195 0.019736 
0.021203 0.020020 0.030212 0.019747 
0.021215 0.020031 0.030229 0.019758 
0.021226 0.020042 0.030245 0.019769 
0.021238 0.020053 0.030262 0.019780 
0.021250 0.020064 0.030278 0.019790 
0.021261 0.020075 0.030295 0.019801 
0.021273 0.020086 0.030312 0.019812 
0.021285 0.020097 0.030328 0.019823 
0.021296 0.020108 0.030345 0.019834 
0.021308 0.020119 0.030361 0.019845 
0.021320 0.020130 0.030378 0.019855 
0.021331 0.020141 0.030395 0.019866 
0.021343 0.020152 0.030411 0.019877 
0.021354 0.020163 0.030428 0.019888 
0.021366 0.020174 0.030444 0.019899 
0.021378 0.020185 0.030461 0.019910 
0.021389 0.020196 0.030478 0.019921 
0.021401 0.020207 0.030494 0.019931 
0.021413 0.020218 0.030511 0.019942 
0.021424 0.020229 0.030527 0.019953 
0.021436 0.020240 0.030544 0.019964 
0.021448 0.020251 0.030561 0.019975 
0.021459 0.020262 0.030577 0.019986 
0.021471 0.020273 0.030594 0.019997 
0.021483 0.020284 0.030610 0.020007 
0.021494 0.020295 0.030627 0.020018 
0.021506 0.020306 0.030644 0.020029 
0.021518 0.020317 0.030660 0.020040 
0.021529 0.020328 0.030677 0.020051 
0.021541 0.020339 0.030693 0.020062 
0.021553 0.020350 0.030710 0.020073 
0.021564 0.020361 0.030727 0.020083 
0.021576 0.020372 0.030743 0.020094 
0.021587 0.020383 0.030760 0.020105 
0.021599 0.020394 0.030776 0.020116 
0.021611 0.020405 0.030793 0.020127 
0.021622 0.020416 0.030810 0.020138 
0.021634 0.020427 0.030826 0.020148 
0.021646 0.020438 0.030843 0.020159 
0.021657 0.020449 0.030859 0.020170 
0.021669 0.020460 0.030876 0.020181 
0.021681 0.020471 0.030893 0.020192 
0.021692 0.020482 0.030909 0.020203 
0.021704 0.020493 0.030926 0.020214 
0.021716 0.020504 0.030942 0.020224 
0.021727 0.020515 0.030959 0.020235 
0.021739 0.020526 0.030976 0.020246 
0.021751 0.020537 0.030992 0.020257 
0.021762 0.020548 0.031009 0.020268 
0.021774 0.020559 0.031025 0.020279 
0.021786 0.020570 0.031042 0.020290 
0.021797 0.020581 0.031059 0.020300 
0.021809 0.020592 0.031075 0.020311 
0.021820 0.020603 0.031092 0.020322 
0.021832 0.020614 0.031108 0.020333 
0.021844 0.020625 0.031125 0.020344 
0.021855 0.020636 0.031142 0.020355 
0.021867 0.020647 0.031158 0.020365 
0.021879 0.020658 0.031175 0.020376 
0.021890 0.020669 0.031191 0.020387 
0.021902 0.020680 0.031208 0.020398 
0.021914 0.020691 0.031225 0.020409 
0.021925 0.020702 0.031241 0.020420 
0.021937 0.020713 0.031258 0.020431 
0.021949 0.020724 0.031274 0.020441 
0.021960 0.020735 0.031291 0.020452 
0.021972 0.020746 0.031308 0.020463 
0.021984 0.020757 0.031324 0.020474 
0.021995 0.020768 0.031341 0.020485 
0.022007 0.020779 0.031357 0.020496 
0.022018 0.020790 0.031374 0.020507 
0.022030 0.020801 0.031391 0.020517 
0.022042 0.020812 0.031407 0.020528 
0.022053 0.020823 0.031424 0.020539 
0.022065 0.020834 0.031440 0.020550 
0.022077 0.020845 0.031457 0.020561 
0.022088 0.020856 0.031474 0.020572 
0.022100 0.020867 0.031490 0.020582 
0.022112 0.020878 0.031507 0.020593 
0.022123 0.020889 0.031523 0.020604 
0.022135 0.020900 0.031540 0.020615 
0.022147 0.020911 0.031557 0.020626 
0.022158 0.020922 0.031573 0.020637 
0.022170 0.020933 0.031590 0.020648 
0.022182 0.020944 0.031606 0.020658 
0.022193 0.020955 0.031623 0.020669 
0.022205 0.020966 0.031640 0.020680 
0.022217 0.020977 0.031656 0.020691 
0.022228 0.020988 0.031673 0.020702 
0.022240 0.020999 0.031689 0.020713 
0.022252 0.021010 0.031706 0.020724 
0.022263 0.021021 0.031723 0.020734 
0.022275 0.021032 0.031739 0.020745 
0.022286 0.021043 0.031756 0.020756 
0.022298 0.021054 0.031772 0.020767 
0.022310 0.021065 0.031789 0.020778 
0.022321 0.021076 0.031806 0.020789 
0.022333 0.021087 0.031822 0.020799 
0.022345 0.021098 0.031839 0.020810 
0.022356 0.021109 0.031855 0.020821 
0.022368 0.021120 0.031872 0.020832 
0.022380 0.021131 0.031889 0.020843 
0.022391 0.021142 0.031905 0.020854 
0.022403 0.021153 0.031922 0.020865 
0.022415 0.021164 0.031938 0.020875 
0.022426 0.021175 0.031955 0.020886 
0.022438 0.021186 0.031972 0.020897 
0.022450 0.021197 0.031988 0.020908 
0.022461 0.021208 0.032005 0.020919 
0.022473 0.021219 0.032021 0.020930 
0.022485 0.021230 0.032038 0.020941 
0.022496 0.021241 0.032055 0.020951 
0.022508 0.021252 0.032071 0.020962 
0.022519 0.021263 0.032088 0.020973 
0.022531 0.021274 0.032104 0.020984 
0.022543 0.021285 0.032121 0.020995 
0.022554 0.021296 0.032138 0.021006 
0.022566 0.021307 0.032154 0.021016 
0.022578 0.021318 0.032171 0.021027 
0.022589 0.021329 0.032187 0.021038 
0.022601 0.021340 0.032204 0.021049 
0.022613 0.021351 0.032221 0.021060 
0.022624 0.021362 0.032237 0.021071 
0.022636 0.021373 0.032254 0.021082 
0.022648 0.021384 0.032270 0.021092 
0.022659 0.021395 0.032287 0.021103 
0.022671 0.021406 0.032304 0.021114 
0.022683 0.021417 0.032320 0.021125 
0.022694 0.021428 0.032337 0.021136 
0.022706 0.021439 0.032353 0.021147 
0.022718 0.021450 0.032370 0.021157 
0.022729 0.021461 0.032387 0.021168 
0.022741 0.021472 0.032403 0.021179 
0.022752 0.021483 0.032420 0.021190 
0.022764 0.021494 0.032436 0.021201 
0.022776 0.021505 0.032453 0.021212 
0.022787 0.021516 0.032470 0.021223 
0.022799 0.021527 0.032486 0.021233 
0.022811 0.021538 0.032503 0.021244 
0.022822 0.021549 0.032519 0.021255 
0.022834 0.021560 0.032536 0.021266 
0.022846 0.021571 0.032553 0.021277 
0.022857 0.021582 0.032569 0.021288 
0.022869 0.021593 0.032586 0.021299 
0.022881 0.021604 0.032602 0.021309 
0.022892 0.021615 0.032619 0.021320 
0.022904 0.021626 0.032636 0.021331 
0.022916 0.021637 0.032652 0.021342 
0.022927 0.021648 0.032669 0.021353 
0.022939 0.021659 0.032685 0.021364 
0.022951 0.021670 0.032702 0.021375 
0.022962 0.021681 0.032719 0.021385 
0.022974 0.021692 0.032735 0.021396 
0.022985 0.021703 0.032752 0.021407 
0.022997 0.021714 0.032768 0.021418 
0.023009 0.021725 0.032785 0.021429 
0.023020 0.021736 0.032802 0.021440 
0.023032 0.021747 0.032818 0.021450 
0.023044 0.021758 0.032835 0.021461 
0.023055 0.021769 0.032851 0.021472 
0.023067 0.021780 0.032868 0.021483 
0.023079 0.021791 0.032885 0.021494 
0.023090 0.021802 0.032901 0.021505 
0.023102 0.021813 0.032918 0.021516 
0.023114 0.021824 0.032934 0.021526 
0.023125 0.021835 0.032951 0.021537 
0.023137 0.021846 0.032968 0.021548 
0.023149 0.021857 0.032984 0.021559 
0.023160 0.021868 0.033001 0.021570 
0.023172 0.021879 0.033017 0.021581 
0.023184 0.021890 0.033034 0.021591 
0.023195 0.021901 0.033051 0.021602 
0.023207 0.021912 0.033067 0.021613 
0.023218 0.021923 0.033084 0.021624 
0.023230 0.021934 0.033100 0.021635 
0.023242 0.021945 0.033117 0.021646 
0.023253 0.021956 0.033134 0.021657 
0.023265 0.021967 0.033150 0.021667 
0.023277 0.021978 0.033167 0.021678 
0.023288 0.021989 0.033183 0.021689 
0.023300 0.022000 0.033200 0.021700 
0.023300 0.022000 0.033200 0.021700 
0.023300 0.022000 0.033200 0.021700 
0.023300 0.022000 0.033200 0.021700 
0.023300 0.022000 0.033200 0.021700 
0.023300 0.022000 0.033200 0.021700 
0.023300 0.022000 0.033200 0.021700 
0.023300 0.022000 0.033200 0.021700 
0.023300 0.022000 0.033200 0.021700 
0.023300 0.022000 0.033200 0.021700 
0.023300 0.022000 0.033200 0.021700 
0.023300 0.022000 0.033200 0.021700 
0.023300 0.022000 0.033200 0.021700 
0.023300 0.022000 0.033200 0.021700 
0.023300 0.022000 0.033200 0.021700 
0.023300 0.022000 0.033200 0.021700 
0.023300 0.022000 0.033200 0.021700 
0.023300 0.022000 0.033200 0.021700 
0.023300 0.022000 0.033200 0.021700 
0.023300 0.022000 0.033200 0.021700 
0.023300 0.022000 0.033200 0.021700 
0.023300 0.022000 0.033200 0.021700 
0.023300 0.022000 0.033200 0.021700 
0.023300 0.022000 0.033200 0.021700 
0.023300 0.022000 0.033200 0.021700 
0.023300 0.022000 0.033200 0.021700 
0.023300 0.022000 0.033200 0.021700 
0.023300 0.022000 0.033200 0.021700 
0.023300 0.022000 0.033200 0.021700 
0.023300 0.022000 0.033200 0.021700 
0.023300 0.022000 0.033200 0.021700 
0.023300 0.022000 0.033200 0.021700 
0.023300 0.022000 0.033200 0.021700 
0.023300 0.022000 0.033200 0.021700 
0.023300 0.022000 0.033200 0.021700 
0.023300 0.022000 0.033200 0.021700 
0.023300 0.022000 0.033200 0.021700 
0.023300 0.022000 0.033200 0.021700 
0.023300 0.022000 0.033200 0.021700 
0.023300 0.022000 0.033200 0.021700 
0.023300 0.022000 0.033200 0.021700 
0.023300 0.022000 0.033200 0.021700 
0.023300 0.022000 0.033200 0.021700 
0.023300 0.022000 0.033200 0.021700 
0.023300 0.022000 0.033200 0.021700 
0.023300 0.022000 0.033200 0.021700 
0.023300 0.022000 0.033200 0.021700 
0.023300 0.022000 0.033200 0.021700 
0.023300 0.022000 0.033200 0.021700 
0.023300 0.022000 0.033200 0.021700 
0.023300 0.022000 0.033200 0.021700 
0.023300 0.022000 0.033200 0.021700 
0.023300 0.022000 0.033200 0.021700 
0.023300 0.022000 0.033200 0.021700 
0.023300 0.022000 0.033200 0.021700 
0.023300 0.022000 0.033200 0.021700 
0.023300 0.022000 0.033200 0.021700 
0.023300 0.022000 0.033200 0.021700 
0.023300 0.022000 0.033200 0.021700 
0.023300 0.022000 0.033200 0.021700 
0.023300 0.022000 0.033200 0.021700 
0.023300 0.022000 0.033200 0.021700 
0.023300 0.022000 0.033200 0.021700 
0.023300 0.022000 0.033200 0.021700 
0.023300 0.022000 0.033200 0.021700 
0.023300 0.022000 0.033200 0.021700 
0.023300 0.022000 0.033200 0.021700 
0.023300 0.022000 0.033200 0.021700 
0.023300 0.022000 0.033200 0.021700 
0.023300 0.022000 0.033200 0.021700 
0.023300 0.022000 0.033200 0.021700 
0.023300 0.022000 0.033200 0.021700 
0.023300 0.022000 0.033200 0.021700 
0.023300 0.022000 0.033200 0.021700 
0.023300 0.022000 0.033200 0.021700 
0.023300 0.022000 0.033200 0.021700 
0.023300 0.022000 0.033200 0.021700 
0.023300 0.022000 0.033200 0.021700 
0.023300 0.022000 0.033200 0.021700 
0.023300 0.022000 0.033200 0.021700 
0.023300 0.022000 0.033200 0.021700 
0.023300 0.022000 0.033200 0.021700 
0.023300 0.022000 0.033200 0.021700 
0.023300 0.022000 0.033200 0.021700 
0.023300 0.022000 0.033200 0.021700 
0.023300 0.022000 0.033200 0.021700 
0.023300 0.022000 0.033200 0.021700 
0.023300 0.022000 0.033200 0.021700 
0.023300 0.022000 0.033200 0.021700 
0.023300 0.022000 0.033200 0.021700 
0.023300 0.022000 0.033200 0.021700 
0.023300 0.022000 0.033200 0.021700 
0.023300 0.022000 0.033200 0.021700 
0.023300 0.022000 0.033200 0.021700 
0.023300 0.022000 0.033200 0.021700 
0.023300 0.022000 0.033200 0.021700 
0.023300 0.022000 0.033200 0.021700 
0.023300 0.022000 0.033200 0.021700 
0.023300 0.022000 0.033200 0.021700 
0.023300 0.022000 0.033200 0.021700 
0.023300 0.022000 0.033200 0.021700 
0.023300 0.022000 0.033200 0.021700 
0.023300 0.022000 0.033200 0.021700 
0.023300 0.022000 0.033200 0.021700 
0.023300 0.022000 0.033200 0.021700 
0.023300 0.022000 0.033200 0.021700 
0.023300 0.022000 0.033200 0.021700 
0.023300 0.022000 0.033200 0.021700 
0.023300 0.022000 0.033200 0.021700 
0.023300 0.022000 0.033200 0.021700 
0.023300 0.022000 0.033200 0.021700 
0.023300 0.022000 0.033200 0.021700 
0.023300 0.022000 0.033200 0.021700 
0.023300 0.022000 0.033200 0.021700 
0.023300 0.022000 0.033200 0.021700 
0.023300 0.022000 0.033200 0.021700 
0.023300 0.022000 0.033200 0.021700 
0.023300 0.022000 0.033200 0.021700 
0.023300 0.022000 0.033200 0.021700 
0.023300 0.022000 0.033200 0.021700 
0.023300 0.022000 0.033200 0.021700 
0.023300 0.022000 0.033200 0.021700 
0.023300 0.022000 0.033200 0.021700 
0.023300 0.022000 0.033200 0.021700 
0.023300 0.022000 0.033200 0.021700 
0.023300 0.022000 0.033200 0.021700 
0.023300 0.022000 0.033200 0.021700 
0.023300 0.022000 0.033200 0.021700 
0.023300 0.022000 0.033200 0.021700 
0.023300 0.022000 0.033200 0.021700 
0.023300 0.022000 0.033200 0.021700 
0.023300 0.022000 0.033200 0.021700 
0.023300 0.022000 0.033200 0.021700 
0.023300 0.022000 0.033200 0.021700 
0.023300 0.022000 0.033200 0.021700 
0.023300 0.022000 0.033200 0.021700 
0.023300 0.022000 0.033200 0.021700 
0.023300 0.022000 0.033200 0.021700 
0.023300 0.022000 0.033200 0.021700 
0.023300 0.022000 0.033200 0.021700 
0.023300 0.022000 0.033200 0.021700 
0.023300 0.022000 0.033200 0.021700 
0.023300 0.022000 0.033200 0.021700 
0.023300 0.022000 0.033200 0.021700 
0.023300 0.022000 0.033200 0.021700 
0.023300 0.022000 0.033200 0.021700 
0.023300 0.022000 0.033200 0.021700 
0.023300 0.022000 0.033200 0.021700 
0.023300 0.022000 0.033200 0.021700 
0.023300 0.022000 0.033200 0.021700 
0.023300 0.022000 0.033200 0.021700 
0.023300 0.022000 0.033200 0.021700 
0.023300 0.022000 0.033200 0.021700 
0.023300 0.022000 0.033200 0.021700 
0.023300 0.022000 0.033200 0.021700 
0.023300 0.022000 0.033200 0.021700 
0.023300 0.022000 0.033200 0.021700 
0.023300 0.022000 0.033200 0.021700 
0.023300 0.022000 0.033200 0.021700 
0.023300 0.022000 0.033200 0.021700 
0.023300 0.022000 0.033200 0.021700 
0.023300 0.022000 0.033200 0.021700 
0.023300 0.022000 0.033200 0.021700 
0.023300 0.022000 0.033200 0.021700 
0.023300 0.022000 0.033200 0.021700 
0.023300 0.022000 0.033200 0.021700 
0.023300 0.022000 0.033200 0.021700 
0.023300 0.022000 0.033200 0.021700 
0.023300 0.022000 0.033200 0.021700 
0.023300 0.022000 0.033200 0.021700 
0.023300 0.022000 0.033200 0.021700 
0.023300 0.022000 0.033200 0.021700 
0.023300 0.022000 0.033200 0.021700 
0.023300 0.022000 0.033200 0.021700 
0.023300 0.022000 0.033200 0.021700 
0.023300 0.022000 0.033200 0.021700 
0.023300 0.022000 0.033200 0.021700 
0.023300 0.022000 0.033200 0.021700 
0.023300 0.022000 0.033200 0.021700 
0.023300 0.022000 0.033200 0.021700 
0.023300 0.022000 0.033200 0.021700 
0.023300 0.022000 0.033200 0.021700 
0.023300 0.022000 0.033200 0.021700 
0.023300 0.022000 0.033200 0.021700 
0.023300 0.022000 0.033200 0.021700 
0.023300 0.022000 0.033200 0.021700 
0.023300 0.022000 0.033200 0.021700 
0.023300 0.022000 0.033200 0.021700 
0.023300 0.022000 0.033200 0.021700 
0.023300 0.022000 0.033200 0.021700 
0.023300 0.022000 0.033200 0.021700 
0.023300 0.022000 0.033200 0.021700 
0.023300 0.022000 0.033200 0.021700 
0.023300 0.022000 0.033200 0.021700 
0.023300 0.022000 0.033200 0.021700 
0.023300 0.022000 0.033200 0.021700 
0.023300 0.022000 0.033200 0.021700 
0.023300 0.022000 0.033200 0.021700 
0.023300 0.022000 0.033200 0.021700 
0.023300 0.022000 0.033200 0.021700 
0.023300 0.022000 0.033200 0.021700 
