0 0 0 0 0 0 
0.05 0.0266835 -0.394861 0.00479419 -0.00251271 0.395755 
0.1 -0.0857026 -0.231325 -0.0224657 0.00819565 0.247824 
0.15 0.15127 -0.38872 -0.00816923 0.000634996 0.417199 
0.2 -0.135794 -0.241474 0.00857162 -0.0103639 0.277754 
0.25 -0.566003 -0.0478896 -0.0230478 -0.00171537 0.568771 
0.3 -0.447575 -0.391677 -0.00182579 0.00110567 0.594678 
0.35 -0.455834 -0.176408 -0.0174536 0.0041927 0.489884 
0.4 -0.639164 0.397969 -0.030918 0.0109726 0.753752 
0.45 -0.841859 1.09545 -0.061127 0.0208349 1.38302 
0.5 -1.03733 1.60609 -0.0725519 0.0221618 1.91345 
0.55 -1.63113 3.15788 -0.127761 0.0454467 3.55686 
0.6 -1.76633 3.28092 -0.139806 0.0582543 3.72923 
0.65 -1.57052 2.89624 -0.143303 0.0670059 3.29845 
0.7 -1.33315 1.91 -0.113673 0.0568106 2.33267 
0.75 -1.18957 1.58762 -0.104324 0.0445428 1.98715 
0.8 -1.35261 1.54934 -0.126968 0.0490475 2.06119 
0.85 -1.88185 2.55227 -0.157356 0.0514094 3.17561 
0.9 -2.18445 3.4229 -0.141125 0.0319789 4.06324 
0.95 -1.71207 2.89136 -0.121493 0.0312342 3.36258 
1 -1.57277 2.92814 -0.116969 0.0383116 3.3261 
1.05 -1.6243 2.57394 -0.119223 0.0403637 3.04619 
1.1 -1.55842 2.87505 -0.105686 0.0259249 3.27208 
1.15 -1.37031 2.43488 -0.087514 0.00746887 2.7953 
1.2 -1.01122 2.1441 -0.0530722 0.00230633 2.37119 
1.25 -1.01897 2.4163 -0.0540601 0.0188986 2.62299 
1.3 -1.30699 2.59903 -0.0996432 0.0268572 2.91102 
1.35 -1.09933 2.41923 -0.0704337 0.000739111 2.65822 
1.4 -1.16255 1.94149 -0.0326467 -0.0209524 2.26315 
1.45 -1.1035 1.77669 -0.00759318 -0.0545728 2.09222 
1.5 -0.924504 1.02312 0.0192921 -0.12673 1.38518 
1.55 -1.57762 2.07537 -0.047628 -0.124464 2.61039 
1.6 -1.82839 2.59884 -0.0685362 -0.108523 3.1805 
1.65 -1.56272 2.37093 -0.0567801 -0.104293 2.84205 
1.7 -1.53903 2.40638 -0.0146968 -0.11001 2.85861 
1.75 -1.71331 2.82089 -0.0251258 -0.0988971 3.30208 
1.8 -1.30745 2.14327 -0.0308049 -0.089675 2.51265 
1.85 -1.15959 1.31719 -0.0101073 -0.113227 1.75848 
1.9 -0.966071 1.12428 -0.00369784 -0.15925 1.49085 
1.95 -0.73116 0.455315 -0.00102774 -0.170753 0.878097 
2 -0.752403 0.925071 -0.0141702 -0.156532 1.20234 
2.05 -1.02135 1.41457 -0.0215344 -0.124603 1.74928 
2.1 -1.18278 1.83372 -0.0361511 -0.106387 2.18545 
2.15 -1.90594 3.24817 -0.0769777 -0.105865 3.76829 
2.2 -2.5079 4.70668 -0.0896826 -0.12797 5.33551 
2.25 -1.88441 3.56943 -0.0442881 -0.145387 4.03909 
2.3 -1.71526 3.57679 -0.0533327 -0.12148 3.96905 
2.35 -2.14484 3.92195 -0.0819879 -0.114576 4.47233 
2.4 -1.80476 3.29761 -0.0891785 -0.115762 3.76219 
2.45 -1.91733 3.78968 -0.0543981 -0.110789 4.24888 
2.5 -1.73681 3.24609 -0.0401536 -0.0856229 3.68275 
2.55 -1.28304 2.81615 -0.0138615 -0.0835165 3.0958 
2.6 -1.65745 2.63219 -0.0322542 -0.0826091 3.11193 
2.65 -1.8432 2.71591 -0.0491246 -0.0878706 3.2839 
2.7 -1.39374 2.02565 -0.0272538 -0.0879501 2.46053 
2.75 -1.56131 2.64771 0.0307949 -0.108268 3.07578 
2.8 -1.69992 3.78366 0.0507837 -0.141043 4.15093 
2.85 -1.3112 2.98376 0.0701758 -0.15608 3.26362 
2.9 -1.45028 3.05846 0.0784099 -0.144066 3.38865 
2.95 -1.58101 3.06894 0.0659853 -0.128936 3.45528 
3 -1.30985 2.36497 0.0735457 -0.136177 2.7079 
3.05 -1.34262 2.50958 0.116471 -0.151752 2.85263 
3.1 -1.16707 2.60216 0.168539 -0.144884 2.86051 
3.15 -0.866203 1.8714 0.168357 -0.140094 2.07365 
3.2 -0.868014 2.07658 0.142191 -0.135685 2.25926 
3.25 -0.811867 1.61914 0.128409 -0.135777 1.82065 
3.3 -0.879641 2.24738 0.120976 -0.134359 2.42007 
3.35 -1.12383 2.73624 0.130545 -0.147472 2.96452 
3.4 -0.934243 2.79581 0.137208 -0.159901 2.95547 
3.45 -0.57779 2.17471 0.143843 -0.1609 2.26075 
3.5 -0.630671 2.42569 0.124062 -0.154682 2.51418 
3.55 -0.594545 2.14702 0.109925 -0.147477 2.23549 
3.6 -0.627565 2.6771 0.134689 -0.147899 2.75702 
3.65 -0.742419 3.01034 0.128119 -0.153191 3.107 
3.7 -0.511033 2.89955 0.133965 -0.163721 2.95231 
3.75 -0.429638 2.82971 0.170781 -0.180161 2.87281 
3.8 -0.443024 2.51144 0.175419 -0.171317 2.56193 
3.85 -0.3646 2.14206 0.168552 -0.160428 2.18524 
3.9 -0.113273 1.48119 0.170451 -0.165063 1.5047 
3.95 -0.120701 1.29455 0.181646 -0.172084 1.32415 
4 -0.13425 1.42866 0.172432 -0.169564 1.45526 
4.05 0.00883782 1.54598 0.171272 -0.17973 1.56571 
4.1 -0.222949 1.95045 0.17068 -0.182121 1.97947 
4.15 -0.134192 2.01477 0.17237 -0.170402 2.03352 
4.2 0.00623841 1.87225 0.16271 -0.166049 1.88664 
4.25 -0.191289 2.20791 0.167792 -0.170214 2.22915 
4.3 -0.00483076 1.82699 0.171344 -0.167169 1.84212 
4.35 0.3404 1.35397 0.181034 -0.161569 1.41709 
4.4 0.0687621 1.63089 0.196843 -0.17389 1.655 
4.45 -0.152549 2.07784 0.188756 -0.182742 2.09994 
4.5 -0.296877 2.62149 0.179527 -0.175308 2.65008 
4.55 -0.365361 2.65395 0.159755 -0.169507 2.68909 
4.6 -0.193872 1.86094 0.165779 -0.164438 1.88499 
4.65 0.440182 -0.0259661 0.212579 -0.169289 0.528593 
4.7 0.292069 0.228105 0.200584 -0.163205 0.451703 
4.75 -0.470311 1.87267 0.199838 -0.174066 1.9487 
4.8 -0.439279 1.85395 0.173866 -0.173415 1.92099 
4.85 -0.343916 1.73948 0.17951 -0.174634 1.7907 
4.9 -0.440893 1.53217 0.183367 -0.169987 1.61358 
4.95 -0.489712 1.70768 0.166452 -0.150063 1.79056 
5 -0.676838 1.62913 0.124378 -0.138041 1.77385 
5.05 -0.400299 0.969012 0.115672 -0.131915 1.06177 
5.1 0.433118 0.4886 0.240692 -0.123459 0.7074 
5.15 0.286983 -1.02459 0.368422 -0.111119 1.13203 
5.2 0.298081 -1.29729 0.416491 -0.11904 1.39959 
5.25 0.663628 -2.23463 0.482981 -0.130554 2.38411 
5.3 0.627585 -2.36605 0.472961 -0.112244 2.49564 
5.35 0.618835 -2.7119 0.479571 -0.0951815 2.82454 
5.4 0.600584 -2.91937 0.494485 -0.0986633 3.02285 
5.45 0.301282 -2.20264 0.483635 -0.0951103 2.27663 
5.5 -0.262097 -1.02494 0.44263 -0.101185 1.15323 
5.55 -0.637461 -0.206677 0.386164 -0.103666 0.777279 
5.6 -0.515203 -0.85719 0.36328 -0.0950748 1.06671 
5.65 -0.800053 -0.868235 0.361416 -0.0879539 1.23617 
5.7 -1.15963 -0.745534 0.32195 -0.0760474 1.41823 
5.75 -0.772968 -1.64056 0.3362 -0.0559286 1.844 
5.8 -1.64894 -0.389363 0.26853 -0.0394045 1.71684 
5.85 -1.5445 -1.18928 0.335353 -0.0436046 1.98325 
5.9 -1.16331 -2.24708 0.415554 -0.047348 2.56471 
5.95 -1.10559 -2.31046 0.432796 -0.056218 2.5989 
6 -1.32543 -2.09278 0.404892 -0.0598576 2.51067 
6.05 -1.1916 -2.60823 0.437825 -0.0526016 2.90224 
6.1 -1.04241 -2.9295 0.451162 -0.0612483 3.14253 
6.15 -1.29519 -2.90047 0.430438 -0.0561308 3.20467 
6.2 -1.901 -2.10654 0.380219 -0.0421932 2.86267 
6.25 -1.93093 -2.77167 0.409462 -0.0348446 3.40256 
6.3 -1.73203 -3.4252 0.435438 -0.0587785 3.86357 
6.35 -1.69475 -4.28982 0.459966 -0.0792863 4.63606 
6.4 -1.91612 -3.16823 0.443827 -0.0774214 3.73043 
6.45 -1.8429 -3.5946 0.476781 -0.0798045 4.0689 
6.5 -2.17668 -3.19612 0.472351 -0.0939315 3.89688 
6.55 -2.14869 -4.00087 0.488167 -0.0989135 4.56867 
6.6 -2.06917 -4.81953 0.526648 -0.102024 5.27192 
6.65 -1.51664 -5.83418 0.566022 -0.110888 6.05547 
6.7 -2.59213 -4.43109 0.488723 -0.0923573 5.15875 
6.75 -2.34111 -5.23969 0.510535 -0.0893233 5.7627 
6.8 -2.47092 -4.88534 0.542326 -0.0795594 5.50204 
6.85 -3.0524 -4.76221 0.511678 -0.0752946 5.68001 
6.9 -2.84121 -6.07704 0.524982 -0.107685 6.72993 
6.95 -2.86042 -6.29445 0.517635 -0.147229 6.93479 
7 -2.70314 -6.29348 0.526397 -0.145714 6.87118 
7.05 -3.00929 -6.25534 0.527828 -0.124311 6.96275 
7.1 -2.44916 -7.10301 0.577917 -0.143355 7.5371 
7.15 -2.66371 -7.63222 0.584574 -0.150837 8.1062 
7.2 -2.7916 -7.32184 0.591613 -0.151815 7.85973 
7.25 -3.17417 -7.48836 0.540404 -0.160328 8.15284 
7.3 -3.37903 -6.93493 0.510988 -0.166565 7.73304 
7.35 -3.40435 -7.39616 0.526817 -0.167825 8.16078 
7.4 -3.41281 -7.79065 0.561113 -0.15556 8.52529 
7.45 -3.10583 -8.09728 0.576806 -0.152268 8.693 
7.5 -3.13609 -6.91804 0.564794 -0.149586 7.61815 
7.55 -3.16934 -6.21112 0.564283 -0.134569 6.99701 
7.6 -2.58032 -5.43637 0.624228 -0.141642 6.0516 
7.65 -1.95348 -5.89444 0.714332 -0.169744 6.25292 
7.7 -2.63119 -2.75506 0.661794 -0.173439 3.87055 
7.75 -2.28535 -4.40328 0.654711 -0.16832 5.00686 
7.8 -2.11919 -4.84376 0.678616 -0.174982 5.33331 
7.85 -2.47596 -4.32256 0.689011 -0.18265 5.03222 
7.9 -2.33303 -4.77786 0.718711 -0.191236 5.36883 
7.95 -2.50145 -4.55604 0.718276 -0.204574 5.25094 
8 -2.36278 -5.72987 0.73272 -0.225088 6.2451 
8.05 -2.6064 -6.08992 0.74486 -0.219082 6.66958 
8.1 -2.81924 -6.38366 0.720496 -0.214907 7.01891 
8.15 -3.10932 -6.42961 0.688527 -0.215113 7.17832 
8.2 -3.36269 -7.12425 0.673182 -0.227611 7.91001 
8.25 -3.11233 -7.70273 0.71652 -0.242379 8.34212 
8.3 -3.5351 -7.90551 0.699666 -0.250047 8.69172 
8.35 -3.32827 -9.09091 0.731384 -0.276285 9.71248 
8.4 -3.73197 -8.06746 0.698481 -0.268748 8.9203 
8.45 -3.90686 -7.78182 0.694081 -0.240753 8.73844 
8.5 -3.48749 -8.4619 0.745424 -0.245921 9.186 
8.55 -3.61916 -8.64548 0.732519 -0.254319 9.40462 
8.6 -3.8045 -8.25233 0.728274 -0.25281 9.11993 
8.65 -3.14139 -10.3334 0.78973 -0.261985 10.8323 
8.7 -3.20334 -10.8495 0.82153 -0.288967 11.3459 
8.75 -2.84003 -12.6949 0.855086 -0.305764 13.0403 
8.8 -2.27938 -13.6798 0.952475 -0.33009 13.9049 
8.85 -2.34066 -14.8343 0.951526 -0.317688 15.0513 
8.9 -2.64654 -14.89 0.951401 -0.295847 15.1562 
8.95 -2.96563 -15.0673 0.955948 -0.295383 15.3889 
9 -2.77183 -15.2344 0.979232 -0.306939 15.5185 
9.05 -2.67532 -15.8082 0.998858 -0.321997 16.0673 
9.1 -3.64722 -14.7014 0.904838 -0.31435 15.1776 
9.15 -3.99539 -12.5186 0.882077 -0.300282 13.174 
9.2 -4.0816 -11.4204 0.861528 -0.29923 12.1624 
9.25 -4.57987 -10.8148 0.81626 -0.239678 11.7752 
9.3 -5.48792 -8.24037 0.731839 -0.177447 9.92865 
9.35 -5.04017 -8.65443 0.738995 -0.188124 10.0455 
9.4 -5.6894 -6.7208 0.687307 -0.160984 8.83348 
9.45 -5.43837 -6.12369 0.707253 -0.15817 8.22227 
9.5 -5.65365 -6.44643 0.715814 -0.155496 8.6062 
9.55 -5.91005 -5.72611 0.705854 -0.189849 8.2614 
9.6 -6.15699 -6.90974 0.72284 -0.208441 9.28544 
9.65 -6.40762 -6.22819 0.72965 -0.236899 8.96875 
9.7 -6.85721 -7.39622 0.711019 -0.313559 10.1157 
9.75 -7.7825 -6.79475 0.64303 -0.345121 10.357 
9.8 -8.38689 -6.8462 0.611452 -0.351617 10.8493 
9.85 -8.3287 -8.11173 0.607332 -0.335708 11.6469 
9.9 -7.55185 -9.42576 0.688972 -0.315971 12.1025 
9.95 -7.14844 -11.8654 0.734117 -0.255939 13.8742 
10 -6.73439 -12.578 0.792913 -0.229157 14.291 
10.05 -7.56913 -10.3798 0.763245 -0.219414 12.8709 
10.1 -7.32174 -10.1864 0.813375 -0.224619 12.574 
10.15 -6.7936 -11.6419 0.884312 -0.194698 13.5095 
10.2 -6.60449 -12.0764 0.915881 -0.169703 13.7959 
10.25 -7.01892 -11.5337 0.9113 -0.162803 13.5332 
10.3 -6.99502 -11.7741 0.913422 -0.168199 13.7268 
10.35 -6.97224 -13.3967 0.92487 -0.17872 15.1318 
10.4 -6.98391 -14.0586 0.963401 -0.181154 15.7286 
10.45 -6.15836 -15.0542 1.06726 -0.206168 16.3019 
10.5 -6.72114 -15.1529 1.0602 -0.229794 16.6118 
10.55 -6.41784 -14.9829 1.09166 -0.234251 16.3378 
10.6 -6.63825 -15.8626 1.10349 -0.226957 17.2324 
10.65 -6.4208 -17.1861 1.15036 -0.231342 18.3837 
10.7 -5.78781 -18.2049 1.26046 -0.259091 19.1464 
10.75 -4.34924 -20.9024 1.42427 -0.324377 21.3998 
10.8 -4.57453 -20.7724 1.4214 -0.318966 21.3203 
10.85 -5.52275 -18.8243 1.33532 -0.28899 19.665 
10.9 -5.76883 -18.8321 1.30139 -0.267974 19.7407 
10.95 -6.57854 -18.6577 1.2359 -0.216188 19.8232 
11 -6.04734 -18.8662 1.30686 -0.212255 19.8559 
11.05 -5.29078 -19.0383 1.4183 -0.247204 19.8124 
11.1 -4.47349 -21.232 1.51327 -0.276486 21.7526 
11.15 -5.06987 -21.178 1.48116 -0.246287 21.8281 
11.2 -5.67572 -20.566 1.44045 -0.230656 21.3846 
11.25 -5.7486 -21.702 1.47032 -0.253875 22.5 
11.3 -5.61413 -21.9165 1.5279 -0.277922 22.6776 
11.35 -5.52117 -21.4786 1.57922 -0.282785 22.235 
11.4 -5.38174 -21.6464 1.58887 -0.26494 22.3635 
11.45 -6.05978 -20.7469 1.54799 -0.249002 21.6705 
11.5 -5.85992 -22.0207 1.57333 -0.246311 22.8428 
11.55 -5.6664 -22.8455 1.64821 -0.255152 23.5967 
11.6 -5.62151 -23.5893 1.68794 -0.275296 24.3101 
11.65 -5.61249 -24.228 1.72095 -0.266737 24.9308 
11.7 -6.12047 -24.1847 1.71243 -0.276259 25.0074 
11.75 -5.43667 -25.156 1.80043 -0.303995 25.8015 
11.8 -5.16756 -26.5063 1.88517 -0.333617 27.0732 
11.85 -4.39965 -27.0857 1.9851 -0.357889 27.5148 
11.9 -4.3357 -27.4883 2.03376 -0.370831 27.9048 
11.95 -4.12265 -27.3199 2.06546 -0.375255 27.7089 
12 -4.50459 -27.3024 2.08687 -0.380572 27.7527 
12.05 -4.42793 -27.6291 2.10554 -0.387242 28.0637 
12.1 -4.62955 -27.6336 2.12394 -0.376091 28.1015 
12.15 -4.53677 -27.4951 2.15253 -0.372333 27.9524 
12.2 -4.59821 -27.8176 2.16914 -0.363581 28.2807 
12.25 -4.94221 -27.7619 2.1604 -0.372131 28.2835 
12.3 -4.85926 -27.5632 2.19539 -0.376656 28.0767 
12.35 -4.73505 -27.5493 2.24074 -0.368834 28.0455 
12.4 -4.86987 -27.786 2.27197 -0.36817 28.3033 
12.45 -5.12841 -27.8121 2.28414 -0.365488 28.3754 
12.5 -5.28067 -27.8903 2.30052 -0.356816 28.4811 
12.55 -5.24647 -28.2468 2.31281 -0.356224 28.825 
12.6 -5.37004 -28.7452 2.32948 -0.354912 29.3372 
12.65 -5.22607 -28.9993 2.35757 -0.354506 29.5628 
12.7 -5.43598 -29.3791 2.36519 -0.349091 29.9733 
12.75 -5.62307 -29.1446 2.39032 -0.343916 29.7802 
12.8 -5.79579 -29.3166 2.40066 -0.350517 29.9823 
12.85 -5.73867 -29.5817 2.42918 -0.350633 30.233 
12.9 -5.90555 -30.3103 2.44411 -0.355593 30.9789 
12.95 -6.04142 -30.8564 2.50035 -0.377053 31.5438 
13 -6.22481 -31.1615 2.5305 -0.380456 31.88 
13.05 -6.27477 -31.3879 2.55878 -0.385817 32.1134 
13.1 -6.48266 -31.6515 2.56979 -0.382826 32.4128 
13.15 -6.69834 -32.5387 2.59589 -0.385053 33.3245 
13.2 -6.95571 -32.6966 2.59166 -0.384462 33.5308 
13.25 -6.65051 -33.167 2.62729 -0.392436 33.9313 
13.3 -6.90186 -33.9006 2.66647 -0.361726 34.7005 
13.35 -6.83434 -33.9022 2.7257 -0.33181 34.693 
13.4 -6.92971 -33.9478 2.77861 -0.337214 34.7607 
13.45 -6.54789 -34.1618 2.83466 -0.34691 34.9007 
13.5 -7.20486 -34.1503 2.80191 -0.353463 35.0161 
13.55 -7.20168 -34.8029 2.80835 -0.372546 35.6529 
13.6 -7.44366 -34.932 2.81289 -0.371967 35.8288 
13.65 -7.24548 -34.4152 2.84141 -0.3715 35.2861 
13.7 -7.41469 -34.5809 2.87538 -0.378865 35.4856 
13.75 -7.6789 -34.6868 2.89621 -0.374455 35.6464 
13.8 -7.73632 -34.6464 2.93367 -0.3615 35.6225 
13.85 -7.92766 -35.5314 2.94236 -0.383118 36.5257 
13.9 -7.62226 -35.7259 3.01712 -0.389346 36.6564 
13.95 -8.01235 -35.94 3.02964 -0.391264 36.9488 
14 -7.81471 -35.7665 3.05651 -0.387574 36.7397 
14.05 -8.03772 -35.9603 3.08127 -0.3832 36.9782 
14.1 -7.99776 -35.9148 3.09368 -0.367048 36.9262 
14.15 -8.35299 -36.7556 3.08153 -0.375101 37.8204 
14.2 -8.23869 -37.0136 3.11979 -0.381966 38.0495 
14.25 -8.13421 -36.8623 3.17263 -0.361467 37.8839 
14.3 -8.29176 -37.4695 3.21112 -0.371381 38.5119 
14.35 -8.3779 -37.7529 3.2618 -0.357212 38.8103 
14.4 -8.59494 -37.5443 3.27868 -0.352969 38.6565 
14.45 -8.56471 -37.7421 3.31155 -0.363389 38.8448 
14.5 -8.95595 -38.1196 3.30673 -0.386162 39.2988 
14.55 -8.54194 -38.2703 3.33557 -0.392102 39.3555 
14.6 -9.01865 -38.6501 3.32058 -0.38522 39.8289 
14.65 -8.89301 -38.5084 3.35944 -0.388339 39.6664 
14.7 -9.00172 -38.1812 3.39163 -0.37304 39.3761 
14.75 -9.18159 -38.2627 3.41757 -0.37501 39.4988 
14.8 -8.94902 -38.5538 3.44374 -0.367766 39.73 
14.85 -8.32884 -39.521 3.57032 -0.392938 40.5485 
14.9 -8.55862 -40.9102 3.62174 -0.401257 41.9544 
14.95 -8.14254 -40.03 3.71365 -0.393674 41.0201 
15 -8.8051 -40.6822 3.71422 -0.399779 41.7914 
15.05 -8.99242 -40.2175 3.72066 -0.394302 41.38 
15.1 -8.59402 -40.1779 3.7392 -0.410502 41.2585 
15.15 -8.12628 -40.7436 3.73758 -0.435812 41.7161 
15.2 -7.67364 -41.0865 3.72062 -0.429981 41.9645 
15.25 -8.34151 -40.3092 3.66926 -0.412143 41.3285 
15.3 -8.49711 -39.5016 3.57226 -0.39852 40.5648 
15.35 -8.53064 -38.9526 3.54707 -0.382265 40.035 
15.4 -9.17146 -38.7942 3.51014 -0.374299 40.0195 
15.45 -9.07205 -38.3734 3.47433 -0.370082 39.5857 
15.5 -9.41446 -38.005 3.46673 -0.370287 39.3086 
15.55 -9.60316 -37.8401 3.47018 -0.370844 39.1954 
15.6 -9.62324 -37.7452 3.4511 -0.360074 39.1069 
15.65 -9.83204 -37.6954 3.42816 -0.360384 39.1088 
15.7 -9.87982 -37.9921 3.43185 -0.371182 39.4072 
15.75 -9.86126 -37.5274 3.4403 -0.373706 38.9554 
15.8 -9.98902 -37.3712 3.42312 -0.378013 38.8362 
15.85 -9.89517 -37.1834 3.39406 -0.376111 38.6288 
15.9 -9.93999 -37.6799 3.389 -0.369759 39.1178 
15.95 -10.0555 -38.0163 3.40234 -0.371023 39.4723 
16 -9.96722 -38.3359 3.4131 -0.375773 39.759 
16.05 -10.034 -38.5863 3.42723 -0.381306 40.0185 
16.1 -10.1582 -38.4936 3.41969 -0.381922 39.9598 
16.15 -10.1246 -38.1201 3.3879 -0.381165 39.5888 
16.2 -10.1843 -38.2294 3.37786 -0.384164 39.7085 
16.25 -10.1763 -38.1073 3.39521 -0.385484 39.5904 
16.3 -10.1981 -38.3744 3.39237 -0.384975 39.8529 
16.35 -10.5088 -39.4627 3.3776 -0.370708 40.979 
16.4 -10.5192 -39.0877 3.38351 -0.350945 40.6211 
16.45 -10.3326 -38.7784 3.39385 -0.349607 40.2761 
16.5 -10.6921 -38.5045 3.35733 -0.359393 40.1039 
16.55 -10.2879 -37.6949 3.33762 -0.362535 39.2176 
16.6 -10.4209 -37.7935 3.34912 -0.358769 39.3483 
16.65 -10.5734 -38.2809 3.35904 -0.352728 39.8577 
16.7 -10.3665 -38.8129 3.3517 -0.340432 40.3144 
16.75 -10.6429 -39.0292 3.31508 -0.329555 40.5912 
16.8 -10.6677 -39.0679 3.30301 -0.331448 40.634 
16.85 -10.5295 -38.8462 3.31635 -0.330511 40.3857 
16.9 -10.6642 -38.9323 3.3113 -0.344129 40.5035 
16.95 -10.6116 -39.5173 3.33798 -0.362364 41.0548 
17 -10.7404 -39.6665 3.36204 -0.360682 41.2338 
17.05 -10.7834 -39.3624 3.33031 -0.363999 40.95 
17.1 -10.7901 -39.0361 3.30282 -0.362482 40.6359 
17.15 -10.7713 -39.1654 3.32503 -0.361352 40.7571 
17.2 -10.7459 -39.0188 3.32751 -0.369881 40.6097 
17.25 -10.7268 -38.7343 3.32319 -0.386763 40.3311 
17.3 -10.7582 -38.8805 3.32511 -0.383661 40.4801 
17.35 -10.7643 -38.6134 3.29529 -0.373678 40.2226 
17.4 -10.6899 -38.4746 3.27495 -0.375216 40.0678 
17.45 -10.6559 -38.5906 3.27247 -0.373568 40.17 
17.5 -10.7676 -38.4358 3.26331 -0.375169 40.0505 
17.55 -10.7008 -38.5059 3.24635 -0.370637 40.0984 
17.6 -10.6863 -38.5104 3.24439 -0.364616 40.0987 
17.65 -10.7613 -38.5601 3.2452 -0.36935 40.1666 
17.7 -10.762 -38.4631 3.25011 -0.366804 40.0741 
17.75 -10.794 -39.0523 3.26584 -0.365876 40.6496 
17.8 -10.7654 -38.5161 3.28463 -0.364864 40.1286 
17.85 -10.8041 -38.6189 3.25752 -0.371485 40.2355 
17.9 -10.7978 -38.1093 3.24933 -0.378457 39.7444 
17.95 -10.7473 -37.9128 3.2513 -0.364516 39.5423 
18 -10.8434 -38.3248 3.23605 -0.365394 39.9622 
18.05 -10.7708 -38.355 3.2463 -0.365322 39.9723 
18.1 -10.764 -38.1106 3.26838 -0.364027 39.7378 
18.15 -10.802 -38.4517 3.27049 -0.369333 40.0756 
18.2 -10.7967 -38.5428 3.27514 -0.371596 40.1619 
18.25 -10.8092 -38.3924 3.26366 -0.368107 40.02 
18.3 -10.907 -37.9047 3.25685 -0.365437 39.5788 
18.35 -11.9559 -37.8461 3.11616 -0.402562 39.814 
18.4 -11.3564 -35.8176 2.90147 -0.428407 37.6891 
18.45 -11.8862 -34.6825 2.6793 -0.452673 36.7634 
18.5 -12.1444 -34.2065 2.46832 -0.489698 36.3855 
18.55 -12.1586 -33.3697 2.32974 -0.514654 35.5961 
18.6 -12.613 -32.9334 2.22839 -0.532572 35.3404 
18.65 -12.5199 -32.5631 2.15699 -0.554998 34.958 
18.7 -12.554 -32.5527 2.11732 -0.551732 34.9581 
18.75 -12.4638 -32.1678 2.07284 -0.551086 34.5646 
18.8 -12.0948 -31.6956 2.06978 -0.536166 33.9922 
18.85 -12.6112 -31.8813 2.03125 -0.542966 34.3494 
18.9 -12.4009 -31.5602 2.02317 -0.535902 33.9736 
18.95 -12.5201 -31.8148 1.95417 -0.537212 34.2498 
19 -11.9534 -31.599 1.95276 -0.54199 33.8451 
19.05 -12.3402 -31.5601 1.9133 -0.545798 33.9452 
19.1 -12.1765 -31.6322 1.88428 -0.556816 33.9518 
19.15 -11.9635 -31.0633 1.86583 -0.551573 33.3443 
19.2 -12.1264 -31.3378 1.82084 -0.56278 33.6562 
19.25 -12.1198 -31.0419 1.79057 -0.568461 33.3769 
19.3 -12.197 -30.8285 1.74032 -0.574739 33.2042 
19.35 -11.8035 -30.584 1.7217 -0.575465 32.8329 
19.4 -11.8435 -29.9785 1.69522 -0.579919 32.283 
19.45 -11.7284 -29.8631 1.66434 -0.580082 32.132 
19.5 -11.8991 -29.761 1.60871 -0.584537 32.0973 
19.55 -11.7217 -29.7359 1.57258 -0.588987 32.007 
19.6 -11.679 -30.1609 1.55026 -0.588663 32.3857 
19.65 -11.5391 -29.6713 1.52981 -0.589461 31.8783 
19.7 -11.2636 -29.4245 1.54136 -0.592768 31.55 
19.75 -11.5732 -29.1662 1.50139 -0.601685 31.4201 
19.8 -11.4205 -28.8897 1.4879 -0.613117 31.1067 
19.85 -11.5166 -28.5735 1.46198 -0.615653 30.848 
19.9 -11.6044 -28.4615 1.40652 -0.623012 30.7748 
19.95 -10.7529 -28.5795 1.41181 -0.630137 30.5746 
20 -11.044 -28.2891 1.39639 -0.634254 30.4071 
20.05 -10.9667 -27.7789 1.38151 -0.615484 29.9035 
20.1 -11.0357 -27.6203 1.34573 -0.60992 29.78 
20.15 -11.2855 -28.2675 1.28152 -0.631673 30.4706 
20.2 -10.5563 -27.9205 1.29034 -0.623169 29.8838 
20.25 -10.2502 -27.8392 1.29135 -0.609948 29.7006 
20.3 -10.6139 -27.6278 1.24967 -0.621947 29.6293 
20.35 -10.667 -27.1327 1.23038 -0.627535 29.1869 
20.4 -10.5276 -26.9597 1.2061 -0.631305 28.9742 
20.45 -10.3609 -26.5423 1.17734 -0.637186 28.5244 
20.5 -9.87671 -26.6203 1.18318 -0.636227 28.4252 
20.55 -10.0765 -26.8201 1.16268 -0.6374 28.6813 
20.6 -9.9066 -25.558 1.15717 -0.6066 27.442 
20.65 -10.1472 -24.7218 1.12108 -0.492297 26.7513 
20.7 -10.5459 -23.5551 1.09916 -0.476042 25.8359 
20.75 -9.69476 -23.1877 1.13452 -0.501688 25.1634 
20.8 -10.1445 -22.9971 1.07778 -0.475555 25.1627 
20.85 -9.43115 -22.9872 1.05601 -0.475327 24.8738 
20.9 -9.50097 -23.4127 1.04976 -0.498142 25.294 
20.95 -9.28648 -22.8039 1.03369 -0.517657 24.6494 
21 -9.3002 -22.6399 1.03458 -0.497144 24.5031 
21.05 -9.135 -22.2602 1.01524 -0.500623 24.0885 
21.1 -8.85952 -22.2493 1.00192 -0.496729 23.9744 
21.15 -8.81894 -22.0843 0.981357 -0.515367 23.8059 
21.2 -8.87566 -21.8816 0.969308 -0.545681 23.6394 
21.25 -8.32268 -21.7903 0.981596 -0.560721 23.3531 
21.3 -8.1489 -21.1602 0.979311 -0.558927 22.7031 
21.35 -8.47248 -21.5247 0.952159 -0.576061 23.1589 
21.4 -7.99399 -20.4596 0.972479 -0.566115 21.9946 
21.45 -8.1316 -20.856 0.936532 -0.557343 22.4117 
21.5 -7.78899 -20.9806 0.931103 -0.57873 22.4065 
21.55 -8.03045 -20.9402 0.901616 -0.577684 22.4527 
21.6 -7.66761 -21.3847 0.8763 -0.574668 22.7419 
21.65 -7.72186 -20.2446 0.857403 -0.561677 21.6915 
21.7 -7.55674 -20.2428 0.848491 -0.577693 21.6317 
21.75 -7.56407 -19.8836 0.852746 -0.582569 21.2989 
21.8 -7.64457 -18.8627 0.838918 -0.576075 20.3783 
21.85 -7.10761 -18.546 0.846641 -0.56473 19.8874 
21.9 -7.1279 -17.9436 0.815201 -0.568213 19.3331 
21.95 -7.01468 -16.9922 0.796565 -0.541079 18.4084 
22 -7.18981 -15.9765 0.754455 -0.511257 17.5435 
22.05 -7.03623 -15.3967 0.738182 -0.491316 16.9515 
22.1 -6.80813 -14.5011 0.758477 -0.47329 16.0447 
22.15 -7.11589 -14.4685 0.715041 -0.450895 16.146 
22.2 -7.03707 -14.2213 0.670694 -0.454321 15.8878 
22.25 -6.76278 -15.0435 0.649527 -0.466605 16.513 
22.3 -6.72009 -14.5495 0.591248 -0.451356 16.0437 
22.35 -6.71434 -13.622 0.571836 -0.443243 15.2041 
22.4 -6.93051 -13.5967 0.556364 -0.401634 15.2765 
22.45 -7.72381 -13.7007 0.502025 -0.39108 15.7408 
22.5 -7.29079 -13.673 0.52593 -0.428149 15.5102 
22.55 -7.93913 -13.4 0.472818 -0.468191 15.5895 
22.6 -7.21685 -12.8717 0.481809 -0.495797 14.773 
22.65 -7.47679 -11.4404 0.439302 -0.501648 13.683 
22.7 -7.29146 -9.80316 0.404772 -0.469553 12.2332 
22.75 -7.70479 -8.12578 0.388685 -0.479303 11.215 
22.8 -7.06746 -7.88553 0.418427 -0.49848 10.6091 
22.85 -7.20648 -6.4977 0.402002 -0.497514 9.72444 
22.9 -6.87295 -6.28802 0.398055 -0.502833 9.33745 
22.95 -6.92571 -5.84159 0.367525 -0.473521 9.08018 
23 -7.15326 -6.15877 0.304966 -0.459075 9.45534 
23.05 -6.61977 -6.19664 0.303526 -0.465767 9.08452 
23.1 -6.415 -5.54402 0.295231 -0.470625 8.49689 
23.15 -6.22284 -6.95132 0.331157 -0.486289 9.3483 
23.2 -6.49031 -6.3748 0.320788 -0.496437 9.11656 
23.25 -6.59646 -5.19605 0.328025 -0.502332 8.41857 
23.3 -6.43132 -4.2288 0.320321 -0.485356 7.71896 
23.35 -6.51565 -3.11459 0.273933 -0.467202 7.2421 
23.4 -5.86726 -2.17048 0.276007 -0.473561 6.2799 
23.45 -5.85003 -0.350709 0.277108 -0.452305 5.88466 
23.5 -5.43694 1.97818 0.252757 -0.418697 5.80627 
23.55 -5.47546 2.67447 0.207788 -0.3967 6.11014 
23.6 -4.88471 2.5078 0.228368 -0.40815 5.51083 
23.65 -5.05466 3.01525 0.250007 -0.395954 5.90424 
23.7 -5.17987 2.73195 0.204512 -0.392455 5.87304 
23.75 -4.84841 2.47012 0.201734 -0.40905 5.45977 
23.8 -5.17388 2.057 0.173118 -0.398624 5.58467 
23.85 -5.17876 1.75471 0.1518 -0.387663 5.48393 
23.9 -5.28936 2.23019 0.131013 -0.393764 5.75529 
23.95 -5.13539 2.56736 0.130415 -0.415694 5.75785 
24 -5.29676 3.53135 0.141024 -0.398187 6.3801 
24.05 -5.3603 4.32719 0.104744 -0.368309 6.89952 
24.1 -5.55091 4.53336 0.0599831 -0.375133 7.17695 
24.15 -5.22186 4.80901 0.0696378 -0.391357 7.11046 
24.2 -4.81549 5.8863 0.0943461 -0.381528 7.61511 
24.25 -4.74785 5.86624 0.110737 -0.370072 7.5569 
24.3 -4.96795 6.40993 0.0822377 -0.384349 8.11934 
24.35 -4.82904 6.36327 0.0624972 -0.380862 7.99778 
24.4 -4.89057 7.43502 0.0429104 -0.379177 8.90731 
24.45 -4.85076 7.54646 0.0397361 -0.383897 8.9791 
24.5 -4.70135 7.95111 0.045331 -0.378109 9.24493 
24.55 -4.51268 7.4867 0.0500042 -0.378364 8.74988 
24.6 -4.77265 8.24602 0.00355877 -0.374679 9.53495 
24.65 -4.81009 8.32974 -0.00531697 -0.378597 9.62644 
24.7 -4.91472 8.57166 -0.0255513 -0.371249 9.8877 
24.75 -4.92992 9.10773 -0.0400142 -0.362463 10.3628 
24.8 -5.00844 9.77348 -0.0844383 -0.3553 10.988 
24.85 -5.31134 10.2015 -0.0943622 -0.352565 11.5073 
24.9 -5.57574 11.2452 -0.13693 -0.326571 12.5566 
24.95 -5.36846 13.5793 -0.114871 -0.255279 14.6048 
25 -4.63562 14.1688 -0.0759576 -0.26002 14.9103 
25.05 -5.17362 15.2867 -0.152018 -0.231803 16.1409 
25.1 -4.6451 15.6621 -0.17134 -0.222599 16.339 
25.15 -5.09561 14.4007 -0.209106 -0.233815 15.2788 
25.2 -4.81396 15.7055 -0.211045 -0.241259 16.4299 
25.25 -4.92374 16.3456 -0.215626 -0.249043 17.0742 
25.3 -5.20872 17.4722 -0.245419 -0.23598 18.2352 
25.35 -5.23742 18.2052 -0.285453 -0.243328 18.9473 
25.4 -4.65181 17.7379 -0.293203 -0.269738 18.3421 
25.45 -4.07784 16.1014 -0.244616 -0.288617 16.6141 
25.5 -4.10793 16.0264 -0.214149 -0.296821 16.5485 
25.55 -3.80857 16.0827 -0.185424 -0.294805 16.5312 
25.6 -3.85308 15.7686 -0.209385 -0.322578 16.237 
25.65 -3.2067 15.5067 -0.165114 -0.343971 15.8394 
25.7 -3.54876 15.8049 -0.166425 -0.3405 16.2028 
25.75 -3.40771 15.5747 -0.172126 -0.320701 15.9474 
25.8 -3.2067 15.0321 -0.178197 -0.317977 15.3747 
25.85 -3.19851 15.1628 -0.168005 -0.319913 15.5007 
25.9 -3.27367 15.2292 -0.166003 -0.321689 15.5813 
25.95 -2.97923 15.5473 -0.139383 -0.338893 15.8344 
26 -2.74448 15.2439 -0.0927226 -0.369223 15.4937 
26.05 -3.00446 15.7412 -0.124494 -0.357729 16.0298 
26.1 -2.81524 16.1591 -0.126516 -0.350072 16.4067 
26.15 -2.52635 15.6685 -0.104908 -0.359006 15.8753 
26.2 -2.95673 16.5635 -0.151543 -0.342315 16.8295 
26.25 -3.10614 17.1238 -0.178198 -0.326816 17.4072 
26.3 -3.21158 18.5516 -0.191841 -0.326387 18.8313 
26.35 -3.14655 19.3632 -0.18743 -0.334135 19.621 
26.4 -3.20885 19.7077 -0.196681 -0.331297 19.971 
26.45 -2.95631 19.6788 -0.190861 -0.328976 19.9033 
26.5 -2.80708 19.4961 -0.212489 -0.31931 19.7009 
26.55 -2.69793 18.905 -0.204396 -0.329403 19.1005 
26.6 -2.85165 19.2936 -0.201803 -0.327951 19.507 
26.65 -2.74224 19.0152 -0.178761 -0.335727 19.2157 
26.7 -2.22 18.6651 -0.145488 -0.352569 18.8005 
26.75 -2.07053 19.1769 -0.125726 -0.367819 19.2923 
26.8 -2.17322 19.3374 -0.13407 -0.359622 19.4631 
26.85 -2.37411 20.1122 -0.178926 -0.348475 20.2556 
26.9 -2.03905 19.7318 -0.163021 -0.353472 19.8407 
26.95 -2.3991 20.6622 -0.199285 -0.34145 20.8049 
27 -2.42193 21.2653 -0.209145 -0.343558 21.4065 
27.05 -2.54908 21.9581 -0.240769 -0.336213 22.1095 
27.1 -2.68852 22.8669 -0.274348 -0.330019 23.0284 
27.15 -2.5375 23.2304 -0.27989 -0.328746 23.3726 
27.2 -2.45196 23.5097 -0.267503 -0.334191 23.6411 
27.25 -2.80625 24.3556 -0.312082 -0.322435 24.5208 
27.3 -2.75985 24.4213 -0.342485 -0.325223 24.5813 
27.35 -2.58416 24.5638 -0.316418 -0.346521 24.7039 
27.4 -2.63104 24.9981 -0.323486 -0.352647 25.1407 
27.45 -3.03019 26.3037 -0.340875 -0.344641 26.482 
27.5 -4.28258 27.0746 -0.442879 -0.327784 27.4167 
27.55 -4.83304 27.6161 -0.519839 -0.299119 28.0423 
27.6 -5.1395 28.0903 -0.583714 -0.274199 28.5639 
27.65 -4.75523 27.4585 -0.530306 -0.301261 27.8739 
27.7 -4.90277 27.6676 -0.543498 -0.2995 28.1056 
27.75 -4.14982 26.4851 -0.487891 -0.287888 26.8143 
27.8 -4.30443 27.5743 -0.486412 -0.280691 27.9138 
27.85 -4.03951 28.1575 -0.477896 -0.295103 28.4514 
27.9 -4.12512 28.7128 -0.487834 -0.306506 29.0133 
27.95 -4.09019 29.9041 -0.517159 -0.317458 30.1886 
28 -4.24343 31.1302 -0.54502 -0.335823 31.4248 
28.05 -2.94111 28.3114 -0.465078 -0.321985 28.4695 
28.1 -3.85598 28.1215 -0.462186 -0.303479 28.39 
28.15 -3.78605 28.1765 -0.476637 -0.293327 28.4352 
28.2 -3.10537 26.3671 -0.411458 -0.302569 26.5543 
28.25 -3.64702 27.2114 -0.393769 -0.316445 27.4593 
28.3 -3.61252 27.3445 -0.393363 -0.327745 27.5869 
28.35 -3.431 27.2814 -0.374425 -0.322019 27.5008 
28.4 -3.6261 27.5558 -0.400168 -0.318799 27.7981 
28.45 -3.39413 26.8929 -0.390269 -0.322162 27.111 
28.5 -3.32505 26.4041 -0.367556 -0.322407 26.6171 
28.55 -3.25303 26.0174 -0.350063 -0.332221 26.2244 
28.6 -2.79834 24.1873 -0.3028 -0.343042 24.3529 
28.65 -2.49843 23.3499 -0.273492 -0.348519 23.4874 
28.7 -2.08378 22.2911 -0.203776 -0.378855 22.3925 
28.75 -1.76681 21.7948 -0.147678 -0.39149 21.8703 
28.8 -1.65715 21.3497 -0.143293 -0.383019 21.4178 
28.85 -1.40129 20.3449 -0.132631 -0.389284 20.3972 
28.9 -0.84063 19.4574 -0.0529936 -0.418853 19.4801 
28.95 -0.835995 19.3319 -0.0289549 -0.426559 19.3547 
29 -0.875442 19.1644 -0.0211047 -0.424839 19.1891 
29.05 -0.461831 18.0033 0.0287363 -0.437737 18.0146 
29.1 0.0452818 16.5167 0.103195 -0.470744 16.5239 
29.15 0.0559747 16.3864 0.133548 -0.488635 16.3943 
29.2 -0.0314974 17.0286 0.139099 -0.477935 17.0359 
29.25 -0.313719 17.2481 0.0970262 -0.453419 17.2572 
29.3 -0.172039 17.0787 0.0943964 -0.45213 17.0859 
29.35 -0.261367 16.9097 0.0882175 -0.441408 16.9177 
29.4 -0.573599 17.8501 0.0659419 -0.429175 17.8647 
29.45 -0.539164 17.729 0.0691229 -0.429244 17.7425 
29.5 -0.297692 17.3217 0.107201 -0.440033 17.3302 
29.55 -0.197017 16.8351 0.129573 -0.437607 16.8425 
29.6 0.0288329 16.6041 0.149921 -0.44528 16.6108 
29.65 0.211229 16.2891 0.175276 -0.457916 16.2979 
29.7 0.554653 14.8601 0.228112 -0.490078 14.8802 
29.75 0.940716 14.2141 0.277765 -0.503374 14.2568 
29.8 0.849029 14.5124 0.28018 -0.519166 14.5492 
29.85 0.963833 14.2944 0.285083 -0.525826 14.3393 
29.9 1.29132 13.4817 0.319705 -0.526719 13.5575 
29.95 1.29678 13.1625 0.325429 -0.513296 13.2403 
30 1.40304 13.1596 0.329882 -0.514125 13.2482 
30.05 1.36751 13.4211 0.325691 -0.518125 13.5045 
30.1 1.31296 13.3262 0.322291 -0.511983 13.4044 
30.15 1.41905 13.2508 0.331247 -0.515176 13.3406 
30.2 1.51659 12.9025 0.343218 -0.516224 13.0061 
30.25 1.77261 12.4254 0.371292 -0.517385 12.5673 
30.3 1.89861 12.1185 0.380787 -0.5179 12.2831 
30.35 1.76366 12.5192 0.372309 -0.516772 12.6588 
30.4 1.70174 12.2813 0.375688 -0.521654 12.4153 
30.45 1.89381 12.1753 0.394814 -0.529953 12.3394 
30.5 1.87774 11.9857 0.39179 -0.529523 12.1498 
30.55 2.04442 11.837 0.401945 -0.53135 12.0307 
30.6 2.13576 11.284 0.418843 -0.536631 11.5045 
30.65 1.90165 11.9744 0.405711 -0.53281 12.1429 
30.7 1.88613 12.1566 0.402263 -0.52816 12.3199 
30.75 2.11531 11.6071 0.423895 -0.535602 11.818 
30.8 2.33186 10.685 0.444576 -0.542303 10.959 
30.85 2.29659 10.4538 0.430149 -0.535442 10.7251 
30.9 2.50896 9.85638 0.438642 -0.548424 10.1949 
30.95 2.84629 9.07788 0.484402 -0.558706 9.54233 
