0 0 0 0 0 0 
0.05 0.0793036 -0.254914 -0.00375863 0.00309536 0.266975 
0.1 0.107752 -0.308497 -0.00994986 0.00468416 0.326973 
0.15 0.156035 -0.487619 -0.00240904 0.00871706 0.512088 
0.2 0.2533 -0.676592 0.0187639 0.00618031 0.722721 
0.25 0.253923 -0.578801 0.0362141 -0.00346085 0.633023 
0.3 0.290961 -0.646267 0.0461354 0.0104575 0.710319 
0.35 0.113384 -0.336237 0.0272758 0.0161264 0.356321 
0.4 -0.00112636 0.126122 0.0017564 5.42576e-06 0.127492 
0.45 -0.00641249 -0.0738226 -0.00810644 0.0115965 0.0750695 
0.5 0.147657 -0.496996 0.00354962 0.0154165 0.51875 
0.55 0.228407 -1.17663 0.0244867 0.00992711 1.19897 
0.6 0.279453 -1.23795 0.0383538 0.0208786 1.2698 
0.65 0.258235 -1.23585 0.0386562 0.0231639 1.26338 
0.7 0.171338 -0.890184 0.0269315 0.00846676 0.907024 
0.75 0.177634 -0.944437 0.0204893 0.0104387 0.961267 
0.8 0.171765 -0.935369 0.0127215 0.0184035 0.951266 
0.85 0.131244 -1.05456 0.00624794 0.0236144 1.06302 
0.9 0.145196 -0.82148 0.0103906 0.0177047 0.834599 
0.95 0.199193 -0.846472 0.0146234 0.0215395 0.870114 
1 0.101329 -0.729722 0.0159307 0.021706 0.737298 
1.05 0.145923 -0.745036 0.0216239 0.0166309 0.759597 
1.1 0.123648 -0.529914 0.00858769 0.019015 0.544554 
1.15 0.1015 -0.522328 0.00310703 0.0131641 0.533324 
1.2 0.00200471 -0.0113089 -0.00428527 0.00424246 0.0297454 
1.25 -0.040787 -0.111195 0.00102523 0.00919074 0.104272 
1.3 0.143511 -0.411253 0.0142021 0.0134648 0.436126 
1.35 0.0672925 -0.304399 0.0147048 0.0227415 0.312973 
1.4 0.0631461 -0.416499 0.0160372 0.0107211 0.421489 
1.45 0.148135 -0.473779 0.0211378 0.00729458 0.49678 
1.5 0.060441 -0.622191 0.0154099 0.0137336 0.625495 
1.55 0.271152 -0.948875 0.0121023 0.0170038 0.987121 
1.6 0.168337 -0.869325 0.0239353 0.0111505 0.885832 
1.65 0.129183 -1.11013 0.0252635 0.0165114 1.118 
1.7 0.270662 -1.11468 0.0318519 0.0168638 1.14762 
1.75 0.229707 -1.05663 0.0395413 0.0122259 1.08207 
1.8 0.269176 -1.0024 0.0544168 0.00835815 1.03959 
1.85 0.271103 -0.996422 0.0526713 0.0113598 1.03396 
1.9 0.0050046 -0.302861 0.0151711 0.00814871 0.303449 
1.95 0.058293 -0.370202 0.00945393 -0.00235487 0.376934 
2 0.137886 -0.63649 0.0251063 0.00500303 0.651594 
2.05 0.286301 -1.13558 0.0559079 0.0128214 1.17264 
2.1 0.373069 -1.64686 0.0710433 0.0112493 1.69006 
2.15 0.268742 -1.2543 0.0553638 0.00310544 1.28455 
2.2 0.289864 -1.35286 0.0478672 -0.0012578 1.38433 
2.25 0.301917 -0.863488 0.0265452 -0.00238194 0.914783 
2.3 0.00503461 -0.579631 -0.0118188 -4.88014e-05 0.579752 
2.35 0.0306248 -0.743445 -0.0146504 -0.00606061 0.744421 
2.4 0.237656 -0.801081 0.0319904 0.00945001 0.836222 
2.45 0.315074 -0.909638 0.057081 0.0208832 0.964256 
2.5 0.106124 0.0823089 0.0139829 0.0205907 0.159622 
2.55 -0.293655 0.972426 -0.0381771 0.0125834 1.01634 
2.6 -0.330132 1.41174 -0.0443919 0.0060416 1.45066 
2.65 -0.193027 0.862698 -0.0228137 0.016668 0.884354 
2.7 -0.0699131 0.296472 -0.0189305 0.0300399 0.306117 
2.75 -0.0672703 0.24231 -0.0348054 0.0424694 0.257631 
2.8 -0.0777328 0.185657 -0.0333988 0.0343004 0.206294 
2.85 -0.0281338 0.358768 -0.0114907 0.0137506 0.360313 
2.9 -0.0520639 0.184893 0.000518147 0.00669536 0.193234 
2.95 0.0460444 -0.0792784 0.00917327 0.00685865 0.0846022 
3 0.0784577 -0.198172 0.0138811 0.0193944 0.213289 
3.05 0.0646347 -0.122488 0.0140466 0.0215441 0.140771 
3.1 0.0266856 0.132799 -0.00675296 0.0093957 0.121102 
3.15 -0.184885 0.251006 -0.0338561 0.00306222 0.313249 
3.2 -0.0340127 -0.218559 -0.014835 0.0127864 0.225113 
3.25 0.168218 -0.63693 0.0206601 0.0178305 0.659373 
3.3 0.19317 -0.811274 0.0234772 0.00731116 0.834355 
3.35 0.177234 -0.771157 0.0143752 0.00813786 0.791778 
3.4 0.033935 -0.395781 0.00752732 0.0149186 0.39745 
3.45 0.081465 -0.255851 0.00457849 0.00888259 0.269041 
3.5 0.0415664 -0.0470339 -0.00533298 0.0111174 0.0668607 
3.55 -0.0954441 0.226316 -0.029363 0.0197188 0.248496 
3.6 -0.00580858 0.250914 -0.0265046 0.00505628 0.259383 
3.65 -0.0315825 0.476305 -0.0134259 -0.00831419 0.477606 
3.7 -0.0795594 0.491079 0.00360369 -0.012941 0.498382 
3.75 0.153745 -0.106047 0.0333851 -0.00205549 0.189076 
3.8 0.123831 -0.250511 0.0309774 0.0107378 0.281636 
3.85 0.150291 -0.20213 0.0193517 0.0042169 0.249453 
3.9 -0.0247487 0.384111 -0.00783525 -0.00190492 0.384347 
3.95 -0.167743 0.636595 -0.0291777 0.00187673 0.66059 
4 -0.0670705 0.245026 -0.0154528 0.0136094 0.253519 
4.05 0.059002 -0.0736848 0.0116184 0.0214097 0.0919363 
4.1 0.0731599 -0.109259 0.00399321 0.0152742 0.126763 
4.15 -0.0445459 0.25362 -0.0102234 -0.00155827 0.2574 
4.2 -0.0155048 -0.059451 0.0169809 -0.00216777 0.0641895 
4.25 0.214976 -0.441354 0.0467705 0.00315085 0.493761 
4.3 0.316354 -0.893314 0.0617376 0.000941879 0.9496 
4.35 0.308254 -0.802714 0.0500077 -0.0110572 0.861204 
4.4 0.204583 -0.525791 0.0367897 -0.0177153 0.565028 
4.45 0.150209 -0.609251 0.0344864 -0.014922 0.628522 
4.5 0.194554 -0.689671 0.0409385 -0.0112526 0.717855 
4.55 0.170795 -0.778913 0.0310186 -0.00333215 0.79807 
4.6 0.195671 -0.646198 0.0188439 -0.00450346 0.675155 
4.65 0.183856 -0.941874 0.0347016 -0.0167184 0.960385 
4.7 0.294504 -0.951006 0.0658797 -0.0122895 0.998376 
4.75 0.209991 -0.561044 0.0742003 -0.0067555 0.603536 
4.8 0.0706744 0.281461 0.0631142 -0.0131192 0.302103 
4.85 -0.008722 0.412733 0.0526549 -0.0177476 0.415836 
4.9 -0.159692 0.630676 0.0218805 -0.0098604 0.651154 
4.95 -0.088721 0.528166 0.00264671 -0.000591177 0.535555 
5 0.132583 0.276052 0.02805 -0.00503414 0.308084 
5.05 0.152862 0.763983 0.0501221 -0.010113 0.780697 
5.1 0.553781 0.294871 0.0750574 -0.00321761 0.613972 
5.15 0.789422 -1.40556 0.18287 0.0237236 1.63226 
5.2 0.342703 -2.05594 0.268283 0.0770384 2.10388 
5.25 0.820626 -3.27333 0.327248 0.0982146 3.39191 
5.3 1.02487 -3.76606 0.368293 0.108457 3.92199 
5.35 1.07065 -3.73693 0.385261 0.11845 3.90779 
5.4 1.42417 -5.12486 0.417358 0.134278 5.3369 
5.45 0.90688 -4.87719 0.425395 0.144807 4.98114 
5.5 1.17596 -5.09957 0.474195 0.137676 5.25671 
5.55 0.953238 -5.24919 0.477667 0.140961 5.35816 
5.6 0.969043 -5.04989 0.467323 0.149849 5.16548 
5.65 1.35387 -5.78487 0.498431 0.169345 5.96453 
5.7 1.06475 -5.82404 0.483973 0.181273 5.94298 
5.75 1.35586 -6.67626 0.508214 0.182389 6.83387 
5.8 1.47248 -8.1715 0.569292 0.186439 8.32597 
5.85 1.17088 -8.15803 0.584841 0.208601 8.26493 
5.9 1.01356 -8.63405 0.606773 0.216823 8.71718 
5.95 0.77932 -8.96887 0.61537 0.222193 9.02622 
6 0.57474 -9.43844 0.619792 0.215238 9.47862 
6.05 0.944441 -11.042 0.672492 0.211149 11.1048 
6.1 1.01745 -11.5804 0.672249 0.202175 11.6463 
6.15 1.09104 -12.1619 0.695882 0.195812 12.232 
6.2 0.738391 -12.5001 0.688211 0.182274 12.5422 
6.25 0.60231 -11.8015 0.692646 0.185609 11.8388 
6.3 0.166014 -11.321 0.685485 0.196108 11.3446 
6.35 0.43502 -13.5625 0.727011 0.200962 13.5906 
6.4 0.322925 -13.9 0.715356 0.199203 13.9236 
6.45 0.507645 -15.1531 0.740266 0.195139 15.1809 
6.5 0.255514 -15.0159 0.74299 0.181341 15.0376 
6.55 -0.231409 -13.7592 0.705215 0.170614 13.7802 
6.6 -0.578394 -13.817 0.694408 0.171991 13.8476 
6.65 -0.673359 -14.8695 0.70463 0.163549 14.9023 
6.7 -0.283054 -15.2919 0.751076 0.165658 15.3137 
6.75 -0.471325 -16.1017 0.764671 0.167646 16.1277 
6.8 -0.384825 -16.395 0.759305 0.148175 16.4177 
6.85 -0.878393 -16.2756 0.737554 0.149828 16.3167 
6.9 -0.265934 -17.0993 0.796977 0.150174 17.1208 
6.95 -1.03607 -15.9641 0.761073 0.178576 16.0167 
7 -1.07785 -16.4525 0.766976 0.16751 16.5065 
7.05 -1.06282 -17.071 0.78827 0.175596 17.1231 
7.1 -0.958474 -17.4368 0.802347 0.170274 17.4824 
7.15 -1.41822 -17.1681 0.773532 0.190988 17.245 
7.2 -1.55116 -17.2116 0.758209 0.195594 17.2991 
7.25 -1.75026 -17.236 0.74333 0.205111 17.3418 
7.3 -1.61988 -17.3111 0.764977 0.204576 17.4047 
7.35 -2.00967 -17.133 0.735053 0.208672 17.2674 
7.4 -1.76252 -17.6909 0.733186 0.198157 17.7948 
7.45 -2.26389 -17.5192 0.715935 0.199899 17.6805 
7.5 -2.6785 -16.3924 0.703764 0.208714 16.626 
7.55 -2.78763 -16.3897 0.715502 0.238743 16.6422 
7.6 -3.29949 -16.2145 0.669645 0.257864 16.5624 
7.65 -2.93927 -17.0052 0.685586 0.249251 17.2728 
7.7 -3.40164 -16.8177 0.653124 0.265269 17.1728 
7.75 -3.09485 -17.3916 0.671145 0.255102 17.6794 
7.8 -3.29752 -17.765 0.664663 0.235913 18.0822 
7.85 -2.91712 -18.6822 0.697129 0.230797 18.9229 
7.9 -3.39079 -18.8012 0.684627 0.219026 19.118 
7.95 -3.08788 -18.7863 0.701029 0.195571 19.0523 
8 -3.26005 -19.0227 0.708274 0.178632 19.3138 
8.05 -3.31977 -18.7029 0.713841 0.170924 19.0095 
8.1 -3.36616 -19.4079 0.704465 0.154203 19.7108 
8.15 -3.40005 -19.7858 0.742085 0.111409 20.0898 
8.2 -3.23428 -19.6983 0.756419 0.0694561 19.9765 
8.25 -3.58023 -20.1336 0.761601 0.0758177 20.4638 
8.3 -3.6297 -20.3598 0.746918 0.0737617 20.6945 
8.35 -3.72157 -20.7528 0.746648 0.0660165 21.0971 
8.4 -3.93459 -21.0804 0.735764 0.0592813 21.4571 
8.45 -3.78116 -21.4416 0.759549 0.0601945 21.7857 
8.5 -4.03757 -21.7481 0.754341 0.0532044 22.1326 
8.55 -4.0617 -21.5509 0.750505 0.0327984 21.9431 
8.6 -4.23034 -22.0931 0.757499 0.0328801 22.5072 
8.65 -4.53177 -21.7656 0.73447 0.0262938 22.2446 
8.7 -4.41729 -22.2016 0.743678 0.0254169 22.649 
8.75 -4.59141 -22.6342 0.732137 0.0303367 23.1068 
8.8 -4.63147 -22.3267 0.760335 0.0249573 22.8147 
8.85 -5.04037 -22.1676 0.752766 0.0212167 22.7459 
8.9 -4.9744 -22.9257 0.753841 0.0157144 23.4713 
8.95 -5.00405 -23.4793 0.760638 0.0135278 24.0187 
9 -4.97418 -24.24 0.74685 0.00757952 24.7564 
9.05 -5.08344 -24.3144 0.711189 -0.00437875 24.8503 
9.1 -5.30824 -23.8058 0.711709 -0.0229929 24.4009 
9.15 -5.41646 -24.4959 0.756834 -0.0215021 25.0992 
9.2 -5.76644 -23.821 0.756371 -0.0267463 24.5207 
9.25 -5.77767 -24.6683 0.765225 -0.0255065 25.3475 
9.3 -6.03913 -24.2487 0.764563 -0.0254952 25.0012 
9.35 -5.74992 -24.9607 0.789901 -0.00701367 25.6268 
9.4 -5.81021 -25.3655 0.795947 -0.010254 26.0346 
9.45 -6.27104 -25.7073 0.782911 -0.0070163 26.4727 
9.5 -6.30892 -25.3765 0.783094 -0.00166066 26.1608 
9.55 -6.39907 -26.0746 0.805742 -0.00309351 26.8605 
9.6 -6.94204 -25.2373 0.773502 -0.000142808 26.1861 
9.65 -6.95834 -25.8082 0.746712 0.01418 26.7402 
9.7 -6.70447 -26.0715 0.743736 0.00539099 26.93 
9.75 -6.79023 -27.2171 0.783888 -0.00396596 28.0623 
9.8 -7.23042 -27.2568 0.777727 0.0102999 28.2103 
9.85 -7.17995 -27.2686 0.756604 -0.000501565 28.2082 
9.9 -7.04692 -27.8248 0.746996 0.0122776 28.713 
9.95 -7.36304 -27.6659 0.743101 0.042219 28.6386 
10 -7.36712 -27.8205 0.767549 0.045493 28.7897 
10.05 -7.65136 -28.1646 0.768378 0.034546 29.1955 
10.1 -7.66352 -27.873 0.796015 0.0357888 28.9183 
10.15 -7.87843 -27.8919 0.796785 0.0504912 28.9942 
10.2 -7.77746 -28.0345 0.794565 0.0523992 29.1043 
10.25 -7.76737 -28.032 0.825021 0.0406631 29.1 
10.3 -8.43505 -28.0912 0.813733 0.0546039 29.3415 
10.35 -8.64729 -27.0455 0.799603 0.0552995 28.4056 
10.4 -8.69917 -27.5257 0.802972 0.0474902 28.8788 
10.45 -9.05653 -27.4841 0.816825 0.0452302 28.9494 
10.5 -8.83167 -27.8962 0.845165 0.0645441 29.2731 
10.55 -9.15106 -28.4598 0.844417 0.0876867 29.9068 
10.6 -9.10252 -28.8166 0.849355 0.0807588 30.2322 
10.65 -9.26703 -29.3923 0.853354 0.0708063 30.8305 
10.7 -9.46127 -29.6695 0.860757 0.0704954 31.1534 
10.75 -10.2747 -29.0516 0.781545 0.0987896 30.8251 
10.8 -11.1484 -29.1859 0.74715 0.101741 31.2518 
10.85 -11.5206 -29.4231 0.761095 0.089982 31.6074 
10.9 -11.1446 -30.4605 0.811923 0.0625775 32.4455 
10.95 -10.9991 -30.8906 0.832458 0.0650629 32.8009 
11 -11.7005 -30.4065 0.79566 0.0729931 32.5899 
11.05 -11.0944 -31.9665 0.860534 0.0555321 33.8479 
11.1 -11.2507 -32.7053 0.911405 0.0577313 34.5984 
11.15 -10.8546 -33.865 0.932006 0.0545416 35.5744 
11.2 -10.795 -34.0755 0.951387 0.0436274 35.7572 
11.25 -10.6201 -34.761 1.0098 0.02722 36.3611 
11.3 -10.967 -34.4463 1.036 0.0407536 36.1648 
11.35 -11.1417 -35.0447 1.0293 0.0249597 36.7875 
11.4 -10.9697 -35.2071 1.06965 0.0145769 36.892 
11.45 -11.6517 -35.2569 1.06103 0.0106407 37.1475 
11.5 -11.3693 -35.6248 1.09844 0.0128908 37.4114 
11.55 -11.3514 -35.4792 1.13904 0.0179715 37.2683 
11.6 -11.67 -35.8057 1.15275 0.00892138 37.6771 
11.65 -11.8778 -36.0439 1.17945 0.0137029 37.9689 
11.7 -11.8531 -36.0191 1.19597 0.0171027 37.9382 
11.75 -12.1166 -36.4214 1.20305 0.00579907 38.4028 
11.8 -11.7951 -36.2993 1.2441 0.00956367 38.1878 
11.85 -12.5225 -36.15 1.2218 0.00322774 38.2769 
11.9 -12.4732 -36.2937 1.23774 0.00279263 38.3972 
11.95 -12.4116 -35.7691 1.24709 0.00683787 37.8818 
12 -12.3514 -36.0705 1.27698 0.00660473 38.1479 
12.05 -12.5319 -36.4178 1.29264 0.0130636 38.5353 
12.1 -12.7296 -36.3145 1.2926 0.00735906 38.5027 
12.15 -12.8417 -36.431 1.30372 0.00726742 38.65 
12.2 -12.7741 -36.0416 1.3324 0.00410306 38.2618 
12.25 -12.6994 -36.5412 1.36817 0.00865345 38.7092 
12.3 -13.2049 -36.8575 1.36222 0.00716045 39.1753 
12.35 -13.3561 -36.922 1.37857 0.00998639 39.2877 
12.4 -13.3694 -36.8962 1.3909 0.00553892 39.2684 
12.45 -13.0478 -37.3102 1.43283 0.0140291 39.5518 
12.5 -13.5442 -37.2901 1.43933 0.0161826 39.6998 
12.55 -13.4415 -37.7303 1.45547 0.0142461 40.0795 
12.6 -14.2143 -37.4905 1.42703 0.0543135 40.1201 
12.65 -14.4323 -36.7445 1.40267 0.0516716 39.5022 
12.7 -13.7435 -37.2834 1.47774 0.0429311 39.7633 
12.75 -14.1432 -37.4977 1.52642 0.0341962 40.1054 
12.8 -14.2108 -37.9933 1.54655 0.0274631 40.5935 
12.85 -14.2742 -38.214 1.5641 0.0159775 40.8229 
12.9 -14.3346 -37.9817 1.61144 0.00743447 40.6287 
12.95 -14.5462 -38.1134 1.6144 0.0119322 40.8268 
13 -14.2185 -38.0283 1.65658 0.0145143 40.6333 
13.05 -14.6241 -38.4494 1.67527 0.0225303 41.1707 
13.1 -14.7474 -39.1027 1.69248 0.022292 41.8255 
13.15 -14.5594 -38.8339 1.7241 0.0358897 41.5092 
13.2 -14.701 -38.8363 1.72941 0.0344195 41.5616 
13.25 -14.8612 -39.1101 1.78794 0.0420658 41.8767 
13.3 -15.142 -39.018 1.818 0.0414683 41.8927 
13.35 -15.1259 -39.5969 1.84604 0.0402627 42.4277 
13.4 -15.7436 -38.5533 1.76569 0.118769 41.6814 
13.45 -16.6585 -37.1569 1.65447 0.156614 40.7541 
13.5 -15.9931 -38.8437 1.77451 0.119468 42.0449 
13.55 -15.7859 -38.816 1.8602 0.0850949 41.9446 
13.6 -15.5005 -39.3272 1.93399 0.0788007 42.3159 
13.65 -15.7683 -39.8857 1.95165 0.0569168 42.9339 
13.7 -15.5966 -39.5402 2.01025 0.0628302 42.5527 
13.75 -15.9065 -39.9178 2.01818 0.0716879 43.0178 
13.8 -15.4438 -40.1651 2.06004 0.070251 43.0813 
13.85 -15.8246 -40.6712 2.09305 0.0753563 43.6916 
13.9 -15.8706 -41.0774 2.22825 0.0971332 44.0931 
13.95 -15.6878 -41.3351 2.37373 0.0863168 44.2758 
14 -15.547 -41.1492 2.44261 0.0698607 44.056 
14.05 -15.3756 -42.0227 2.52115 0.0608291 44.8183 
14.1 -15.0856 -42.2406 2.65363 0.0760892 44.9321 
14.15 -15.095 -42.7644 2.76565 0.109195 45.4348 
14.2 -15.4469 -43.2064 2.82113 0.151533 45.9716 
14.25 -15.3271 -42.5144 2.85675 0.169023 45.2834 
14.3 -15.4043 -43.1805 2.9024 0.142828 45.9379 
14.35 -15.2821 -43.295 2.92312 0.125737 46.0061 
14.4 -15.4337 -43.6275 2.90128 0.116328 46.3679 
14.45 -15.5831 -43.8455 2.86441 0.101653 46.6206 
14.5 -15.7441 -43.0143 2.79628 0.0946662 45.8905 
14.55 -15.9793 -42.7653 2.71019 0.0772555 45.7336 
14.6 -15.9953 -42.7769 2.70756 0.0665389 45.7498 
14.65 -16.3664 -43.1985 2.69312 0.0406872 46.2734 
14.7 -16.2727 -43.4157 2.7213 0.0281372 46.4449 
14.75 -16.3397 -43.3144 2.73312 0.00937448 46.3745 
14.8 -16.3564 -43.2956 2.75818 0.0136795 46.3642 
14.85 -16.4975 -42.7893 2.78941 0.0244296 45.9442 
14.9 -16.572 -43.4664 2.82771 0.00352403 46.6043 
14.95 -16.6672 -43.9918 2.85454 0.00623078 47.1299 
15 -16.5095 -43.9094 2.91044 0.0014184 47.0008 
15.05 -16.3664 -43.7196 2.98433 -0.0136359 46.7778 
15.1 -16.4105 -43.9154 2.96365 -0.0151112 46.9749 
15.15 -16.0716 -43.9538 2.92798 -0.0277165 46.8914 
15.2 -15.8138 -44.0003 2.94226 -0.0230064 46.8482 
15.25 -16.4403 -43.9007 2.89002 -0.0234424 46.9671 
15.3 -15.9008 -43.4612 2.85446 -0.043995 46.3666 
15.35 -15.7544 -43.6334 2.8628 -0.040188 46.4787 
15.4 -15.978 -43.7687 2.86118 -0.0484662 46.6817 
15.45 -15.651 -43.5569 2.86605 -0.0578529 46.3721 
15.5 -16.142 -43.73 2.86143 -0.0382646 46.7019 
15.55 -16.2506 -43.7103 2.84364 -0.0368768 46.7201 
15.6 -15.7496 -43.1865 2.8552 -0.0493679 46.0573 
15.65 -15.8742 -43.7291 2.85684 -0.0675171 46.6089 
15.7 -15.6072 -43.6197 2.85716 -0.0728971 46.4158 
15.75 -15.3927 -43.766 2.84953 -0.0703391 46.4814 
15.8 -15.7069 -44.2774 2.8456 -0.062077 47.0669 
15.85 -15.793 -44.0324 2.85077 -0.062736 46.8658 
15.9 -15.8434 -44.1396 2.84671 -0.0698296 46.9832 
15.95 -16.2323 -43.9446 2.81687 -0.0644016 46.9314 
16 -16.4764 -43.7492 2.78403 -0.0424857 46.8318 
16.05 -16.2765 -44.2489 2.83317 -0.0605633 47.2326 
16.1 -16.1796 -43.8924 2.83445 -0.0288541 46.8653 
16.15 -16.3705 -43.8525 2.80743 -0.0188193 46.8926 
16.2 -16.4697 -43.9044 2.80879 -0.0435816 46.9759 
16.25 -16.3343 -43.5247 2.81628 -0.0572587 46.5741 
16.3 -16.3832 -43.7749 2.80023 -0.0616114 46.8241 
16.35 -16.3153 -43.9587 2.82006 -0.0656535 46.9735 
16.4 -15.9851 -44.2764 2.86519 -0.100264 47.1608 
16.45 -15.5429 -44.0912 2.8805 -0.13533 46.8394 
16.5 -15.4563 -44.0277 2.85757 -0.133855 46.7495 
16.55 -15.6546 -44.5438 2.87572 -0.140546 47.3023 
16.6 -15.5563 -44.3452 2.86533 -0.132241 47.0821 
16.65 -15.7147 -44.0427 2.83386 -0.112522 46.8482 
16.7 -15.604 -44.3704 2.85934 -0.123625 47.1213 
16.75 -15.5272 -43.8487 2.84283 -0.115885 46.6036 
16.8 -15.7284 -43.7208 2.80713 -0.115087 46.5487 
16.85 -15.657 -43.506 2.80797 -0.116258 46.3229 
16.9 -15.6579 -43.4442 2.82832 -0.109049 46.2664 
16.95 -15.8011 -43.8113 2.85609 -0.107171 46.6613 
17 -15.5704 -43.5857 2.86665 -0.111919 46.3722 
17.05 -15.6895 -43.4444 2.84932 -0.112076 46.2786 
17.1 -15.5159 -43.1174 2.83662 -0.123817 45.912 
17.15 -15.4251 -43.0824 2.84598 -0.128217 45.8491 
17.2 -15.5831 -43.1643 2.83037 -0.114814 45.9784 
17.25 -15.373 -43.2495 2.82868 -0.109214 45.9877 
17.3 -15.5103 -43.2929 2.82665 -0.103704 46.0744 
17.35 -15.3597 -43.1226 2.81188 -0.111292 45.8628 
17.4 -15.2163 -43.1193 2.81897 -0.129313 45.8124 
17.45 -15.2209 -43.306 2.8185 -0.131068 45.9896 
17.5 -14.9904 -43.5904 2.81702 -0.112296 46.182 
17.55 -14.9493 -43.6994 2.81127 -0.114509 46.2713 
17.6 -14.9653 -43.7861 2.81102 -0.116872 46.3585 
17.65 -14.96 -43.7203 2.81009 -0.131148 46.2945 
17.7 -15.1618 -43.5267 2.82948 -0.150046 46.1788 
17.75 -15.0521 -43.291 2.84597 -0.153294 45.9217 
17.8 -15.0735 -43.5212 2.85459 -0.13864 46.1462 
17.85 -15.2191 -43.4152 2.8436 -0.143639 46.0934 
17.9 -15.2608 -43.1019 2.81065 -0.152267 45.8104 
17.95 -15.3719 -43.2387 2.77898 -0.155027 45.9742 
18 -15.3641 -42.7856 2.76191 -0.144786 45.5446 
18.05 -15.8717 -42.8133 2.71404 -0.101676 45.7416 
18.1 -17.4781 -41.8669 2.59566 0.00706066 45.4427 
18.15 -17.0574 -41.8244 2.60974 -0.0114415 45.2443 
18.2 -16.4881 -41.9645 2.66204 -0.0492679 45.166 
18.25 -16.5966 -42.0412 2.68863 -0.0613716 45.2785 
18.3 -17.1111 -41.848 2.59494 -0.0453531 45.2858 
18.35 -17.0863 -40.5574 2.40994 0.00485574 44.0755 
18.4 -17.4048 -39.9025 2.21053 -0.0251936 43.5892 
18.45 -16.9674 -39.2231 2.0426 -0.0748715 42.7846 
18.5 -17.6699 -38.1193 1.83739 -0.0986964 42.0558 
18.55 -18.2973 -37.648 1.651 -0.141139 41.8916 
18.6 -18.0532 -35.7511 1.61003 -0.118709 40.0831 
18.65 -18.2845 -36.2614 1.53092 -0.110209 40.6395 
18.7 -18.2911 -36.464 1.52981 -0.104116 40.8234 
18.75 -18.6445 -35.2627 1.49344 -0.101746 39.9163 
18.8 -18.9862 -34.5711 1.383 -0.0546526 39.4658 
18.85 -18.9348 -33.8873 1.32289 -0.0156993 38.8411 
18.9 -19.123 -33.593 1.29687 -0.00183944 38.6764 
18.95 -19.6414 -32.4929 1.28139 -0.00384569 37.9898 
19 -19.6232 -31.78 1.21286 0.026862 37.3699 
19.05 -19.44 -31.9443 1.17061 0.0499536 37.413 
19.1 -19.5424 -31.8076 1.14442 0.0717426 37.3491 
19.15 -19.6339 -31.6982 1.07573 0.0849053 37.3019 
19.2 -19.1527 -31.2817 1.0513 0.0384445 36.6944 
19.25 -19.0154 -31.6032 1.09764 -0.0603295 36.8993 
19.3 -18.8765 -31.7608 1.09511 -0.107977 36.9632 
19.35 -18.8131 -30.8113 1.07515 -0.0947073 36.1172 
19.4 -18.9639 -30.0952 0.987853 -0.10903 35.5857 
19.45 -18.2942 -30.2463 0.965941 -0.0925341 35.3618 
19.5 -18.567 -30.1729 0.927508 -0.0829181 35.4403 
19.55 -18.5793 -29.2373 0.857355 -0.0408932 34.6517 
19.6 -18.707 -29.827 0.789656 -0.0443004 35.2169 
19.65 -18.365 -29.0435 0.808734 -0.0738088 34.3724 
19.7 -18.8381 -29.1108 0.73582 -0.0730809 34.6825 
19.75 -18.4186 -28.2349 0.707415 -0.0657524 33.7191 
19.8 -18.022 -27.972 0.692347 -0.0537886 33.2821 
19.85 -18.3445 -26.004 0.724478 -0.0651537 31.8317 
19.9 -17.2993 -24.9843 0.762706 -0.0352343 30.3985 
19.95 -18.2802 -25.8677 0.663849 -0.0312376 31.6819 
20 -17.5713 -25.0148 0.671717 -0.0162054 30.5769 
20.05 -17.6605 -25.3666 0.626833 0.00775674 30.9152 
20.1 -17.4158 -24.3052 0.61421 -0.0262849 29.907 
20.15 -17.2084 -23.5106 0.645846 -0.0588049 29.1427 
20.2 -17.5932 -24.0621 0.588533 -0.0499547 29.8136 
20.25 -17.6659 -23.6617 0.536982 -0.0477546 29.534 
20.3 -17.4352 -22.9567 0.481866 -0.033053 28.831 
20.35 -16.9039 -23.5339 0.459288 -0.0338923 28.9792 
20.4 -17.0902 -23.176 0.435573 -0.0288859 28.7992 
20.45 -17.1342 -23.04 0.434007 -0.0407235 28.716 
20.5 -16.9578 -22.2285 0.502782 -0.110079 27.9631 
20.55 -16.723 -21.9087 0.530346 -0.178936 27.5672 
20.6 -16.8122 -21.6983 0.474438 -0.161937 27.4538 
20.65 -16.9886 -21.9773 0.441205 -0.139757 27.7819 
20.7 -17.3624 -21.1232 0.387255 -0.116693 27.3461 
20.75 -17.1102 -20.8317 0.393791 -0.135514 26.961 
20.8 -16.1321 -19.7037 0.459109 -0.173815 25.47 
20.85 -16.1375 -20.3195 0.432166 -0.14985 25.9521 
20.9 -16.3076 -20.6804 0.4013 -0.105459 26.34 
20.95 -16.3107 -20.1223 0.350559 -0.0927822 25.9052 
21 -16.3724 -20.1709 0.299625 -0.102558 25.9812 
21.05 -15.8433 -20.1612 0.30164 -0.144324 25.6436 
21.1 -15.4824 -21.1306 0.296843 -0.166896 26.1978 
21.15 -15.5335 -21.2079 0.292785 -0.170727 26.2903 
21.2 -15.8619 -20.1245 0.261913 -0.168597 25.626 
21.25 -15.6555 -19.7311 0.226285 -0.153537 25.189 
21.3 -15.578 -19.8535 0.183939 -0.154766 25.2367 
21.35 -15.3813 -19.5908 0.171454 -0.135202 24.9083 
21.4 -15.2976 -19.0746 0.147766 -0.123367 24.4521 
21.45 -15.4194 -18.5552 0.115909 -0.118864 24.1264 
21.5 -15.0327 -18.3736 0.10814 -0.101001 23.74 
21.55 -15.4098 -17.781 0.0604623 -0.114679 23.5296 
21.6 -14.6629 -17.7183 0.0765028 -0.13819 22.9992 
21.65 -14.8309 -16.8824 0.0720906 -0.129975 22.4721 
21.7 -14.7151 -16.0372 0.0659609 -0.125819 21.7659 
21.75 -14.5954 -16.3695 0.0608407 -0.137408 21.932 
21.8 -14.9619 -15.1528 0.0422775 -0.105856 21.2951 
21.85 -14.9651 -13.91 -0.0221192 -0.102174 20.4315 
21.9 -14.3658 -14.0988 -0.0186757 -0.10197 20.129 
21.95 -14.8691 -13.04 -0.0503495 -0.0859816 19.7775 
22 -14.6736 -12.8905 -0.0731869 -0.0635328 19.5317 
22.05 -15.0797 -12.5421 -0.113547 -0.0737836 19.6145 
22.1 -14.2715 -12.6413 -0.086144 -0.0702967 19.0654 
22.15 -14.9397 -11.7956 -0.145436 -0.0507319 19.0355 
22.2 -14.5004 -11.0193 -0.180836 -0.0207152 18.2131 
22.25 -15.0583 -10.8503 -0.244231 -0.029064 18.562 
22.3 -14.8977 -10.8614 -0.263063 -0.0455385 18.4387 
22.35 -14.5821 -9.85625 -0.262869 -0.0252125 17.603 
22.4 -15.0271 -9.72331 -0.320886 -0.0240256 17.9014 
22.45 -14.9669 -9.19835 -0.342196 -0.0328291 17.5709 
22.5 -15.1212 -8.32254 -0.358681 -0.0183798 17.264 
22.55 -15.1112 -7.97455 -0.374511 -0.00755374 17.0905 
22.6 -15.0651 -7.02456 -0.414495 0.0161184 16.6274 
22.65 -15.5328 -6.31138 -0.476881 0.0443976 16.773 
22.7 -15.2564 -6.38128 -0.483838 0.0208999 16.5443 
22.75 -14.8388 -7.34312 -0.422528 -0.0189975 16.5618 
22.8 -14.6548 -7.26233 -0.407893 -0.0321839 16.3607 
22.85 -14.4339 -6.35856 -0.425946 -0.0161412 15.7782 
22.9 -14.4794 -6.23609 -0.445338 -0.0143464 15.7715 
22.95 -13.7703 -6.71818 -0.420027 -0.0413756 15.3275 
23 -13.8603 -7.05049 -0.403748 -0.0521568 15.5558 
23.05 -13.5892 -7.25072 -0.394655 -0.0677071 15.4078 
23.1 -13.5316 -7.07898 -0.396709 -0.0852484 15.2768 
23.15 -13.1148 -7.49148 -0.401646 -0.0731014 15.1091 
23.2 -13.5178 -6.74404 -0.437411 -0.0701661 15.1132 
23.25 -13.5041 -6.33927 -0.464236 -0.0517503 14.9253 
23.3 -13.5155 -6.89841 -0.481533 -0.0511623 15.1819 
23.35 -12.991 -6.67013 -0.448298 -0.0812503 14.6104 
23.4 -13.0801 -6.16083 -0.407678 -0.116758 14.4646 
23.45 -13.2682 -5.16793 -0.440205 -0.100503 14.2463 
23.5 -13.5541 -5.40037 -0.48872 -0.0891505 14.5987 
23.55 -13.0776 -5.57289 -0.449388 -0.0743834 14.2228 
23.6 -14.0229 -4.67528 -0.507793 -0.0644896 14.7907 
23.65 -12.8653 -5.51488 -0.455613 -0.0546344 14.005 
23.7 -14.093 -3.16887 -0.526147 -0.0730356 14.4544 
23.75 -13.4256 -3.64308 -0.541646 -0.0846003 13.922 
23.8 -14.7087 -2.01523 -0.662614 -0.0381596 14.8612 
23.85 -15.4323 0.724385 -0.799884 -0.0286711 15.47 
23.9 -17.0183 2.9189 -0.910824 -0.0529902 17.291 
23.95 -16.2216 2.435 -0.893098 -0.0286831 16.4276 
24 -16.6103 3.03825 -0.919425 0.0458625 16.9112 
24.05 -16.1095 3.42131 -0.940998 0.054438 16.4958 
24.1 -15.9127 3.49862 -0.926635 0.0489552 16.3198 
24.15 -16.0145 4.33676 -0.936208 0.0334234 16.6178 
24.2 -16.0194 4.81524 -0.908726 0.0205365 16.7523 
24.25 -15.4679 5.50644 -0.893699 0.0202837 16.4435 
24.3 -14.864 4.72884 -0.845032 0.0129325 15.621 
24.35 -14.7687 4.9271 -0.839341 0.00595354 15.5915 
24.4 -14.3596 4.85384 -0.833798 0.0141844 15.1807 
24.45 -14.6331 5.71375 -0.87952 0.0261372 15.7336 
24.5 -14.3446 5.30694 -0.892507 0.00845706 15.321 
24.55 -14.6974 5.63316 -0.935827 0.000817659 15.7678 
24.6 -14.4651 5.57664 -0.928546 0.0147453 15.5306 
24.65 -15.1874 6.43277 -1.00193 0.0111295 16.5239 
24.7 -14.2416 6.16794 -0.944487 3.19017e-05 15.5486 
24.75 -14.9947 6.85419 -0.989377 0.0174235 16.5166 
24.8 -14.6947 7.24175 -0.975632 0.0297514 16.4114 
24.85 -14.5971 6.83629 -0.982313 0.0291465 16.1486 
24.9 -13.6128 5.72545 -0.86947 0.0296499 14.7954 
24.95 -12.4558 4.69483 -0.698642 0.00607039 13.3295 
25 -12.2772 4.23832 -0.69492 0.0112094 13.0066 
25.05 -12.3825 5.91096 -0.750541 0.00587197 13.7419 
25.1 -12.8587 5.99475 -0.811988 -0.00556973 14.2112 
25.15 -12.3893 6.50032 -0.789172 -0.00862086 14.0133 
25.2 -12.3453 6.12771 -0.804408 -0.00584204 13.8058 
25.25 -11.9233 6.73025 -0.78587 -0.0245554 13.7141 
25.3 -12.7214 7.39855 -0.854287 -0.00511507 14.7412 
25.35 -12.8409 8.34031 -0.889715 0.00274354 15.3379 
25.4 -12.9505 8.39123 -0.917918 0.0123374 15.4584 
25.45 -13.5169 9.25253 -0.984897 0.0317975 16.4098 
25.5 -13.1215 8.72577 -0.980934 0.0588851 15.7891 
25.55 -13.168 9.71731 -1.01741 0.0629468 16.3974 
25.6 -13.0999 9.61084 -1.02916 0.0559619 16.2802 
25.65 -13.249 9.94612 -1.01496 0.0373487 16.5981 
25.7 -13.0508 10.2821 -0.97886 0.0473199 16.6435 
25.75 -13.1779 10.668 -1.01735 0.0620894 16.9853 
25.8 -12.7677 10.7557 -0.992681 0.0487025 16.7237 
25.85 -12.7386 11.2306 -1.00032 0.0578707 17.0116 
25.9 -12.901 11.4306 -1.00409 0.0761443 17.2659 
25.95 -12.7775 12.3115 -1.01927 0.0788593 17.7731 
26 -13.2841 12.9396 -1.05292 0.076956 18.5748 
26.05 -12.8325 13.1859 -1.04572 0.0857976 18.4294 
26.1 -13.0746 14.4455 -1.04904 0.102188 19.5122 
26.15 -13.5275 16.0665 -1.09936 0.115758 21.0321 
26.2 -13.3419 15.7033 -1.0965 0.121518 20.6353 
26.25 -13.7651 17.1651 -1.14581 0.128357 22.0329 
26.3 -13.2785 17.2411 -1.12518 0.138913 21.7915 
26.35 -14.3429 22.7069 -1.21361 0.163197 26.885 
26.4 -14.9454 25.1498 -1.31275 0.200715 29.2857 
26.45 -15.1358 27.5991 -1.34154 0.243256 31.5066 
26.5 -14.3408 28.2454 -1.23087 0.216706 31.7021 
26.55 -14.8128 30.6933 -1.30627 0.222215 34.1065 
26.6 -14.5159 30.4056 -1.31183 0.232771 33.7193 
26.65 -13.8496 28.4142 -1.32044 0.244073 31.6383 
26.7 -14.1466 28.0914 -1.39475 0.252787 31.4843 
26.75 -14.8837 28.9157 -1.4792 0.266735 32.5563 
26.8 -15.3041 28.6016 -1.50352 0.25919 32.4748 
26.85 -15.907 30.7695 -1.53948 0.268951 34.6733 
26.9 -16.2191 32.2716 -1.57465 0.292007 36.1537 
26.95 -17.0576 34.3077 -1.65045 0.323054 38.3511 
27 -16.5357 34.2017 -1.60955 0.305195 38.0245 
27.05 -15.8231 32.7431 -1.52713 0.267131 36.399 
27.1 -16.0123 35.1582 -1.52628 0.291611 38.664 
27.15 -15.2586 33.0448 -1.48786 0.305425 36.4293 
27.2 -15.0968 32.7488 -1.49281 0.318017 36.0933 
27.25 -14.385 30.7406 -1.4256 0.297918 33.9712 
27.3 -13.537 29.4844 -1.37771 0.286574 32.474 
27.35 -13.1611 27.3705 -1.3535 0.29402 30.4019 
27.4 -13.2078 27.7504 -1.3551 0.28287 30.7644 
27.45 -13.0773 26.0739 -1.32799 0.283391 29.2012 
27.5 -13.7228 28.718 -1.37331 0.297485 31.8593 
27.55 -14.007 28.3207 -1.38202 0.291171 31.627 
27.6 -14.1067 27.0466 -1.35322 0.257236 30.5355 
27.65 -14.2162 28.3143 -1.37019 0.250608 31.7134 
27.7 -14.2007 28.2932 -1.37125 0.240545 31.6876 
27.75 -14.1284 27.8079 -1.38281 0.234327 31.2228 
27.8 -14.1598 27.7576 -1.40987 0.242337 31.1934 
27.85 -13.5468 26.2545 -1.36195 0.249491 29.5758 
27.9 -13.9298 27.3648 -1.35946 0.243321 30.7373 
27.95 -13.8743 27.6687 -1.37414 0.24178 30.9838 
28 -14.0833 28.6294 -1.40915 0.23658 31.9379 
28.05 -12.5274 26.6415 -1.29528 0.238457 29.4693 
28.1 -13.6296 28.1736 -1.3613 0.252346 31.3278 
28.15 -13.2986 28.1428 -1.39058 0.284939 31.159 
28.2 -11.5583 25.5778 -1.28452 0.310702 28.0992 
28.25 -11.1391 23.872 -1.28778 0.328681 26.3764 
28.3 -11.8962 25.1773 -1.37108 0.333338 27.882 
28.35 -11.6033 24.4289 -1.26076 0.2808 27.0754 
28.4 -10.7271 22.3572 -1.12268 0.242304 24.824 
28.45 -10.785 21.6546 -1.08627 0.243598 24.2175 
28.5 -10.749 20.5314 -1.08289 0.236782 23.2014 
28.55 -9.86126 18.2435 -1.00187 0.214521 20.7635 
28.6 -9.61997 17.2762 -0.929447 0.189149 19.7968 
28.65 -9.65405 17.3062 -0.88767 0.154326 19.8372 
28.7 -9.83342 18.567 -0.868071 0.142325 21.0286 
28.75 -10.2098 18.876 -0.89448 0.154167 21.4795 
28.8 -9.8257 17.4012 -0.936428 0.186923 20.0065 
28.85 -9.10686 14.9261 -0.926359 0.202025 17.5105 
28.9 -9.34363 14.8882 -0.966689 0.224438 17.6054 
28.95 -9.32308 14.469 -0.976231 0.233278 17.2418 
29 -9.101 14.3633 -0.917243 0.218146 17.03 
29.05 -9.09629 14.9616 -0.864642 0.196916 17.5322 
29.1 -9.57003 16.9544 -0.845903 0.191291 19.4882 
29.15 -9.67201 18.0415 -0.842283 0.187126 20.4887 
29.2 -9.21832 17.5465 -0.832646 0.171741 19.8389 
29.25 -8.84053 16.6066 -0.792014 0.15652 18.8304 
29.3 -9.32919 17.7913 -0.824737 0.162001 20.1065 
29.35 -9.45653 17.1983 -0.864501 0.171464 19.6465 
29.4 -9.39808 17.1512 -0.860694 0.180632 19.5771 
29.45 -9.45754 17.1278 -0.875109 0.198238 19.5861 
29.5 -9.79404 17.7341 -0.931121 0.201641 20.2812 
29.55 -9.96702 18.3625 -0.977825 0.195479 20.9169 
29.6 -9.91487 17.9099 -1.00282 0.196522 20.4967 
29.65 -9.34512 16.488 -0.960743 0.196971 18.9775 
29.7 -8.94097 15.2223 -0.856385 0.190681 17.6756 
29.75 -8.83364 14.6878 -0.815555 0.196469 17.1601 
29.8 -9.05479 15.7654 -0.806959 0.19306 18.1998 
29.85 -9.57013 16.9279 -0.831094 0.184048 19.4645 
29.9 -10.0281 18.5354 -0.848548 0.170577 21.092 
29.95 -9.8149 18.0959 -0.831904 0.180876 20.6039 
30 -9.7716 18.1595 -0.797189 0.182663 20.6378 
30.05 -9.83744 17.9065 -0.762715 0.160456 20.4457 
30.1 -9.58126 17.7703 -0.710207 0.138667 20.2017 
30.15 -9.31451 17.4822 -0.687943 0.138072 19.8212 
30.2 -9.71486 18.4127 -0.765119 0.134977 20.8329 
30.25 -10.0015 19.0361 -0.835331 0.125971 21.5202 
30.3 -10.3476 19.3394 -0.898816 0.132156 21.9524 
30.35 -10.558 20.0485 -0.913505 0.126285 22.6774 
30.4 -9.91543 18.1941 -0.809923 0.101802 20.7366 
30.45 -9.80102 17.5412 -0.737092 0.108051 20.1074 
30.5 -9.78852 16.974 -0.733656 0.122086 19.6083 
30.55 -9.45041 15.6314 -0.767685 0.123047 18.2826 
30.6 -9.60719 16.3677 -0.790981 0.136305 18.9959 
30.65 -9.82218 16.8988 -0.807219 0.131336 19.5631 
30.7 -9.72848 17.7313 -0.804536 0.107979 20.2411 
30.75 -10.2905 19.0511 -0.844319 0.108817 21.6694 
30.8 -9.96534 18.2773 -0.804259 0.103914 20.8333 
30.85 -9.22522 17.2579 -0.717305 0.115051 19.5823 
30.9 -8.98666 16.4596 -0.683347 0.0958807 18.7658 
30.95 -9.30888 17.8948 -0.708512 0.0680554 20.1838 
