0 0 0 0 0 0 
0.05 -0.535867 0.344294 -0.0403555 -0.0147742 0.638342 
0.1 -1.07075 1.77026 -0.0546692 -0.0326315 2.06987 
0.15 -0.801646 1.91974 -0.0294662 -0.0498532 2.08112 
0.2 -1.27531 2.58125 -0.0600984 -0.0204557 2.87982 
0.25 -0.935332 2.41346 -0.0516511 -0.0063805 2.58887 
0.3 -0.357967 1.46046 -0.0696697 0.0266612 1.50562 
0.35 -1.07178 1.85098 -0.115574 0.0466079 2.1425 
0.4 -0.880857 0.582827 -0.0828272 0.0414684 1.05998 
0.45 -0.360173 -0.730254 -0.0546338 0.0337838 0.816487 
0.5 -0.461691 -0.868438 -0.0282283 0.0294886 0.984327 
0.55 -0.386915 -1.58721 -0.0584468 0.0433404 1.63554 
0.6 -1.01295 -0.0718367 -0.117825 0.0493967 1.02048 
0.65 -1.821 0.283489 -0.171913 0.04081 1.85115 
0.7 -1.19274 -0.590828 -0.13386 0.0347622 1.33893 
0.75 -0.946892 -1.22735 -0.0994792 0.0318056 1.55407 
0.8 -0.811918 -1.74634 -0.0543167 0.00304859 1.92646 
0.85 -0.359123 -2.11871 -0.0284979 -0.0134254 2.14903 
0.9 -0.447978 -1.91687 0.0120382 -0.0193929 1.9689 
0.95 -0.180787 -2.33164 -0.000884881 -0.0121266 2.33847 
1 0.104045 -2.9802 -0.0269264 -0.00332098 2.98212 
1.05 -0.0690599 -2.92541 -0.0381414 -0.0155794 2.92649 
1.1 -0.244052 -2.48621 -0.0550913 0.0154785 2.49884 
1.15 0.008238 -2.44488 -0.028344 0.00859173 2.44483 
1.2 0.0313839 -2.43925 -0.0306064 0.0173504 2.43968 
1.25 0.0908871 -2.82971 -0.0394676 0.0332155 2.8317 
1.3 0.0299994 -3.06436 -0.0730426 0.051437 3.06583 
1.35 -0.0328507 -2.72736 -0.0802247 0.0406329 2.72898 
1.4 -0.265249 -2.39283 -0.10573 0.0629028 2.4106 
1.45 -0.0992356 -2.87422 -0.127196 0.082922 2.87996 
1.5 -0.177695 -2.42581 -0.136371 0.0751175 2.43741 
1.55 -0.191314 -2.5011 -0.139858 0.0690779 2.51327 
1.6 -0.270711 -2.51541 -0.15015 0.083475 2.53582 
1.65 -0.469866 -2.55241 -0.168325 0.0677398 2.60179 
1.7 -0.387594 -2.66117 -0.169368 0.0764212 2.69563 
1.75 -0.471137 -2.30907 -0.167096 0.102134 2.36488 
1.8 -0.611618 -1.45735 -0.206215 0.095464 1.59665 
1.85 -0.567973 -0.945311 -0.206585 0.062018 1.12378 
1.9 -0.49873 -0.730798 -0.187921 0.0555882 0.907194 
1.95 -0.362096 -0.206205 -0.144746 0.0563526 0.444194 
2 0.346276 -0.951276 -0.0816023 0.0488918 1.01721 
2.05 0.468048 -0.641577 -0.0550819 0.0268443 0.796972 
2.1 0.27767 -0.730976 -0.0618911 -0.0262266 0.783952 
2.15 0.530518 -0.977503 -0.0218779 -0.107535 1.11686 
2.2 1.29326 -2.03113 0.0436035 -0.12344 2.41125 
2.25 1.65717 -2.22043 0.0448322 -0.109713 2.77302 
2.3 1.16411 -1.4454 0.00274419 -0.120883 1.85988 
2.35 1.14438 -0.956455 -0.000672583 -0.132334 1.49745 
2.4 1.31874 0.570138 0.0442025 -0.123797 1.4417 
2.45 1.16925 0.695169 0.0711122 -0.101458 1.36555 
2.5 1.25775 0.910746 0.0942481 -0.0989228 1.55923 
2.55 1.68742 0.370854 0.149589 -0.083625 1.73577 
2.6 1.43575 0.776515 0.106155 -0.0741854 1.64066 
2.65 0.878772 1.60565 0.0650763 -0.0822797 1.83357 
2.7 -0.179457 2.86255 -0.00648103 -0.0915829 2.87017 
2.75 -0.552387 2.83777 -0.0414785 -0.055332 2.8919 
2.8 -0.136252 1.41641 -0.0320654 -0.0252577 1.42328 
2.85 0.0581587 0.735249 -0.009276 0.00634008 0.73863 
2.9 0.279999 0.152025 -0.0135885 0.00385565 0.319338 
2.95 0.48193 0.0655376 -0.027079 -0.0274736 0.48589 
3 0.0850663 1.03772 -0.0572353 -0.0388171 1.0431 
3.05 -0.0592678 1.37558 -0.0510423 -0.0322365 1.37764 
3.1 0.161764 1.12165 -0.036081 -0.0405812 1.13453 
3.15 -0.294523 1.94176 -0.0656025 -0.0562441 1.96605 
3.2 -0.595033 1.86842 -0.0949908 -0.0355306 1.9634 
3.25 -0.7222 2.33991 -0.0760783 -0.00689751 2.45089 
3.3 -0.923168 2.93317 -0.0998417 0.0265736 3.07676 
3.35 -0.641984 1.83905 -0.135177 0.0414704 1.95304 
3.4 -0.93554 1.62798 -0.193456 0.045937 1.88825 
3.45 -1.4029 2.62366 -0.222312 0.0499945 2.98388 
3.5 -0.717177 1.37135 -0.188866 0.0370324 1.55946 
3.55 -0.185954 -0.156368 -0.161475 0.0200875 0.288297 
3.6 -0.70934 0.880594 -0.153486 -0.0701981 1.14026 
3.65 -0.426832 0.475457 -0.113742 -0.132397 0.662545 
3.7 -0.136187 0.683057 -0.131357 -0.125681 0.719949 
3.75 -0.448898 1.4395 -0.108148 -0.0830345 1.5137 
3.8 -0.400947 0.732214 -0.0992859 -0.0668535 0.843089 
3.85 -0.00747296 0.368915 -0.0771033 -0.0900954 0.387105 
3.9 -0.0815389 0.485235 -0.067846 -0.0994633 0.505222 
3.95 0.634823 -0.730721 -0.0200334 -0.0882508 0.972456 
4 1.06709 -1.85893 0.0280094 -0.0839391 2.14518 
4.05 0.877768 -1.8081 -0.00323439 -0.0631498 2.01093 
4.1 1.07054 -2.16752 -0.0200505 -0.0519921 2.41852 
4.15 0.764614 -1.93479 -0.027482 -0.0471424 2.08118 
4.2 0.67601 -1.73393 -0.0264095 -0.0424968 1.86168 
4.25 0.579388 -1.51261 -0.0389604 -0.0351614 1.62062 
4.3 0.762661 -1.89589 -0.00224323 -0.0456958 2.04429 
4.35 0.820977 -1.96727 0.0122195 -0.0609821 2.13255 
4.4 0.476709 -1.66897 0.000313128 -0.0359342 1.73669 
4.45 0.373524 -2.02746 -0.035988 -0.0145048 2.06244 
4.5 0.13956 -3.0318 -0.042468 -0.0173915 3.03485 
4.55 -0.766405 -3.72789 -0.0814832 0.0301169 3.80744 
4.6 -0.78966 -3.21097 -0.10169 0.0430216 3.30831 
4.65 -0.594297 -3.47561 -0.0980156 0.0229759 3.52753 
4.7 -0.427454 -3.64596 -0.0593866 0.00836796 3.67076 
4.75 -0.87341 -2.50954 -0.0836206 0.019253 2.65843 
4.8 -1.02635 -2.14272 -0.0843494 0.00846452 2.37826 
4.85 -0.677723 -1.86812 -0.0948472 0.00977942 1.98951 
4.9 -0.948959 -1.63507 -0.105396 0.0208948 1.89481 
4.95 -0.891798 -1.71606 -0.0847623 0.0262709 1.93575 
5 -0.555007 -1.70971 -0.0960157 0.00818527 1.79914 
5.05 -0.883634 -0.888397 -0.10371 0.0132086 1.25664 
5.1 0.0485298 -2.69363 0.00735689 0.0228152 2.69524 
5.15 0.63427 -5.20143 0.207267 0.0228522 5.24353 
5.2 0.416618 -5.56467 0.247124 0.00942611 5.58585 
5.25 1.30142 -7.16296 0.329559 0.0300783 7.28767 
5.3 0.908724 -6.19748 0.315799 0.0590658 6.27195 
5.35 0.770106 -6.82185 0.318738 0.0658523 6.87316 
5.4 0.374709 -5.98947 0.336956 0.0653905 6.014 
5.45 -0.024186 -4.75248 0.294092 0.0808238 4.7624 
5.5 0.119661 -5.00523 0.338586 0.0709717 5.01824 
5.55 0.538044 -5.39548 0.369417 0.066191 5.43533 
5.6 -0.306499 -4.92853 0.32853 0.0996303 4.95044 
5.65 -0.12082 -5.86892 0.390969 0.114423 5.88417 
5.7 0.235176 -6.65375 0.443215 0.0705497 6.67327 
5.75 1.91349 -8.86655 0.561252 0.0677787 9.08805 
5.8 1.69289 -9.5378 0.607252 0.0851729 9.70655 
5.85 1.53907 -10.2996 0.660225 0.091606 10.4353 
5.9 2.57222 -13.0414 0.798952 0.0632331 13.3163 
5.95 3.77263 -13.8463 0.901989 0.0736844 14.3799 
6 2.91234 -11.7846 0.809483 0.151761 12.1669 
6.05 2.5207 -11.8216 0.819771 0.140127 12.1163 
6.1 1.99294 -11.4092 0.790833 0.0815972 11.6091 
6.15 2.36358 -12.4273 0.849738 0.0709765 12.6789 
6.2 1.84266 -11.2429 0.815061 0.0825754 11.4224 
6.25 2.04074 -12.5194 0.794948 0.0937957 12.7098 
6.3 1.22352 -11.6224 0.731093 0.0861143 11.71 
6.35 1.65368 -12.8523 0.810223 0.0919586 12.9839 
6.4 1.16014 -12.3361 0.788588 0.0908979 12.4161 
6.45 1.50288 -12.7795 0.768217 0.0812326 12.8908 
6.5 2.0944 -13.2969 0.796899 0.0940095 13.4847 
6.55 2.23948 -13.4873 0.809824 0.12286 13.6964 
6.6 1.82053 -12.9786 0.816179 0.151807 13.132 
6.65 2.38768 -13.7498 0.887327 0.143478 13.9846 
6.7 1.85332 -12.9725 0.819907 0.132644 13.1303 
6.75 0.961467 -12.7499 0.751331 0.146922 12.809 
6.8 1.37619 -14.2534 0.773895 0.137859 14.3412 
6.85 1.94852 -15.536 0.860352 0.121443 15.6818 
6.9 2.15113 -15.6621 0.851351 0.112495 15.8325 
6.95 1.96261 -15.3753 0.838529 0.140751 15.5233 
7 1.48049 -15.2229 0.770595 0.214559 15.3156 
7.05 1.18248 -15.0811 0.77854 0.274489 15.1499 
7.1 1.82503 -16.4661 0.849443 0.273246 16.591 
7.15 2.18828 -17.058 0.87104 0.279368 17.2221 
7.2 2.08113 -16.1652 0.82149 0.275536 16.3216 
7.25 1.30457 -16.6481 0.731515 0.332241 16.7184 
7.3 1.74952 -18.2968 0.790107 0.354934 18.4007 
7.35 2.61718 -20.158 0.825098 0.392861 20.3477 
7.4 2.04511 -18.4543 0.711541 0.477776 18.587 
7.45 2.06609 -16.7209 0.717319 0.492008 16.8705 
7.5 2.10497 -15.9749 0.748428 0.480014 16.1375 
7.55 2.17793 -13.6482 0.782128 0.447588 13.8503 
7.6 1.68306 -13.4948 0.742601 0.454091 13.6272 
7.65 1.99104 -13.0227 0.751891 0.433939 13.2026 
7.7 1.6962 -12.9795 0.706655 0.428318 13.1159 
7.75 0.952118 -12.7461 0.615979 0.408419 12.8029 
7.8 0.831532 -13.5736 0.555046 0.354109 13.615 
7.85 0.350874 -13.0231 0.483959 0.293214 13.0401 
7.9 0.912815 -14.8301 0.544261 0.249283 14.8703 
7.95 0.335457 -15.29 0.519527 0.258115 15.3047 
8 0.378138 -16.4483 0.525154 0.226222 16.4626 
8.05 -0.0390415 -16.1534 0.525874 0.215263 16.1635 
8.1 0.295942 -17.2105 0.577723 0.175672 17.2236 
8.15 0.333642 -16.8747 0.565274 0.163244 16.8883 
8.2 -0.164356 -16.921 0.536707 0.156032 16.931 
8.25 0.0295132 -16.7122 0.570211 0.157187 16.7227 
8.3 -0.0740726 -16.7063 0.575089 0.13773 16.717 
8.35 -0.82086 -16.3382 0.510441 0.158136 16.3676 
8.4 -2.23333 -14.0756 0.375394 0.18235 14.2579 
8.45 -2.52423 -14.1331 0.414173 0.157522 14.3637 
8.5 -1.17302 -15.3198 0.526913 0.103116 15.3741 
8.55 -1.25582 -16.3683 0.532599 0.109307 16.4252 
8.6 -2.08388 -15.0964 0.468364 0.19593 15.2481 
8.65 -0.781551 -18.4379 0.654748 0.229746 18.4675 
8.7 -0.933894 -17.7867 0.631133 0.167267 17.823 
8.75 -2.18879 -14.8759 0.465087 0.0870146 15.0435 
8.8 -1.09036 -16.7837 0.541569 0.0570754 16.8279 
8.85 -0.952841 -17.5634 0.637516 0.0251005 17.6008 
8.9 -1.12136 -17.817 0.616037 -0.0158241 17.8629 
8.95 -0.900786 -18.2571 0.642692 -0.0506637 18.2907 
9 -1.62979 -17.1477 0.568793 -0.0396497 17.2344 
9.05 -1.74505 -17.2171 0.602657 -0.0507521 17.3159 
9.1 -1.40628 -18.2488 0.630374 -0.0651324 18.3139 
9.15 -1.98344 -17.7713 0.579666 -0.0386912 17.8909 
9.2 -1.95667 -18.5962 0.607368 -0.0219105 18.7088 
9.25 -1.62045 -20.5375 0.712829 -0.0926351 20.6138 
9.3 -0.308714 -22.2647 0.905477 -0.0985055 22.2855 
9.35 0.307642 -23.532 1.01799 -0.0815247 23.5562 
9.4 0.524964 -22.9533 1.01875 -0.101858 22.9821 
9.45 0.509124 -23.6259 1.0075 -0.125716 23.6532 
9.5 1.20444 -25.3802 1.08365 -0.153848 25.4323 
9.55 1.93202 -27.2322 1.18483 -0.154108 27.3268 
9.6 1.70417 -27.1288 1.20253 -0.181393 27.2094 
9.65 1.13293 -25.2724 1.15902 -0.228227 25.3253 
9.7 0.356488 -25.8044 1.09996 -0.235508 25.8313 
9.75 0.71094 -25.917 1.13863 -0.222942 25.9527 
9.8 0.889905 -26.7495 1.16123 -0.207876 26.7903 
9.85 0.805792 -26.8253 1.15774 -0.195993 26.8631 
9.9 0.615713 -27.1199 1.14692 -0.20861 27.1519 
9.95 0.659277 -27.5886 1.1701 -0.192119 27.6221 
10 0.259932 -27.1247 1.17067 -0.18334 27.1518 
10.05 0.0571685 -27.2631 1.17196 -0.20898 27.2891 
10.1 0.927001 -28.435 1.29572 -0.209038 28.4804 
10.15 0.912109 -28.3832 1.33615 -0.161634 28.4298 
10.2 0.545731 -28.108 1.30875 -0.13106 28.1441 
10.25 0.155942 -27.092 1.33866 -0.166865 27.126 
10.3 0.419773 -28.5121 1.36338 -0.205588 28.5485 
10.35 0.605329 -29.4809 1.41378 -0.214 29.5219 
10.4 0.737593 -30.0223 1.42819 -0.178072 30.0659 
10.45 0.271109 -29.3938 1.41691 -0.165268 29.4296 
10.5 0.668435 -30.1737 1.46273 -0.182608 30.2171 
10.55 0.231093 -30.5332 1.47197 -0.178854 30.5701 
10.6 0.349945 -30.8268 1.48398 -0.187811 30.8651 
10.65 0.146804 -30.0727 1.49427 -0.202337 30.111 
10.7 0.047927 -29.264 1.59107 -0.222399 29.3081 
10.75 0.102396 -29.3515 1.64242 -0.203341 29.3983 
10.8 0.246385 -30.9413 1.61329 -0.123764 30.9846 
10.85 -0.0494654 -29.908 1.64646 -0.134905 29.9539 
10.9 -0.561867 -30.2862 1.58761 -0.117089 30.3332 
10.95 -0.233594 -30.7507 1.63546 -0.11258 30.7952 
11 -0.375974 -30.1015 1.63344 -0.160243 30.1485 
11.05 -0.952814 -29.2505 1.57397 -0.0920117 29.3084 
11.1 -1.16686 -29.5517 1.60437 -0.0475023 29.6183 
11.15 -0.835137 -30.4988 1.65035 -0.104337 30.555 
11.2 -0.812017 -31.2385 1.66864 -0.16941 31.2941 
11.25 -0.274429 -31.9131 1.72505 -0.143056 31.9613 
11.3 0.403529 -33.1397 1.81097 -0.0716122 33.1917 
11.35 0.3186 -33.34 1.84098 -0.0629694 33.3924 
11.4 -0.63225 -33.1529 1.80895 -0.099469 33.2086 
11.45 -0.660665 -33.0854 1.80441 -0.145162 33.1414 
11.5 -0.0851008 -34.5632 1.8729 -0.142051 34.6143 
11.55 0.363398 -35.8391 1.93708 -0.133008 35.8935 
11.6 0.919256 -37.1737 1.99159 -0.123356 37.2385 
11.65 1.07981 -37.5401 2.04746 -0.13491 37.6116 
11.7 0.927793 -37.8002 2.08765 -0.141806 37.8694 
11.75 1.38725 -39.8466 2.19357 -0.177029 39.9312 
11.8 2.58306 -40.2477 2.38448 -0.200701 40.4014 
11.85 0.995679 -33.0715 2.21147 -0.0486408 33.1603 
11.9 2.43997 -36.3176 2.35646 -0.070109 36.4755 
11.95 3.47439 -38.2526 2.52154 -0.133353 38.4929 
12 3.8877 -36.8214 2.56806 -0.124955 37.1152 
12.05 3.48243 -39.1657 2.53808 -0.0930779 39.4022 
12.1 2.76722 -39.2229 2.4873 -0.11409 39.3991 
12.15 1.91771 -39.3017 2.49974 -0.142069 39.428 
12.2 2.06232 -39.0836 2.55255 -0.163359 39.2215 
12.25 2.54665 -39.5627 2.51782 -0.160381 39.7248 
12.3 2.23013 -39.9598 2.41507 -0.157072 40.0951 
12.35 1.07806 -39.3177 2.34757 -0.114619 39.4026 
12.4 0.39125 -38.0548 2.32422 -0.112589 38.1278 
12.45 0.247129 -39.1046 2.35828 -0.160722 39.1768 
12.5 0.888984 -39.9079 2.58413 -0.179112 40.0018 
12.55 0.98226 -40.378 2.75683 -0.192249 40.4843 
12.6 1.02393 -41.1153 2.83571 -0.210347 41.2262 
12.65 0.737758 -40.0654 2.86355 -0.196369 40.1749 
12.7 0.727853 -38.8173 2.89807 -0.190017 38.9326 
12.75 0.0970704 -38.1581 2.82097 -0.142356 38.2626 
12.8 -0.256442 -37.4087 2.76421 -0.0876434 37.5116 
12.85 -0.500122 -37.3218 2.7733 -0.0949517 37.4282 
12.9 -0.138753 -37.1523 2.79588 -0.113165 37.2579 
12.95 -0.102286 -36.8084 2.77212 -0.126707 36.913 
13 -0.157282 -37.0921 2.75614 -0.137181 37.1949 
13.05 -0.383845 -36.9057 2.73428 -0.12437 37.009 
13.1 -0.654432 -37.0237 2.6974 -0.116814 37.1278 
13.15 -0.438683 -37.4495 2.75344 -0.152343 37.5535 
13.2 -0.209681 -37.5824 2.77551 -0.189658 37.6859 
13.25 -0.363286 -37.9746 2.75623 -0.157825 38.0766 
13.3 -0.476353 -37.7256 2.78934 -0.151307 37.8319 
13.35 -0.352395 -39.1284 2.8674 -0.182292 39.2353 
13.4 -0.259531 -39.4311 2.91912 -0.194274 39.5404 
13.45 -0.295186 -40.2689 2.9501 -0.203477 40.3783 
13.5 0.036166 -40.4328 2.99633 -0.186715 40.5442 
13.55 -0.104157 -40.7099 3.01934 -0.177718 40.8222 
13.6 -0.648417 -41.4239 2.98074 -0.164184 41.5364 
13.65 -0.495495 -41.3846 3.02295 -0.177841 41.4982 
13.7 -0.39612 -41.75 3.04254 -0.188871 41.863 
13.75 -0.544707 -42.4799 3.08371 -0.207623 42.5957 
13.8 -0.444901 -43.6996 3.13166 -0.216269 43.8144 
13.85 0.044368 -43.8881 3.20017 -0.20085 44.0051 
13.9 0.0840346 -44.6878 3.21867 -0.196004 44.8041 
13.95 -0.229314 -44.632 3.24515 -0.202304 44.7509 
14 -0.48242 -44.8129 3.27261 -0.213001 44.9353 
14.05 -0.753474 -44.9991 3.31342 -0.231694 45.1279 
14.1 -0.564014 -45.9298 3.34035 -0.247639 46.0553 
14.15 -0.481729 -46.8031 3.38546 -0.247177 46.9285 
14.2 -0.406412 -47.0784 3.42521 -0.233937 47.2052 
14.25 -0.499231 -48.3128 3.48187 -0.254306 48.4414 
14.3 0.0620944 -49.0139 3.65312 -0.296543 49.1508 
14.35 -0.218463 -50.4594 3.65785 -0.288267 50.5931 
14.4 -0.379876 -50.1348 3.71819 -0.267757 50.2746 
14.45 -0.869261 -50.3221 3.6863 -0.263295 50.4651 
14.5 -0.731992 -50.1525 3.69439 -0.248296 50.2943 
14.55 -1.07574 -50.5587 3.67433 -0.243769 50.7041 
14.6 -1.01655 -50.7056 3.74691 -0.263118 50.8546 
14.65 -1.23538 -50.6658 3.749 -0.269124 50.82 
14.7 -1.53273 -50.8279 3.74605 -0.276326 50.9895 
14.75 -1.4985 -51.1527 3.79849 -0.283264 51.3162 
14.8 -1.69652 -51.2323 3.81262 -0.275421 51.4027 
14.85 -2.28464 -51.2911 3.78478 -0.272231 51.482 
14.9 -2.5127 -51.9926 3.77452 -0.245433 52.1905 
14.95 -3.25098 -52.364 3.74168 -0.235653 52.5986 
15 -3.21277 -52.1735 3.80219 -0.248722 52.411 
15.05 -3.19019 -51.7649 3.84432 -0.265814 52.0061 
15.1 -3.27625 -52.5446 3.82193 -0.271969 52.7858 
15.15 -2.46604 -51.795 3.8197 -0.280417 51.9949 
15.2 -2.22238 -51.8666 3.81593 -0.266871 52.055 
15.25 -3.21342 -52.0053 3.75449 -0.271346 52.2403 
15.3 -2.63226 -51.5694 3.74111 -0.281084 51.7726 
15.35 -2.42711 -51.0851 3.7634 -0.285407 51.2818 
15.4 -2.22082 -51.5316 3.77893 -0.317244 51.7187 
15.45 -1.97877 -51.0037 3.76357 -0.315547 51.1816 
15.5 -2.35429 -50.5693 3.74498 -0.309181 50.7633 
15.55 -2.04823 -50.5721 3.71002 -0.313299 50.7503 
15.6 -2.15946 -50.4717 3.69939 -0.307581 50.6541 
15.65 -2.54464 -51.1054 3.71834 -0.314334 51.3046 
15.7 -2.19315 -51.1939 3.74016 -0.328356 51.3782 
15.75 -2.54022 -50.9095 3.69575 -0.310855 51.1076 
15.8 -2.80808 -51.1522 3.67189 -0.31035 51.3615 
15.85 -2.67757 -50.8935 3.68401 -0.324766 51.0979 
15.9 -3.02207 -51.3359 3.68314 -0.32616 51.5575 
15.95 -2.99568 -50.8794 3.66993 -0.329707 51.1005 
16 -2.94822 -51.0439 3.64159 -0.312513 51.2594 
16.05 -3.15048 -50.8347 3.63785 -0.297151 51.0628 
16.1 -3.04259 -50.7331 3.63457 -0.304542 50.9549 
16.15 -3.06114 -50.4465 3.62066 -0.31068 50.6698 
16.2 -3.13813 -50.4314 3.61113 -0.306295 50.6588 
16.25 -3.03966 -50.2812 3.61771 -0.296476 50.5036 
16.3 -3.09226 -50.6697 3.61285 -0.289527 50.8932 
16.35 -3.43491 -51.2357 3.58556 -0.300762 51.4766 
16.4 -3.61444 -51.7565 3.59862 -0.288077 52.008 
16.45 -3.35371 -51.1332 3.63647 -0.285169 51.3727 
16.5 -3.18732 -50.7878 3.65492 -0.271769 51.0196 
16.55 -3.29312 -49.7064 3.63385 -0.262934 49.9485 
16.6 -3.20022 -49.3492 3.57902 -0.276944 49.583 
16.65 -3.34831 -48.6121 3.53825 -0.267676 48.8563 
16.7 -3.61338 -48.7964 3.49385 -0.220261 49.055 
16.75 -3.86948 -48.672 3.50001 -0.20564 48.9513 
16.8 -3.68899 -49.133 3.5311 -0.213718 49.3981 
16.85 -3.53618 -49.1317 3.54939 -0.239526 49.3871 
16.9 -3.57732 -48.9464 3.56007 -0.265193 49.2066 
16.95 -3.45274 -49.0602 3.57686 -0.271063 49.3122 
17 -3.63347 -49.0304 3.5589 -0.282998 49.2943 
17.05 -3.66195 -48.9251 3.55235 -0.286816 49.1912 
17.1 -3.75213 -49.4672 3.56783 -0.284846 49.7383 
17.15 -3.84465 -49.7798 3.6125 -0.29947 50.0595 
17.2 -3.77822 -50.0175 3.63556 -0.302224 50.2925 
17.25 -3.8639 -50.0689 3.62141 -0.315478 50.3492 
17.3 -3.94699 -50.2826 3.58733 -0.314076 50.5656 
17.35 -4.11672 -50.7795 3.56842 -0.309594 51.0718 
17.4 -4.16975 -51.2899 3.59179 -0.313186 51.5852 
17.45 -4.15794 -51.7078 3.62274 -0.316815 52.0021 
17.5 -4.32321 -51.5865 3.61411 -0.308715 51.8942 
17.55 -4.17406 -51.2537 3.60615 -0.317697 51.5507 
17.6 -4.32143 -51.2439 3.5949 -0.324173 51.5523 
17.65 -4.38812 -50.0713 3.58231 -0.335685 50.3919 
17.7 -4.36833 -50.2667 3.56669 -0.335442 50.5832 
17.75 -4.44582 -50.2077 3.56593 -0.331938 50.5312 
17.8 -4.56743 -50.7116 3.57223 -0.307772 51.0429 
17.85 -4.57976 -50.3307 3.55176 -0.296288 50.6641 
17.9 -4.52644 -50.3201 3.54866 -0.292189 50.6486 
17.95 -4.88216 -50.516 3.55735 -0.324214 50.8769 
18 -4.39781 -49.7688 3.56945 -0.387759 50.0915 
18.05 -4.27909 -49.4663 3.55742 -0.395006 49.7799 
18.1 -4.51547 -49.9494 3.54453 -0.382548 50.2797 
18.15 -4.21198 -50.0564 3.54625 -0.378825 50.3598 
18.2 -4.52031 -50.0231 3.54459 -0.363487 50.3531 
18.25 -4.54516 -50.4713 3.53704 -0.362066 50.8001 
18.3 -5.02168 -49.5994 3.51851 -0.386756 49.9784 
18.35 -5.25515 -48.5385 3.3258 -0.399034 48.9369 
18.4 -5.51501 -47.5867 3.05361 -0.406961 48.0041 
18.45 -6.0608 -46.7269 2.83543 -0.415349 47.2055 
18.5 -6.51536 -45.6901 2.66351 -0.41335 46.2309 
18.55 -6.62846 -44.8181 2.51899 -0.429954 45.3776 
18.6 -6.37208 -43.7387 2.44653 -0.429198 44.2701 
18.65 -6.77263 -43.7281 2.35649 -0.417843 44.3141 
18.7 -6.45007 -42.5495 2.33996 -0.41975 43.1013 
18.75 -6.58141 -41.3005 2.31451 -0.407917 41.8876 
18.8 -6.52371 -40.3467 2.2421 -0.378037 40.9339 
18.85 -6.56743 -39.3871 2.17624 -0.348587 39.9917 
18.9 -7.32696 -39.0671 2.08316 -0.324028 39.804 
18.95 -7.67957 -38.4565 2.02007 -0.284811 39.269 
19 -7.87598 -37.9297 1.95378 -0.277995 38.789 
19.05 -7.70058 -37.0081 1.92765 -0.233268 37.8506 
19.1 -8.41591 -35.1832 1.86902 -0.164991 36.2244 
19.15 -8.15767 -35.4217 1.8166 -0.167664 36.3947 
19.2 -7.95183 -34.3017 1.77217 -0.205226 35.2565 
19.25 -7.7037 -34.9819 1.77217 -0.207892 35.8645 
19.3 -7.85537 -34.5165 1.71459 -0.198212 35.4411 
19.35 -7.84677 -34.2144 1.65547 -0.209521 35.1423 
19.4 -7.63638 -34.3554 1.60446 -0.202376 35.231 
19.45 -7.71982 -34.0207 1.55082 -0.189807 34.9205 
19.5 -7.47441 -33.8276 1.55057 -0.193286 34.6788 
19.55 -7.93679 -33.7834 1.49413 -0.202149 34.7359 
19.6 -7.469 -33.6576 1.47657 -0.201919 34.5086 
19.65 -7.41598 -33.4132 1.43606 -0.193201 34.257 
19.7 -6.98981 -33.4693 1.44938 -0.20157 34.2228 
19.75 -7.15414 -32.6833 1.45043 -0.170132 33.489 
19.8 -6.95152 -32.4874 1.37692 -0.166321 33.2518 
19.85 -6.63471 -33.059 1.39864 -0.180022 33.7476 
19.9 -6.78628 -32.1926 1.34851 -0.166165 32.9281 
19.95 -6.67407 -33.131 1.33013 -0.159999 33.8232 
20 -6.72015 -33.2054 1.27937 -0.18211 33.9032 
20.05 -6.30647 -32.9237 1.2687 -0.18626 33.5466 
20.1 -5.85848 -32.7194 1.29195 -0.162832 33.2651 
20.15 -6.98934 -32.2572 1.18404 -0.174698 33.0273 
20.2 -6.27078 -31.4992 1.18568 -0.166063 32.1398 
20.25 -6.56675 -31.9623 1.145 -0.162157 32.6503 
20.3 -6.18366 -31.2255 1.11749 -0.18298 31.8523 
20.35 -5.49454 -31.9689 1.14666 -0.178367 32.4583 
20.4 -6.05771 -31.1201 1.0934 -0.167014 31.7235 
20.45 -6.00291 -30.7735 1.05844 -0.163377 31.3719 
20.5 -6.14193 -30.8691 1.01724 -0.176124 31.4912 
20.55 -5.40075 -30.3183 1.02931 -0.178185 30.8133 
20.6 -5.13144 -30.3822 1.03424 -0.164769 30.8303 
20.65 -6.05322 -29.6724 0.961454 -0.15756 30.2992 
20.7 -6.00601 -27.9533 0.919175 -0.141465 28.6063 
20.75 -5.67592 -28.6725 0.906539 -0.138055 29.2432 
20.8 -5.96216 -28.2894 0.87376 -0.151272 28.9245 
20.85 -5.76518 -27.462 0.825558 -0.129182 28.073 
20.9 -5.48728 -27.5004 0.808385 -0.125288 28.0545 
20.95 -5.19662 -27.5272 0.796472 -0.135813 28.025 
21 -5.25684 -27.0346 0.787772 -0.137831 27.5526 
21.05 -5.37513 -26.908 0.78426 -0.135933 27.4511 
21.1 -5.44907 -27.0186 0.779749 -0.153239 27.5741 
21.15 -4.58533 -26.4614 0.804304 -0.160941 26.8682 
21.2 -4.70714 -26.1864 0.779776 -0.161952 26.618 
21.25 -4.81342 -26.3692 0.744033 -0.154283 26.8157 
21.3 -4.63037 -25.502 0.718278 -0.140903 25.9293 
21.35 -4.30829 -26.0305 0.752646 -0.137019 26.3957 
21.4 -4.19861 -25.9296 0.778605 -0.12282 26.2792 
21.45 -4.32433 -26.1642 0.761245 -0.135118 26.5304 
21.5 -3.8862 -24.8597 0.762033 -0.149696 25.1735 
21.55 -3.71807 -24.5568 0.737014 -0.147009 24.848 
21.6 -3.72822 -24.6712 0.680726 -0.158066 24.9611 
21.65 -3.64387 -24.2759 0.668417 -0.151895 24.5575 
21.7 -3.67607 -23.4769 0.666081 -0.135867 23.7727 
21.75 -3.71256 -23.9538 0.680855 -0.158331 24.2498 
21.8 -3.62506 -24.3041 0.704155 -0.175643 24.5835 
21.85 -2.83193 -24.62 0.767007 -0.177016 24.7949 
21.9 -3.29066 -23.486 0.698243 -0.168992 23.7264 
21.95 -3.00326 -23.5434 0.665486 -0.164699 23.744 
22 -3.33466 -23.1701 0.621065 -0.166438 23.4177 
22.05 -3.22123 -23.0399 0.582467 -0.185261 23.2719 
22.1 -2.97142 -23.4621 0.569888 -0.181236 23.6571 
22.15 -2.93222 -23.7334 0.538479 -0.190086 23.9207 
22.2 -3.00801 -22.555 0.519849 -0.178222 22.7614 
22.25 -3.25238 -21.5171 0.469566 -0.156332 21.7671 
22.3 -2.69306 -22.5647 0.478839 -0.173406 22.7306 
22.35 -2.56925 -22.5205 0.514137 -0.1825 22.6732 
22.4 -2.56826 -21.6707 0.53445 -0.189034 21.8297 
22.45 -2.47505 -21.6187 0.54088 -0.191089 21.7675 
22.5 -2.36547 -20.8241 0.539472 -0.202257 20.966 
22.55 -2.22452 -20.8074 0.491703 -0.199444 20.9327 
22.6 -1.78825 -21.5962 0.48229 -0.213989 21.6766 
22.65 -1.9774 -21.9916 0.46132 -0.208568 22.0861 
22.7 -1.96194 -22.0264 0.438514 -0.207956 22.119 
22.75 -2.08873 -21.9786 0.391205 -0.208826 22.0821 
22.8 -1.39443 -21.8839 0.413361 -0.216524 21.9333 
22.85 -1.31173 -21.1484 0.410332 -0.212814 21.1941 
22.9 -1.26397 -21.4974 0.425662 -0.227901 21.54 
22.95 -1.477 -21.144 0.416887 -0.24278 21.201 
23 -1.47942 -20.1162 0.395044 -0.227847 20.1757 
23.05 -1.21859 -20.2686 0.382125 -0.212165 20.3099 
23.1 -0.842318 -20.7974 0.388455 -0.22011 20.8193 
23.15 -0.810023 -20.7591 0.359905 -0.21928 20.7792 
23.2 -1.05746 -20.3874 0.314706 -0.207556 20.4183 
23.25 -1.02242 -19.9252 0.307759 -0.200356 19.9548 
23.3 -0.944552 -19.5444 0.291713 -0.195809 19.5704 
23.35 -0.331456 -19.6029 0.323471 -0.188454 19.6093 
23.4 -0.340092 -20.2421 0.325093 -0.206748 20.2486 
23.45 0.056992 -19.5722 0.328601 -0.224278 19.5763 
23.5 -0.481881 -18.782 0.30326 -0.207128 18.7918 
23.55 -0.377217 -18.4106 0.290915 -0.204353 18.4179 
23.6 -0.0756093 -18.0555 0.288869 -0.201192 18.0591 
23.65 0.109945 -18.1291 0.291878 -0.188034 18.1328 
23.7 -0.00359778 -17.7074 0.278881 -0.195364 17.7107 
23.75 0.343032 -17.6636 0.267637 -0.199669 17.6701 
23.8 0.16965 -17.2669 0.281293 -0.226664 17.2716 
23.85 -0.117874 -16.6674 0.268063 -0.218109 16.6714 
23.9 0.219963 -15.8584 0.242443 -0.19783 15.863 
23.95 0.604288 -15.9808 0.229247 -0.199541 15.9951 
24 0.594452 -15.8407 0.208253 -0.194457 15.8544 
24.05 0.17065 -15.8074 0.175061 -0.175609 15.8103 
24.1 0.357989 -15.4505 0.180732 -0.174349 15.4567 
24.15 0.378226 -15.5374 0.161261 -0.182833 15.544 
24.2 1.4109 -15.5858 0.205418 -0.186352 15.6519 
24.25 0.79608 -15.0519 0.17244 -0.176763 15.0748 
24.3 0.843582 -13.9779 0.170879 -0.192713 14.0058 
24.35 0.655767 -13.6631 0.156731 -0.182736 13.681 
24.4 0.964118 -13.2735 0.160824 -0.173316 13.3106 
24.45 1.02962 -13.217 0.167192 -0.173011 13.2593 
24.5 1.15575 -12.7527 0.153761 -0.176951 12.8071 
24.55 1.07306 -12.9243 0.132012 -0.161689 12.9705 
24.6 1.02957 -12.9751 0.130038 -0.164937 13.0176 
24.65 1.20004 -12.6022 0.147023 -0.163613 12.6611 
24.7 0.988081 -11.9301 0.126581 -0.147629 11.9724 
24.75 0.741858 -11.2225 0.0716253 -0.13619 11.2481 
24.8 1.11124 -12.1762 0.0699258 -0.132963 12.2277 
24.85 0.986792 -12.27 0.0420099 -0.122945 12.3104 
24.9 1.17382 -12.1753 0.066323 -0.126158 12.2327 
24.95 0.712554 -11.1428 0.0269881 -0.106072 11.1661 
25 0.939763 -11.3626 0.0199813 -0.10737 11.4019 
25.05 1.21311 -11.3884 0.0382634 -0.135686 11.4537 
25.1 1.30068 -11.4235 0.0309266 -0.136089 11.4983 
25.15 1.56596 -11.6814 0.0460626 -0.116805 11.7866 
25.2 1.48643 -10.8163 -0.00624943 -0.103604 10.919 
25.25 2.00497 -11.767 0.00719953 -0.105138 11.9371 
25.3 1.1386 -10.5765 -0.0442017 -0.0927616 10.638 
25.35 1.70239 -10.3858 -0.0179225 -0.0777363 10.5247 
25.4 1.71388 -9.50739 -0.0335792 -0.0818552 9.66106 
25.45 1.99792 -9.7265 -0.0228355 -0.0981744 9.93026 
25.5 1.78672 -9.01301 -0.0484107 -0.0989449 9.18922 
25.55 2.16713 -9.40565 -0.00719985 -0.105496 9.65263 
25.6 2.11561 -9.06812 -0.000864258 -0.110288 9.31228 
25.65 2.07164 -8.66689 -0.0231496 -0.0909746 8.91177 
25.7 2.36412 -9.65848 -0.0100993 -0.103466 9.94416 
25.75 2.25759 -7.96773 -0.026474 -0.110952 8.28242 
25.8 2.22294 -7.77001 -0.0605693 -0.0867531 8.08244 
25.85 2.1726 -7.54017 -0.0939614 -0.0795698 7.84798 
25.9 2.27731 -7.003 -0.0919252 -0.0804376 7.36508 
25.95 2.18693 -6.50683 -0.094141 -0.070086 6.86545 
26 2.3903 -6.26239 -0.0795143 -0.0743907 6.70375 
26.05 2.10227 -5.46407 -0.10782 -0.070899 5.85591 
26.1 2.34091 -5.15569 -0.0921954 -0.0691832 5.66349 
26.15 1.79444 -4.31276 -0.127906 -0.0638906 4.67324 
26.2 2.20349 -4.33563 -0.111517 -0.0799186 4.86509 
26.25 2.34407 -4.30197 -0.130191 -0.0595098 4.90163 
26.3 2.22943 -3.78259 -0.138726 -0.0602617 4.39322 
26.35 2.47676 -4.53954 -0.110303 -0.0799487 5.17293 
26.4 2.32804 -3.55394 -0.103106 -0.0872867 4.25055 
26.45 2.36836 -3.35733 -0.1065 -0.0734443 4.11063 
26.5 2.14083 -2.55625 -0.16275 -0.0494458 3.34044 
26.55 2.2497 -2.35059 -0.168572 -0.04053 3.25835 
26.6 2.13998 -1.89213 -0.191205 -0.0287032 2.86259 
26.65 1.84338 -1.60446 -0.225105 -0.0177874 2.45344 
26.7 2.35782 -2.01609 -0.176155 -0.039477 3.10603 
26.75 2.10725 -0.943227 -0.189816 -0.040422 2.31918 
26.8 1.80033 -0.212517 -0.245726 -0.0195465 1.82809 
26.85 1.97682 -0.0552872 -0.255696 -0.012951 1.99387 
26.9 1.88412 0.269893 -0.282337 -0.00857774 1.92509 
26.95 1.77339 0.471784 -0.302115 7.12914e-05 1.85975 
27 1.6894 0.912283 -0.320282 0.0125083 1.95091 
27.05 1.16338 1.81011 -0.369711 0.0238106 2.18434 
27.1 1.0755 2.20618 -0.378894 0.0286628 2.48341 
27.15 0.956649 2.45302 -0.400765 0.0386371 2.66351 
27.2 1.19192 2.45177 -0.408853 0.0381895 2.75704 
27.25 1.13128 3.08439 -0.42173 0.040883 3.31459 
27.3 0.821547 4.2824 -0.448834 0.0465068 4.38393 
27.35 0.463153 4.38764 -0.504157 0.0699297 4.44129 
27.4 0.20638 4.93099 -0.527937 0.06177 4.96435 
27.45 0.0364974 5.45086 -0.554865 0.0716095 5.47966 
27.5 0.0119358 5.89383 -0.562835 0.0829722 5.9212 
27.55 0.366503 5.50475 -0.540967 0.0739934 5.54402 
27.6 0.371254 5.62653 -0.539112 0.069017 5.6648 
27.65 0.450466 5.62998 -0.521142 0.0549063 5.6722 
27.7 0.79821 5.68561 -0.483135 0.0396694 5.76155 
27.75 1.19161 5.36835 -0.471839 0.0415326 5.51916 
27.8 0.635895 6.95698 -0.524516 0.053956 7.00577 
27.85 0.792933 6.80459 -0.514922 0.0615866 6.87032 
27.9 1.17492 6.67582 -0.48685 0.0452933 6.79592 
27.95 0.781414 7.52716 -0.528368 0.0512416 7.58628 
28 1.21378 7.36425 -0.50913 0.0403808 7.48126 
28.05 2.4574 5.96023 -0.38512 0.0267785 6.4581 
28.1 2.0142 5.60278 -0.372085 0.0367171 5.96616 
28.15 1.68858 5.88256 -0.388977 0.0376577 6.13239 
28.2 2.48438 4.85054 -0.338512 0.0309792 5.46002 
28.25 1.53139 5.60107 -0.396834 0.0572765 5.82049 
28.3 1.35296 6.1854 -0.404826 0.0577888 6.34473 
28.35 2.20109 4.84603 -0.340613 0.0408347 5.33342 
28.4 1.65697 5.52823 -0.365683 0.0477302 5.78277 
28.45 1.69278 5.77223 -0.391121 0.0519038 6.02793 
28.5 2.29635 4.71742 -0.333005 0.0359581 5.25725 
28.55 2.4776 4.31611 -0.287026 0.0219317 4.98497 
28.6 2.66121 3.85196 -0.265178 0.0187162 4.68965 
28.65 3.16359 3.28644 -0.216354 0.00654373 4.56672 
28.7 3.45336 3.00862 -0.180456 -0.00401544 4.58329 
28.75 3.72938 2.42391 -0.149904 -0.0101787 4.45039 
28.8 3.82534 2.32229 -0.131662 -0.00569319 4.47696 
28.85 3.73961 2.28278 -0.128103 -0.00904599 4.38321 
28.9 3.658 2.538 -0.143533 -0.00358288 4.45465 
28.95 3.63548 2.75674 -0.157381 0.00633095 4.56522 
29 3.41132 3.06513 -0.173122 0.0129238 4.58933 
29.05 3.2273 3.30547 -0.178506 0.0172814 4.62313 
29.1 3.41508 2.92572 -0.138243 0.00546587 4.49932 
29.15 3.46341 2.88625 -0.137008 0.00343563 4.51027 
29.2 3.68277 2.2604 -0.135827 0.00222355 4.32308 
29.25 3.9141 1.67581 -0.121073 -0.00547558 4.25941 
29.3 3.62996 1.56568 -0.113529 -0.00476826 3.95493 
29.35 3.67752 1.01025 -0.103054 -0.00519094 3.81537 
29.4 3.56774 1.41106 -0.145603 0.011385 3.83904 
29.45 2.8894 2.61986 -0.197269 0.0247056 3.90508 
29.5 2.6198 2.96212 -0.227093 0.0329404 3.96108 
29.55 2.28258 3.59188 -0.251283 0.0625557 4.26409 
29.6 1.99027 3.53311 -0.272353 0.0807551 4.06494 
29.65 2.50814 3.18527 -0.27026 0.0868529 4.06416 
29.7 2.29242 3.80855 -0.291957 0.094917 4.45545 
29.75 2.04971 4.55447 -0.315721 0.0855574 5.00503 
29.8 2.28465 4.06216 -0.296977 0.0713654 4.67083 
29.85 1.79397 4.42912 -0.295512 0.083434 4.78871 
29.9 1.19996 4.51894 -0.336036 0.113821 4.68894 
29.95 2.00659 3.15219 -0.282961 0.106528 3.74886 
30 2.33309 2.65547 -0.239611 0.0885652 3.54401 
30.05 2.3885 2.40153 -0.25046 0.0804503 3.39739 
30.1 2.71403 1.89622 -0.243773 0.07506 3.32034 
30.15 2.06663 2.22727 -0.29283 0.0978411 3.05408 
30.2 1.93306 2.30575 -0.285281 0.100356 3.024 
30.25 2.57287 1.75435 -0.234375 0.0815033 3.12398 
30.3 2.64611 1.72835 -0.216557 0.0700832 3.16857 
30.35 2.50712 2.23566 -0.213354 0.0563376 3.36638 
30.4 2.64847 1.86648 -0.208345 0.0491922 3.24718 
30.45 2.47739 1.74167 -0.197235 0.0554073 3.03527 
30.5 2.51062 1.06254 -0.172914 0.0590956 2.73252 
30.55 2.98602 0.12622 -0.130591 0.0438407 2.99204 
30.6 2.88557 0.30312 -0.144751 0.0394484 2.90527 
30.65 2.94168 0.130778 -0.152214 0.0359642 2.94862 
30.7 3.2324 -0.317623 -0.140947 0.0284595 3.25119 
30.75 3.05066 -0.118309 -0.15422 0.0366435 3.05704 
30.8 3.11464 -0.208731 -0.143564 0.034994 3.12513 
30.85 3.16392 -0.226467 -0.108674 0.0247989 3.17394 
30.9 3.09786 -0.116035 -0.0858582 0.0143578 3.10125 
30.95 3.18481 -0.0126004 -0.071662 -0.00170017 3.18564 
