0 0 0 0 0 0 
0.05 0.408711 -1.34772 0.0403844 0.00491918 1.4089 
0.1 0.563404 -2.17268 0.0473393 0.0202961 2.24513 
0.15 0.424956 -0.716726 0.0434585 0.0167244 0.834261 
0.2 -0.0800432 -0.29951 0.0133232 0.00973155 0.310425 
0.25 0.106066 -0.388634 0.0136012 0.00156218 0.403124 
0.3 0.155042 -0.436312 0.0198211 0.0137612 0.463613 
0.35 0.160695 -0.839358 0.0153252 0.0199903 0.854948 
0.4 0.502844 -1.49337 0.0184429 0.0182206 1.57597 
0.45 0.339904 -1.53798 0.0420744 0.0148132 1.57576 
0.5 0.417981 -1.8553 0.0534796 0.0144119 1.90259 
0.55 0.736992 -2.73217 0.0685624 0.00923012 2.8307 
0.6 0.80867 -3.68342 0.0947531 0.0130303 3.77235 
0.65 0.866646 -3.62207 0.114171 0.0173057 3.72609 
0.7 0.715297 -3.5861 0.0967058 0.0265789 3.65808 
0.75 0.702075 -3.49599 0.0726921 0.0362121 3.56677 
0.8 0.908519 -3.07016 0.0821419 0.0209815 3.20288 
0.85 0.396984 -1.24328 0.0578576 0.0129627 1.30644 
0.9 0.281824 -0.433891 0.044477 0.0106217 0.518995 
0.95 0.198992 0.280891 0.0506671 0.0105209 0.337152 
1 -0.0631717 0.544299 0.0669122 0.0167266 0.552238 
1.05 0.0313452 0.664871 0.0764114 0.0144793 0.670134 
1.1 0.0105168 0.61099 0.0676903 0.0150287 0.61502 
1.15 0.127809 -0.0376957 0.07587 0.0112557 0.149765 
1.2 0.382359 -0.910498 0.0916599 0.0116386 0.991752 
1.25 0.636906 -2.07338 0.0835998 0.0182745 2.17061 
1.3 0.854843 -3.24081 0.0958977 0.0217608 3.35309 
1.35 1.07232 -4.19953 0.146961 0.0299005 4.33689 
1.4 1.11119 -5.28593 0.185469 0.0307816 5.40479 
1.45 1.29227 -4.86054 0.198674 0.0221644 5.0333 
1.5 1.25922 -5.31956 0.1929 0.017555 5.46999 
1.55 1.02348 -4.81027 0.179175 0.0105551 4.92125 
1.6 1.16511 -5.99101 0.213313 -0.00419998 6.10698 
1.65 1.29506 -6.44485 0.263193 -0.01957 6.579 
1.7 1.57899 -7.68572 0.33334 -0.0350174 7.85339 
1.75 1.77828 -8.2927 0.378424 -0.0559349 8.48983 
1.8 1.82013 -8.29721 0.382769 -0.0638358 8.50351 
1.85 1.95766 -8.85735 0.36735 -0.0591371 9.07873 
1.9 1.66476 -8.13671 0.330851 -0.0446876 8.31192 
1.95 1.49547 -7.96717 0.295455 -0.0309597 8.11175 
2 1.61997 -8.05178 0.312677 -0.0181057 8.21914 
2.05 1.79233 -8.47969 0.3684 -0.0167518 8.67489 
2.1 1.41353 -7.48682 0.367099 -0.0228198 7.628 
2.15 1.29917 -6.71095 0.340175 -0.0388788 6.84411 
2.2 1.16654 -6.21946 0.314138 -0.0400933 6.33578 
2.25 1.12241 -5.97703 0.296151 -0.0382042 6.08883 
2.3 1.27024 -6.69326 0.309212 -0.0418688 6.81988 
2.35 1.58205 -7.72411 0.365434 -0.0481782 7.89307 
2.4 2.20018 -10.2512 0.497998 -0.108774 10.497 
2.45 2.52043 -11.4266 0.544935 -0.133552 11.7147 
2.5 2.17819 -10.321 0.513343 -0.114626 10.5615 
2.55 1.9773 -9.65488 0.478621 -0.0817331 9.86731 
2.6 1.97439 -8.35429 0.476447 -0.0620389 8.59788 
2.65 1.52417 -7.1209 0.407341 -0.0493062 7.29373 
2.7 1.54648 -7.30136 0.350561 -0.0524677 7.47173 
2.75 1.39691 -6.30856 0.311154 -0.0311991 6.46892 
2.8 1.23346 -6.36275 0.309473 -0.0106825 6.48861 
2.85 1.36834 -5.4077 0.337262 -0.0211847 5.58819 
2.9 1.32783 -5.36629 0.361293 -0.0159573 5.53995 
2.95 1.1519 -4.10841 0.324168 0.000504887 4.27921 
3 0.965518 -3.18085 0.223764 0.0105062 3.33171 
3.05 0.485448 -2.48908 0.147267 0.0110286 2.54023 
3.1 0.394325 -1.67978 0.152078 0.0114559 1.73311 
3.15 0.643869 -2.57028 0.210663 0.00607259 2.65812 
3.2 0.978789 -3.67743 0.270008 0.0180408 3.81506 
3.25 1.04309 -3.83312 0.306841 0.0209272 3.98445 
3.3 0.945441 -4.10725 0.318598 0.00280429 4.22668 
3.35 1.0235 -4.215 0.329727 0.00119751 4.35003 
3.4 1.28573 -5.34659 0.340849 0.00424302 5.5097 
3.45 1.34832 -6.22259 0.326053 0.00482225 6.37536 
3.5 1.36556 -6.43218 0.31541 0.00233355 6.58307 
3.55 1.43054 -6.66672 0.327565 -0.0157703 6.82636 
3.6 1.52732 -7.20132 0.339048 -0.0294595 7.36937 
3.65 1.61993 -7.91602 0.346984 -0.0276814 8.08761 
3.7 0.499039 -6.63579 0.25053 -9.71485e-05 6.65894 
3.75 -0.592444 -5.3937 0.178446 0.0224616 5.42886 
3.8 0.0854596 -6.93694 0.227488 0.00402027 6.94134 
3.85 0.544332 -6.76278 0.266898 -0.00918756 6.78993 
3.9 0.187709 -5.98623 0.258036 -0.0216199 5.99479 
3.95 0.711678 -6.323 0.256859 -0.0483427 6.36831 
4 1.07719 -6.75781 0.297282 -0.0489599 6.84972 
4.05 0.709149 -5.63292 0.310586 -0.0440495 5.68598 
4.1 0.965613 -5.42885 0.293793 -0.0538122 5.52269 
4.15 1.17582 -6.24595 0.291993 -0.0464746 6.36257 
4.2 1.26331 -6.54649 0.292195 -0.0148331 6.67374 
4.25 1.39398 -7.38873 0.295056 -0.00777567 7.52489 
4.3 1.41186 -7.40305 0.278591 -0.0222518 7.54168 
4.35 1.41041 -7.07437 0.263333 -0.0244622 7.21845 
4.4 1.32038 -6.22058 0.269189 -0.0283905 6.36495 
4.45 1.24929 -6.04152 0.253653 -0.0340877 6.17464 
4.5 1.17968 -5.76339 0.257331 -0.0381712 5.8888 
4.55 1.29987 -6.40696 0.289764 -0.0347021 6.544 
4.6 1.47428 -7.17808 0.319538 -0.0304842 7.335 
4.65 1.10308 -6.56381 0.29107 -0.0335862 6.66224 
4.7 1.12708 -6.93623 0.293121 -0.0369406 7.03356 
4.75 1.44185 -7.60443 0.321046 -0.0491443 7.7467 
4.8 1.43445 -7.45707 0.355477 -0.0672119 7.60237 
4.85 1.26322 -6.92397 0.334655 -0.0684653 7.04653 
4.9 1.47829 -7.40867 0.326518 -0.0605298 7.56204 
4.95 1.66746 -7.63598 0.356912 -0.0620133 7.82426 
5 1.70271 -6.56934 0.375167 -0.0704371 6.79712 
5.05 2.04251 -6.99774 0.35462 -0.0632654 7.29859 
5.1 2.85885 -8.08965 0.360459 -0.0380052 8.58769 
5.15 2.66077 -9.28735 0.478356 0.000142152 9.67269 
5.2 2.02671 -9.83927 0.520553 -0.00465866 10.0591 
5.25 3.06183 -10.881 0.619786 -0.040931 11.3209 
5.3 3.18299 -10.6759 0.680572 -0.0427196 11.1612 
5.35 3.10934 -10.9272 0.718724 -0.0196561 11.3837 
5.4 2.64883 -11.6908 0.707578 0.00507021 12.0079 
5.45 2.53018 -11.6659 0.699228 0.0185624 11.9577 
5.5 2.62509 -10.2072 0.702436 0.0330669 10.5628 
5.55 2.28327 -9.27685 0.668171 0.0440279 9.57709 
5.6 1.9889 -8.30174 0.619715 0.055526 8.55939 
5.65 0.875112 -6.30063 0.518511 0.0967804 6.38228 
5.7 0.500481 -6.09952 0.475043 0.118754 6.14037 
5.75 0.386903 -7.35658 0.460055 0.145752 7.38134 
5.8 -1.4082 -5.2454 0.354125 0.192854 5.44598 
5.85 -1.98688 -5.86365 0.316191 0.211139 6.20298 
5.9 -2.00146 -6.31185 0.325707 0.225344 6.63343 
5.95 -2.09473 -6.05361 0.314078 0.241758 6.41758 
6 -1.85455 -6.57906 0.309832 0.254762 6.84803 
6.05 -1.89722 -7.25506 0.322743 0.24057 7.51026 
6.1 -2.05104 -7.35982 0.336735 0.21611 7.65012 
6.15 -1.83058 -8.83052 0.404853 0.188094 9.0294 
6.2 -1.50231 -8.25804 0.463249 0.152009 8.40738 
6.25 -1.3872 -9.42593 0.494537 0.141057 9.54144 
6.3 -1.13335 -9.71763 0.491192 0.128654 9.79757 
6.35 -0.68948 -11.0185 0.541809 0.13201 11.0539 
6.4 -1.69195 -9.79587 0.478313 0.140538 9.95331 
6.45 -1.20234 -11.0536 0.533315 0.141974 11.1324 
6.5 -1.49649 -11.5607 0.53103 0.136433 11.6701 
6.55 -1.58265 -11.7379 0.53609 0.142881 11.857 
6.6 -1.74095 -11.9671 0.52757 0.16245 12.1058 
6.65 -2.53672 -12.041 0.484515 0.176519 12.316 
6.7 -2.46575 -12.0365 0.477158 0.188984 12.2971 
6.75 -2.72532 -12.7176 0.468568 0.197426 13.0162 
6.8 -2.29961 -14.0765 0.501556 0.195465 14.2732 
6.85 -2.57964 -13.181 0.488614 0.192095 13.4414 
6.9 -3.06131 -12.6598 0.471204 0.195298 13.0346 
6.95 -3.31918 -12.2912 0.447804 0.211474 12.7411 
7 -3.64872 -12.2779 0.404999 0.225168 12.817 
7.05 -4.0228 -12.9676 0.341884 0.250246 13.5839 
7.1 -4.85415 -12.4906 0.248542 0.295409 13.4064 
7.15 -5.36267 -11.7824 0.216328 0.309144 12.9509 
7.2 -5.55076 -12.2602 0.219279 0.249751 13.4623 
7.25 -5.85505 -11.7401 0.192156 0.192432 13.1218 
7.3 -4.70776 -13.9205 0.297232 0.1849 14.6992 
7.35 -4.9722 -14.1295 0.33976 0.189119 14.9838 
7.4 -4.64013 -14.2327 0.375706 0.167122 14.9757 
7.45 -4.65816 -14.5048 0.399357 0.15414 15.2404 
7.5 -4.68204 -14.7639 0.406745 0.154195 15.4946 
7.55 -4.55182 -14.9622 0.424551 0.15262 15.6457 
7.6 -4.34981 -15.6254 0.436959 0.155877 16.2261 
7.65 -5.12021 -15.5374 0.391871 0.179342 16.365 
7.7 -5.29179 -15.4681 0.387377 0.197308 16.354 
7.75 -5.27248 -15.9863 0.406667 0.188706 16.8393 
7.8 -5.585 -15.8908 0.380011 0.173983 16.8489 
7.85 -5.51635 -16.4172 0.371061 0.173788 17.324 
7.9 -5.54163 -16.8385 0.355126 0.173247 17.7314 
7.95 -6.70294 -16.0971 0.257144 0.212954 17.4402 
8 -8.47367 -15.2824 0.103122 0.215505 17.476 
8.05 -8.44028 -15.2401 0.0930094 0.131649 17.4219 
8.1 -8.53043 -15.3378 0.100065 0.10202 17.551 
8.15 -8.20167 -16.8895 0.146531 0.127199 18.7765 
8.2 -8.28798 -17.5213 0.126697 0.153524 19.3837 
8.25 -8.54445 -18.3927 0.11057 0.115208 20.2811 
8.3 -8.66646 -19.4228 0.107842 0.108519 21.2691 
8.35 -7.58029 -20.4293 0.230249 0.0898046 21.7917 
8.4 -7.87255 -20.9092 0.230393 0.0801502 22.3434 
8.45 -7.96735 -21.2554 0.205424 0.0845716 22.7007 
8.5 -7.54538 -21.2681 0.24744 0.103588 22.5685 
8.55 -8.09058 -21.5178 0.233537 0.0797985 22.99 
8.6 -8.97786 -20.4051 0.166896 0.0660934 22.2938 
8.65 -8.2206 -22.3881 0.231678 0.056857 23.8508 
8.7 -8.18931 -21.951 0.26587 0.0450388 23.4305 
8.75 -7.94434 -22.2209 0.297744 0.0360339 23.6003 
8.8 -7.9455 -22.8961 0.294009 0.027586 24.2373 
8.85 -8.22789 -22.8714 0.277325 0.0212999 24.308 
8.9 -8.69222 -22.2598 0.278928 -0.0145019 23.8983 
8.95 -8.51315 -22.9095 0.314497 -0.0434855 24.4422 
9 -8.47517 -22.5505 0.313799 -0.0507847 24.0927 
9.05 -8.64081 -22.7047 0.311331 -0.0490362 24.2955 
9.1 -8.92572 -21.9156 0.29882 -0.0160876 23.6655 
9.15 -8.56737 -23.059 0.342554 0.014316 24.6015 
9.2 -9.23339 -22.4574 0.311642 0.00138384 24.2835 
9.25 -8.43322 -23.5978 0.372571 -0.0259628 25.0622 
9.3 -8.27668 -24.7887 0.42005 -0.0219919 26.1373 
9.35 -8.77661 -23.5343 0.399107 -0.0240238 25.1207 
9.4 -9.14366 -23.7415 0.373357 -0.0673471 25.4442 
9.45 -9.33326 -25.0678 0.409902 -0.00766594 26.752 
9.5 -9.60816 -24.8168 0.48159 0.00839668 26.6163 
9.55 -9.47717 -24.9998 0.471132 -0.0163526 26.74 
9.6 -10.0401 -25.4138 0.432573 -0.0104533 27.3286 
9.65 -9.63329 -26.7332 0.433889 0.0322819 28.4192 
9.7 -9.83952 -26.8387 0.407403 -0.00134794 28.5888 
9.75 -9.69868 -25.9343 0.412139 -0.0421262 27.6916 
9.8 -10.0015 -26.1819 0.427084 -0.0391428 28.0304 
9.85 -10.1042 -25.6266 0.456938 -0.040407 27.5505 
9.9 -9.79881 -25.595 0.495383 -0.0737358 27.411 
9.95 -10.4462 -24.9004 0.472191 -0.0741618 27.0077 
10 -11.0002 -23.2823 0.452219 -0.0912569 25.7543 
10.05 -10.8917 -23.4848 0.474614 -0.113777 25.8921 
10.1 -10.9908 -23.2991 0.487068 -0.114747 25.7662 
10.15 -10.8802 -24.1404 0.497575 -0.0792707 26.4838 
10.2 -10.7854 -25.2633 0.543893 -0.196643 27.4753 
10.25 -10.9404 -24.7896 0.54473 -0.317524 27.1041 
10.3 -10.6958 -26.109 0.559615 -0.291514 28.2219 
10.35 -10.4222 -26.8851 0.601552 -0.245369 28.842 
10.4 -10.6807 -27.2651 0.627545 -0.266256 29.2906 
10.45 -10.6001 -27.0606 0.663562 -0.204408 29.0709 
10.5 -10.5795 -27.6914 0.697902 -0.125541 29.6521 
10.55 -10.0533 -29.3968 0.737572 -0.0488984 31.077 
10.6 -10.5491 -30.8745 0.705274 0.0440309 32.6348 
10.65 -10.9339 -30.0926 0.723295 0.016171 32.0256 
10.7 -10.7265 -30.1779 0.764813 -0.0336043 32.0367 
10.75 -11.2044 -29.9761 0.779314 -0.0673292 32.0113 
10.8 -10.9452 -29.5125 0.808825 -0.0768776 31.4872 
10.85 -11.2719 -30.0905 0.796162 -0.0686432 32.1423 
10.9 -11.1048 -31.1275 0.841559 -0.0893491 33.0599 
10.95 -11.0782 -31.8004 0.845369 -0.0582327 33.6854 
11 -10.9582 -32.6316 0.885219 -0.0566113 34.4338 
11.05 -11.3051 -32.2639 0.904328 -0.0847508 34.1993 
11.1 -11.4418 -32.5664 0.911088 -0.101722 34.5301 
11.15 -11.5511 -32.156 0.917989 -0.10074 34.1803 
11.2 -11.217 -32.7532 0.961043 -0.108478 34.6342 
11.25 -11.2932 -33.7504 0.982481 -0.109705 35.6035 
11.3 -11.1009 -33.4881 1.02256 -0.0828909 35.295 
11.35 -11.6893 -33.5972 1.01127 -0.0561135 35.5871 
11.4 -11.8983 -33.701 1.01108 -0.105858 35.7541 
11.45 -11.2448 -35.4656 1.10841 -0.123544 37.2223 
11.5 -11.1441 -36.0198 1.12775 -0.0634886 37.7212 
11.55 -11.7843 -35.0964 1.10282 -0.0704664 37.0384 
11.6 -11.8718 -35.6537 1.09984 -0.113421 37.5945 
11.65 -11.8118 -36.2346 1.15008 -0.0819621 38.1287 
11.7 -11.9522 -35.9016 1.14682 -0.0280692 37.8563 
11.75 -11.8495 -36.0452 1.19297 -0.00984265 37.9617 
11.8 -11.9403 -36.4572 1.21518 -0.0114662 38.382 
11.85 -12.159 -36.3792 1.23192 -0.0164977 38.3773 
11.9 -12.3537 -36.6543 1.21056 -0.0332169 38.6991 
11.95 -12.1883 -37.0172 1.22999 -0.0277735 38.9915 
12 -12.2543 -38.5835 1.28449 -0.0279143 40.5032 
12.05 -12.2994 -39.5829 1.3333 -0.0398621 41.4713 
12.1 -11.6371 -39.1273 1.41831 -0.0674893 40.8459 
12.15 -11.3123 -40.2763 1.51747 -0.105816 41.8624 
12.2 -11.4807 -39.5911 1.53131 -0.0851766 41.2508 
12.25 -12.1479 -39.2074 1.5068 -0.0765039 41.074 
12.3 -12.0784 -39.5583 1.51255 -0.0828965 41.3889 
12.35 -11.6692 -40.049 1.57882 -0.0773466 41.7443 
12.4 -12.0039 -40.3673 1.57264 -0.055522 42.1437 
12.45 -12.0523 -40.0323 1.58424 -0.0505052 41.8372 
12.5 -11.9962 -40.6108 1.64132 -0.0724845 42.3774 
12.55 -11.4735 -41.4825 1.73104 -0.0970655 43.0749 
12.6 -11.7601 -41.0773 1.73147 -0.0778017 42.7627 
12.65 -12.0546 -41.3534 1.74662 -0.0759723 43.11 
12.7 -11.5211 -42.2189 1.83505 -0.11693 43.8014 
12.75 -10.8918 -43.1289 1.94183 -0.151082 44.5256 
12.8 -10.8471 -43.2161 1.98443 -0.162642 44.6011 
12.85 -11.2264 -42.9533 2.01237 -0.168423 44.4421 
12.9 -11.2679 -42.497 2.03974 -0.153918 44.013 
12.95 -11.0743 -42.8776 2.0946 -0.155087 44.3344 
13 -11.1698 -43.6942 2.14249 -0.169326 45.1504 
13.05 -10.8149 -44.6834 2.22261 -0.190449 46.0277 
13.1 -10.3245 -44.7 2.29323 -0.182444 45.9345 
13.15 -10.815 -44.8561 2.2878 -0.192997 46.1985 
13.2 -10.9184 -44.7982 2.30469 -0.178934 46.1674 
13.25 -10.8712 -45.2443 2.36016 -0.181616 46.5923 
13.3 -11.0645 -46.815 2.41751 -0.222752 48.166 
13.35 -10.2763 -46.5677 2.48542 -0.223307 47.7533 
13.4 -10.4176 -47.3102 2.52779 -0.231104 48.5101 
13.45 -10.7602 -47.0188 2.53285 -0.210953 48.3012 
13.5 -11.3668 -46.9477 2.51139 -0.189264 48.3698 
13.55 -11.279 -47.0652 2.52157 -0.177272 48.4638 
13.6 -11.4056 -47.3949 2.55225 -0.179844 48.8151 
13.65 -11.4249 -47.8545 2.57603 -0.178891 49.2671 
13.7 -12.1401 -46.6952 2.37666 -0.247875 48.3067 
13.75 -11.769 -45.9123 2.14475 -0.347704 47.4465 
13.8 -11.7462 -46.2886 2.14039 -0.362848 47.805 
13.85 -11.5796 -47.8024 2.38988 -0.303027 49.2439 
13.9 -11.4731 -48.8661 2.58516 -0.269863 50.2621 
13.95 -11.4733 -49.8185 2.68354 -0.28762 51.1937 
14 -11.0029 -50.8306 2.79589 -0.274898 52.0837 
14.05 -11.0349 -50.8794 2.86313 -0.26738 52.1417 
14.1 -10.7268 -51.503 2.94689 -0.260291 52.6913 
14.15 -10.9854 -51.3436 2.96222 -0.26447 52.5899 
14.2 -10.9654 -51.3245 3.02984 -0.273343 52.5709 
14.25 -11.1402 -51.6428 3.05892 -0.266057 52.9198 
14.3 -11.2744 -51.8784 3.1058 -0.270594 53.1808 
14.35 -11.1415 -51.948 3.14841 -0.260266 53.2232 
14.4 -11.1179 -52.0956 3.18172 -0.252305 53.3643 
14.45 -11.0384 -52.5421 3.22655 -0.246741 53.7865 
14.5 -11.3908 -53.3434 3.24819 -0.248859 54.6432 
14.55 -11.4383 -53.4094 3.26529 -0.239935 54.7186 
14.6 -11.6217 -53.5227 3.28028 -0.251071 54.8686 
14.65 -11.5213 -53.6779 3.32443 -0.249161 55.0016 
14.7 -11.4012 -53.5529 3.3691 -0.24479 54.8572 
14.75 -11.459 -53.6352 3.40116 -0.250727 54.9515 
14.8 -11.8695 -52.9169 3.38547 -0.193704 54.3377 
14.85 -12.3701 -51.2829 3.35309 -0.150979 52.8604 
14.9 -12.2579 -53.1042 3.42986 -0.196278 54.6087 
14.95 -12.1187 -52.4923 3.5087 -0.198832 53.9876 
15 -11.9196 -53.1888 3.56365 -0.200232 54.6247 
15.05 -12.1845 -53.4947 3.56352 -0.229898 54.9809 
15.1 -12.5166 -53.6788 3.49546 -0.224569 55.2299 
15.15 -12.2433 -53.2912 3.44389 -0.237666 54.7884 
15.2 -11.9949 -53.0302 3.42686 -0.235695 54.4782 
15.25 -12.439 -53.6354 3.42836 -0.227934 55.166 
15.3 -12.2184 -53.4562 3.4266 -0.230794 54.9423 
15.35 -12.2555 -53.3219 3.41565 -0.239831 54.8192 
15.4 -12.4699 -53.1035 3.38838 -0.252502 54.6537 
15.45 -12.2151 -52.7747 3.37542 -0.258233 54.2756 
15.5 -12.436 -52.9377 3.36582 -0.264034 54.4836 
15.55 -12.4659 -53.1557 3.35895 -0.271826 54.7018 
15.6 -12.3639 -53.1286 3.3528 -0.276858 54.6519 
15.65 -12.4423 -53.4233 3.35927 -0.282578 54.9565 
15.7 -12.4265 -53.7715 3.38166 -0.280795 55.2929 
15.75 -12.5226 -54.1805 3.37366 -0.289975 55.7118 
15.8 -12.537 -54.4828 3.34946 -0.294414 56.0077 
15.85 -12.597 -53.633 3.33157 -0.302945 55.194 
15.9 -12.6908 -53.7244 3.30816 -0.303122 55.3028 
15.95 -12.6712 -54.2408 3.34018 -0.304192 55.8021 
16 -12.6539 -54.6382 3.36939 -0.304566 56.1863 
16.05 -12.7277 -55.0412 3.3728 -0.296934 56.5949 
16.1 -12.7012 -54.9375 3.34203 -0.292262 56.4863 
16.15 -12.8021 -55.1303 3.33405 -0.289183 56.6961 
16.2 -12.8885 -55.1768 3.33693 -0.29622 56.7611 
16.25 -12.9349 -55.523 3.34087 -0.302655 57.1083 
16.3 -12.9945 -55.2231 3.34909 -0.306339 56.831 
16.35 -12.906 -55.2248 3.3676 -0.302485 56.8135 
16.4 -13.0101 -55.4102 3.38253 -0.295614 57.0183 
16.45 -12.8064 -55.5083 3.36052 -0.285435 57.0662 
16.5 -13.0922 -55.1239 3.31541 -0.294732 56.755 
16.55 -12.9906 -54.9232 3.30493 -0.32047 56.5362 
16.6 -13.1051 -55.1341 3.32878 -0.311867 56.7688 
16.65 -13.0556 -56.0056 3.366 -0.299025 57.6064 
16.7 -12.944 -56.0781 3.38309 -0.273908 57.6525 
16.75 -13.0596 -56.2788 3.36465 -0.268463 57.8727 
16.8 -13.0401 -55.3585 3.29848 -0.281175 56.9699 
16.85 -13.0957 -54.4356 3.23279 -0.293474 56.0827 
16.9 -13.1766 -54.2051 3.23368 -0.295019 55.8781 
16.95 -12.9756 -54.0476 3.27396 -0.286595 55.6804 
17 -13.0209 -54.6661 3.29955 -0.271671 56.2929 
17.05 -13.1043 -55.0639 3.29709 -0.271384 56.6983 
17.1 -13.1613 -54.9345 3.28236 -0.284161 56.5851 
17.15 -13.2657 -54.6016 3.2411 -0.291843 56.2841 
17.2 -13.3506 -55.3221 3.22735 -0.279973 57.0023 
17.25 -13.3877 -55.4573 3.2755 -0.280387 57.145 
17.3 -13.4655 -55.6477 3.28489 -0.28853 57.3486 
17.35 -13.4338 -55.2999 3.27708 -0.300189 57.0033 
17.4 -13.5083 -55.2402 3.26687 -0.309511 56.9625 
17.45 -13.4727 -55.35 3.26059 -0.31185 57.0602 
17.5 -13.5629 -55.3275 3.25292 -0.311896 57.0592 
17.55 -13.6098 -55.3444 3.23769 -0.323785 57.086 
17.6 -13.7095 -55.6846 3.24379 -0.32924 57.4401 
17.65 -13.7503 -55.965 3.25301 -0.319781 57.7221 
17.7 -13.6061 -56.2297 3.25632 -0.306026 57.9449 
17.75 -13.6079 -56.4398 3.24737 -0.30344 58.1487 
17.8 -13.7347 -56.2465 3.21494 -0.305925 57.9891 
17.85 -13.7649 -55.8239 3.17204 -0.306417 57.5841 
17.9 -13.8088 -55.7271 3.13539 -0.301885 57.4988 
17.95 -13.9282 -56.0743 3.16168 -0.3114 57.8654 
18 -13.8285 -56.4423 3.23391 -0.310354 58.2024 
18.05 -13.7354 -56.776 3.27945 -0.309137 58.5066 
18.1 -13.7009 -56.4085 3.25714 -0.302058 58.1406 
18.15 -13.8361 -55.9394 3.20637 -0.306146 57.715 
18.2 -13.9035 -55.8035 3.18404 -0.323346 57.5985 
18.25 -13.8611 -55.8714 3.18848 -0.314972 57.6543 
18.3 -13.984 -55.4134 3.16093 -0.301339 57.2389 
18.35 -14.9154 -55.7146 2.97305 -0.333822 57.7542 
18.4 -14.6077 -54.0346 2.77137 -0.35336 56.0439 
18.45 -15.1713 -53.8254 2.55193 -0.387527 55.9822 
18.5 -15.1587 -52.8715 2.37611 -0.41894 55.0545 
18.55 -15.4492 -51.5842 2.18852 -0.44397 53.8944 
18.6 -15.8686 -51.4264 2.06464 -0.464307 53.8606 
18.65 -15.2823 -50.6436 2.0412 -0.456336 52.9405 
18.7 -15.262 -50.3514 2.02049 -0.452211 52.6544 
18.75 -15.4858 -49.7084 1.98225 -0.449167 52.1045 
18.8 -15.4983 -49.3644 1.9479 -0.434936 51.7787 
18.85 -15.5793 -48.685 1.88884 -0.429362 51.1536 
18.9 -15.108 -48.3789 1.85621 -0.402475 50.7186 
18.95 -15.5716 -47.7087 1.80007 -0.341885 50.219 
19 -15.8732 -47.0318 1.7542 -0.304953 49.6701 
19.05 -15.6238 -46.6482 1.73311 -0.285756 49.2265 
19.1 -16.0773 -46.9162 1.68185 -0.273814 49.6237 
19.15 -15.8106 -46.6994 1.64734 -0.26819 49.3315 
19.2 -15.723 -46.7714 1.5971 -0.264781 49.37 
19.25 -15.8522 -46.9068 1.55343 -0.277627 49.5382 
19.3 -15.7641 -45.8653 1.50932 -0.264899 48.523 
19.35 -15.8951 -45.6485 1.46977 -0.18189 48.3593 
19.4 -16.6306 -44.7491 1.39652 -0.138516 47.7601 
19.45 -16.3892 -44.2155 1.35915 -0.108216 47.1749 
19.5 -16.3612 -44.691 1.32531 -0.113317 47.6103 
19.55 -15.5533 -44.2629 1.35431 -0.141148 46.9357 
19.6 -16.2592 -44.0701 1.28763 -0.172798 46.9918 
19.65 -15.7412 -44.0185 1.28967 -0.18606 46.7665 
19.7 -16.1015 -43.744 1.24476 -0.203705 46.6303 
19.75 -15.8124 -43.5745 1.19798 -0.213488 46.3708 
19.8 -15.2776 -43.1401 1.18399 -0.20523 45.7811 
19.85 -15.2833 -43.185 1.14772 -0.220478 45.8245 
19.9 -15.0758 -43.6439 1.14872 -0.226391 46.1892 
19.95 -15.416 -44.4177 1.11817 -0.25709 47.0309 
20 -15.2611 -42.9601 1.11721 -0.264181 45.6047 
20.05 -15.3594 -43.8232 1.08096 -0.283954 46.4503 
20.1 -14.988 -42.669 1.07402 -0.277183 45.2385 
20.15 -14.8725 -42.5102 1.02739 -0.27689 45.0494 
20.2 -14.7301 -41.3005 0.996807 -0.268255 43.8608 
20.25 -14.5746 -41.1433 0.981235 -0.258992 43.6603 
20.3 -13.798 -38.7444 1.07462 -0.23905 41.1427 
20.35 -14.0687 -36.7033 1.04715 -0.235492 39.3219 
20.4 -13.26 -35.3994 1.07543 -0.248622 37.8176 
20.45 -12.7005 -33.9201 1.12979 -0.230114 36.2382 
20.5 -12.7096 -32.6906 1.08098 -0.18787 35.0915 
20.55 -12.5906 -30.6705 1.07107 -0.176231 33.172 
20.6 -11.909 -30.342 1.12476 -0.198321 32.6153 
20.65 -11.9199 -28.5708 1.18044 -0.197912 30.9808 
20.7 -11.9004 -27.9049 1.15361 -0.219753 30.3592 
20.75 -11.6744 -26.414 1.1918 -0.226493 28.9043 
20.8 -10.778 -26.1463 1.2375 -0.201438 28.3084 
20.85 -11.2542 -26.4919 1.18731 -0.175119 28.8083 
20.9 -11.3734 -25.5575 1.1477 -0.178061 27.998 
20.95 -11.2858 -25.6319 1.095 -0.174257 28.0284 
21 -11.5987 -25.0015 1.0316 -0.185149 27.5808 
21.05 -11.1159 -25.7732 1.0316 -0.201971 28.0878 
21.1 -11.2287 -25.925 0.986421 -0.182768 28.27 
21.15 -11.3692 -25.7887 0.914211 -0.181168 28.199 
21.2 -11.0551 -26.6664 0.914246 -0.189074 28.8822 
21.25 -11.6625 -25.7907 0.868245 -0.190747 28.319 
21.3 -11.139 -25.6195 0.853236 -0.194376 27.9501 
21.35 -11.1761 -26.031 0.801573 -0.191013 28.3408 
21.4 -11.2558 -25.7143 0.769594 -0.178362 28.081 
21.45 -11.1336 -25.6715 0.753492 -0.170555 27.9925 
21.5 -11.3145 -24.9136 0.729153 -0.165898 27.3727 
21.55 -10.9329 -24.7971 0.713197 -0.174608 27.1101 
21.6 -11.0996 -24.4182 0.698741 -0.162628 26.8322 
21.65 -10.7411 -24.412 0.673554 -0.175778 26.6797 
21.7 -11.0335 -24.454 0.637301 -0.1713 26.836 
21.75 -10.6118 -24.7194 0.614641 -0.179065 26.9085 
21.8 -10.7287 -25.3744 0.587432 -0.17514 27.5562 
21.85 -10.6658 -25.9598 0.567831 -0.172433 28.0718 
21.9 -10.2656 -25.8057 0.592512 -0.203466 27.7796 
21.95 -10.1311 -25.39 0.620383 -0.338653 27.346 
22 -10.7438 -25.088 0.562816 -0.397241 27.3004 
22.05 -10.1417 -25.4932 0.59354 -0.360709 27.4452 
22.1 -11.1484 -24.8786 0.534527 -0.367261 27.2699 
22.15 -10.3683 -23.9553 0.526976 -0.378336 26.1108 
22.2 -9.97109 -23.637 0.519578 -0.288265 25.6609 
22.25 -9.41858 -23.4217 0.497043 -0.244399 25.2508 
22.3 -9.68291 -23.2856 0.465042 -0.249635 25.2241 
22.35 -9.55681 -22.2275 0.442457 -0.260767 24.2006 
22.4 -9.19345 -21.4768 0.444751 -0.22541 23.3671 
22.45 -9.61285 -20.5622 0.407769 -0.214103 22.7029 
22.5 -9.49906 -21.1404 0.394765 -0.203688 23.1808 
22.55 -9.49919 -20.6823 0.374981 -0.198426 22.7634 
22.6 -9.23798 -21.2634 0.356225 -0.203717 23.187 
22.65 -9.3176 -20.3289 0.323006 -0.200936 22.3658 
22.7 -9.37737 -19.9924 0.313435 -0.185031 22.0854 
22.75 -9.43643 -18.968 0.285525 -0.183199 21.1884 
22.8 -9.25889 -18.3847 0.290379 -0.183159 20.5874 
22.85 -9.85785 -18.422 0.247979 -0.199384 20.8962 
22.9 -8.7158 -18.68 0.290269 -0.213095 20.6165 
22.95 -9.36162 -17.5852 0.258793 -0.196686 19.9245 
23 -8.99968 -17.8936 0.25431 -0.20007 20.032 
23.05 -8.53297 -17.8994 0.262722 -0.209333 19.8321 
23.1 -8.91802 -17.9133 0.231998 -0.215699 20.0129 
23.15 -8.67068 -18.1268 0.235983 -0.22502 20.0965 
23.2 -8.64809 -17.7368 0.23745 -0.216627 19.7355 
23.25 -8.4511 -17.0982 0.237801 -0.214773 19.0754 
23.3 -8.44657 -16.8562 0.251071 -0.208623 18.8569 
23.35 -8.51396 -16.5552 0.216155 -0.214596 18.6187 
23.4 -8.20008 -16.1949 0.225526 -0.213826 18.1552 
23.45 -8.50355 -15.9841 0.162194 -0.196011 18.1071 
23.5 -8.37361 -15.7946 0.141589 -0.180371 17.8785 
23.55 -8.86423 -13.978 0.0850523 -0.16059 16.5527 
23.6 -8.62984 -14.4552 0.0973238 -0.151207 16.8362 
23.65 -8.50459 -13.433 0.111119 -0.17123 15.9 
23.7 -8.84904 -11.7049 0.0769705 -0.151214 14.6744 
23.75 -8.54069 -11.6913 0.0513193 -0.13274 14.4793 
23.8 -9.10298 -11.5328 -0.00129202 -0.142114 14.6932 
23.85 -8.75093 -11.4805 0.0283808 -0.149682 14.4362 
23.9 -8.90205 -10.9231 0.0106666 -0.130638 14.0917 
23.95 -8.89007 -10.5297 -0.0424474 -0.122007 13.7812 
24 -8.98489 -9.05599 -0.0811679 -0.145398 12.758 
24.05 -8.61454 -9.52729 -0.0388631 -0.146376 12.8454 
24.1 -9.06159 -8.8097 -0.0621441 -0.146696 12.6392 
24.15 -9.01546 -9.01099 -0.0583228 -0.153603 12.7475 
24.2 -8.48957 -9.16891 -0.0888985 -0.142417 12.4968 
24.25 -8.35283 -9.93192 -0.106376 -0.121629 12.9786 
24.3 -8.31787 -9.44101 -0.132378 -0.128767 12.5838 
24.35 -7.64389 -8.04355 -0.085417 -0.110275 11.0968 
24.4 -6.87098 -7.14659 -0.0369566 -0.10856 9.91416 
24.45 -7.22362 -5.874 -0.0709966 -0.117783 9.31119 
24.5 -6.78977 -4.3923 -0.041267 -0.0919461 8.08703 
24.55 -6.85778 -4.1907 -0.0227603 -0.123532 8.03802 
24.6 -6.03466 -3.96715 0.0154665 -0.156584 7.22358 
24.65 -6.09542 -5.51815 0.00292667 -0.154086 8.22361 
24.7 -5.31812 -6.12225 -0.0324315 -0.115334 8.11123 
24.75 -5.55537 -7.85823 -0.108715 -0.0925216 9.62451 
24.8 -5.57832 -7.35181 -0.116868 -0.0701805 9.2296 
24.85 -5.57166 -7.48327 -0.106379 -0.0722437 9.33084 
24.9 -5.0708 -7.73953 -0.0251574 -0.0824666 9.25287 
24.95 -4.66437 -6.4082 0.0557239 -0.0820432 7.92775 
25 -5.22466 -4.6306 0.0154638 -0.0777654 6.98198 
25.05 -5.32978 -3.77896 0.00596686 -0.0578025 6.53355 
25.1 -5.2994 -3.95644 -0.0277142 -0.0564517 6.61309 
25.15 -4.68819 -3.30801 -0.0304794 -0.069045 5.73964 
25.2 -4.52367 -3.89916 -0.00914261 -0.0782569 5.97249 
25.25 -4.09715 -4.64068 0.0179866 -0.115161 6.1929 
25.3 -3.60002 -5.4975 0.0564188 -0.130469 6.57309 
25.35 -3.36307 -5.5973 0.0429626 -0.12083 6.53214 
25.4 -3.55776 -5.37158 0.0287263 -0.129022 6.44433 
25.45 -4.06852 -4.68539 -0.0113252 -0.138232 6.20663 
25.5 -4.11488 -4.6856 -0.0344164 -0.136514 6.23865 
25.55 -3.7545 -4.06734 -0.0376465 -0.123056 5.53726 
25.6 -4.09346 -3.29813 -0.0530713 -0.106438 5.26036 
25.65 -4.13236 -2.08368 -0.0447758 -0.111412 4.62977 
25.7 -4.14072 -1.8201 -0.0118356 -0.104122 4.52621 
25.75 -4.37154 -0.924003 -0.0118007 -0.104404 4.46831 
25.8 -4.29371 -1.0704 -0.00225604 -0.119429 4.42795 
25.85 -4.37256 -1.41686 -0.0276339 -0.133258 4.59875 
25.9 -3.85628 -1.89193 -0.00364329 -0.12535 4.29836 
25.95 -4.14803 -1.45851 -0.0583957 -0.108573 4.39857 
26 -3.75111 -2.3492 -0.0825682 -0.106196 4.42898 
26.05 -3.68235 -1.75143 -0.124462 -0.102578 4.08175 
26.1 -3.93447 -1.62775 -0.141374 -0.0944631 4.26196 
26.15 -3.89468 -1.24294 -0.157645 -0.0886419 4.0913 
26.2 -3.37622 -2.77878 -0.0946004 -0.0852343 4.37802 
26.25 -3.6312 -1.7679 -0.108248 -0.0913318 4.0419 
26.3 -3.48571 -3.16072 -0.0837623 -0.105787 4.70778 
26.35 -3.83248 -2.06606 -0.102642 -0.102486 4.35737 
26.4 -3.66855 -2.43278 -0.101006 -0.095636 4.40172 
26.45 -3.57883 -1.5836 -0.125076 -0.0898545 3.91887 
26.5 -3.61575 -1.03729 -0.130732 -0.0876423 3.76607 
26.55 -3.60975 -0.184831 -0.147964 -0.0831767 3.61686 
26.6 -4.10916 0.648029 -0.19075 -0.0786543 4.16589 
26.65 -3.52379 0.015459 -0.155207 -0.0796215 3.52824 
26.7 -4.07293 1.03154 -0.212234 -0.0833 4.20742 
26.75 -3.69091 0.390021 -0.16121 -0.0700764 3.71543 
26.8 -5.08472 2.19883 -0.247007 -0.0038817 5.54556 
26.85 -5.41594 3.12545 -0.303529 0.0431583 6.26093 
26.9 -5.88884 4.36647 -0.324247 0.0516134 7.33885 
26.95 -5.45475 5.05035 -0.316612 0.0414562 7.4397 
27 -5.35617 6.12292 -0.345726 0.058882 8.14286 
27.05 -5.34324 6.32376 -0.361902 0.0572673 8.28689 
27.1 -5.17861 6.34571 -0.388692 0.050783 8.20064 
27.15 -4.64243 5.47318 -0.359584 0.0350315 7.18805 
27.2 -4.15709 5.44271 -0.332947 0.0373248 6.85666 
27.25 -4.13091 4.90853 -0.357962 0.0426805 6.42527 
27.3 -4.87731 6.30941 -0.316875 0.0319691 7.98016 
27.35 -5.78181 6.42537 -0.281766 0.0382638 8.64838 
27.4 -4.69354 4.47349 -0.167534 0.0304106 6.48662 
27.45 -5.03643 5.35015 -0.212263 0.0418067 7.35025 
27.5 -5.57892 6.86892 -0.317664 0.0501676 8.85471 
27.55 -5.12982 6.92835 -0.356945 0.0453966 8.62801 
27.6 -4.83413 6.36899 -0.362855 0.0488948 8.00408 
27.65 -5.12592 7.52734 -0.384198 0.0551153 9.11519 
27.7 -4.40392 6.31076 -0.293793 0.037868 7.70093 
27.75 -4.29253 6.72418 -0.264905 0.0346277 7.98198 
27.8 -4.34801 6.71952 -0.301741 0.0121146 8.00917 
27.85 -4.33516 7.68188 -0.334978 -0.00468557 8.82712 
27.9 -3.79317 6.93704 -0.311153 -0.00804605 7.91253 
27.95 -4.23311 8.73603 -0.370316 -0.0145472 9.71519 
28 -3.57656 8.22147 -0.36189 -0.0180211 8.97311 
28.05 -2.84431 6.86916 -0.31056 -0.00806021 7.4413 
28.1 -3.8656 7.56789 -0.334443 0.00219009 8.50472 
28.15 -3.66034 7.02005 -0.306185 -0.020264 7.92294 
28.2 -2.26742 4.71331 -0.162495 -0.0486501 5.23307 
28.25 -2.29384 4.2616 -0.148507 -0.0402516 4.84221 
28.3 -2.54905 4.58769 -0.183872 -0.0319106 5.25167 
28.35 -2.45574 4.83095 -0.18732 -0.0311071 5.42271 
28.4 -2.77846 5.11016 -0.204207 -0.0244794 5.8204 
28.45 -2.80184 5.39933 -0.206002 -0.0164865 6.08651 
28.5 -2.63783 4.96936 -0.190243 -0.0227745 5.62931 
28.55 -2.38996 4.32552 -0.171639 -0.0265929 4.94503 
28.6 -1.74705 2.66686 -0.1069 -0.0408267 3.19014 
28.65 -1.3544 1.74977 -0.0602515 -0.0632662 2.21542 
28.7 -0.692887 -0.357931 0.0194114 -0.0854889 0.792 
28.75 0.102288 -2.02553 0.106742 -0.106691 2.03348 
28.8 0.418244 -3.12312 0.150585 -0.125212 3.15775 
28.85 0.568908 -3.03162 0.172623 -0.136072 3.09275 
28.9 0.446028 -2.51029 0.191886 -0.139474 2.56061 
28.95 0.236571 -2.09468 0.194238 -0.136357 2.12131 
29 0.15044 -1.82585 0.184196 -0.132473 1.84604 
29.05 0.342707 -2.26528 0.187833 -0.128533 2.30239 
29.1 0.784388 -3.17771 0.208195 -0.135352 3.28249 
29.15 1.09167 -3.85422 0.210772 -0.144411 4.01399 
29.2 1.21039 -4.44279 0.231139 -0.160825 4.6133 
29.25 1.4788 -5.23289 0.246193 -0.163784 5.44586 
29.3 1.65696 -5.86767 0.260939 -0.16006 6.10482 
29.35 1.71335 -6.34336 0.283587 -0.169171 6.57897 
29.4 1.9584 -7.05254 0.328645 -0.181899 7.32903 
29.45 2.10024 -7.20383 0.387371 -0.202571 7.51648 
29.5 2.03965 -7.07911 0.38754 -0.199969 7.37995 
29.55 2.10003 -7.44243 0.396389 -0.211034 7.74607 
29.6 2.31321 -8.02538 0.409917 -0.214459 8.3649 
29.65 2.20357 -7.61833 0.401849 -0.205869 7.94346 
29.7 1.99447 -5.34837 0.355311 -0.190602 5.7224 
29.75 1.48088 -2.59179 0.257103 -0.184586 3.00156 
29.8 1.55227 -2.49291 0.244938 -0.189864 2.95305 
29.85 1.79146 -2.20416 0.248482 -0.179624 2.85686 
29.9 1.76709 -2.72435 0.246176 -0.17287 3.26114 
29.95 1.96591 -2.32461 0.21424 -0.156479 3.05607 
30 1.73004 -1.33208 0.19011 -0.153764 2.19616 
30.05 1.22769 1.16399 0.184191 -0.174876 1.71087 
30.1 1.18931 2.1185 0.196606 -0.182565 2.44426 
30.15 1.16207 2.60718 0.20616 -0.171026 2.86692 
30.2 1.15353 2.48129 0.211687 -0.161252 2.74926 
30.25 1.2029 2.17182 0.193159 -0.155721 2.4951 
30.3 1.19557 1.46533 0.181943 -0.147909 1.90563 
30.35 1.45293 0.753436 0.190618 -0.152319 1.65495 
30.4 1.46776 0.600326 0.193305 -0.143693 1.60403 
30.45 1.35345 0.928793 0.168191 -0.130067 1.65534 
30.5 1.35386 1.50645 0.137534 -0.129731 2.03432 
30.55 1.2487 2.25598 0.117478 -0.121993 2.58406 
30.6 1.11821 2.63892 0.124834 -0.113393 2.87102 
30.65 1.13865 2.82434 0.117381 -0.119318 3.04982 
30.7 1.28256 2.11983 0.129457 -0.125399 2.48416 
30.75 1.4492 1.66043 0.158133 -0.124046 2.21306 
30.8 1.41513 1.35461 0.170854 -0.128524 1.9706 
30.85 1.53156 1.00472 0.189334 -0.137877 1.84662 
30.9 1.57377 1.00277 0.197858 -0.138807 1.8817 
30.95 1.54174 0.47788 0.191869 -0.130374 1.63069 
