0 0 0 0 0 0 
0.05 -0.125395 0.0836756 0.025446 -0.0371465 0.157429 
0.1 -0.0323529 0.208339 0.0309325 -0.0496731 0.218767 
0.15 0.667667 -0.342561 0.0661574 -0.0592142 0.755621 
0.2 0.779686 -0.676058 0.0907242 -0.049202 1.0371 
0.25 1.1173 -1.30654 0.112098 -0.0480793 1.72344 
0.3 1.08489 -0.977401 0.103862 -0.0489951 1.46469 
0.35 0.682157 -0.674633 0.0767542 -0.0452144 0.963445 
0.4 1.05611 -1.32228 0.0923283 -0.0522094 1.69561 
0.45 1.34439 -1.90755 0.120855 -0.0455826 2.33728 
0.5 1.21212 -1.70538 0.114663 -0.0368821 2.09591 
0.55 1.39005 -0.917744 0.143038 -0.0598738 1.67498 
0.6 0.97136 0.586166 0.132868 -0.0833329 1.14499 
0.65 1.07802 0.191586 0.126078 -0.0780749 1.10522 
0.7 1.47272 -0.430032 0.145189 -0.0661457 1.54253 
0.75 1.5397 -0.5482 0.169977 -0.0742519 1.64482 
0.8 1.76041 -0.882939 0.166987 -0.0835581 1.97837 
0.85 1.57724 -0.614566 0.169448 -0.0919152 1.70419 
0.9 1.25306 0.428761 0.141097 -0.0841731 1.33368 
0.95 1.30714 0.592302 0.116393 -0.0794655 1.44173 
1 1.0063 0.907715 0.080532 -0.0906197 1.36046 
1.05 0.704285 1.17065 0.0344772 -0.0898075 1.36935 
1.1 0.831494 0.543401 0.0197425 -0.0789398 0.995318 
1.15 0.908207 0.140497 0.0466381 -0.0807379 0.924087 
1.2 0.949319 -0.0954849 0.0690342 -0.0724318 0.959941 
1.25 1.08626 -0.399274 0.083852 -0.0569011 1.16203 
1.3 0.983974 -0.355997 0.0763072 -0.0514359 1.05194 
1.35 0.761239 0.272586 0.02656 -0.0451011 0.810271 
1.4 0.755024 0.485227 -0.00880497 -0.0404007 0.898732 
1.45 0.770764 0.782676 -0.0232838 -0.050071 1.1002 
1.5 0.789452 1.20105 -0.00231135 -0.0677633 1.439 
1.55 1.25143 0.56238 0.0532017 -0.0912007 1.37602 
1.6 1.30157 0.886324 0.0790331 -0.0872777 1.58024 
1.65 1.29546 0.95539 0.0895791 -0.0888802 1.61463 
1.7 1.34216 1.14013 0.0759535 -0.0832207 1.76448 
1.75 1.07336 1.49737 0.0511366 -0.0799626 1.8443 
1.8 1.27811 1.37161 0.0725441 -0.0917992 1.87838 
1.85 1.24613 1.70833 0.0624072 -0.0955025 2.11745 
1.9 0.867541 2.40835 0.0219333 -0.0881799 2.56131 
1.95 0.907488 2.13768 -0.00406157 -0.0858775 2.32425 
2 0.984749 2.00575 -0.00924273 -0.0780089 2.23587 
2.05 0.97312 1.80071 -0.0102826 -0.074948 2.05081 
2.1 1.46952 1.20141 0.0322445 -0.0898639 1.90174 
2.15 1.65656 0.817666 0.0694746 -0.095497 1.85223 
2.2 1.66303 0.831091 0.0799693 -0.101047 1.86343 
2.25 1.5382 0.944641 0.0568202 -0.0953422 1.80877 
2.3 1.50535 1.16236 0.0526488 -0.0971829 1.90523 
2.35 1.53557 1.14024 0.0470917 -0.102073 1.91754 
2.4 1.53904 1.07341 0.0545383 -0.103823 1.88009 
2.45 1.79027 0.609616 0.0819365 -0.118876 1.89636 
2.5 2.31703 -0.0733429 0.17031 -0.14368 2.32901 
2.55 2.54142 -0.382253 0.219086 -0.152326 2.58343 
2.6 2.01109 0.610442 0.192004 -0.145357 2.11446 
2.65 1.71827 1.09852 0.159718 -0.146501 2.05099 
2.7 1.70671 0.984946 0.133544 -0.134768 1.97962 
2.75 1.49536 1.11284 0.0942621 -0.107712 1.86903 
2.8 1.78955 0.27308 0.0692068 -0.0943402 1.81419 
2.85 1.86633 -0.222798 0.0446779 -0.0809862 1.88142 
2.9 1.49431 0.872977 0.0510021 -0.0831102 1.73183 
2.95 1.50195 0.920621 0.0275111 -0.080704 1.76364 
3 1.68614 1.03027 0.0645394 -0.0889246 1.98081 
3.05 1.588 1.23046 0.0961043 -0.0976497 2.0135 
3.1 1.60425 1.40876 0.101032 -0.111288 2.14025 
3.15 1.64935 1.72531 0.101681 -0.12577 2.39233 
3.2 1.73576 1.59944 0.092797 -0.129648 2.36565 
3.25 1.88602 1.42588 0.0958563 -0.126134 2.36965 
3.3 1.81594 1.52912 0.0963594 -0.137872 2.38011 
3.35 1.68683 1.43199 0.0882051 -0.129443 2.21815 
3.4 1.40895 1.62641 0.0637567 -0.111438 2.15579 
3.45 1.206 1.98447 0.0271022 -0.106458 2.32498 
3.5 1.01708 2.23006 0.0263778 -0.100109 2.45334 
3.55 0.906611 2.38566 0.0408111 -0.0964826 2.5544 
3.6 0.720269 2.67447 0.0554699 -0.113202 2.77244 
3.65 0.746815 2.80403 0.0605039 -0.135466 2.90552 
3.7 0.949899 2.42505 0.0638208 -0.124027 2.60829 
3.75 0.860417 2.35159 0.067268 -0.103319 2.50717 
3.8 0.714176 1.99722 0.0408685 -0.0757234 2.12278 
3.85 0.503628 2.59859 0.0224106 -0.0658218 2.64775 
3.9 0.347711 3.03584 0.011699 -0.0677544 3.05675 
3.95 0.0870513 4.2373 -0.0359335 -0.0658984 4.23875 
4 -0.0922876 4.72516 -0.0469891 -0.0628452 4.72661 
4.05 0.436387 3.93252 0.00471532 -0.0648856 3.95785 
4.1 0.770039 2.83393 0.0505973 -0.0688763 2.93783 
4.15 1.16959 2.22527 0.0955447 -0.088263 2.51884 
4.2 1.75063 1.26688 0.131138 -0.109809 2.16621 
4.25 2.09528 1.05567 0.130256 -0.118875 2.3552 
4.3 2.30056 0.676419 0.116038 -0.127074 2.40383 
4.35 2.18393 0.720718 0.0875018 -0.116986 2.30431 
4.4 1.95342 1.137 0.0912707 -0.109888 2.26444 
4.45 2.29518 0.526926 0.128135 -0.103196 2.36117 
4.5 2.40036 0.494818 0.173754 -0.114357 2.45965 
4.55 2.37002 0.722076 0.195051 -0.129661 2.48902 
4.6 2.7617 0.450551 0.24367 -0.15356 2.81209 
4.65 2.96969 0.173928 0.276887 -0.170026 2.99249 
4.7 2.77585 0.413163 0.25417 -0.170595 2.82292 
4.75 2.45248 0.784091 0.209863 -0.16086 2.59312 
4.8 1.99978 1.47002 0.152865 -0.141236 2.49051 
4.85 2.065 1.03662 0.167256 -0.141471 2.32028 
4.9 2.35703 0.488328 0.205217 -0.136142 2.4193 
4.95 2.4256 -0.0289561 0.232975 -0.122375 2.44048 
5 2.64908 -0.0998815 0.251374 -0.131969 2.6664 
5.05 2.54815 0.876675 0.227959 -0.1385 2.70861 
5.1 2.86867 1.50175 0.229418 -0.135229 3.24887 
5.15 3.04711 0.90845 0.364032 -0.126477 3.20312 
5.2 2.63117 0.619412 0.421655 -0.106989 2.73693 
5.25 3.2635 -0.789376 0.517659 -0.0962986 3.39866 
5.3 3.67951 -1.01095 0.561198 -0.0918341 3.85799 
5.35 3.93181 -1.02692 0.60168 -0.0913991 4.10928 
5.4 3.49238 -1.41582 0.578764 -0.0579861 3.81267 
5.45 1.80353 0.77386 0.435189 -0.00119973 2.00444 
5.5 1.21726 2.08273 0.354974 0.0239711 2.43816 
5.55 1.73913 2.22545 0.385799 0.0273302 2.84798 
5.6 1.11569 6.97645 0.295074 0.0555662 7.07215 
5.65 0.716445 7.22118 0.213387 0.0741449 7.26013 
5.7 0.615247 6.79271 0.167504 0.0968431 6.82338 
5.75 0.619754 7.0435 0.161464 0.123519 7.0736 
5.8 0.216568 8.02594 0.183606 0.132424 8.03167 
5.85 -0.136181 8.3632 0.200142 0.137229 8.36795 
5.9 -0.563975 8.92105 0.183789 0.137468 8.94184 
5.95 0.261663 8.65301 0.25547 0.134524 8.66265 
6 -0.340623 9.8542 0.233215 0.140381 9.86445 
6.05 -0.165998 9.56591 0.243391 0.119368 9.57149 
6.1 -1.06232 10.1499 0.202665 0.132039 10.2087 
6.15 -1.31714 10.3184 0.193695 0.146268 10.405 
6.2 -0.825513 9.24615 0.171036 0.125833 9.28532 
6.25 -0.297531 8.3221 0.137528 0.0845321 8.32889 
6.3 -0.448119 8.69052 0.131766 0.0872365 8.70372 
6.35 -0.33609 7.36943 0.168078 0.106937 7.37977 
6.4 -0.646619 6.75084 0.198806 0.11515 6.78564 
6.45 -0.611817 6.32456 0.216364 0.129802 6.35897 
6.5 -0.735523 5.77936 0.252401 0.116548 5.8326 
6.55 -1.34655 4.93886 0.232624 0.105013 5.12599 
6.6 -1.20048 4.697 0.25712 0.080365 4.85541 
6.65 -0.825211 2.72252 0.326073 0.0846676 2.86513 
6.7 -1.09549 3.22726 0.348348 0.110264 3.42757 
6.75 -1.25977 3.07107 0.364937 0.141684 3.34242 
6.8 -0.868696 2.72718 0.417772 0.132002 2.89548 
6.85 -0.625585 3.10161 0.436152 0.142987 3.19697 
6.9 -0.508081 3.76842 0.473014 0.137814 3.83409 
6.95 -1.39139 3.71742 0.406776 0.151928 3.99313 
7 -1.41225 2.41371 0.378676 0.14081 2.82565 
7.05 -1.64229 2.08839 0.387484 0.141758 2.68863 
7.1 -2.0587 3.33523 0.387558 0.144333 3.94119 
7.15 -2.06322 3.69162 0.395793 0.120976 4.24927 
7.2 -2.24773 3.64615 0.380442 0.115249 4.30161 
7.25 -2.69514 3.14392 0.345879 0.126991 4.15759 
7.3 -2.46212 2.69913 0.390182 0.113443 3.67579 
7.35 -2.84833 2.55005 0.421659 0.0873506 3.84722 
7.4 -3.12402 2.48924 0.396676 0.0919164 4.01518 
7.45 -3.13853 1.89748 0.393715 0.092449 3.68994 
7.5 -2.69516 0.665004 0.390879 0.0969345 2.80494 
7.55 -3.33053 0.470955 0.366668 0.112957 3.38548 
7.6 -3.11145 -0.24331 0.40084 0.0855745 3.1479 
7.65 -3.16754 -0.818195 0.422236 0.069046 3.29935 
7.7 -3.42163 -0.294997 0.45018 0.0499212 3.46405 
7.75 -3.91754 0.261955 0.422079 0.040229 3.94912 
7.8 -4.20644 1.31206 0.387127 0.0247117 4.42336 
7.85 -4.09503 0.609877 0.37994 -0.00405911 4.1577 
7.9 -5.2582 2.66799 0.293623 -0.00948095 5.90366 
7.95 -4.05203 1.55942 0.362294 -0.0250838 4.357 
8 -5.23064 3.24849 0.335921 -0.00708254 6.16662 
8.05 -4.61626 2.92327 0.358164 -0.0108339 5.47563 
8.1 -5.05546 3.27922 0.368798 -0.0344177 6.0372 
8.15 -5.16494 3.69869 0.361217 -0.0581611 6.36327 
8.2 -5.03186 3.08924 0.388501 -0.00160075 5.91736 
8.25 -5.17862 2.63484 0.367066 0.0183476 5.8219 
8.3 -5.12865 1.9916 0.3486 -0.00626784 5.51285 
8.35 -5.58592 2.67962 0.327993 -0.0385132 6.2042 
8.4 -5.56693 2.36908 0.369428 -0.142107 6.0631 
8.45 -5.87749 2.9261 0.352746 -0.242344 6.57953 
8.5 -5.7261 2.36057 0.370261 -0.246675 6.20961 
8.55 -5.32271 1.32601 0.378748 -0.182361 5.50121 
8.6 -5.56082 1.13652 0.358495 -0.141258 5.68876 
8.65 -5.91528 0.839822 0.347314 -0.170278 5.98722 
8.7 -6.13793 0.064761 0.34806 -0.183356 6.15083 
8.75 -6.52301 0.60589 0.327917 -0.182867 6.56199 
8.8 -6.44245 0.00492223 0.333269 -0.17936 6.4547 
8.85 -6.58269 0.00340591 0.316814 -0.212498 6.59403 
8.9 -6.49556 -0.969098 0.334997 -0.25793 6.58118 
8.95 -6.8703 -1.12003 0.340694 -0.326252 6.97697 
9 -6.53013 -1.66586 0.395632 -0.366023 6.76163 
9.05 -6.05441 -2.71719 0.470541 -0.362868 6.6613 
9.1 -5.79501 -3.69176 0.524141 -0.334234 6.89916 
9.15 -5.9824 -4.06212 0.512963 -0.308887 7.25594 
9.2 -6.00376 -3.96427 0.518037 -0.314461 7.22024 
9.25 -5.89038 -4.08793 0.546451 -0.33234 7.19836 
9.3 -6.19392 -4.78038 0.532408 -0.310883 7.8483 
9.35 -6.11213 -5.25563 0.551035 -0.289397 8.08522 
9.4 -5.88666 -5.59848 0.588852 -0.293361 8.1501 
9.45 -6.87808 -4.85817 0.558936 -0.282093 8.44538 
9.5 -6.63942 -4.8092 0.598495 -0.294368 8.22624 
9.55 -6.87266 -5.50124 0.554009 -0.31015 8.82626 
9.6 -7.126 -5.26966 0.525074 -0.317796 8.88405 
9.65 -7.48463 -6.03599 0.511405 -0.306877 9.63355 
9.7 -7.39283 -6.31805 0.524008 -0.276074 9.74404 
9.75 -7.86082 -5.69336 0.504102 -0.33458 9.72485 
9.8 -7.55011 -6.15966 0.523671 -0.371565 9.76432 
9.85 -7.7576 -6.68406 0.541683 -0.346636 10.2603 
9.9 -7.38376 -7.21288 0.597957 -0.341756 10.3466 
9.95 -6.7149 -8.58608 0.681474 -0.347215 10.927 
10 -6.288 -9.16435 0.731881 -0.362872 11.1441 
10.05 -7.19007 -8.82465 0.664303 -0.323886 11.4089 
10.1 -7.14335 -9.07484 0.663589 -0.289542 11.5717 
10.15 -8.01422 -8.18854 0.588142 -0.195456 11.4742 
10.2 -9.08121 -7.31057 0.432537 -0.00191916 11.6661 
10.25 -8.88748 -8.23258 0.484295 0.00695786 12.1241 
10.3 -8.79347 -7.6263 0.537933 -0.108288 11.6526 
10.35 -8.21019 -8.50231 0.557623 -0.118193 11.8329 
10.4 -8.58825 -9.00015 0.570507 -0.093483 12.4536 
10.45 -8.75381 -9.02694 0.558624 -0.130942 12.5871 
10.5 -9.58553 -8.32149 0.446003 -0.0628742 12.701 
10.55 -10.5073 -6.82771 0.412036 -0.00999357 12.5369 
10.6 -9.42348 -9.26118 0.547314 -0.0632852 13.2233 
10.65 -9.26802 -8.731 0.641177 -0.112131 12.7493 
10.7 -10.1876 -7.61508 0.555853 -0.0832873 12.7317 
10.75 -9.91066 -7.73601 0.599646 -0.0661305 12.5865 
10.8 -9.81903 -8.01622 0.630373 -0.0790346 12.6914 
10.85 -9.73612 -8.24631 0.654252 -0.0873474 12.7764 
10.9 -9.34015 -9.12984 0.727466 -0.104757 13.0827 
10.95 -8.81726 -10.9636 0.826029 -0.103547 14.0938 
11 -9.42532 -10.8921 0.801035 -0.0689178 14.4262 
11.05 -9.40661 -10.9506 0.820431 -0.0794383 14.4592 
11.1 -8.83749 -14.4972 0.926745 -0.129556 17.0039 
11.15 -8.405 -16.2878 1.00511 -0.113905 18.3565 
11.2 -8.67053 -16.009 0.99945 -0.0846228 18.2338 
11.25 -8.29419 -17.0939 1.05016 -0.104428 19.0293 
11.3 -8.40356 -17.4666 1.11221 -0.0960059 19.4151 
11.35 -8.42237 -17.9739 1.14377 -0.111245 19.8825 
11.4 -7.96427 -17.7257 1.1973 -0.130452 19.47 
11.45 -7.74334 -17.7674 1.22593 -0.120832 19.4207 
11.5 -8.46383 -17.3822 1.21017 -0.117956 19.3718 
11.55 -8.25646 -18.2755 1.24851 -0.124107 20.0932 
11.6 -8.00766 -18.535 1.30471 -0.0982059 20.2332 
11.65 -7.53601 -19.5356 1.37339 -0.123207 20.9841 
11.7 -7.58538 -19.7449 1.41955 -0.153517 21.2 
11.75 -7.78249 -20.2086 1.44849 -0.201596 21.7046 
11.8 -7.24363 -21.5282 1.53022 -0.226991 22.7669 
11.85 -7.06825 -22.4835 1.61018 -0.224845 23.6246 
11.9 -6.25691 -23.6005 1.70237 -0.2949 24.4769 
11.95 -6.58033 -24.434 1.73273 -0.360008 25.3664 
12 -6.79211 -23.4559 1.75968 -0.374116 24.4856 
12.05 -6.87345 -23.9852 1.759 -0.347106 25.015 
12.1 -6.89371 -24.2451 1.76736 -0.291368 25.2698 
12.15 -7.19722 -24.3421 1.75624 -0.244459 25.4456 
12.2 -7.16383 -24.8808 1.78281 -0.260949 25.9542 
12.25 -7.39763 -24.3078 1.79372 -0.296887 25.4735 
12.3 -8.08829 -24.4976 1.77165 -0.308151 25.8611 
12.35 -8.18129 -24.7563 1.76901 -0.309836 26.1349 
12.4 -8.34903 -24.3796 1.77149 -0.287237 25.832 
12.45 -9.0479 -23.6138 1.73424 -0.238293 25.3483 
12.5 -9.31745 -22.7482 1.72506 -0.163198 24.6434 
12.55 -9.50979 -24.0949 1.74084 -0.130244 25.9625 
12.6 -9.51693 -25.3351 1.78544 -0.177692 27.1229 
12.65 -9.72903 -24.5348 1.7871 -0.204031 26.4547 
12.7 -9.34134 -25.9048 1.82981 -0.205247 27.5989 
12.75 -9.2568 -27.0567 1.9107 -0.240365 28.6611 
12.8 -9.44468 -27.2146 1.93533 -0.264888 28.873 
12.85 -9.18959 -27.8907 1.98064 -0.242001 29.4333 
12.9 -8.67811 -28.506 2.09398 -0.25073 29.8722 
12.95 -9.04788 -28.962 2.10587 -0.297497 30.4169 
13 -8.55691 -28.7449 2.15887 -0.308012 30.0706 
13.05 -8.53714 -29.3712 2.19716 -0.259603 30.6667 
13.1 -8.56783 -29.6063 2.21599 -0.186397 30.9012 
13.15 -8.85168 -29.7806 2.22565 -0.145823 31.1482 
13.2 -9.08245 -30.3269 2.24825 -0.141224 31.7377 
13.25 -9.1807 -30.7481 2.2837 -0.146391 32.1709 
13.3 -8.91201 -30.3843 2.32023 -0.146679 31.7496 
13.35 -8.91581 -30.5087 2.34343 -0.178233 31.8716 
13.4 -8.81723 -30.759 2.40882 -0.191351 32.0889 
13.45 -9.19915 -31.4741 2.41944 -0.19341 32.8807 
13.5 -9.14621 -32.0135 2.44138 -0.181545 33.3842 
13.55 -9.61065 -31.559 2.41604 -0.163121 33.0786 
13.6 -9.46587 -31.6022 2.44365 -0.148349 33.0801 
13.65 -9.80732 -32.3113 2.46657 -0.145898 33.8572 
13.7 -9.72948 -32.0951 2.49684 -0.140049 33.6305 
13.75 -9.92228 -32.4578 2.50835 -0.130113 34.0333 
13.8 -9.88764 -32.4183 2.54503 -0.129265 33.9883 
13.85 -10.2075 -32.2099 2.56399 -0.118098 33.886 
13.9 -10.1629 -32.7283 2.58435 -0.123237 34.3674 
13.95 -10.2016 -33.2468 2.63158 -0.131584 34.8765 
14 -10.4173 -33.9995 2.66914 -0.152276 35.66 
14.05 -10.3259 -33.5646 2.76536 -0.181377 35.2262 
14.1 -10.6809 -34.2772 2.7546 -0.188338 36.0088 
14.15 -10.5974 -34.2843 2.77724 -0.152953 35.9924 
14.2 -10.8828 -34.6397 2.79439 -0.151788 36.4167 
14.25 -10.7414 -34.7179 2.82997 -0.146419 36.4519 
14.3 -10.4451 -34.4147 2.87329 -0.156576 36.0798 
14.35 -10.7379 -34.7422 2.9329 -0.177238 36.4823 
14.4 -10.4586 -33.8592 3.00842 -0.173159 35.5656 
14.45 -10.6284 -33.7342 3.04194 -0.167474 35.4999 
14.5 -10.5343 -33.5254 3.08722 -0.154988 35.2772 
14.55 -10.893 -34.2494 3.08159 -0.149616 36.0721 
14.6 -10.4585 -34.1722 3.11395 -0.144814 35.8725 
14.65 -10.5469 -34.6589 3.16109 -0.155577 36.3661 
14.7 -10.8828 -35.2248 3.18577 -0.154005 37.0053 
14.75 -10.7753 -34.8777 3.2279 -0.149831 36.647 
14.8 -10.9754 -35.6156 3.24104 -0.147436 37.4093 
14.85 -10.9171 -35.5016 3.26019 -0.139943 37.2853 
14.9 -10.7116 -35.0537 3.30135 -0.140287 36.8024 
14.95 -11.0946 -35.6921 3.31294 -0.144146 37.5235 
15 -10.7729 -36.2082 3.38371 -0.149158 37.9283 
15.05 -11.6881 -36.5631 3.35637 -0.160994 38.5326 
15.1 -12.049 -36.3397 3.30818 -0.166101 38.4281 
15.15 -11.3321 -35.0536 3.28186 -0.142755 36.986 
15.2 -10.6878 -34.5144 3.27635 -0.092762 36.2797 
15.25 -11.1329 -32.8973 3.22851 -0.0727495 34.8798 
15.3 -10.6811 -30.8041 3.12657 -0.0631665 32.753 
15.35 -10.7835 -30.1191 3.05352 -0.0578532 32.1367 
15.4 -11.0604 -30.4368 3.00074 -0.065441 32.523 
15.45 -10.6597 -30.0504 3.01544 -0.0401255 32.0274 
15.5 -11.0836 -31.6497 3.04243 -0.0351643 33.6721 
15.55 -11.1681 -32.4483 3.07744 -0.0451944 34.4541 
15.6 -10.907 -32.1908 3.08816 -0.0401292 34.1284 
15.65 -11.3807 -32.4686 3.04549 -0.0454857 34.5399 
15.7 -11.2535 -31.5377 3.00301 -0.0474716 33.6197 
15.75 -11.1836 -30.9705 2.98596 -0.0308089 33.063 
15.8 -11.4823 -32.0011 2.97651 -0.0325141 34.1288 
15.85 -11.4832 -32.5014 2.99774 -0.0373445 34.6005 
15.9 -11.7697 -34.1344 3.02853 -0.0395076 36.2333 
15.95 -11.9962 -34.5327 2.9685 -0.0158656 36.6773 
16 -12.0518 -35.9291 2.93297 -0.0132795 38.0098 
16.05 -12.0836 -35.4302 2.97428 0.00264673 37.5521 
16.1 -11.5892 -35.9251 3.0751 0.0146223 37.8732 
16.15 -11.8762 -36.5566 3.10802 0.00906574 38.5628 
16.2 -11.8864 -35.7721 3.0846 -0.00200019 37.8212 
16.25 -11.8809 -35.1951 3.08193 -0.00868487 37.274 
16.3 -11.9863 -34.5381 3.05885 -0.0142428 36.6866 
16.35 -11.722 -34.4132 3.03382 -0.00235026 36.4812 
16.4 -11.7174 -33.7086 3.04039 -0.00526908 35.8164 
16.45 -11.7621 -34.5004 3.05233 -0.0158158 36.5778 
16.5 -11.8006 -34.423 3.05545 -0.015259 36.5176 
16.55 -11.8488 -34.9067 3.05524 -0.013529 36.9893 
16.6 -11.871 -35.378 3.07371 -0.00234716 37.4429 
16.65 -11.9419 -35.2953 3.08906 -0.0152087 37.3886 
16.7 -12.0171 -36.0281 3.09979 -0.028882 38.1057 
16.75 -12.0196 -35.7899 3.07811 -0.0313168 37.8796 
16.8 -12.0634 -35.8116 3.08138 -0.0343339 37.9143 
16.85 -12.0995 -35.7566 3.07914 -0.0429732 37.8736 
16.9 -12.2195 -36.3994 3.07647 -0.0503105 38.5189 
16.95 -12.2305 -35.9154 3.07901 -0.0421822 38.0655 
17 -12.1704 -35.631 3.05355 -0.0422936 37.7759 
17.05 -12.1515 -35.4688 3.05722 -0.0409144 37.617 
17.1 -12.125 -35.5081 3.06572 -0.0441472 37.6462 
17.15 -12.1561 -35.405 3.04712 -0.0460948 37.5576 
17.2 -12.2165 -35.218 3.02565 -0.040543 37.3993 
17.25 -12.1298 -35.2684 3.04206 -0.032916 37.4199 
17.3 -12.1702 -35.3795 3.05156 -0.0320591 37.5384 
17.35 -12.1123 -35.4183 3.05879 -0.0376477 37.5569 
17.4 -12.083 -35.1889 3.05769 -0.0340272 37.331 
17.45 -12.1392 -35.3558 3.05863 -0.0286 37.5066 
17.5 -12.3358 -35.21 3.01707 -0.0243967 37.4301 
17.55 -12.0271 -34.435 2.99378 -0.0202304 36.5976 
17.6 -12.4975 -35.6749 3.01904 -0.0193865 37.921 
17.65 -12.5795 -35.882 3.02086 -0.027013 38.143 
17.7 -12.1666 -35.2711 3.01328 -0.016885 37.4321 
17.75 -12.614 -36.0058 3.00567 -0.025395 38.2696 
17.8 -12.3917 -36.111 3.01744 -0.0330362 38.297 
17.85 -12.3967 -35.996 3.01819 -0.0362552 38.1903 
17.9 -12.5914 -35.9611 3.00466 -0.0396908 38.22 
17.95 -12.3781 -36.395 3.02136 -0.0414758 38.561 
18 -12.5845 -36.8055 3.03141 -0.0383271 39.0155 
18.05 -12.677 -36.6296 3.00645 -0.055561 38.8778 
18.1 -12.5651 -36.8815 3.03953 -0.0572475 39.0816 
18.15 -12.6816 -36.6473 3.06299 -0.050936 38.9003 
18.2 -12.5333 -36.5669 3.06834 -0.0521856 38.7768 
18.25 -12.583 -36.8874 3.07768 -0.0517072 39.0959 
18.3 -12.9573 -36.3741 3.04955 -0.0505877 38.7332 
18.35 -13.4713 -35.9148 2.87524 -0.079625 38.466 
18.4 -13.5095 -34.3154 2.64457 -0.0986175 36.9737 
18.45 -13.6347 -33.8489 2.42719 -0.1329 36.5728 
18.5 -14.0599 -33.4465 2.24012 -0.158063 36.3509 
18.55 -14.3131 -32.3115 2.04259 -0.185919 35.3992 
18.6 -14.4665 -31.5912 1.89551 -0.210277 34.7983 
18.65 -14.414 -31.0924 1.81171 -0.227022 34.3197 
18.7 -14.3658 -30.9442 1.76973 -0.225534 34.1629 
18.75 -14.0835 -30.0698 1.7576 -0.220736 33.2517 
18.8 -14.0834 -29.1759 1.73663 -0.210547 32.4444 
18.85 -14.4769 -29.3039 1.66512 -0.203002 32.7277 
18.9 -13.8727 -29.0047 1.65606 -0.189769 32.1948 
18.95 -13.8154 -29.0768 1.62551 -0.187252 32.2336 
19 -13.8332 -28.9896 1.59837 -0.188672 32.1613 
19.05 -13.9133 -28.7688 1.56588 -0.190895 31.9955 
19.1 -13.8338 -28.9446 1.53313 -0.195894 32.1178 
19.15 -13.7367 -27.9482 1.49659 -0.192101 31.1783 
19.2 -13.8063 -28.7861 1.46147 -0.196727 31.9598 
19.25 -13.9258 -28.0703 1.41734 -0.200841 31.3674 
19.3 -13.5414 -28.0776 1.39822 -0.202096 31.2044 
19.35 -13.645 -28.1625 1.36491 -0.21998 31.3245 
19.4 -13.738 -27.3994 1.3437 -0.226297 30.6808 
19.45 -13.6236 -27.1295 1.32578 -0.225947 30.3878 
19.5 -13.3161 -27.1351 1.30611 -0.250883 30.2556 
19.55 -13.0734 -27.7538 1.3016 -0.242797 30.7073 
19.6 -13.3159 -27.6633 1.2722 -0.239775 30.7286 
19.65 -13.5133 -27.9318 1.22737 -0.243786 31.0541 
19.7 -13.4099 -28.0428 1.17988 -0.246463 31.1074 
19.75 -13.6477 -27.5473 1.09624 -0.241864 30.7631 
19.8 -12.9282 -27.1873 1.09518 -0.245533 30.1257 
19.85 -12.9249 -26.6808 1.08197 -0.245066 29.6673 
19.9 -12.9352 -26.1715 1.04593 -0.260052 29.2135 
19.95 -12.6005 -25.9785 1.04863 -0.260667 28.8933 
20 -13.0656 -26.1209 0.994138 -0.256709 29.2244 
20.05 -13.2543 -25.9724 0.943994 -0.241455 29.1751 
20.1 -12.7451 -26.1733 0.926413 -0.235483 29.1272 
20.15 -12.7839 -26.7733 0.907336 -0.255276 29.6837 
20.2 -13.0025 -26.3814 0.897324 -0.267681 29.4265 
20.25 -12.9867 -26.1679 0.880526 -0.264871 29.2277 
20.3 -13.1626 -26.1249 0.847316 -0.276901 29.2671 
20.35 -12.7004 -25.6606 0.849324 -0.23491 28.6452 
20.4 -13.0329 -25.329 0.83386 -0.216007 28.4983 
20.45 -12.9009 -25.4474 0.807719 -0.207288 28.543 
20.5 -12.9995 -25.658 0.774748 -0.190268 28.7743 
20.55 -13.2062 -25.6051 0.714536 -0.195381 28.8196 
20.6 -12.3885 -25.6855 0.727712 -0.176321 28.5267 
20.65 -13.1496 -25.8665 0.68567 -0.189666 29.0258 
20.7 -12.5476 -25.6848 0.688822 -0.186743 28.5948 
20.75 -12.9101 -26.1913 0.627364 -0.18437 29.2075 
20.8 -12.404 -25.9707 0.595874 -0.193986 28.7877 
20.85 -11.6409 -25.778 0.643617 -0.194676 28.2925 
20.9 -12.3659 -25.8218 0.582128 -0.193149 28.6366 
20.95 -11.8109 -25.6397 0.610057 -0.197297 28.2365 
21 -12.1101 -25.3407 0.58043 -0.204285 28.0924 
21.05 -11.9834 -25.4025 0.542984 -0.218216 28.0932 
21.1 -11.6112 -25.1686 0.543822 -0.220068 27.724 
21.15 -11.5998 -24.9736 0.538643 -0.228482 27.5422 
21.2 -11.0399 -24.3778 0.565042 -0.20298 26.7679 
21.25 -11.1921 -24.1848 0.539335 -0.195123 26.6552 
21.3 -11.5252 -23.7759 0.493092 -0.215092 26.4275 
21.35 -11.4122 -23.3924 0.4614 -0.219522 26.0328 
21.4 -10.7824 -22.3919 0.479983 -0.201585 24.8582 
21.45 -10.3554 -22.5096 0.471511 -0.196341 24.7826 
21.5 -10.51 -22.5849 0.459696 -0.188293 24.9156 
21.55 -10.6396 -22.3272 0.437134 -0.171927 24.7372 
21.6 -10.4267 -21.9097 0.420398 -0.179915 24.2685 
21.65 -10.2924 -21.6462 0.414505 -0.215251 23.9731 
21.7 -9.87817 -22.0462 0.438242 -0.223471 24.1631 
21.75 -9.99379 -21.2367 0.427526 -0.222317 23.4756 
21.8 -9.73217 -20.8613 0.431187 -0.229467 23.025 
21.85 -9.65045 -20.8051 0.404821 -0.227609 22.9392 
21.9 -9.14538 -20.484 0.42108 -0.226729 22.4379 
21.95 -9.61459 -20.5301 0.39166 -0.241617 22.6746 
22 -9.13953 -20.2011 0.395658 -0.24891 22.1774 
22.05 -9.25392 -20.1867 0.378672 -0.229885 22.2111 
22.1 -9.09027 -19.6388 0.35371 -0.229913 21.6448 
22.15 -8.89539 -19.0488 0.3564 -0.233609 21.0278 
22.2 -8.44102 -19.5123 0.393993 -0.305672 21.2657 
22.25 -8.58787 -17.3498 0.41964 -0.42341 19.3681 
22.3 -8.30326 -16.7058 0.384803 -0.427275 18.6643 
22.35 -7.98374 -16.0772 0.389367 -0.304646 17.9572 
22.4 -8.09143 -15.1111 0.350271 -0.239156 17.1463 
22.45 -7.60628 -15.1577 0.32091 -0.241038 16.9639 
22.5 -7.91387 -14.438 0.295863 -0.231956 16.4689 
22.55 -7.97085 -12.4354 0.286619 -0.194812 14.7747 
22.6 -7.84977 -11.5327 0.277053 -0.171441 13.9544 
22.65 -7.44961 -9.94354 0.255322 -0.158926 12.4283 
22.7 -7.32754 -8.75564 0.23165 -0.13207 11.4204 
22.75 -7.02419 -7.85115 0.229927 -0.111402 10.5378 
22.8 -7.53939 -6.64712 0.181468 -0.101147 10.0535 
22.85 -7.07086 -6.31155 0.183437 -0.107483 9.48035 
22.9 -7.30407 -5.44873 0.16223 -0.0900963 9.11435 
22.95 -6.89165 -5.32497 0.155796 -0.093879 8.71113 
23 -6.92616 -3.47373 0.152013 -0.0865015 7.75041 
23.05 -7.26512 -2.97425 0.0756328 -0.0872391 7.85122 
23.1 -6.52695 -3.32534 0.101341 -0.0786929 7.32635 
23.15 -7.12899 -2.25009 0.06297 -0.0644691 7.47615 
23.2 -6.67197 -1.62028 0.0305857 -0.0612496 6.86623 
23.25 -6.58816 -2.0897 0.0314942 -0.0752618 6.91211 
23.3 -6.66256 -1.14936 0.000360839 -0.0698888 6.76133 
23.35 -6.73373 -0.795139 -0.0620193 -0.0605763 6.78108 
23.4 -6.23528 -0.901637 -0.0574489 -0.0834551 6.30092 
23.45 -6.78291 0.932194 -0.0856941 -0.0790746 6.84754 
23.5 -6.53342 1.11345 -0.0862195 -0.053117 6.62847 
23.55 -6.66701 3.90485 -0.0930824 -0.0415397 7.72762 
23.6 -6.28901 10.3866 -0.0584204 -0.0275644 12.1422 
23.65 -6.71647 17.28 -0.126748 0.00371037 18.5398 
23.7 -6.01268 19.4981 -0.159557 0.0237717 20.4047 
23.75 -6.07083 20.0473 -0.18624 0.0617753 20.9472 
23.8 -5.90872 20.5031 -0.193948 0.0679186 21.3386 
23.85 -6.04033 21.1889 -0.210397 0.0690943 22.0342 
23.9 -5.92122 21.6001 -0.227923 0.0721531 22.3983 
23.95 -5.88344 20.2408 -0.230102 0.0470299 21.0798 
24 -5.66285 20.1889 -0.20783 0.0544007 20.9692 
24.05 -5.58325 18.2323 -0.215541 0.0453978 19.0693 
24.1 -4.92451 15.4694 -0.202013 0.0135754 16.2357 
24.15 -5.0717 15.4092 -0.181914 -0.0291018 16.2234 
24.2 -5.35441 14.6461 -0.204373 -0.0353883 15.5955 
24.25 -5.51833 14.7172 -0.205726 -0.0260373 15.7191 
24.3 -6.09458 17.0604 -0.273648 0.00546149 18.1184 
24.35 -5.74085 16.7646 -0.302276 0.00954212 17.7229 
24.4 -5.7117 16.506 -0.338755 0.0373272 17.4695 
24.45 -5.72083 19.6533 -0.369604 0.0531447 20.4726 
24.5 -5.44805 20.9552 -0.357698 0.0599447 21.6548 
24.55 -4.92698 20.9332 -0.327102 0.0600146 21.5077 
24.6 -5.05895 22.899 -0.325061 0.0727224 23.4535 
24.65 -4.67362 22.2804 -0.295967 0.0617074 22.7673 
24.7 -4.47597 21.8899 -0.301237 0.0605708 22.3449 
24.75 -3.92462 20.6713 -0.276347 0.0342968 21.0425 
24.8 -4.54517 19.9589 -0.297325 0.0196117 20.472 
24.85 -4.35483 19.1658 -0.264946 0.000214005 19.6561 
24.9 -4.67984 18.6404 -0.298324 -0.0155297 19.2212 
24.95 -3.89293 17.9599 -0.275162 -0.03234 18.379 
25 -4.42315 17.6382 -0.328962 -0.0164873 18.1874 
25.05 -4.41205 17.6086 -0.358925 -0.0147805 18.1566 
25.1 -4.55232 18.0579 -0.38493 0.00169556 18.6269 
25.15 -4.84054 18.4453 -0.424124 0.00821465 19.0746 
25.2 -4.79691 18.9686 -0.425106 0.0105746 19.5703 
25.25 -5.1072 19.8602 -0.463506 0.0124833 20.5116 
25.3 -4.8784 20.2327 -0.443018 0.0170578 20.8172 
25.35 -5.0714 20.892 -0.468521 0.0130374 21.5038 
25.4 -4.57195 22.1757 -0.448367 0.00802378 22.6465 
25.45 -4.85122 22.2441 -0.464865 0.0142099 22.7717 
25.5 -4.72479 22.6514 -0.471968 0.0213185 23.1438 
25.55 -4.99775 22.6465 -0.499576 0.0253269 23.1967 
25.6 -5.05211 22.9307 -0.533696 0.0283999 23.4868 
25.65 -5.19412 22.5172 -0.549681 0.0321062 23.1151 
25.7 -4.88747 22.5531 -0.5195 0.0227004 23.0824 
25.75 -4.9054 23.0964 -0.529795 0.0201934 23.6175 
25.8 -4.61791 22.2536 -0.498705 0.0197093 22.7332 
25.85 -4.94261 22.5083 -0.503652 0.0113933 23.0502 
25.9 -5.45344 23.8072 -0.511141 0.0421289 24.4291 
25.95 -5.51989 23.0917 -0.50667 0.0865846 23.7478 
26 -6.19173 24.742 -0.51282 0.168773 25.5107 
26.05 -6.27324 24.8779 -0.369325 0.248177 25.6605 
26.1 -6.14336 24.2989 -0.264302 0.279059 25.0664 
26.15 -6.01117 25.2409 -0.228937 0.288264 25.9494 
26.2 -5.66913 24.5213 -0.209978 0.278457 25.1705 
26.25 -5.48104 24.4788 -0.242506 0.280909 25.0877 
26.3 -5.4955 24.6094 -0.31137 0.267426 25.2189 
26.35 -5.41857 24.348 -0.31711 0.260371 24.9471 
26.4 -5.07625 24.2957 -0.271293 0.275288 24.8234 
26.45 -5.33476 24.7186 -0.234071 0.293887 25.2905 
26.5 -4.76899 23.8134 -0.153076 0.288428 24.2884 
26.55 -4.53144 23.1965 -0.115973 0.275445 23.6369 
26.6 -3.83207 22.7763 -0.104844 0.25169 23.098 
26.65 -3.9657 22.8445 -0.124724 0.241156 23.1877 
26.7 -3.88456 22.957 -0.123912 0.234995 23.2849 
26.75 -3.98056 23.5093 -0.134419 0.231827 23.8454 
26.8 -3.67558 23.5982 -0.135986 0.222271 23.8841 
26.85 -3.70822 23.9613 -0.165346 0.222167 24.2481 
26.9 -3.8284 24.5465 -0.20712 0.211203 24.845 
26.95 -4.07671 24.8329 -0.232134 0.202748 25.1674 
27 -4.45761 25.596 -0.287606 0.195075 25.9836 
27.05 -4.36493 25.9918 -0.331841 0.197034 26.3586 
27.1 -4.27304 26.2499 -0.377379 0.1963 26.5988 
27.15 -4.78681 27.7248 -0.458086 0.204655 28.1395 
27.2 -5.02577 28.4737 -0.504268 0.204393 28.9189 
27.25 -5.51626 30.0435 -0.559699 0.200044 30.5515 
27.3 -5.78952 31.5145 -0.597485 0.208336 32.0482 
27.35 -5.51111 31.1057 -0.572799 0.20567 31.596 
27.4 -5.53368 31.7784 -0.522125 0.195878 32.2614 
27.45 -5.20641 31.4526 -0.471836 0.187436 31.8847 
27.5 -5.07397 31.3152 -0.451765 0.192432 31.7275 
27.55 -4.47285 29.738 -0.350058 0.190116 30.0752 
27.6 -4.43211 28.6381 -0.323908 0.216442 28.9817 
27.65 -3.84102 27.6308 -0.299923 0.212899 27.8989 
27.7 -4.12893 28.5699 -0.34983 0.226906 28.8698 
27.75 -4.32399 29.7747 -0.43055 0.222277 30.0909 
27.8 -4.43427 30.5465 -0.519825 0.217257 30.8718 
27.85 -4.84977 31.4256 -0.625727 0.22019 31.8045 
27.9 -4.4553 30.9728 -0.667167 0.223404 31.2996 
27.95 -4.32455 31.4549 -0.69836 0.200655 31.7591 
28 -4.59061 33.3111 -0.76282 0.190881 33.6352 
28.05 -3.76184 32.0047 -0.715358 0.203096 32.2336 
28.1 -4.4997 31.9306 -0.725225 0.238234 32.2551 
28.15 -5.05514 32.7204 -0.749452 0.22602 33.1178 
28.2 -3.61063 29.9719 -0.671864 0.196809 30.1967 
28.25 -3.71417 29.7759 -0.645104 0.183866 30.0141 
28.3 -4.23279 30.9056 -0.69483 0.18243 31.2024 
28.35 -3.52401 29.5138 -0.647146 0.165709 29.7309 
28.4 -3.8359 29.9826 -0.634365 0.161109 30.234 
28.45 -3.66594 29.7719 -0.611346 0.153293 30.0034 
28.5 -3.54403 29.9012 -0.603805 0.161877 30.117 
28.55 -3.86479 30.8075 -0.636922 0.167637 31.056 
28.6 -3.63583 30.3261 -0.625625 0.15728 30.5501 
28.65 -3.73294 30.6111 -0.592103 0.14788 30.8439 
28.7 -3.84147 30.5893 -0.597853 0.150908 30.8358 
28.75 -3.39539 30.0122 -0.558347 0.139751 30.2092 
28.8 -3.15863 29.4888 -0.522366 0.134495 29.6624 
28.85 -3.42608 29.8512 -0.544835 0.14073 30.0525 
28.9 -3.48619 29.7208 -0.569342 0.146355 29.9304 
28.95 -3.33344 29.0619 -0.55436 0.141542 29.258 
29 -3.3626 29.1251 -0.54597 0.146635 29.3241 
29.05 -3.10103 28.4265 -0.508278 0.145966 28.6 
29.1 -2.81402 28.0427 -0.496254 0.141583 28.1882 
29.15 -2.80478 27.8246 -0.476919 0.12711 27.9699 
29.2 -2.634 27.6066 -0.465215 0.119364 27.7361 
29.25 -2.83762 28.1775 -0.485312 0.131212 28.3244 
29.3 -2.93505 28.2379 -0.486094 0.118914 28.3944 
29.35 -2.57174 27.455 -0.448498 0.0908718 27.579 
29.4 -2.64686 27.8222 -0.442565 0.0879815 27.9515 
29.45 -2.77083 27.9668 -0.460517 0.104065 28.1077 
29.5 -2.46622 27.5318 -0.452689 0.105648 27.646 
29.55 -2.7249 27.9212 -0.465533 0.11444 28.0579 
29.6 -2.93976 28.1321 -0.465991 0.112542 28.2893 
29.65 -2.76346 28.1226 -0.462848 0.123143 28.2621 
29.7 -2.83853 28.0942 -0.46298 0.132911 28.2413 
29.75 -2.65694 27.64 -0.459248 0.129385 27.7715 
29.8 -2.35471 26.8459 -0.431387 0.122989 26.9527 
29.85 -2.50191 27.0248 -0.429722 0.117029 27.144 
29.9 -2.50893 26.9243 -0.429907 0.116576 27.0446 
29.95 -2.18448 25.7723 -0.397491 0.115413 25.868 
30 -1.80755 25.1574 -0.350553 0.0993347 25.2249 
30.05 -1.96214 25.4739 -0.358233 0.0909761 25.552 
30.1 -2.08582 25.6097 -0.374091 0.0971175 25.6974 
30.15 -2.04088 25.4089 -0.373995 0.0971673 25.4936 
30.2 -2.07796 25.1791 -0.372245 0.10155 25.2677 
30.25 -1.97532 25.0309 -0.361664 0.105875 25.1116 
30.3 -1.87564 24.4296 -0.34181 0.094348 24.5041 
30.35 -1.72434 24.0687 -0.333514 0.0855078 24.1329 
30.4 -1.71204 23.8003 -0.341026 0.0925747 23.8644 
30.45 -1.65834 23.6719 -0.314981 0.0786917 23.7322 
30.5 -1.27791 23.0745 -0.274369 0.0609288 23.1116 
30.55 -0.967833 22.6802 -0.225513 0.0439491 22.702 
30.6 -1.05677 22.8922 -0.223679 0.0398461 22.9177 
30.65 -1.29106 23.3618 -0.243889 0.0410034 23.3988 
30.7 -1.2455 23.0117 -0.248205 0.0403781 23.0467 
30.75 -1.34451 23.2027 -0.250302 0.0475655 23.243 
30.8 -1.4314 23.0944 -0.260362 0.0572283 23.1402 
30.85 -1.42212 22.7612 -0.252862 0.0590041 22.8071 
30.9 -1.19251 21.9491 -0.220334 0.0508635 21.9826 
30.95 -1.20121 23.1288 -0.23634 0.0457757 23.1612 
