0 -0.150076 -0.244779 -0.0286239 0.00905932 1.42763 
0.05 -0.13968 -0.254387 -0.0264163 0.00797703 1.45067 
0.1 -0.129276 -0.264001 -0.0242086 0.00689502 1.47371 
0.15 -0.118861 -0.273621 -0.0220007 0.00581329 1.49674 
0.2 -0.108436 -0.283247 -0.0197927 0.00473187 1.51978 
0.25 -0.0980005 -0.292881 -0.0175846 0.00365076 1.54281 
0.3 -0.0875528 -0.302524 -0.0153763 0.00256999 1.56584 
0.35 -0.0770925 -0.312175 -0.0131678 0.00148958 1.58887 
0.4 -0.0666184 -0.321837 -0.0109593 0.000409535 1.61189 
0.45 -0.0561297 -0.331509 -0.00875061 -0.000670111 1.63492 
0.5 -0.0456251 -0.341194 -0.00654183 -0.00174934 1.65794 
0.55 -0.0351036 -0.350892 -0.00433296 -0.00282813 1.68095 
0.6 -0.0245637 -0.360605 -0.00212403 -0.00390646 1.70397 
0.65 -0.0140042 -0.370335 8.4958e-05 -0.00498431 1.72697 
0.7 -0.00342349 -0.380082 0.00229397 -0.00606165 1.74998 
0.75 0.00717998 -0.38985 0.00450296 -0.00713845 1.77297 
0.8 0.017808 -0.399639 0.0067119 -0.0082147 1.79597 
0.85 0.0284624 -0.409452 0.00892074 -0.00929034 1.81895 
0.9 0.0391453 -0.419293 0.0111294 -0.0103654 1.84193 
0.95 0.0498588 -0.429162 0.0133379 -0.0114397 1.8649 
1 0.0606052 -0.439064 0.0155461 -0.0125134 1.88785 
1.05 0.0713871 -0.449001 0.0177539 -0.0135864 1.9108 
1.1 0.0822072 -0.458977 0.0199612 -0.0146585 1.93373 
1.15 0.0930684 -0.468996 0.0221679 -0.0157299 1.95665 
1.2 0.103974 -0.479062 0.0243739 -0.0168004 1.97956 
1.25 0.114927 -0.489179 0.0265791 -0.01787 2.00245 
1.3 0.125931 -0.499353 0.0287832 -0.0189387 2.02532 
1.35 0.136991 -0.509588 0.0309862 -0.0200063 2.04816 
1.4 0.148109 -0.519891 0.0331877 -0.0210728 2.07099 
1.45 0.159292 -0.530268 0.0353876 -0.0221382 2.09379 
1.5 0.170543 -0.540725 0.0375856 -0.0232023 2.11656 
1.55 0.181867 -0.551271 0.0397815 -0.024265 2.13929 
1.6 0.19327 -0.561911 0.0419749 -0.0253263 2.162 
1.65 0.204758 -0.572656 0.0441655 -0.026386 2.18466 
1.7 0.216336 -0.583513 0.0463529 -0.027444 2.20728 
1.75 0.228011 -0.594493 0.0485367 -0.0285001 2.22986 
1.8 0.239791 -0.605606 0.0507164 -0.029554 2.25238 
1.85 0.251681 -0.616862 0.0528916 -0.0306057 2.27485 
1.9 0.26369 -0.628274 0.0550617 -0.0316548 2.29726 
1.95 0.275826 -0.639852 0.0572262 -0.0327011 2.3196 
2 0.288096 -0.65161 0.0593844 -0.0337442 2.34187 
2.05 0.30051 -0.663561 0.0615357 -0.0347837 2.36406 
2.1 0.313077 -0.67572 0.0636793 -0.0358193 2.38617 
2.15 0.325806 -0.6881 0.0658145 -0.0368503 2.40819 
2.2 0.338706 -0.700717 0.0679405 -0.0378763 2.43011 
2.25 0.351788 -0.713586 0.0700565 -0.0388964 2.45193 
2.3 0.365061 -0.726723 0.0721615 -0.0399101 2.47363 
2.35 0.378537 -0.740143 0.0742547 -0.0409163 2.49521 
2.4 0.392224 -0.753864 0.0763351 -0.0419142 2.51667 
2.45 0.406134 -0.767901 0.0784017 -0.0429024 2.538 
2.5 0.420276 -0.78227 0.0804536 -0.0438798 2.55918 
2.55 0.43466 -0.796987 0.0824897 -0.0448449 2.58022 
2.6 0.449296 -0.812066 0.0845091 -0.0457959 2.60111 
2.65 0.464191 -0.827522 0.0865108 -0.046731 2.62183 
2.7 0.479354 -0.843367 0.0884941 -0.047648 2.6424 
2.75 0.494791 -0.859613 0.0904579 -0.0485446 2.6628 
2.8 0.510508 -0.876268 0.0924017 -0.049418 2.68304 
2.85 0.526508 -0.89334 0.0943248 -0.0502652 2.70311 
2.9 0.542792 -0.910833 0.0962269 -0.051083 2.72302 
2.95 0.55936 -0.928749 0.0981077 -0.0518675 2.74276 
3 0.576209 -0.947083 0.0999672 -0.0526147 2.76237 
3.05 0.59333 -0.965831 0.101806 -0.0533201 2.78183 
3.1 0.610713 -0.98498 0.103624 -0.0539788 2.80118 
3.15 0.628344 -1.00451 0.105424 -0.0545853 2.82042 
3.2 0.646203 -1.02441 0.107206 -0.0551338 2.8396 
3.25 0.664265 -1.04464 0.108972 -0.055618 2.85874 
3.3 0.682498 -1.06517 0.110726 -0.0560312 2.87788 
3.35 0.700867 -1.08595 0.112471 -0.0563661 2.89707 
3.4 0.719326 -1.10695 0.11421 -0.0566151 2.91636 
3.45 0.737824 -1.1281 0.11595 -0.0567703 2.93581 
3.5 0.756303 -1.14933 0.117695 -0.0568231 2.95551 
3.55 0.774694 -1.17059 0.119452 -0.056765 2.97552 
3.6 0.792923 -1.1918 0.12123 -0.0565872 2.99595 
3.65 0.810905 -1.21288 0.123036 -0.0562807 3.01688 
3.7 0.828549 -1.23374 0.12488 -0.0558367 3.03844 
3.75 0.845753 -1.2543 0.126773 -0.0552465 3.06074 
3.8 0.862409 -1.27447 0.128726 -0.0545015 3.0839 
3.85 0.878403 -1.29416 0.130752 -0.0535939 3.10808 
3.9 0.893613 -1.3133 0.132863 -0.0525163 3.1334 
3.95 0.907911 -1.33181 0.135073 -0.0512624 3.16003 
4 0.921169 -1.34963 0.137397 -0.0498266 3.18811 
4.05 0.933251 -1.36669 0.139849 -0.0482047 3.2178 
4.1 0.944026 -1.38298 0.142444 -0.0463938 3.24926 
4.15 0.953359 -1.39845 0.145196 -0.0443925 3.28265 
4.2 0.961121 -1.41313 0.148118 -0.0422013 3.31811 
4.25 0.967185 -1.42704 0.151225 -0.0398221 3.35579 
4.3 0.971431 -1.44023 0.15453 -0.0372588 3.39583 
4.35 0.973749 -1.45279 0.158043 -0.0345173 3.43836 
4.4 0.974036 -1.46483 0.161774 -0.0316053 3.48349 
4.45 0.972199 -1.47649 0.165732 -0.0285322 3.53131 
4.5 0.968159 -1.48797 0.169924 -0.0253092 3.58192 
4.55 0.961847 -1.49946 0.174354 -0.0219494 3.63538 
4.6 0.953207 -1.5112 0.179025 -0.0184669 3.69174 
4.65 0.942197 -1.52347 0.183937 -0.0148774 3.75104 
4.7 0.928785 -1.53656 0.189089 -0.0111976 3.81329 
4.75 0.912951 -1.55078 0.194476 -0.00744502 3.87849 
4.8 0.894685 -1.56647 0.200093 -0.00363777 3.94663 
4.85 0.873988 -1.58398 0.205932 0.00020567 4.01768 
4.9 0.850867 -1.60369 0.211983 0.00406658 4.09159 
4.95 0.825336 -1.62596 0.218233 0.00792629 4.16831 
5 0.797413 -1.65117 0.224671 0.0117665 4.24778 
5.05 0.767123 -1.67971 0.23128 0.0155692 4.32994 
5.1 0.734489 -1.71194 0.238046 0.0193171 4.4147 
5.15 0.699537 -1.74823 0.244952 0.0229936 4.502 
5.2 0.662294 -1.78894 0.251979 0.0265827 4.59175 
5.25 0.622783 -1.8344 0.259109 0.0300697 4.68388 
5.3 0.581029 -1.88495 0.266323 0.0334405 4.7783 
5.35 0.537051 -1.94088 0.273602 0.0366825 4.87495 
5.4 0.490867 -2.00247 0.280927 0.0397836 4.97375 
5.45 0.442496 -2.06997 0.288277 0.0427333 5.07464 
5.5 0.391949 -2.1436 0.295634 0.0455219 5.17755 
5.55 0.339241 -2.22356 0.302979 0.0481411 5.28244 
5.6 0.284381 -2.30999 0.310293 0.0505834 5.38926 
5.65 0.227381 -2.40304 0.317557 0.0528428 5.49795 
5.7 0.168253 -2.50278 0.324755 0.0549141 5.6085 
5.75 0.10701 -2.60926 0.33187 0.0567934 5.72087 
5.8 0.0436693 -2.72252 0.338886 0.0584779 5.83504 
5.85 -0.0217514 -2.84251 0.345789 0.0599658 5.95099 
5.9 -0.0892264 -2.96919 0.352564 0.0612565 6.06872 
5.95 -0.158724 -3.10246 0.3592 0.0623504 6.18822 
6 -0.230209 -3.24218 0.365686 0.0632491 6.30951 
6.05 -0.303634 -3.3882 0.372012 0.063955 6.43258 
6.1 -0.378946 -3.54031 0.378172 0.0644717 6.55746 
6.15 -0.456081 -3.6983 0.384158 0.0648036 6.68416 
6.2 -0.534967 -3.86189 0.389966 0.0649561 6.81271 
6.25 -0.615521 -4.03083 0.395594 0.0649353 6.94314 
6.3 -0.697651 -4.20482 0.401042 0.0647483 7.07548 
6.35 -0.781256 -4.38353 0.406309 0.0644026 7.20977 
6.4 -0.866223 -4.56666 0.4114 0.0639065 7.34605 
6.45 -0.952434 -4.75387 0.416319 0.0632688 7.48437 
6.5 -1.03976 -4.94482 0.421072 0.0624987 7.62478 
6.55 -1.12807 -5.13918 0.425668 0.0616056 7.76731 
6.6 -1.21722 -5.33664 0.430117 0.0605992 7.91202 
6.65 -1.30707 -5.53687 0.434429 0.0594892 8.05897 
6.7 -1.39746 -5.73959 0.438617 0.0582854 8.2082 
6.75 -1.48826 -5.94449 0.442695 0.0569973 8.35978 
6.8 -1.57931 -6.15132 0.446678 0.0556343 8.51374 
6.85 -1.67046 -6.35985 0.45058 0.0542055 8.67016 
6.9 -1.76157 -6.56985 0.454419 0.0527195 8.82908 
6.95 -1.85249 -6.78114 0.458211 0.0511844 8.99054 
7 -1.94308 -6.99356 0.461972 0.049608 9.15461 
7.05 -2.03321 -7.20697 0.46572 0.0479972 9.32133 
7.1 -2.12276 -7.42125 0.469472 0.0463584 9.49074 
7.15 -2.21159 -7.63634 0.473245 0.0446975 9.66289 
7.2 -2.29961 -7.85216 0.477055 0.0430194 9.83781 
7.25 -2.38671 -8.0687 0.480917 0.0413288 10.0155 
7.3 -2.47279 -8.28592 0.484849 0.0396292 10.1961 
7.35 -2.55776 -8.50384 0.488864 0.0379239 10.3796 
7.4 -2.64155 -8.72249 0.492977 0.0362153 10.5659 
7.45 -2.72408 -8.94189 0.497202 0.0345054 10.7552 
7.5 -2.80531 -9.16211 0.50155 0.0327954 10.9474 
7.55 -2.88516 -9.38319 0.506033 0.0310863 11.1425 
7.6 -2.9636 -9.60522 0.510663 0.0293783 11.3405 
7.65 -3.04059 -9.82825 0.515448 0.0276714 11.5415 
7.7 -3.1161 -10.0524 0.520398 0.0259652 11.7455 
7.75 -3.1901 -10.2777 0.525522 0.0242587 11.9523 
7.8 -3.26259 -10.5042 0.530825 0.022551 12.1621 
7.85 -3.33354 -10.7321 0.536315 0.0208407 12.3747 
7.9 -3.40295 -10.9614 0.541996 0.0191262 12.5902 
7.95 -3.47082 -11.1921 0.547873 0.0174058 12.8085 
8 -3.53716 -11.4244 0.553951 0.0156776 13.0296 
8.05 -3.60196 -11.6582 0.560231 0.0139397 13.2535 
8.1 -3.66526 -11.8937 0.566716 0.0121901 13.48 
8.15 -3.72705 -12.1309 0.573408 0.0104267 13.7092 
8.2 -3.78736 -12.3698 0.580308 0.00864745 13.9409 
8.25 -3.84621 -12.6105 0.587415 0.0068503 14.1752 
8.3 -3.90362 -12.8528 0.594728 0.00503323 14.412 
8.35 -3.95962 -13.097 0.602248 0.0031943 14.6511 
8.4 -4.01424 -13.3429 0.609972 0.00133154 14.8926 
8.45 -4.06752 -13.5906 0.617898 -0.000556863 15.1363 
8.5 -4.11947 -13.84 0.626024 -0.00247265 15.3822 
8.55 -4.17014 -14.0912 0.634345 -0.00441746 15.6302 
8.6 -4.21957 -14.344 0.642859 -0.00639284 15.8802 
8.65 -4.26779 -14.5985 0.651562 -0.00840031 16.1322 
8.7 -4.31484 -14.8545 0.660448 -0.0104412 16.386 
8.75 -4.36076 -15.1122 0.669513 -0.0125167 16.6415 
8.8 -4.4056 -15.3713 0.678751 -0.0146279 16.8987 
8.85 -4.4494 -15.6319 0.688155 -0.0167759 17.1575 
8.9 -4.4922 -15.8938 0.697721 -0.0189617 17.4177 
8.95 -4.53406 -16.157 0.707441 -0.0211859 17.6793 
9 -4.57503 -16.4215 0.717307 -0.0234494 17.9423 
9.05 -4.61515 -16.687 0.727313 -0.0257527 18.2064 
9.1 -4.65448 -16.9537 0.73745 -0.0280963 18.4716 
9.15 -4.69308 -17.2213 0.747709 -0.0304807 18.7378 
9.2 -4.73102 -17.4897 0.758082 -0.0329061 19.0049 
9.25 -4.76834 -17.759 0.76856 -0.0353728 19.2728 
9.3 -4.80513 -18.0289 0.779133 -0.0378809 19.5413 
9.35 -4.84144 -18.2994 0.78979 -0.0404304 19.8104 
9.4 -4.87736 -18.5703 0.800522 -0.0430214 20.08 
9.45 -4.91297 -18.8416 0.811317 -0.0456535 20.35 
9.5 -4.94834 -19.1132 0.822164 -0.0483265 20.6201 
9.55 -4.98357 -19.3848 0.833053 -0.0510401 20.8904 
9.6 -5.01876 -19.6564 0.84397 -0.0537937 21.1606 
9.65 -5.054 -19.9279 0.854904 -0.0565867 21.4307 
9.7 -5.08941 -20.1991 0.865844 -0.0594183 21.7005 
9.75 -5.1251 -20.4698 0.876778 -0.0622876 21.9699 
9.8 -5.1612 -20.74 0.887693 -0.0651933 22.2387 
9.85 -5.19784 -21.0094 0.898578 -0.0681341 22.5068 
9.9 -5.23515 -21.278 0.909422 -0.0711085 22.774 
9.95 -5.27329 -21.5454 0.920217 -0.0741145 23.0401 
10 -5.31242 -21.8116 0.930952 -0.0771499 23.3049 
10.05 -5.35269 -22.0763 0.94162 -0.0802122 23.5683 
10.1 -5.39427 -22.3393 0.952215 -0.0832984 23.8301 
10.15 -5.43734 -22.6006 0.962735 -0.0864053 24.09 
10.2 -5.48209 -22.8597 0.973178 -0.0895289 24.3478 
10.25 -5.52869 -23.1166 0.983548 -0.0926649 24.6035 
10.3 -5.57732 -23.371 0.993851 -0.0958085 24.8566 
10.35 -5.62817 -23.6227 1.0041 -0.0989541 25.107 
10.4 -5.6814 -23.8715 1.0143 -0.102096 25.3545 
10.45 -5.73717 -24.1171 1.02449 -0.105226 25.599 
10.5 -5.79562 -24.3595 1.03469 -0.108339 25.8401 
10.55 -5.85688 -24.5985 1.04493 -0.111426 26.0778 
10.6 -5.92102 -24.8339 1.05525 -0.114479 26.3118 
10.65 -5.98812 -25.0655 1.06571 -0.117489 26.5421 
10.7 -6.05818 -25.2935 1.07636 -0.120447 26.7687 
10.75 -6.13117 -25.5176 1.08725 -0.123344 26.9913 
10.8 -6.20701 -25.738 1.09846 -0.12617 27.2102 
10.85 -6.28555 -25.9548 1.11005 -0.128917 27.4254 
10.9 -6.36662 -26.1681 1.12211 -0.131576 27.6369 
10.95 -6.44994 -26.378 1.13471 -0.134139 27.8451 
11 -6.53521 -26.585 1.14792 -0.136599 28.0501 
11.05 -6.62207 -26.7892 1.16183 -0.138951 28.2523 
11.1 -6.7101 -26.9912 1.1765 -0.141191 28.4521 
11.15 -6.79885 -27.1913 1.192 -0.143314 28.6499 
11.2 -6.88785 -27.39 1.20839 -0.14532 28.8461 
11.25 -6.9766 -27.5878 1.22572 -0.14721 29.0413 
11.3 -7.06461 -27.7853 1.24402 -0.148986 29.236 
11.35 -7.15139 -27.9829 1.26331 -0.15065 29.4307 
11.4 -7.23648 -28.1811 1.28361 -0.15221 29.6259 
11.45 -7.31945 -28.3804 1.30492 -0.15367 29.822 
11.5 -7.39991 -28.5813 1.32722 -0.155039 30.0196 
11.55 -7.47751 -28.7841 1.3505 -0.156325 30.2191 
11.6 -7.55198 -28.9893 1.37471 -0.157537 30.4207 
11.65 -7.62309 -29.197 1.39981 -0.158685 30.6249 
11.7 -7.69067 -29.4076 1.42576 -0.159777 30.8318 
11.75 -7.75461 -29.6212 1.45251 -0.160823 31.0417 
11.8 -7.81484 -29.8379 1.47998 -0.161832 31.2546 
11.85 -7.87138 -30.0579 1.50812 -0.162813 31.4708 
11.9 -7.92423 -30.281 1.53688 -0.163772 31.6901 
11.95 -7.97349 -30.5075 1.56619 -0.164718 31.9126 
12 -8.01924 -30.7371 1.59599 -0.165657 32.1384 
12.05 -8.06163 -30.9698 1.62623 -0.166594 32.3672 
12.1 -8.10078 -31.2056 1.65685 -0.167533 32.5991 
12.15 -8.13688 -31.4442 1.68782 -0.16848 32.8339 
12.2 -8.17008 -31.6856 1.71907 -0.169438 33.0714 
12.25 -8.20056 -31.9297 1.75057 -0.170409 33.3116 
12.3 -8.22851 -32.1762 1.78229 -0.171396 33.5543 
12.35 -8.2541 -32.4251 1.81419 -0.1724 33.7994 
12.4 -8.27751 -32.6762 1.84624 -0.173422 34.0468 
12.45 -8.2989 -32.9293 1.87842 -0.174464 34.2962 
12.5 -8.31844 -33.1843 1.91071 -0.175525 34.5476 
12.55 -8.33629 -33.4412 1.94308 -0.176606 34.8008 
12.6 -8.35259 -33.6997 1.97552 -0.177705 35.0557 
12.65 -8.3675 -33.9598 2.00802 -0.178824 35.3122 
12.7 -8.38114 -34.2214 2.04057 -0.17996 35.5703 
12.75 -8.39365 -34.4843 2.07315 -0.181113 35.8297 
12.8 -8.40514 -34.7484 2.10577 -0.182283 36.0905 
12.85 -8.41573 -35.0138 2.13841 -0.183466 36.3525 
12.9 -8.42554 -35.2803 2.17108 -0.184663 36.6157 
12.95 -8.43466 -35.5479 2.20377 -0.185872 36.88 
13 -8.44321 -35.8164 2.23649 -0.18709 37.1454 
13.05 -8.45128 -36.0859 2.26922 -0.188316 37.4118 
13.1 -8.45897 -36.3563 2.30199 -0.189548 37.6792 
13.15 -8.46638 -36.6276 2.33477 -0.190783 37.9476 
13.2 -8.47362 -36.8997 2.36759 -0.192019 38.2168 
13.25 -8.48078 -37.1727 2.40045 -0.193253 38.487 
13.3 -8.48796 -37.4464 2.43334 -0.194482 38.7581 
13.35 -8.4953 -37.7208 2.46627 -0.195703 39.03 
13.4 -8.50289 -37.9959 2.49925 -0.196912 39.3028 
13.45 -8.51087 -38.2717 2.53228 -0.198105 39.5764 
13.5 -8.51937 -38.5481 2.56536 -0.199278 39.8507 
13.55 -8.52855 -38.825 2.59849 -0.200424 40.1259 
13.6 -8.53856 -39.1024 2.63167 -0.201539 40.4017 
13.65 -8.5496 -39.3801 2.66491 -0.202617 40.6781 
13.7 -8.56185 -39.658 2.69818 -0.20365 40.955 
13.75 -8.57553 -39.9359 2.7315 -0.20463 41.2323 
13.8 -8.59087 -40.2137 2.76483 -0.20555 41.5099 
13.85 -8.60816 -40.491 2.79816 -0.2064 41.7874 
13.9 -8.62765 -40.7675 2.83146 -0.20717 42.0647 
13.95 -8.64966 -41.0427 2.86469 -0.207849 42.3413 
14 -8.67451 -41.3163 2.89781 -0.208425 42.6168 
14.05 -8.70256 -41.5876 2.93076 -0.208886 42.8908 
14.1 -8.73416 -41.8558 2.96346 -0.209219 43.1625 
14.15 -8.76968 -42.1202 2.99584 -0.209412 43.4313 
14.2 -8.8095 -42.3798 3.02777 -0.209451 43.6962 
14.25 -8.85396 -42.6336 3.05916 -0.209324 43.9564 
14.3 -8.9034 -42.8803 3.08985 -0.209019 44.2106 
14.35 -8.95812 -43.1186 3.11969 -0.208527 44.4576 
14.4 -9.01834 -43.3471 3.14851 -0.20784 44.696 
14.45 -9.08421 -43.5644 3.17613 -0.206954 44.9244 
14.5 -9.15577 -43.7688 3.20235 -0.205867 45.1413 
14.55 -9.23294 -43.9589 3.22698 -0.204585 45.3452 
14.6 -9.31551 -44.1333 3.24983 -0.203116 45.5346 
14.65 -9.4031 -44.2907 3.27071 -0.201476 45.7082 
14.7 -9.49517 -44.43 3.28947 -0.199683 45.8649 
14.75 -9.59104 -44.5507 3.30598 -0.197764 46.0037 
14.8 -9.68989 -44.652 3.32014 -0.19575 46.124 
14.85 -9.79076 -44.7342 3.33191 -0.193676 46.2257 
14.9 -9.89265 -44.7975 3.34129 -0.191579 46.3088 
14.95 -9.99448 -44.8427 3.34832 -0.189498 46.3739 
15 -10.0952 -44.871 3.3531 -0.187471 46.422 
15.05 -10.1938 -44.8838 3.35578 -0.185535 46.4542 
15.1 -10.2893 -44.8828 3.35652 -0.183723 46.4721 
15.15 -10.3809 -44.8699 3.35553 -0.182065 46.4773 
15.2 -10.4679 -44.8472 3.35305 -0.180583 46.4718 
15.25 -10.5499 -44.8165 3.34928 -0.179296 46.4573 
15.3 -10.6264 -44.7799 3.34448 -0.178216 46.4358 
15.35 -10.6973 -44.7391 3.33885 -0.177351 46.4088 
15.4 -10.7624 -44.6957 3.3326 -0.176701 46.3781 
15.45 -10.8218 -44.6512 3.32592 -0.176266 46.3451 
15.5 -10.8757 -44.6069 3.31897 -0.176038 46.3111 
15.55 -10.9242 -44.5637 3.3119 -0.176009 46.2771 
15.6 -10.9677 -44.5224 3.30481 -0.176168 46.2439 
15.65 -11.0065 -44.4838 3.29782 -0.176504 46.2124 
15.7 -11.0409 -44.4483 3.29098 -0.177003 46.183 
15.75 -11.0713 -44.4162 3.28436 -0.177652 46.1562 
15.8 -11.098 -44.3877 3.278 -0.178438 46.1322 
15.85 -11.1215 -44.3629 3.27193 -0.179348 46.1111 
15.9 -11.1421 -44.3418 3.26615 -0.180371 46.0932 
15.95 -11.1601 -44.3245 3.26068 -0.181494 46.0784 
16 -11.1758 -44.3107 3.25551 -0.182707 46.0667 
16.05 -11.1895 -44.3004 3.25063 -0.184 46.0581 
16.1 -11.2014 -44.2934 3.24604 -0.185365 46.0524 
16.15 -11.2119 -44.2896 3.24171 -0.186793 46.0495 
16.2 -11.2212 -44.2888 3.23762 -0.188278 46.0493 
16.25 -11.2294 -44.2908 3.23376 -0.189813 46.0517 
16.3 -11.2368 -44.2954 3.23011 -0.191392 46.0566 
16.35 -11.2435 -44.3024 3.22662 -0.19301 46.0637 
16.4 -11.2498 -44.3118 3.22329 -0.194663 46.0731 
16.45 -11.2558 -44.3232 3.22008 -0.196346 46.0845 
16.5 -11.2616 -44.3367 3.21697 -0.198057 46.0979 
16.55 -11.2674 -44.3519 3.21393 -0.199793 46.1131 
16.6 -11.2734 -44.3689 3.21093 -0.20155 46.1301 
16.65 -11.2797 -44.3874 3.20794 -0.203327 46.1487 
16.7 -11.2864 -44.4073 3.20492 -0.205122 46.1688 
16.75 -11.2938 -44.4284 3.20185 -0.206932 46.1904 
16.8 -11.3019 -44.4508 3.19868 -0.208757 46.2133 
16.85 -11.3109 -44.4741 3.19537 -0.210594 46.2375 
16.9 -11.321 -44.4983 3.19189 -0.212444 46.2629 
16.95 -11.3324 -44.5232 3.18817 -0.214304 46.2893 
17 -11.3453 -44.5486 3.18418 -0.216175 46.3166 
17.05 -11.3598 -44.5743 3.17984 -0.218054 46.3448 
17.1 -11.3763 -44.6001 3.17509 -0.219942 46.3735 
17.15 -11.3948 -44.6257 3.16986 -0.221836 46.4027 
17.2 -11.4157 -44.6508 3.16407 -0.223737 46.432 
17.25 -11.4393 -44.675 3.15761 -0.225644 46.4612 
17.3 -11.4657 -44.6979 3.1504 -0.227554 46.4899 
17.35 -11.4953 -44.7189 3.14231 -0.229466 46.5178 
17.4 -11.5285 -44.7375 3.13323 -0.23138 46.5443 
17.45 -11.5654 -44.753 3.123 -0.233293 46.5688 
17.5 -11.6064 -44.7644 3.11149 -0.235203 46.5906 
17.55 -11.6518 -44.7709 3.09852 -0.237107 46.6089 
17.6 -11.7019 -44.7715 3.08392 -0.239002 46.6228 
17.65 -11.7569 -44.7648 3.06751 -0.240885 46.6311 
17.7 -11.817 -44.7494 3.04909 -0.24275 46.6326 
17.75 -11.8824 -44.724 3.02847 -0.244594 46.6258 
17.8 -11.9532 -44.6867 3.00544 -0.24641 46.6092 
17.85 -12.0293 -44.6359 2.97983 -0.248194 46.5812 
17.9 -12.1106 -44.5697 2.95145 -0.249937 46.5398 
17.95 -12.1968 -44.4861 2.92016 -0.251633 46.4831 
18 -12.2874 -44.3833 2.88584 -0.253274 46.4093 
18.05 -12.3818 -44.2593 2.84843 -0.254854 46.3163 
18.1 -12.4792 -44.1126 2.8079 -0.256363 46.2024 
18.15 -12.5786 -43.9416 2.76431 -0.257796 46.066 
18.2 -12.6789 -43.7454 2.71777 -0.259145 45.9056 
18.25 -12.7787 -43.5231 2.66847 -0.260406 45.7202 
18.3 -12.8766 -43.2746 2.6167 -0.261574 45.5093 
18.35 -12.9712 -43.0001 2.56277 -0.262648 45.2727 
18.4 -13.061 -42.7006 2.50709 -0.263626 45.0109 
18.45 -13.1446 -42.3774 2.45011 -0.264511 44.7248 
18.5 -13.2206 -42.0324 2.3923 -0.265305 44.4158 
18.55 -13.288 -41.6679 2.33414 -0.266013 44.0859 
18.6 -13.3459 -41.2865 2.27612 -0.266642 43.7373 
18.65 -13.3934 -40.891 2.21869 -0.267201 43.3724 
18.7 -13.4303 -40.4842 2.16224 -0.267696 42.994 
18.75 -13.4564 -40.0691 2.10713 -0.268139 42.6046 
18.8 -13.4716 -39.6483 2.05365 -0.268536 42.2069 
18.85 -13.4762 -39.2244 2.00202 -0.268898 41.8034 
18.9 -13.4707 -38.7995 1.9524 -0.269232 41.3962 
18.95 -13.4556 -38.3755 1.90488 -0.269547 40.9874 
19 -13.4316 -37.9541 1.85949 -0.269847 40.5786 
19.05 -13.3995 -37.5365 1.81623 -0.27014 40.1713 
19.1 -13.3598 -37.1236 1.77505 -0.27043 39.7665 
19.15 -13.3135 -36.7161 1.73586 -0.27072 39.365 
19.2 -13.2613 -36.3144 1.69856 -0.271014 38.9676 
19.25 -13.2038 -35.9187 1.66303 -0.271313 38.5746 
19.3 -13.1417 -35.5292 1.62913 -0.271618 38.1861 
19.35 -13.0757 -35.1456 1.59674 -0.271931 37.8024 
19.4 -13.0063 -34.7678 1.56572 -0.272251 37.4234 
19.45 -12.9339 -34.3955 1.53593 -0.272579 37.0489 
19.5 -12.8592 -34.0284 1.50724 -0.272914 36.6788 
19.55 -12.7824 -33.6661 1.47954 -0.273254 36.3127 
19.6 -12.7039 -33.3082 1.45271 -0.273599 35.9505 
19.65 -12.624 -32.9543 1.42666 -0.273948 35.5919 
19.7 -12.543 -32.604 1.40127 -0.2743 35.2366 
19.75 -12.4611 -32.257 1.37647 -0.274652 34.8842 
19.8 -12.3786 -31.9128 1.35217 -0.275003 34.5345 
19.85 -12.2956 -31.5711 1.3283 -0.275353 34.1873 
19.9 -12.2122 -31.2316 1.30481 -0.275698 33.8422 
19.95 -12.1286 -30.894 1.28162 -0.276038 33.4989 
20 -12.0449 -30.558 1.25869 -0.27637 33.1574 
20.05 -11.9613 -30.2232 1.23597 -0.276692 32.8173 
20.1 -11.8777 -29.8895 1.21343 -0.277004 32.4786 
20.15 -11.7944 -29.5567 1.19102 -0.277302 32.1409 
20.2 -11.7113 -29.2244 1.1687 -0.277585 31.8042 
20.25 -11.6285 -28.8926 1.14646 -0.27785 31.4683 
20.3 -11.5462 -28.5611 1.12427 -0.278096 31.1331 
20.35 -11.4643 -28.2296 1.1021 -0.278319 30.7985 
20.4 -11.3829 -27.898 1.07993 -0.278518 30.4644 
20.45 -11.3021 -27.5663 1.05775 -0.27869 30.1307 
20.5 -11.2219 -27.2342 1.03553 -0.278831 29.7974 
20.55 -11.1425 -26.9016 1.01326 -0.278939 29.4645 
20.6 -11.0637 -26.5685 0.99093 -0.279011 29.1318 
20.65 -10.9857 -26.2348 0.96853 -0.279043 28.7994 
20.7 -10.9085 -25.9003 0.946048 -0.279032 28.4673 
20.75 -10.8323 -25.565 0.923474 -0.278974 28.1354 
20.8 -10.7569 -25.2288 0.900802 -0.278864 27.8039 
20.85 -10.6826 -24.8917 0.878026 -0.278699 27.4727 
20.9 -10.6093 -24.5535 0.855142 -0.278474 27.1419 
20.95 -10.537 -24.2142 0.832148 -0.278184 26.8116 
21 -10.4659 -23.8739 0.809039 -0.277824 26.4818 
21.05 -10.396 -23.5324 0.785819 -0.277389 26.1527 
21.1 -10.3273 -23.1897 0.762487 -0.276873 25.8244 
21.15 -10.2599 -22.8459 0.739049 -0.276271 25.4969 
21.2 -10.1938 -22.5009 0.715511 -0.275577 25.1705 
21.25 -10.129 -22.1547 0.691879 -0.274784 24.8454 
21.3 -10.0656 -21.8075 0.668166 -0.273887 24.5217 
21.35 -10.0036 -21.4591 0.644383 -0.272879 24.1996 
21.4 -9.94295 -21.1097 0.620548 -0.271755 23.8795 
21.45 -9.88375 -20.7594 0.596679 -0.270508 23.5615 
21.5 -9.82594 -20.4083 0.572797 -0.269133 23.2459 
21.55 -9.76952 -20.0564 0.548929 -0.267624 22.9331 
21.6 -9.71445 -19.7039 0.525102 -0.265976 22.6234 
21.65 -9.66067 -19.3509 0.501348 -0.264185 22.317 
21.7 -9.60814 -18.9978 0.477702 -0.262246 22.0144 
21.75 -9.55675 -18.6445 0.4542 -0.260158 21.7159 
21.8 -9.50644 -18.2914 0.430886 -0.257918 21.4218 
21.85 -9.45706 -17.9386 0.4078 -0.255525 21.1326 
21.9 -9.40849 -17.5865 0.38499 -0.252979 20.8486 
21.95 -9.36059 -17.2353 0.3625 -0.250283 20.5701 
22 -9.31318 -16.8852 0.340379 -0.247438 20.2975 
22.05 -9.26609 -16.5366 0.318676 -0.244451 20.0312 
22.1 -9.21911 -16.1896 0.297437 -0.241326 19.7713 
22.15 -9.17206 -15.8446 0.276708 -0.238072 19.5182 
22.2 -9.12473 -15.5018 0.256535 -0.234697 19.2721 
22.25 -9.07688 -15.1613 0.236955 -0.231212 19.0331 
22.3 -9.02833 -14.8236 0.218007 -0.227629 18.8015 
22.35 -8.97886 -14.4886 0.199722 -0.22396 18.5771 
22.4 -8.92827 -14.1566 0.182128 -0.220219 18.3601 
22.45 -8.87639 -13.8277 0.165243 -0.216421 18.1505 
22.5 -8.82304 -13.502 0.149082 -0.21258 17.9481 
22.55 -8.76807 -13.1794 0.133654 -0.20871 17.7528 
22.6 -8.71136 -12.86 0.118957 -0.204827 17.5645 
22.65 -8.65282 -12.5438 0.104986 -0.200945 17.3829 
22.7 -8.59237 -12.2305 0.0917295 -0.197077 17.2077 
22.75 -8.52995 -11.9201 0.0791675 -0.193237 17.0388 
22.8 -8.46557 -11.6125 0.0672776 -0.189436 16.8757 
22.85 -8.39921 -11.3073 0.0560302 -0.185684 16.7182 
22.9 -8.33092 -11.0044 0.0453938 -0.181992 16.566 
22.95 -8.26076 -10.7036 0.0353319 -0.178366 16.4187 
23 -8.1888 -10.4044 0.025806 -0.174814 16.276 
23.05 -8.11515 -10.1067 0.0167769 -0.171341 16.1377 
23.1 -8.03993 -9.81012 0.00820272 -0.167949 16.0035 
23.15 -7.96326 -9.51436 4.28985e-05 -0.164643 15.8731 
23.2 -7.8853 -9.21911 -0.00774396 -0.161422 15.7464 
23.25 -7.80619 -8.92404 -0.0151983 -0.158287 15.623 
23.3 -7.7261 -8.62888 -0.0223586 -0.155238 15.503 
23.35 -7.64518 -8.33328 -0.0292625 -0.152271 15.386 
23.4 -7.56362 -8.037 -0.035945 -0.149385 15.2722 
23.45 -7.48157 -7.73973 -0.0424397 -0.146577 15.1613 
23.5 -7.3992 -7.44119 -0.0487778 -0.143841 15.0533 
23.55 -7.31668 -7.14117 -0.0549874 -0.141175 14.9483 
23.6 -7.23417 -6.83938 -0.0610957 -0.138574 14.8462 
23.65 -7.15183 -6.53562 -0.0671259 -0.136032 14.7471 
23.7 -7.06981 -6.22967 -0.0731003 -0.133545 14.6511 
23.75 -6.98826 -5.92132 -0.0790385 -0.131107 14.5583 
23.8 -6.90732 -5.61039 -0.0849578 -0.128715 14.4687 
23.85 -6.82712 -5.2967 -0.0908741 -0.126361 14.3825 
23.9 -6.74781 -4.9801 -0.0968008 -0.124043 14.2998 
23.95 -6.66949 -4.66043 -0.10275 -0.121754 14.2209 
24 -6.5923 -4.33753 -0.108733 -0.11949 14.1458 
24.05 -6.51633 -4.0113 -0.114758 -0.117246 14.0747 
24.1 -6.4417 -3.68161 -0.120833 -0.115019 14.0078 
24.15 -6.36852 -3.34836 -0.126965 -0.112803 13.9454 
24.2 -6.29686 -3.01145 -0.133159 -0.110596 13.8875 
24.25 -6.22683 -2.67078 -0.13942 -0.108394 13.8344 
24.3 -6.1585 -2.32629 -0.145752 -0.106193 13.7864 
24.35 -6.09195 -1.9779 -0.152157 -0.103989 13.7436 
24.4 -6.02726 -1.62557 -0.158638 -0.101782 13.7061 
24.45 -5.96449 -1.26925 -0.165197 -0.0995667 13.6743 
24.5 -5.9037 -0.908887 -0.171833 -0.0973422 13.6483 
24.55 -5.84495 -0.544487 -0.178548 -0.0951063 13.6283 
24.6 -5.78828 -0.176012 -0.185341 -0.0928572 13.6145 
24.65 -5.73375 0.196505 -0.192212 -0.0905936 13.6071 
24.7 -5.68138 0.573057 -0.199158 -0.0883144 13.6061 
24.75 -5.6312 0.953625 -0.20618 -0.0860187 13.6119 
24.8 -5.58324 1.33813 -0.213273 -0.0837063 13.6245 
24.85 -5.53752 1.72653 -0.220437 -0.0813769 13.6441 
24.9 -5.49404 2.1187 -0.227666 -0.0790308 13.6708 
24.95 -5.4528 2.51454 -0.234958 -0.0766686 13.7047 
25 -5.4138 2.91395 -0.242308 -0.0742911 13.7458 
25.05 -5.37702 3.31671 -0.249711 -0.0718998 13.7942 
25.1 -5.34243 3.72268 -0.257162 -0.0694962 13.85 
25.15 -5.31 4.13161 -0.264654 -0.0670826 13.9132 
25.2 -5.27968 4.54326 -0.272181 -0.0646613 13.9836 
25.25 -5.25143 4.95736 -0.279736 -0.0622352 14.0613 
25.3 -5.22517 5.37357 -0.287308 -0.0598078 14.1462 
25.35 -5.20083 5.79156 -0.294891 -0.0573826 14.2381 
25.4 -5.17832 6.21089 -0.302473 -0.0549638 14.3369 
25.45 -5.15755 6.63116 -0.310045 -0.052556 14.4424 
25.5 -5.13841 7.0519 -0.317595 -0.050164 14.5543 
25.55 -5.12077 7.47255 -0.325109 -0.0477933 14.6723 
25.6 -5.10452 7.89257 -0.332576 -0.0454496 14.7961 
25.65 -5.08949 8.31137 -0.339981 -0.0431386 14.9253 
25.7 -5.07556 8.72826 -0.347309 -0.0408671 15.0594 
25.75 -5.06256 9.14258 -0.354545 -0.0386413 15.198 
25.8 -5.05031 9.55358 -0.361672 -0.0364683 15.3406 
25.85 -5.03865 9.9605 -0.368674 -0.034355 15.4866 
25.9 -5.02739 10.3626 -0.375533 -0.0323084 15.6354 
25.95 -5.01635 10.7589 -0.382232 -0.0303358 15.7863 
26 -5.00534 11.1487 -0.388751 -0.028444 15.9387 
26.05 -4.99416 11.5311 -0.395074 -0.0266401 16.0918 
26.1 -4.98263 11.9052 -0.401181 -0.0249309 16.2448 
26.15 -4.97055 12.2702 -0.407054 -0.0233226 16.3971 
26.2 -4.95774 12.6251 -0.412677 -0.0218215 16.5479 
26.25 -4.94402 12.9691 -0.418031 -0.0204329 16.6963 
26.3 -4.92922 13.3014 -0.423101 -0.0191621 16.8416 
26.35 -4.91318 13.6213 -0.427871 -0.0180132 16.9831 
26.4 -4.89575 13.9279 -0.432327 -0.0169898 17.1199 
26.45 -4.8768 14.2206 -0.436456 -0.016095 17.2514 
26.5 -4.8562 14.4987 -0.440247 -0.0153306 17.3769 
26.55 -4.83385 14.7617 -0.443691 -0.014698 17.4958 
26.6 -4.80967 15.0091 -0.446778 -0.0141972 17.6074 
26.65 -4.78359 15.2405 -0.449505 -0.0138276 17.7112 
26.7 -4.75556 15.4557 -0.451865 -0.0135878 17.8068 
26.75 -4.72554 15.6543 -0.453858 -0.0134752 17.8937 
26.8 -4.69355 15.8362 -0.455484 -0.0134866 17.9717 
26.85 -4.65956 16.0014 -0.456744 -0.0136178 18.0404 
26.9 -4.62363 16.1501 -0.457643 -0.013864 18.0996 
26.95 -4.58578 16.2822 -0.458186 -0.0142198 18.1494 
27 -4.54607 16.3981 -0.458381 -0.014679 18.1895 
27.05 -4.50458 16.498 -0.458237 -0.015235 18.2201 
27.1 -4.46139 16.5823 -0.457765 -0.0158809 18.2412 
27.15 -4.4166 16.6515 -0.456977 -0.0166092 18.253 
27.2 -4.37031 16.7061 -0.455885 -0.0174123 18.2556 
27.25 -4.32262 16.7465 -0.454504 -0.0182827 18.2495 
27.3 -4.27366 16.7736 -0.452849 -0.0192125 18.2347 
27.35 -4.22354 16.7878 -0.450933 -0.020194 18.2117 
27.4 -4.17239 16.7898 -0.448774 -0.0212195 18.1809 
27.45 -4.12032 16.7803 -0.446387 -0.0222816 18.1427 
27.5 -4.06746 16.7599 -0.443788 -0.0233731 18.0974 
27.55 -4.01393 16.7295 -0.440993 -0.024487 18.0455 
27.6 -3.95984 16.6896 -0.438017 -0.0256166 17.9874 
27.65 -3.90531 16.641 -0.434876 -0.0267557 17.9236 
27.7 -3.85043 16.5843 -0.431585 -0.0278984 17.8546 
27.75 -3.79531 16.5202 -0.428158 -0.0290391 17.7806 
27.8 -3.74006 16.4493 -0.424609 -0.0301727 17.7023 
27.85 -3.68474 16.3722 -0.420952 -0.0312946 17.62 
27.9 -3.62945 16.2896 -0.417198 -0.0324004 17.5342 
27.95 -3.57427 16.2019 -0.41336 -0.0334863 17.4451 
28 -3.51925 16.1098 -0.409449 -0.0345488 17.3532 
28.05 -3.46448 16.0136 -0.405475 -0.0355847 17.2588 
28.1 -3.40999 15.914 -0.401449 -0.0365912 17.1624 
28.15 -3.35585 15.8113 -0.397379 -0.037566 17.0641 
28.2 -3.30209 15.7059 -0.393275 -0.038507 16.9643 
28.25 -3.24876 15.5982 -0.389143 -0.0394123 16.8633 
28.3 -3.19588 15.4887 -0.384991 -0.0402805 16.7614 
28.35 -3.1435 15.3776 -0.380826 -0.0411103 16.6587 
28.4 -3.09163 15.2652 -0.376653 -0.0419007 16.5555 
28.45 -3.04029 15.1518 -0.372479 -0.0426508 16.452 
28.5 -2.9895 15.0377 -0.368308 -0.0433601 16.3485 
28.55 -2.93927 14.9231 -0.364144 -0.0440281 16.245 
28.6 -2.88962 14.8082 -0.359993 -0.0446546 16.1417 
28.65 -2.84054 14.6933 -0.355856 -0.0452395 16.0388 
28.7 -2.79204 14.5785 -0.351739 -0.0457826 15.9364 
28.75 -2.74412 14.4639 -0.347643 -0.0462842 15.8346 
28.8 -2.69679 14.3498 -0.343572 -0.0467444 15.7336 
28.85 -2.65005 14.2362 -0.339527 -0.0471634 15.6334 
28.9 -2.60387 14.1233 -0.335512 -0.0475416 15.5341 
28.95 -2.55827 14.0112 -0.331527 -0.0478794 15.4359 
29 -2.51324 13.9 -0.327575 -0.0481772 15.3387 
29.05 -2.46876 13.7897 -0.323657 -0.0484355 15.2426 
29.1 -2.42484 13.6806 -0.319774 -0.0486548 15.1477 
29.15 -2.38145 13.5726 -0.315928 -0.0488355 15.0541 
29.2 -2.3386 13.4658 -0.31212 -0.0489783 14.9617 
29.25 -2.29628 13.3602 -0.308349 -0.0490836 14.8707 
29.3 -2.25446 13.256 -0.304619 -0.049152 14.7811 
29.35 -2.21315 13.1532 -0.300928 -0.0491839 14.6929 
29.4 -2.17233 13.0518 -0.297279 -0.04918 14.6061 
29.45 -2.132 12.9518 -0.29367 -0.0491406 14.5207 
29.5 -2.09214 12.8534 -0.290104 -0.0490664 14.4369 
29.55 -2.05274 12.7566 -0.286581 -0.0489577 14.3546 
29.6 -2.01379 12.6613 -0.2831 -0.048815 14.2738 
29.65 -1.97529 12.5676 -0.279664 -0.0486386 14.1946 
29.7 -1.93722 12.4757 -0.276271 -0.0484291 14.117 
29.75 -1.89957 12.3854 -0.272924 -0.0481867 14.0409 
29.8 -1.86234 12.2968 -0.269621 -0.0479117 13.9665 
29.85 -1.82552 12.21 -0.266365 -0.0476044 13.8938 
29.9 -1.78909 12.125 -0.263154 -0.0472651 13.8227 
29.95 -1.75306 12.0418 -0.259991 -0.046894 13.7534 
30 -1.7174 11.9605 -0.256875 -0.0464913 13.6857 
30.05 -1.68213 11.8811 -0.253808 -0.046057 13.6198 
30.1 -1.64723 11.8037 -0.250789 -0.0455913 13.5557 
30.15 -1.61269 11.7282 -0.24782 -0.0450942 13.4933 
30.2 -1.57851 11.6547 -0.244901 -0.0445657 13.4328 
30.25 -1.54468 11.5833 -0.242034 -0.0440058 13.3742 
30.3 -1.5112 11.514 -0.239219 -0.0434144 13.3175 
30.35 -1.47806 11.4469 -0.236457 -0.0427914 13.2626 
30.4 -1.44527 11.382 -0.23375 -0.0421364 13.2098 
30.45 -1.41281 11.3193 -0.231098 -0.0414494 13.159 
30.5 -1.38069 11.259 -0.228502 -0.0407301 13.1102 
30.55 -1.3489 11.201 -0.225965 -0.039978 13.0635 
30.6 -1.31743 11.1455 -0.223487 -0.0391929 13.019 
30.65 -1.2863 11.0924 -0.221069 -0.0383742 12.9767 
30.7 -1.2555 11.042 -0.218715 -0.0375214 12.9366 
30.75 -1.22502 10.9942 -0.216424 -0.0366341 12.8989 
30.8 -1.19487 10.9492 -0.214199 -0.0357115 12.8635 
30.85 -1.16505 10.907 -0.212042 -0.034753 12.8306 
30.9 -1.13556 10.8677 -0.209955 -0.0337578 12.8002 
30.95 -1.1064 10.8314 -0.20794 -0.0327252 12.7725 
