-0.164572 0.820865 0 0
-0.164572 0.820865 0 0
-0.164572 0.820865 0 0
-0.164572 0.820865 0 0
-0.164572 0.820865 0 0
-0.164572 0.820865 0 0
-0.164572 0.820865 0 0
-0.164572 0.820865 0 0
-0.164572 0.820865 0 0
-0.164572 0.820865 0 0
-0.164572 0.820865 0 0
-0.164572 0.820865 0 0
-0.164572 0.820865 0 0
-0.164572 0.820865 0 0
-0.164572 0.820865 0 0
-0.164572 0.820865 0 0
-0.164572 0.820865 0 0
-0.164572 0.820865 0 0
-0.164572 0.820865 0 0
-0.164572 0.820865 0 0
-0.164572 0.820865 0 0
-0.164572 0.820865 0 0
-0.164572 0.820865 0 0
-0.164572 0.820865 0 0
-0.164572 0.820865 0 0
-0.164572 0.820865 0 0
-0.164572 0.820865 0 0
-0.164572 0.820865 0 0
-0.164572 0.820865 0 0
-0.164572 0.820865 0 0
-0.164572 0.820865 0 0
-0.164572 0.820865 0 0
-0.164572 0.820865 0 0
-0.164572 0.820865 0 0
-0.164572 0.820865 0 0
-0.164572 0.820865 0 0
-0.164572 0.820865 0 0
-0.164572 0.820865 0 0
-0.164572 0.820865 0 0
-0.164572 0.820865 0 0
-0.164572 0.820865 0 0
-0.164572 0.820865 0 0
-0.164572 0.820865 0 0
-0.164572 0.820865 0 0
-0.164572 0.820865 0 0
-0.164572 0.820865 0 0
-0.164572 0.820865 0 0
-0.164572 0.820865 0 0
-0.164572 0.820865 0 0
-0.164572 0.820865 0 0
-0.164572 0.820865 0 0
-0.164572 0.820865 0 0
-0.16457341 0.820865325 0 0
-0.164577406 0.820866246 0 0
-0.164584948 0.820867983 0 0
-0.164596793 0.820870712 0 0
-0.164614202 0.820874712 0 0
-0.164638137 0.820880196 0 0
-0.164669029 0.820887256 0 0
-0.16470663 0.820895824 0 0
-0.164750555 0.820905806 0 0
-0.164800297 0.820917079 0 0
-0.164855488 0.82092955 0 0
-0.16491607 0.820943186 0 0
-0.164981773 0.820957914 0 0
-0.165051641 0.820973505 0 0
-0.165124412 0.820989667 0 0
-0.165198767 0.821006096 0 0
-0.165273349 0.821022482 0 0
-0.165346764 0.821038507 0 0
-0.165417589 0.821053844 0 0
-0.165484383 0.821068168 0 0
-0.16554569 0.821081153 0 0
-0.165600561 0.82109257 0 0
-0.165648159 0.821102218 0 0
-0.165687501 0.821109866 0 0
-0.165716852 0.821115131 0 0
-0.165734511 0.821117643 0 0
-0.165738819 0.82111704 0 0
-0.16572821 0.821112987 0 0
-0.16570182 0.821105279 0 0
-0.165658727 0.821093704 0 0
-0.165597664 0.82107799 0 0
-0.165516951 0.821057787 0 0
-0.165414992 0.821032765 0 0
-0.165290278 0.82100262 0 0
-0.165141686 0.820967118 0 0
-0.164968549 0.820926113 0 0
-0.16477018 0.820879461 0 0
-0.164545339 0.820826922 0 0
-0.1642927 0.820768241 0 0
-0.164011052 0.820703198 0 0
-0.1636993 0.820631596 0 0
-0.163356469 0.820553264 0 0
-0.162981701 0.820468057 0 0
-0.162574254 0.820375858 0 0
-0.162133507 0.82027658 0 0
-0.161659511 0.82017025 0 0
-0.1611525 0.820056934 0 0
-0.160612628 0.819936689 0 0
-0.160039443 0.819809477 0 0
-0.159432625 0.819675287 0 0
-0.15879198 0.81953414 0 0
-0.158117535 0.819386097 0 0
-0.157410049 0.81923134 0 0
-0.156670283 0.819070058 0 0
-0.155898673 0.818902394 0 0
-0.155095339 0.818728446 0 0
-0.154260533 0.818548342 0 0
-0.153394629 0.818362235 0 0
-0.15249812 0.818170303 0 0
-0.151571617 0.817972742 0 0
-0.15061584 0.817769775 0 0
-0.149631614 0.817561646 0 0
-0.148620213 0.817348665 0 0
-0.147583316 0.817131207 0 0
-0.146522571 0.816909646 0 0
-0.145439011 0.816684268 0 0
-0.144333617 0.816455356 0 0
-0.143207456 0.81622321 0 0
-0.142061672 0.815988145 0 0
-0.140898084 0.815750565 0 0
-0.139718587 0.815510884 0 0
-0.138524892 0.815269495 0 0
-0.137318082 0.815026704 0 0
-0.136099296 0.814782823 0 0
-0.13486972 0.814538173 0 0
-0.133630708 0.814293094 0 0
-0.132384205 0.814047993 0 0
-0.131132051 0.813803261 0 0
-0.129875606 0.813559225 0 0
-0.128615844 0.813316156 0 0
-0.127353742 0.813074324 0 0
-0.126090267 0.812833991 0 0
-0.124826366 0.812595405 0 0
-0.123562951 0.8123588 0 0
-0.12230089 0.812124397 0 0
-0.121040995 0.811892399 0 0
-0.1197844 0.811663029 0 0
-0.118532418 0.811436513 0 0
-0.117286151 0.811213041 0 0
-0.116045843 0.810992687 0 0
-0.114811539 0.810775486 0 0
-0.113583164 0.810561443 0 0
-0.112360509 0.810350526 0 0
-0.11114386 0.810142728 0 0
-0.109933307 0.809937996 0 0
-0.108728471 0.809736204 0 0
-0.107528155 0.809537111 0 0
-0.106330969 0.809340431 0 0
-0.105135308 0.809145824 0 0
-0.103939341 0.808952898 0 0
-0.102742648 0.808761575 0 0
-0.101544802 0.80857178 0 0
-0.100345369 0.808383432 0 0
-0.099144097 0.808196466 0 0
-0.097942042 0.80801103 0 0
-0.096740249 0.807827286 0 0
-0.095539044 0.807645303 0 0
-0.094337963 0.807465012 0 0
-0.093136542 0.807286341 0 0
-0.091934314 0.80710922 0 0
-0.090731544 0.806933665 0 0
-0.089529272 0.806759827 0 0
-0.088328539 0.806587871 0 0
-0.087129133 0.806417791 0 0
-0.085930599 0.806249531 0 0
-0.084732487 0.806083034 0 0
-0.08353435 0.805918245 0 0
-0.08233574 0.805755093 0 0
-0.081136202 0.805593506 0 0
-0.079935274 0.805433409 0 0
-0.078732477 0.805274726 0 0
-0.077528613 0.80511753 0 0
-0.076324695 0.804961945 0 0
-0.075121457 0.804808088 0 0
-0.07391839 0.804655892 0 0
-0.072714982 0.804505287 0 0
-0.071510718 0.804356205 0 0
-0.070305362 0.804208595 0 0
-0.069099903 0.804062567 0 0
-0.067895328 0.803918246 0 0
-0.066691808 0.803775677 0 0
-0.065488821 0.803634803 0 0
-0.064285847 0.803495567 0 0
-0.063082368 0.803357911 0 0
-0.061878697 0.803221855 0 0
-0.060675839 0.803087513 0 0
-0.059474796 0.802955017 0 0
-0.058275239 0.802824356 0 0
-0.057076685 0.802695492 0 0
-0.055878659 0.802568384 0 0
-0.054680693 0.80244299 0 0
-0.053482322 0.802319259 0 0
-0.052283079 0.802197135 0 0
-0.05108249 0.802076561 0 0
-0.049880094 0.801957478 0 0
-0.048676764 0.801839945 0 0
-0.047473521 0.80172406 0 0
-0.046271019 0.801609907 0 0
-0.045068759 0.801497442 0 0
-0.043866246 0.801386618 0 0
-0.042662984 0.801277388 0 0
-0.041458853 0.801169723 0 0
-0.040254878 0.801063709 0 0
-0.03905208 0.800959447 0 0
-0.037850583 0.800856974 0 0
-0.036649904 0.800756259 0 0
-0.03544957 0.80065727 0 0
-0.034249113 0.800559975 0 0
-0.033048066 0.800464333 0 0
-0.031845959 0.800370294 0 0
-0.030642313 0.800277811 0 0
-0.029436636 0.800186831 0 0
-0.028229369 0.800097355 0 0
-0.027021521 0.800009449 0 0
-0.025814039 0.799923192 0 0
-0.024606526 0.799838563 0 0
-0.023398462 0.799755523 0 0
-0.022189328 0.799674031 0 0
-0.020978659 0.799594047 0 0
-0.019767335 0.799515604 0 0
-0.018556347 0.799438771 0 0
-0.017346228 0.799363607 0 0
-0.016136455 0.799290085 0 0
-0.014926512 0.799218177 0 0
-0.013715884 0.799147856 0 0
-0.012504533 0.799079105 0 0
-0.011293475 0.799011978 0 0
-0.010083734 0.798946547 0 0
-0.008875338 0.798882845 0 0
-0.007667812 0.798820857 0 0
-0.006460693 0.798760572 0 0
-0.005253525 0.798701978 0 0
-0.004045857 0.798645051 0 0
-0.002837239 0.798589764 0 0
-0.001627214 0.798536088 0 0
-0.00041532 0.798483993 0 0
0.000797879 0.798433476 0 0
0.002011333 0.798384573 0 0
0.003224094 0.79833734 0 0
0.004436557 0.798291771 0 0
0.005649191 0.798247849 0 0
0.006862464 0.798205558 0 0
0.008076738 0.798164876 0 0
0.009291026 0.798125822 0 0
0.01050427 0.798088438 0 0
0.011715955 0.79805277 0 0
0.012926529 0.798018816 0 0
0.01413643 0.797986573 0 0
0.015346089 0.797956037 0 0
0.016557376 0.797927262 0 0
0.017771924 0.797900284 0 0
0.018991147 0.797875128 0 0
0.020216257 0.797851811 0 0
0.021448062 0.797830355 0 0
0.02268654 0.797810822 0 0
0.023931383 0.797793279 0 0
0.02518251 0.797777744 0 0
0.026439987 0.797764199 0 0
0.027703757 0.797752621 0 0
0.028973648 0.797742976 0 0
0.030248876 0.797735258 0 0
0.031528164 0.797729485 0 0
0.032810029 0.797725676 0 0
0.034093592 0.797723785 0 0
0.035377949 0.797723757 0 0
0.036662148 0.797725533 0 0
0.037945199 0.797729047 0 0
0.039226089 0.797734224 0 0
0.040503793 0.79774098 0 0
0.041777282 0.79774923 0 0
0.043045541 0.797758885 0 0
0.044306752 0.797769895 0 0
0.045558979 0.797782218 0 0
0.04680045 0.797795798 0 0
0.048029925 0.797810539 0 0
0.049246209 0.797826346 0 0
0.050448161 0.797843119 0 0
0.051634429 0.797860771 0 0
0.052803118 0.797879242 0 0
0.053952276 0.797898477 0 0
0.055080459 0.797918395 0 0
0.056186545 0.797938899 0 0
0.057269497 0.797959892 0 0
0.058328373 0.797981281 0 0
0.05936176 0.798002991 0 0
0.060367985 0.798024963 0 0
0.061345357 0.798047146 0 0
0.062293002 0.798069454 0 0
0.063210151 0.7980918 0 0
0.064096147 0.798114103 0 0
0.064950446 0.798136286 0 0
0.065772629 0.798158265 0 0
0.066562399 0.798179963 0 0
0.067319589 0.798201303 0 0
0.06804414 0.798222217 0 0
0.068735303 0.798242656 0 0
0.06939234 0.798262582 0 0
0.070014828 0.79828195 0 0
0.070602927 0.798300706 0 0
0.071156929 0.798318797 0 0
0.071677257 0.798336179 0 0
0.072164146 0.798352815 0 0
0.07261739 0.798368682 0 0
0.073036786 0.798383766 0 0
0.073422738 0.798398043 0 0
0.073775969 0.79841149 0 0
0.074097324 0.798424088 0 0
0.074387768 0.798435828 0 0
0.074648384 0.798446697 0 0
0.074880374 0.798456691 0 0
0.075085056 0.798465808 0 0
0.075263867 0.798474055 0 0
0.075417728 0.798481444 0 0
0.075547359 0.798487995 0 0
0.075653517 0.79849373 0 0
0.075737716 0.798498672 0 0
0.075801558 0.798502844 0 0
0.075846728 0.79850628 0 0
0.075874915 0.798509016 0 0
0.075887104 0.798511085 0 0
0.07588422 0.798512526 0 0
0.075867481 0.798513382 0 0
0.075838562 0.798513695 0 0
0.075799181 0.798513514 0 0
0.07575109 0.798512892 0 0
0.075695698 0.79851188 0 0
0.075633907 0.79851052 0 0
0.075566503 0.798508858 0 0
0.0754948 0.798506944 0 0
0.075420259 0.79850483 0 0
0.075344319 0.798502569 0 0
0.07526839 0.79850022 0 0
0.075193848 0.798497834 0 0
0.075122023 0.798495463 0 0
0.075054191 0.798493159 0 0
0.074991571 0.798490975 0 0
0.07493463 0.798488941 0 0
0.074883484 0.798487076 0 0
0.07483814 0.798485397 0 0
0.074799109 0.79848393 0 0
0.074766776 0.798482694 0 0
0.074741389 0.798481709 0 0
0.074722919 0.798480982 0 0
0.074710442 0.798480482 0 0
0.074702728 0.798480171 0 0
0.07469864 0.798480005 0 0
0.074697198 0.798479947 0 0
0.074697198 0.798479947 0 0
0.07469864 0.798480005 0 0
0.074702728 0.798480171 0 0
0.074710442 0.798480482 0 0
0.074722919 0.798480982 0 0
0.074741389 0.798481709 0 0
0.074766776 0.798482694 0 0
0.074799109 0.79848393 0 0
0.07483814 0.798485397 0 0
0.074883484 0.798487076 0 0
0.07493463 0.798488941 0 0
0.074991571 0.798490975 0 0
0.075054191 0.798493159 0 0
0.075122023 0.798495463 0 0
0.075193848 0.798497834 0 0
0.07526839 0.79850022 0 0
0.075344319 0.798502569 0 0
0.075420259 0.79850483 0 0
0.0754948 0.798506944 0 0
0.075566503 0.798508858 0 0
0.075633907 0.79851052 0 0
0.075695698 0.79851188 0 0
0.07575109 0.798512892 0 0
0.075799181 0.798513514 0 0
0.075838562 0.798513695 0 0
0.075867481 0.798513382 0 0
0.07588422 0.798512526 0 0
0.075887104 0.798511085 0 0
0.075874915 0.798509016 0 0
0.075846728 0.79850628 0 0
0.075801558 0.798502844 0 0
0.075737716 0.798498672 0 0
0.075653517 0.79849373 0 0
0.075547359 0.798487995 0 0
0.075417728 0.798481444 0 0
0.075263867 0.798474055 0 0
0.075085056 0.798465808 0 0
0.074880374 0.798456691 0 0
0.074648384 0.798446697 0 0
0.074387768 0.798435828 0 0
0.074097324 0.798424088 0 0
0.073775969 0.79841149 0 0
0.073422738 0.798398043 0 0
0.073036786 0.798383766 0 0
0.07261739 0.798368682 0 0
0.072164146 0.798352815 0 0
0.071677257 0.798336179 0 0
0.071156929 0.798318797 0 0
0.070602927 0.798300706 0 0
0.070014828 0.79828195 0 0
0.06939234 0.798262582 0 0
0.068735303 0.798242656 0 0
0.06804414 0.798222217 0 0
0.067319589 0.798201303 0 0
0.066562399 0.798179963 0 0
0.065772629 0.798158265 0 0
0.064950446 0.798136286 0 0
0.064096147 0.798114103 0 0
0.063210151 0.7980918 0 0
0.062293002 0.798069454 0 0
0.061345357 0.798047146 0 0
0.060367985 0.798024963 0 0
0.05936176 0.798002991 0 0
0.058328373 0.797981281 0 0
0.057269497 0.797959892 0 0
0.056186545 0.797938899 0 0
0.055080459 0.797918395 0 0
0.053952276 0.797898477 0 0
0.052803118 0.797879242 0 0
0.051634429 0.797860771 0 0
0.050448161 0.797843119 0 0
0.049246209 0.797826346 0 0
0.048029925 0.797810539 0 0
0.04680045 0.797795798 0 0
0.045558979 0.797782218 0 0
0.044306752 0.797769895 0 0
0.043045541 0.797758885 0 0
0.041777282 0.79774923 0 0
0.040503793 0.79774098 0 0
0.039226089 0.797734224 0 0
0.037945199 0.797729047 0 0
0.036662148 0.797725533 0 0
0.035377949 0.797723757 0 0
0.034093592 0.797723785 0 0
0.032810029 0.797725676 0 0
0.031528164 0.797729485 0 0
0.030248876 0.797735258 0 0
0.028973648 0.797742976 0 0
0.027703757 0.797752621 0 0
0.026439987 0.797764199 0 0
0.02518251 0.797777744 0 0
0.023931383 0.797793279 0 0
0.02268654 0.797810822 0 0
0.021448062 0.797830355 0 0
0.020216257 0.797851811 0 0
0.018991147 0.797875128 0 0
0.017771924 0.797900284 0 0
0.016557376 0.797927262 0 0
0.015346089 0.797956037 0 0
0.01413643 0.797986573 0 0
0.012926529 0.798018816 0 0
0.011715955 0.79805277 0 0
0.01050427 0.798088438 0 0
0.009291026 0.798125822 0 0
0.008076738 0.798164876 0 0
0.006862464 0.798205558 0 0
0.005649191 0.798247849 0 0
0.004436557 0.798291771 0 0
0.003224094 0.79833734 0 0
0.002011333 0.798384573 0 0
0.000797879 0.798433476 0 0
-0.00041532 0.798483993 0 0
-0.001627214 0.798536088 0 0
-0.002837239 0.798589764 0 0
-0.004045857 0.798645051 0 0
-0.005253525 0.798701978 0 0
-0.006460693 0.798760572 0 0
-0.007667812 0.798820857 0 0
-0.008875338 0.798882845 0 0
-0.010083734 0.798946547 0 0
-0.011293475 0.799011978 0 0
-0.012504533 0.799079105 0 0
-0.013715884 0.799147856 0 0
-0.014926512 0.799218177 0 0
-0.016136455 0.799290085 0 0
-0.017346228 0.799363607 0 0
-0.018556347 0.799438771 0 0
-0.019767335 0.799515604 0 0
-0.020978659 0.799594047 0 0
-0.022189328 0.799674031 0 0
-0.023398462 0.799755523 0 0
-0.024606526 0.799838563 0 0
-0.025814039 0.799923192 0 0
-0.027021521 0.800009449 0 0
-0.028229369 0.800097355 0 0
-0.029436636 0.800186831 0 0
-0.030642313 0.800277811 0 0
-0.031845959 0.800370294 0 0
-0.033048066 0.800464333 0 0
-0.034249113 0.800559975 0 0
-0.03544957 0.80065727 0 0
-0.036649904 0.800756259 0 0
-0.037850583 0.800856974 0 0
-0.03905208 0.800959447 0 0
-0.040254878 0.801063709 0 0
-0.041458853 0.801169723 0 0
-0.042662984 0.801277388 0 0
-0.043866246 0.801386618 0 0
-0.045068759 0.801497442 0 0
-0.046271019 0.801609907 0 0
-0.047473521 0.80172406 0 0
-0.048676764 0.801839945 0 0
-0.049880094 0.801957478 0 0
-0.05108249 0.802076561 0 0
-0.052283079 0.802197135 0 0
-0.053482322 0.802319259 0 0
-0.054680693 0.80244299 0 0
-0.055878659 0.802568384 0 0
-0.057076685 0.802695492 0 0
-0.058275239 0.802824356 0 0
-0.059474796 0.802955017 0 0
-0.060675839 0.803087513 0 0
-0.061878697 0.803221855 0 0
-0.063082368 0.803357911 0 0
-0.064285847 0.803495567 0 0
-0.065488821 0.803634803 0 0
-0.066691808 0.803775677 0 0
-0.067895328 0.803918246 0 0
-0.069099903 0.804062567 0 0
-0.070305362 0.804208595 0 0
-0.071510718 0.804356205 0 0
-0.072714982 0.804505287 0 0
-0.07391839 0.804655892 0 0
-0.075121457 0.804808088 0 0
-0.076324695 0.804961945 0 0
-0.077528613 0.80511753 0 0
-0.078732477 0.805274726 0 0
-0.079935274 0.805433409 0 0
-0.081136202 0.805593506 0 0
-0.08233574 0.805755093 0 0
-0.08353435 0.805918245 0 0
-0.084732487 0.806083034 0 0
-0.085930599 0.806249531 0 0
-0.087129133 0.806417791 0 0
-0.088328539 0.806587871 0 0
-0.089529272 0.806759827 0 0
-0.090731544 0.806933665 0 0
-0.091934314 0.80710922 0 0
-0.093136542 0.807286341 0 0
-0.094337963 0.807465012 0 0
-0.095539044 0.807645303 0 0
-0.096740249 0.807827286 0 0
-0.097942042 0.80801103 0 0
-0.099144097 0.808196466 0 0
-0.100345369 0.808383432 0 0
-0.101544802 0.80857178 0 0
-0.102742648 0.808761575 0 0
-0.103939341 0.808952898 0 0
-0.105135308 0.809145824 0 0
-0.106330969 0.809340431 0 0
-0.107528155 0.809537111 0 0
-0.108728471 0.809736204 0 0
-0.109933307 0.809937996 0 0
-0.11114386 0.810142728 0 0
-0.112360509 0.810350526 0 0
-0.113583164 0.810561443 0 0
-0.114811539 0.810775486 0 0
-0.116045843 0.810992687 0 0
-0.117286151 0.811213041 0 0
-0.118532418 0.811436513 0 0
-0.1197844 0.811663029 0 0
-0.121040995 0.811892399 0 0
-0.12230089 0.812124397 0 0
-0.123562951 0.8123588 0 0
-0.124826366 0.812595405 0 0
-0.126090267 0.812833991 0 0
-0.127353742 0.813074324 0 0
-0.128615844 0.813316156 0 0
-0.129875606 0.813559225 0 0
-0.131132051 0.813803261 0 0
-0.132384205 0.814047993 0 0
-0.133630708 0.814293094 0 0
-0.13486972 0.814538173 0 0
-0.136099296 0.814782823 0 0
-0.137318082 0.815026704 0 0
-0.138524892 0.815269495 0 0
-0.139718587 0.815510884 0 0
-0.140898084 0.815750565 0 0
-0.142061672 0.815988145 0 0
-0.143207456 0.81622321 0 0
-0.144333617 0.816455356 0 0
-0.145439011 0.816684268 0 0
-0.146522571 0.816909646 0 0
-0.147583316 0.817131207 0 0
-0.148620213 0.817348665 0 0
-0.149631614 0.817561646 0 0
-0.15061584 0.817769775 0 0
-0.151571617 0.817972742 0 0
-0.15249812 0.818170303 0 0
-0.153394629 0.818362235 0 0
-0.154260533 0.818548342 0 0
-0.155095339 0.818728446 0 0
-0.155898673 0.818902394 0 0
-0.156670283 0.819070058 0 0
-0.157410049 0.81923134 0 0
-0.158117535 0.819386097 0 0
-0.15879198 0.81953414 0 0
-0.159432625 0.819675287 0 0
-0.160039443 0.819809477 0 0
-0.160612628 0.819936689 0 0
-0.1611525 0.820056934 0 0
-0.161659511 0.82017025 0 0
-0.162133507 0.82027658 0 0
-0.162574254 0.820375858 0 0
-0.162981701 0.820468057 0 0
-0.163356469 0.820553264 0 0
-0.1636993 0.820631596 0 0
-0.164011052 0.820703198 0 0
-0.1642927 0.820768241 0 0
-0.164545339 0.820826922 0 0
-0.16477018 0.820879461 0 0
-0.164968549 0.820926113 0 0
-0.165141686 0.820967118 0 0
-0.165290278 0.82100262 0 0
-0.165414992 0.821032765 0 0
-0.165516951 0.821057787 0 0
-0.165597664 0.82107799 0 0
-0.165658727 0.821093704 0 0
-0.16570182 0.821105279 0 0
-0.16572821 0.821112987 0 0
-0.165738819 0.82111704 0 0
-0.165734511 0.821117643 0 0
-0.165716852 0.821115131 0 0
-0.165687501 0.821109866 0 0
-0.165648159 0.821102218 0 0
-0.165600561 0.82109257 0 0
-0.16554569 0.821081153 0 0
-0.165484383 0.821068168 0 0
-0.165417589 0.821053844 0 0
-0.165346764 0.821038507 0 0
-0.165273349 0.821022482 0 0
-0.165198767 0.821006096 0 0
-0.165124412 0.820989667 0 0
-0.165051641 0.820973505 0 0
-0.164981773 0.820957914 0 0
-0.16491607 0.820943186 0 0
-0.164855488 0.82092955 0 0
-0.164800297 0.820917079 0 0
-0.164750555 0.820905806 0 0
-0.16470663 0.820895824 0 0
-0.164669029 0.820887256 0 0
-0.164638137 0.820880196 0 0
-0.164614202 0.820874712 0 0
-0.164596793 0.820870712 0 0
-0.164584948 0.820867983 0 0
-0.164577406 0.820866246 0 0
-0.16457341 0.820865325 0 0
-0.164572 0.820865 0 0
-0.164572 0.820865 0 0
-0.164572 0.820865 0 0
-0.164572 0.820865 0 0
-0.16457341 0.820865325 0 0
-0.164577406 0.820866246 0 0
-0.164584948 0.820867983 0 0
-0.164596793 0.820870712 0 0
-0.164614202 0.820874712 0 0
-0.164638137 0.820880196 0 0
-0.164669029 0.820887256 0 0
-0.16470663 0.820895824 0 0
-0.164750555 0.820905806 0 0
-0.164800297 0.820917079 0 0
-0.164855488 0.82092955 0 0
-0.16491607 0.820943186 0 0
-0.164981773 0.820957914 0 0
-0.165051641 0.820973505 0 0
-0.165124412 0.820989667 0 0
-0.165198767 0.821006096 0 0
-0.165273349 0.821022482 0 0
-0.165346764 0.821038507 0 0
-0.165417589 0.821053844 0 0
-0.165484383 0.821068168 0 0
-0.16554569 0.821081153 0 0
-0.165600561 0.82109257 0 0
-0.165648159 0.821102218 0 0
-0.165687501 0.821109866 0 0
-0.165716852 0.821115131 0 0
-0.165734511 0.821117643 0 0
-0.165738819 0.82111704 0 0
-0.16572821 0.821112987 0 0
-0.16570182 0.821105279 0 0
-0.165658727 0.821093704 0 0
-0.165597664 0.82107799 0 0
-0.165516951 0.821057787 0 0
-0.165414992 0.821032765 0 0
-0.165290278 0.82100262 0 0
-0.165141686 0.820967118 0 0
-0.164968549 0.820926113 0 0
-0.16477018 0.820879461 0 0
-0.164545339 0.820826922 0 0
-0.1642927 0.820768241 0 0
-0.164011052 0.820703198 0 0
-0.1636993 0.820631596 0 0
-0.163356469 0.820553264 0 0
-0.162981701 0.820468057 0 0
-0.162574254 0.820375858 0 0
-0.162133507 0.82027658 0 0
-0.161659511 0.82017025 0 0
-0.1611525 0.820056934 0 0
-0.160612628 0.819936689 0 0
-0.160039443 0.819809477 0 0
-0.159432625 0.819675287 0 0
-0.15879198 0.81953414 0 0
-0.158117535 0.819386097 0 0
-0.157410049 0.81923134 0 0
-0.156670283 0.819070058 0 0
-0.155898673 0.818902394 0 0
-0.155095339 0.818728446 0 0
-0.154260533 0.818548342 0 0
-0.153394629 0.818362235 0 0
-0.15249812 0.818170303 0 0
-0.151571617 0.817972742 0 0
-0.15061584 0.817769775 0 0
-0.149631614 0.817561646 0 0
-0.148620213 0.817348665 0 0
-0.147583316 0.817131207 0 0
-0.146522571 0.816909646 0 0
-0.145439011 0.816684268 0 0
-0.144333617 0.816455356 0 0
-0.143207456 0.81622321 0 0
-0.142061672 0.815988145 0 0
-0.140898084 0.815750565 0 0
-0.139718587 0.815510884 0 0
-0.138524892 0.815269495 0 0
-0.137318082 0.815026704 0 0
-0.136099296 0.814782823 0 0
-0.13486972 0.814538173 0 0
-0.133630708 0.814293094 0 0
-0.132384205 0.814047993 0 0
-0.131132051 0.813803261 0 0
-0.129875606 0.813559225 0 0
-0.128615844 0.813316156 0 0
-0.127353742 0.813074324 0 0
-0.126090267 0.812833991 0 0
-0.124826366 0.812595405 0 0
-0.123562951 0.8123588 0 0
-0.12230089 0.812124397 0 0
-0.121040995 0.811892399 0 0
-0.1197844 0.811663029 0 0
-0.118532418 0.811436513 0 0
-0.117286151 0.811213041 0 0
-0.116045843 0.810992687 0 0
-0.114811539 0.810775486 0 0
-0.113583164 0.810561443 0 0
-0.112360509 0.810350526 0 0
-0.11114386 0.810142728 0 0
-0.109933307 0.809937996 0 0
-0.108728471 0.809736204 0 0
-0.107528155 0.809537111 0 0
-0.106330969 0.809340431 0 0
-0.105135308 0.809145824 0 0
-0.103939341 0.808952898 0 0
-0.102742648 0.808761575 0 0
-0.101544802 0.80857178 0 0
-0.100345369 0.808383432 0 0
-0.099144097 0.808196466 0 0
-0.097942042 0.80801103 0 0
-0.096740249 0.807827286 0 0
-0.095539044 0.807645303 0 0
-0.094337963 0.807465012 0 0
-0.093136542 0.807286341 0 0
-0.091934314 0.80710922 0 0
-0.090731544 0.806933665 0 0
-0.089529272 0.806759827 0 0
-0.088328539 0.806587871 0 0
-0.087129133 0.806417791 0 0
-0.085930599 0.806249531 0 0
-0.084732487 0.806083034 0 0
-0.08353435 0.805918245 0 0
-0.08233574 0.805755093 0 0
-0.081136202 0.805593506 0 0
-0.079935274 0.805433409 0 0
-0.078732477 0.805274726 0 0
-0.077528613 0.80511753 0 0
-0.076324695 0.804961945 0 0
-0.075121457 0.804808088 0 0
-0.07391839 0.804655892 0 0
-0.072714982 0.804505287 0 0
-0.071510718 0.804356205 0 0
-0.070305362 0.804208595 0 0
-0.069099903 0.804062567 0 0
-0.067895328 0.803918246 0 0
-0.066691808 0.803775677 0 0
-0.065488821 0.803634803 0 0
-0.064285847 0.803495567 0 0
-0.063082368 0.803357911 0 0
-0.061878697 0.803221855 0 0
-0.060675839 0.803087513 0 0
-0.059474796 0.802955017 0 0
-0.058275239 0.802824356 0 0
-0.057076685 0.802695492 0 0
-0.055878659 0.802568384 0 0
-0.054680693 0.80244299 0 0
-0.053482322 0.802319259 0 0
-0.052283079 0.802197135 0 0
-0.05108249 0.802076561 0 0
-0.049880094 0.801957478 0 0
-0.048676764 0.801839945 0 0
-0.047473521 0.80172406 0 0
-0.046271019 0.801609907 0 0
-0.045068759 0.801497442 0 0
-0.043866246 0.801386618 0 0
-0.042662984 0.801277388 0 0
-0.041458853 0.801169723 0 0
-0.040254878 0.801063709 0 0
-0.03905208 0.800959447 0 0
-0.037850583 0.800856974 0 0
-0.036649904 0.800756259 0 0
-0.03544957 0.80065727 0 0
-0.034249113 0.800559975 0 0
-0.033048066 0.800464333 0 0
-0.031845959 0.800370294 0 0
-0.030642313 0.800277811 0 0
-0.029436636 0.800186831 0 0
-0.028229369 0.800097355 0 0
-0.027021521 0.800009449 0 0
-0.025814039 0.799923192 0 0
-0.024606526 0.799838563 0 0
-0.023398462 0.799755523 0 0
-0.022189328 0.799674031 0 0
-0.020978659 0.799594047 0 0
-0.019767335 0.799515604 0 0
-0.018556347 0.799438771 0 0
-0.017346228 0.799363607 0 0
-0.016136455 0.799290085 0 0
-0.014926512 0.799218177 0 0
-0.013715884 0.799147856 0 0
-0.012504533 0.799079105 0 0
-0.011293475 0.799011978 0 0
-0.010083734 0.798946547 0 0
-0.008875338 0.798882845 0 0
-0.007667812 0.798820857 0 0
-0.006460693 0.798760572 0 0
-0.005253525 0.798701978 0 0
-0.004045857 0.798645051 0 0
-0.002837239 0.798589764 0 0
-0.001627214 0.798536088 0 0
-0.00041532 0.798483993 0 0
0.000797879 0.798433476 0 0
0.002011333 0.798384573 0 0
0.003224094 0.79833734 0 0
0.004436557 0.798291771 0 0
0.005649191 0.798247849 0 0
0.006862464 0.798205558 0 0
0.008076738 0.798164876 0 0
0.009291026 0.798125822 0 0
0.01050427 0.798088438 0 0
0.011715955 0.79805277 0 0
0.012926529 0.798018816 0 0
0.01413643 0.797986573 0 0
0.015346089 0.797956037 0 0
0.016557376 0.797927262 0 0
0.017771924 0.797900284 0 0
0.018991147 0.797875128 0 0
0.020216257 0.797851811 0 0
0.021448062 0.797830355 0 0
0.02268654 0.797810822 0 0
0.023931383 0.797793279 0 0
0.02518251 0.797777744 0 0
0.026439987 0.797764199 0 0
0.027703757 0.797752621 0 0
0.028973648 0.797742976 0 0
0.030248876 0.797735258 0 0
0.031528164 0.797729485 0 0
0.032810029 0.797725676 0 0
0.034093592 0.797723785 0 0
0.035377949 0.797723757 0 0
0.036662148 0.797725533 0 0
0.037945199 0.797729047 0 0
0.039226089 0.797734224 0 0
0.040503793 0.79774098 0 0
0.041777282 0.79774923 0 0
0.043045541 0.797758885 0 0
0.044306752 0.797769895 0 0
0.045558979 0.797782218 0 0
0.04680045 0.797795798 0 0
0.048029925 0.797810539 0 0
0.049246209 0.797826346 0 0
0.050448161 0.797843119 0 0
0.051634429 0.797860771 0 0
0.052803118 0.797879242 0 0
0.053952276 0.797898477 0 0
0.055080459 0.797918395 0 0
0.056186545 0.797938899 0 0
0.057269497 0.797959892 0 0
0.058328373 0.797981281 0 0
0.05936176 0.798002991 0 0
0.060367985 0.798024963 0 0
0.061345357 0.798047146 0 0
0.062293002 0.798069454 0 0
0.063210151 0.7980918 0 0
0.064096147 0.798114103 0 0
0.064950446 0.798136286 0 0
0.065772629 0.798158265 0 0
0.066562399 0.798179963 0 0
0.067319589 0.798201303 0 0
0.06804414 0.798222217 0 0
0.068735303 0.798242656 0 0
0.06939234 0.798262582 0 0
0.070014828 0.79828195 0 0
0.070602927 0.798300706 0 0
0.071156929 0.798318797 0 0
0.071677257 0.798336179 0 0
0.072164146 0.798352815 0 0
0.07261739 0.798368682 0 0
0.073036786 0.798383766 0 0
0.073422738 0.798398043 0 0
0.073775969 0.79841149 0 0
0.074097324 0.798424088 0 0
0.074387768 0.798435828 0 0
0.074648384 0.798446697 0 0
0.074880374 0.798456691 0 0
0.075085056 0.798465808 0 0
0.075263867 0.798474055 0 0
0.075417728 0.798481444 0 0
0.075547359 0.798487995 0 0
0.075653517 0.79849373 0 0
0.075737716 0.798498672 0 0
0.075801558 0.798502844 0 0
0.075846728 0.79850628 0 0
0.075874915 0.798509016 0 0
0.075887104 0.798511085 0 0
0.07588422 0.798512526 0 0
0.075867481 0.798513382 0 0
0.075838562 0.798513695 0 0
0.075799181 0.798513514 0 0
0.07575109 0.798512892 0 0
0.075695698 0.79851188 0 0
0.075633907 0.79851052 0 0
0.075566503 0.798508858 0 0
0.0754948 0.798506944 0 0
0.075420259 0.79850483 0 0
0.075344319 0.798502569 0 0
0.07526839 0.79850022 0 0
0.075193848 0.798497834 0 0
0.075122023 0.798495463 0 0
0.075054191 0.798493159 0 0
0.074991571 0.798490975 0 0
0.07493463 0.798488941 0 0
0.074883484 0.798487076 0 0
0.07483814 0.798485397 0 0
0.074799109 0.79848393 0 0
0.074766776 0.798482694 0 0
0.074741389 0.798481709 0 0
0.074722919 0.798480982 0 0
0.074710442 0.798480482 0 0
0.074702728 0.798480171 0 0
0.07469864 0.798480005 0 0
0.074697198 0.798479947 0 0
0.074697198 0.798479947 0 0
0.07469864 0.798480005 0 0
0.074702728 0.798480171 0 0
0.074710442 0.798480482 0 0
0.074722919 0.798480982 0 0
0.074741389 0.798481709 0 0
0.074766776 0.798482694 0 0
0.074799109 0.79848393 0 0
0.07483814 0.798485397 0 0
0.074883484 0.798487076 0 0
0.07493463 0.798488941 0 0
0.074991571 0.798490975 0 0
0.075054191 0.798493159 0 0
0.075122023 0.798495463 0 0
0.075193848 0.798497834 0 0
0.07526839 0.79850022 0 0
0.075344319 0.798502569 0 0
0.075420259 0.79850483 0 0
0.0754948 0.798506944 0 0
0.075566503 0.798508858 0 0
0.075633907 0.79851052 0 0
0.075695698 0.79851188 0 0
0.07575109 0.798512892 0 0
0.075799181 0.798513514 0 0
0.075838562 0.798513695 0 0
0.075867481 0.798513382 0 0
0.07588422 0.798512526 0 0
0.075887104 0.798511085 0 0
0.075874915 0.798509016 0 0
0.075846728 0.79850628 0 0
0.075801558 0.798502844 0 0
0.075737716 0.798498672 0 0
0.075653517 0.79849373 0 0
0.075547359 0.798487995 0 0
0.075417728 0.798481444 0 0
0.075263867 0.798474055 0 0
0.075085056 0.798465808 0 0
0.074880374 0.798456691 0 0
0.074648384 0.798446697 0 0
0.074387768 0.798435828 0 0
0.074097324 0.798424088 0 0
0.073775969 0.79841149 0 0
0.073422738 0.798398043 0 0
0.073036786 0.798383766 0 0
0.07261739 0.798368682 0 0
0.072164146 0.798352815 0 0
0.071677257 0.798336179 0 0
0.071156929 0.798318797 0 0
0.070602927 0.798300706 0 0
0.070014828 0.79828195 0 0
0.06939234 0.798262582 0 0
0.068735303 0.798242656 0 0
0.06804414 0.798222217 0 0
0.067319589 0.798201303 0 0
0.066562399 0.798179963 0 0
0.065772629 0.798158265 0 0
0.064950446 0.798136286 0 0
0.064096147 0.798114103 0 0
0.063210151 0.7980918 0 0
0.062293002 0.798069454 0 0
0.061345357 0.798047146 0 0
0.060367985 0.798024963 0 0
0.05936176 0.798002991 0 0
0.058328373 0.797981281 0 0
0.057269497 0.797959892 0 0
0.056186545 0.797938899 0 0
0.055080459 0.797918395 0 0
0.053952276 0.797898477 0 0
0.052803118 0.797879242 0 0
0.051634429 0.797860771 0 0
0.050448161 0.797843119 0 0
0.049246209 0.797826346 0 0
0.048029925 0.797810539 0 0
0.04680045 0.797795798 0 0
0.045558979 0.797782218 0 0
0.044306752 0.797769895 0 0
0.043045541 0.797758885 0 0
0.041777282 0.79774923 0 0
0.040503793 0.79774098 0 0
0.039226089 0.797734224 0 0
0.037945199 0.797729047 0 0
0.036662148 0.797725533 0 0
0.035377949 0.797723757 0 0
0.034093592 0.797723785 0 0
0.032810029 0.797725676 0 0
0.031528164 0.797729485 0 0
0.030248876 0.797735258 0 0
0.028973648 0.797742976 0 0
0.027703757 0.797752621 0 0
0.026439987 0.797764199 0 0
0.02518251 0.797777744 0 0
0.023931383 0.797793279 0 0
0.02268654 0.797810822 0 0
0.021448062 0.797830355 0 0
0.020216257 0.797851811 0 0
0.018991147 0.797875128 0 0
0.017771924 0.797900284 0 0
0.016557376 0.797927262 0 0
0.015346089 0.797956037 0 0
0.01413643 0.797986573 0 0
0.012926529 0.798018816 0 0
0.011715955 0.79805277 0 0
0.01050427 0.798088438 0 0
0.009291026 0.798125822 0 0
0.008076738 0.798164876 0 0
0.006862464 0.798205558 0 0
0.005649191 0.798247849 0 0
0.004436557 0.798291771 0 0
0.003224094 0.79833734 0 0
0.002011333 0.798384573 0 0
0.000797879 0.798433476 0 0
-0.00041532 0.798483993 0 0
-0.001627214 0.798536088 0 0
-0.002837239 0.798589764 0 0
-0.004045857 0.798645051 0 0
-0.005253525 0.798701978 0 0
-0.006460693 0.798760572 0 0
-0.007667812 0.798820857 0 0
-0.008875338 0.798882845 0 0
-0.010083734 0.798946547 0 0
-0.011293475 0.799011978 0 0
-0.012504533 0.799079105 0 0
-0.013715884 0.799147856 0 0
-0.014926512 0.799218177 0 0
-0.016136455 0.799290085 0 0
-0.017346228 0.799363607 0 0
-0.018556347 0.799438771 0 0
-0.019767335 0.799515604 0 0
-0.020978659 0.799594047 0 0
-0.022189328 0.799674031 0 0
-0.023398462 0.799755523 0 0
-0.024606526 0.799838563 0 0
-0.025814039 0.799923192 0 0
-0.027021521 0.800009449 0 0
-0.028229369 0.800097355 0 0
-0.029436636 0.800186831 0 0
-0.030642313 0.800277811 0 0
-0.031845959 0.800370294 0 0
-0.033048066 0.800464333 0 0
-0.034249113 0.800559975 0 0
-0.03544957 0.80065727 0 0
-0.036649904 0.800756259 0 0
-0.037850583 0.800856974 0 0
-0.03905208 0.800959447 0 0
-0.040254878 0.801063709 0 0
-0.041458853 0.801169723 0 0
-0.042662984 0.801277388 0 0
-0.043866246 0.801386618 0 0
-0.045068759 0.801497442 0 0
-0.046271019 0.801609907 0 0
-0.047473521 0.80172406 0 0
-0.048676764 0.801839945 0 0
-0.049880094 0.801957478 0 0
-0.05108249 0.802076561 0 0
-0.052283079 0.802197135 0 0
-0.053482322 0.802319259 0 0
-0.054680693 0.80244299 0 0
-0.055878659 0.802568384 0 0
-0.057076685 0.802695492 0 0
-0.058275239 0.802824356 0 0
-0.059474796 0.802955017 0 0
-0.060675839 0.803087513 0 0
-0.061878697 0.803221855 0 0
-0.063082368 0.803357911 0 0
-0.064285847 0.803495567 0 0
-0.065488821 0.803634803 0 0
-0.066691808 0.803775677 0 0
-0.067895328 0.803918246 0 0
-0.069099903 0.804062567 0 0
-0.070305362 0.804208595 0 0
-0.071510718 0.804356205 0 0
-0.072714982 0.804505287 0 0
-0.07391839 0.804655892 0 0
-0.075121457 0.804808088 0 0
-0.076324695 0.804961945 0 0
-0.077528613 0.80511753 0 0
-0.078732477 0.805274726 0 0
-0.079935274 0.805433409 0 0
-0.081136202 0.805593506 0 0
-0.08233574 0.805755093 0 0
-0.08353435 0.805918245 0 0
-0.084732487 0.806083034 0 0
-0.085930599 0.806249531 0 0
-0.087129133 0.806417791 0 0
-0.088328539 0.806587871 0 0
-0.089529272 0.806759827 0 0
-0.090731544 0.806933665 0 0
-0.091934314 0.80710922 0 0
-0.093136542 0.807286341 0 0
-0.094337963 0.807465012 0 0
-0.095539044 0.807645303 0 0
-0.096740249 0.807827286 0 0
-0.097942042 0.80801103 0 0
-0.099144097 0.808196466 0 0
-0.100345369 0.808383432 0 0
-0.101544802 0.80857178 0 0
-0.102742648 0.808761575 0 0
-0.103939341 0.808952898 0 0
-0.105135308 0.809145824 0 0
-0.106330969 0.809340431 0 0
-0.107528155 0.809537111 0 0
-0.108728471 0.809736204 0 0
-0.109933307 0.809937996 0 0
-0.11114386 0.810142728 0 0
-0.112360509 0.810350526 0 0
-0.113583164 0.810561443 0 0
-0.114811539 0.810775486 0 0
-0.116045843 0.810992687 0 0
-0.117286151 0.811213041 0 0
-0.118532418 0.811436513 0 0
-0.1197844 0.811663029 0 0
-0.121040995 0.811892399 0 0
-0.12230089 0.812124397 0 0
-0.123562951 0.8123588 0 0
-0.124826366 0.812595405 0 0
-0.126090267 0.812833991 0 0
-0.127353742 0.813074324 0 0
-0.128615844 0.813316156 0 0
-0.129875606 0.813559225 0 0
-0.131132051 0.813803261 0 0
-0.132384205 0.814047993 0 0
-0.133630708 0.814293094 0 0
-0.13486972 0.814538173 0 0
-0.136099296 0.814782823 0 0
-0.137318082 0.815026704 0 0
-0.138524892 0.815269495 0 0
-0.139718587 0.815510884 0 0
-0.140898084 0.815750565 0 0
-0.142061672 0.815988145 0 0
-0.143207456 0.81622321 0 0
-0.144333617 0.816455356 0 0
-0.145439011 0.816684268 0 0
-0.146522571 0.816909646 0 0
-0.147583316 0.817131207 0 0
-0.148620213 0.817348665 0 0
-0.149631614 0.817561646 0 0
-0.15061584 0.817769775 0 0
-0.151571617 0.817972742 0 0
-0.15249812 0.818170303 0 0
-0.153394629 0.818362235 0 0
-0.154260533 0.818548342 0 0
-0.155095339 0.818728446 0 0
-0.155898673 0.818902394 0 0
-0.156670283 0.819070058 0 0
-0.157410049 0.81923134 0 0
-0.158117535 0.819386097 0 0
-0.15879198 0.81953414 0 0
-0.159432625 0.819675287 0 0
-0.160039443 0.819809477 0 0
-0.160612628 0.819936689 0 0
-0.1611525 0.820056934 0 0
-0.161659511 0.82017025 0 0
-0.162133507 0.82027658 0 0
-0.162574254 0.820375858 0 0
-0.162981701 0.820468057 0 0
-0.163356469 0.820553264 0 0
-0.1636993 0.820631596 0 0
-0.164011052 0.820703198 0 0
-0.1642927 0.820768241 0 0
-0.164545339 0.820826922 0 0
-0.16477018 0.820879461 0 0
-0.164968549 0.820926113 0 0
-0.165141686 0.820967118 0 0
-0.165290278 0.82100262 0 0
-0.165414992 0.821032765 0 0
-0.165516951 0.821057787 0 0
-0.165597664 0.82107799 0 0
-0.165658727 0.821093704 0 0
-0.16570182 0.821105279 0 0
-0.16572821 0.821112987 0 0
-0.165738819 0.82111704 0 0
-0.165734511 0.821117643 0 0
-0.165716852 0.821115131 0 0
-0.165687501 0.821109866 0 0
-0.165648159 0.821102218 0 0
-0.165600561 0.82109257 0 0
-0.16554569 0.821081153 0 0
-0.165484383 0.821068168 0 0
-0.165417589 0.821053844 0 0
-0.165346764 0.821038507 0 0
-0.165273349 0.821022482 0 0
-0.165198767 0.821006096 0 0
-0.165124412 0.820989667 0 0
-0.165051641 0.820973505 0 0
-0.164981773 0.820957914 0 0
-0.16491607 0.820943186 0 0
-0.164855488 0.82092955 0 0
-0.164800297 0.820917079 0 0
-0.164750555 0.820905806 0 0
-0.16470663 0.820895824 0 0
-0.164669029 0.820887256 0 0
-0.164638137 0.820880196 0 0
-0.164614202 0.820874712 0 0
-0.164596793 0.820870712 0 0
-0.164584948 0.820867983 0 0
-0.164577406 0.820866246 0 0
-0.16457341 0.820865325 0 0
-0.164572 0.820865 0 0
-0.164572 0.820865 0 0
-0.164572 0.820865 0 0
-0.164572 0.820865 0 0
-0.16457341 0.820865325 0 0
-0.164577406 0.820866246 0 0
-0.164584948 0.820867983 0 0
-0.164596793 0.820870712 0 0
-0.164614202 0.820874712 0 0
-0.164638137 0.820880196 0 0
-0.164669029 0.820887256 0 0
-0.16470663 0.820895824 0 0
-0.164750555 0.820905806 0 0
-0.164800297 0.820917079 0 0
-0.164855488 0.82092955 0 0
-0.16491607 0.820943186 0 0
-0.164981773 0.820957914 0 0
-0.165051641 0.820973505 0 0
-0.165124412 0.820989667 0 0
-0.165198767 0.821006096 0 0
-0.165273349 0.821022482 0 0
-0.165346764 0.821038507 0 0
-0.165417589 0.821053844 0 0
-0.165484383 0.821068168 0 0
-0.16554569 0.821081153 0 0
-0.165600561 0.82109257 0 0
-0.165648159 0.821102218 0 0
-0.165687501 0.821109866 0 0
-0.165716852 0.821115131 0 0
-0.165734511 0.821117643 0 0
-0.165738819 0.82111704 0 0
-0.16572821 0.821112987 0 0
-0.16570182 0.821105279 0 0
-0.165658727 0.821093704 0 0
-0.165597664 0.82107799 0 0
-0.165516951 0.821057787 0 0
-0.165414992 0.821032765 0 0
-0.165290278 0.82100262 0 0
-0.165141686 0.820967118 0 0
-0.164968549 0.820926113 0 0
-0.16477018 0.820879461 0 0
-0.164545339 0.820826922 0 0
-0.1642927 0.820768241 0 0
-0.164011052 0.820703198 0 0
-0.1636993 0.820631596 0 0
-0.163356469 0.820553264 0 0
-0.162981701 0.820468057 0 0
-0.162574254 0.820375858 0 0
-0.162133507 0.82027658 0 0
-0.161659511 0.82017025 0 0
-0.1611525 0.820056934 0 0
-0.160612628 0.819936689 0 0
-0.160039443 0.819809477 0 0
-0.159432625 0.819675287 0 0
-0.15879198 0.81953414 0 0
-0.158117535 0.819386097 0 0
-0.157410049 0.81923134 0 0
-0.156670283 0.819070058 0 0
-0.155898673 0.818902394 0 0
-0.155095339 0.818728446 0 0
-0.154260533 0.818548342 0 0
-0.153394629 0.818362235 0 0
-0.15249812 0.818170303 0 0
-0.151571617 0.817972742 0 0
-0.15061584 0.817769775 0 0
-0.149631614 0.817561646 0 0
-0.148620213 0.817348665 0 0
-0.147583316 0.817131207 0 0
-0.146522571 0.816909646 0 0
-0.145439011 0.816684268 0 0
-0.144333617 0.816455356 0 0
-0.143207456 0.81622321 0 0
-0.142061672 0.815988145 0 0
-0.140898084 0.815750565 0 0
-0.139718587 0.815510884 0 0
-0.138524892 0.815269495 0 0
-0.137318082 0.815026704 0 0
-0.136099296 0.814782823 0 0
-0.13486972 0.814538173 0 0
-0.133630708 0.814293094 0 0
-0.132384205 0.814047993 0 0
-0.131132051 0.813803261 0 0
-0.129875606 0.813559225 0 0
-0.128615844 0.813316156 0 0
-0.127353742 0.813074324 0 0
-0.126090267 0.812833991 0 0
-0.124826366 0.812595405 0 0
-0.123562951 0.8123588 0 0
-0.12230089 0.812124397 0 0
-0.121040995 0.811892399 0 0
-0.1197844 0.811663029 0 0
-0.118532418 0.811436513 0 0
-0.117286151 0.811213041 0 0
-0.116045843 0.810992687 0 0
-0.114811539 0.810775486 0 0
-0.113583164 0.810561443 0 0
-0.112360509 0.810350526 0 0
-0.11114386 0.810142728 0 0
-0.109933307 0.809937996 0 0
-0.108728471 0.809736204 0 0
-0.107528155 0.809537111 0 0
-0.106330969 0.809340431 0 0
-0.105135308 0.809145824 0 0
-0.103939341 0.808952898 0 0
-0.102742648 0.808761575 0 0
-0.101544802 0.80857178 0 0
-0.100345369 0.808383432 0 0
-0.099144097 0.808196466 0 0
-0.097942042 0.80801103 0 0
-0.096740249 0.807827286 0 0
-0.095539044 0.807645303 0 0
-0.094337963 0.807465012 0 0
-0.093136542 0.807286341 0 0
-0.091934314 0.80710922 0 0
-0.090731544 0.806933665 0 0
-0.089529272 0.806759827 0 0
-0.088328539 0.806587871 0 0
-0.087129133 0.806417791 0 0
-0.085930599 0.806249531 0 0
-0.084732487 0.806083034 0 0
-0.08353435 0.805918245 0 0
-0.08233574 0.805755093 0 0
-0.081136202 0.805593506 0 0
-0.079935274 0.805433409 0 0
-0.078732477 0.805274726 0 0
-0.077528613 0.80511753 0 0
-0.076324695 0.804961945 0 0
-0.075121457 0.804808088 0 0
-0.07391839 0.804655892 0 0
-0.072714982 0.804505287 0 0
-0.071510718 0.804356205 0 0
-0.070305362 0.804208595 0 0
-0.069099903 0.804062567 0 0
-0.067895328 0.803918246 0 0
-0.066691808 0.803775677 0 0
-0.065488821 0.803634803 0 0
-0.064285847 0.803495567 0 0
-0.063082368 0.803357911 0 0
-0.061878697 0.803221855 0 0
-0.060675839 0.803087513 0 0
-0.059474796 0.802955017 0 0
-0.058275239 0.802824356 0 0
-0.057076685 0.802695492 0 0
-0.055878659 0.802568384 0 0
-0.054680693 0.80244299 0 0
-0.053482322 0.802319259 0 0
-0.052283079 0.802197135 0 0
-0.05108249 0.802076561 0 0
-0.049880094 0.801957478 0 0
-0.048676764 0.801839945 0 0
-0.047473521 0.80172406 0 0
-0.046271019 0.801609907 0 0
-0.045068759 0.801497442 0 0
-0.043866246 0.801386618 0 0
-0.042662984 0.801277388 0 0
-0.041458853 0.801169723 0 0
-0.040254878 0.801063709 0 0
-0.03905208 0.800959447 0 0
-0.037850583 0.800856974 0 0
-0.036649904 0.800756259 0 0
-0.03544957 0.80065727 0 0
-0.034249113 0.800559975 0 0
-0.033048066 0.800464333 0 0
-0.031845959 0.800370294 0 0
-0.030642313 0.800277811 0 0
-0.029436636 0.800186831 0 0
-0.028229369 0.800097355 0 0
-0.027021521 0.800009449 0 0
-0.025814039 0.799923192 0 0
-0.024606526 0.799838563 0 0
-0.023398462 0.799755523 0 0
-0.022189328 0.799674031 0 0
-0.020978659 0.799594047 0 0
-0.019767335 0.799515604 0 0
-0.018556347 0.799438771 0 0
-0.017346228 0.799363607 0 0
-0.016136455 0.799290085 0 0
-0.014926512 0.799218177 0 0
-0.013715884 0.799147856 0 0
-0.012504533 0.799079105 0 0
-0.011293475 0.799011978 0 0
-0.010083734 0.798946547 0 0
-0.008875338 0.798882845 0 0
-0.007667812 0.798820857 0 0
-0.006460693 0.798760572 0 0
-0.005253525 0.798701978 0 0
-0.004045857 0.798645051 0 0
-0.002837239 0.798589764 0 0
-0.001627214 0.798536088 0 0
-0.00041532 0.798483993 0 0
0.000797879 0.798433476 0 0
0.002011333 0.798384573 0 0
0.003224094 0.79833734 0 0
0.004436557 0.798291771 0 0
0.005649191 0.798247849 0 0
0.006862464 0.798205558 0 0
0.008076738 0.798164876 0 0
0.009291026 0.798125822 0 0
0.01050427 0.798088438 0 0
0.011715955 0.79805277 0 0
0.012926529 0.798018816 0 0
0.01413643 0.797986573 0 0
0.015346089 0.797956037 0 0
0.016557376 0.797927262 0 0
0.017771924 0.797900284 0 0
0.018991147 0.797875128 0 0
0.020216257 0.797851811 0 0
0.021448062 0.797830355 0 0
0.02268654 0.797810822 0 0
0.023931383 0.797793279 0 0
0.02518251 0.797777744 0 0
0.026439987 0.797764199 0 0
0.027703757 0.797752621 0 0
0.028973648 0.797742976 0 0
0.030248876 0.797735258 0 0
0.031528164 0.797729485 0 0
0.032810029 0.797725676 0 0
0.034093592 0.797723785 0 0
0.035377949 0.797723757 0 0
0.036662148 0.797725533 0 0
0.037945199 0.797729047 0 0
0.039226089 0.797734224 0 0
0.040503793 0.79774098 0 0
0.041777282 0.79774923 0 0
0.043045541 0.797758885 0 0
0.044306752 0.797769895 0 0
0.045558979 0.797782218 0 0
0.04680045 0.797795798 0 0
0.048029925 0.797810539 0 0
0.049246209 0.797826346 0 0
0.050448161 0.797843119 0 0
0.051634429 0.797860771 0 0
0.052803118 0.797879242 0 0
0.053952276 0.797898477 0 0
0.055080459 0.797918395 0 0
0.056186545 0.797938899 0 0
0.057269497 0.797959892 0 0
0.058328373 0.797981281 0 0
0.05936176 0.798002991 0 0
0.060367985 0.798024963 0 0
0.061345357 0.798047146 0 0
0.062293002 0.798069454 0 0
0.063210151 0.7980918 0 0
0.064096147 0.798114103 0 0
0.064950446 0.798136286 0 0
0.065772629 0.798158265 0 0
0.066562399 0.798179963 0 0
0.067319589 0.798201303 0 0
0.06804414 0.798222217 0 0
0.068735303 0.798242656 0 0
0.06939234 0.798262582 0 0
0.070014828 0.79828195 0 0
0.070602927 0.798300706 0 0
0.071156929 0.798318797 0 0
0.071677257 0.798336179 0 0
0.072164146 0.798352815 0 0
0.07261739 0.798368682 0 0
0.073036786 0.798383766 0 0
0.073422738 0.798398043 0 0
0.073775969 0.79841149 0 0
0.074097324 0.798424088 0 0
0.074387768 0.798435828 0 0
0.074648384 0.798446697 0 0
0.074880374 0.798456691 0 0
0.075085056 0.798465808 0 0
0.075263867 0.798474055 0 0
0.075417728 0.798481444 0 0
0.075547359 0.798487995 0 0
0.075653517 0.79849373 0 0
0.075737716 0.798498672 0 0
0.075801558 0.798502844 0 0
0.075846728 0.79850628 0 0
0.075874915 0.798509016 0 0
0.075887104 0.798511085 0 0
0.07588422 0.798512526 0 0
0.075867481 0.798513382 0 0
0.075838562 0.798513695 0 0
0.075799181 0.798513514 0 0
0.07575109 0.798512892 0 0
0.075695698 0.79851188 0 0
0.075633907 0.79851052 0 0
0.075566503 0.798508858 0 0
0.0754948 0.798506944 0 0
0.075420259 0.79850483 0 0
0.075344319 0.798502569 0 0
0.07526839 0.79850022 0 0
0.075193848 0.798497834 0 0
0.075122023 0.798495463 0 0
0.075054191 0.798493159 0 0
0.074991571 0.798490975 0 0
0.07493463 0.798488941 0 0
0.074883484 0.798487076 0 0
0.07483814 0.798485397 0 0
0.074799109 0.79848393 0 0
0.074766776 0.798482694 0 0
0.074741389 0.798481709 0 0
0.074722919 0.798480982 0 0
0.074710442 0.798480482 0 0
0.074702728 0.798480171 0 0
0.07469864 0.798480005 0 0
0.074697198 0.798479947 0 0
0.074697198 0.798479947 0 0
0.07469864 0.798480005 0 0
0.074702728 0.798480171 0 0
0.074710442 0.798480482 0 0
0.074722919 0.798480982 0 0
0.074741389 0.798481709 0 0
0.074766776 0.798482694 0 0
0.074799109 0.79848393 0 0
0.07483814 0.798485397 0 0
0.074883484 0.798487076 0 0
0.07493463 0.798488941 0 0
0.074991571 0.798490975 0 0
0.075054191 0.798493159 0 0
0.075122023 0.798495463 0 0
0.075193848 0.798497834 0 0
0.07526839 0.79850022 0 0
0.075344319 0.798502569 0 0
0.075420259 0.79850483 0 0
0.0754948 0.798506944 0 0
0.075566503 0.798508858 0 0
0.075633907 0.79851052 0 0
0.075695698 0.79851188 0 0
0.07575109 0.798512892 0 0
0.075799181 0.798513514 0 0
0.075838562 0.798513695 0 0
0.075867481 0.798513382 0 0
0.07588422 0.798512526 0 0
0.075887104 0.798511085 0 0
0.075874915 0.798509016 0 0
0.075846728 0.79850628 0 0
0.075801558 0.798502844 0 0
0.075737716 0.798498672 0 0
0.075653517 0.79849373 0 0
0.075547359 0.798487995 0 0
0.075417728 0.798481444 0 0
0.075263867 0.798474055 0 0
0.075085056 0.798465808 0 0
0.074880374 0.798456691 0 0
0.074648384 0.798446697 0 0
0.074387768 0.798435828 0 0
0.074097324 0.798424088 0 0
0.073775969 0.79841149 0 0
0.073422738 0.798398043 0 0
0.073036786 0.798383766 0 0
0.07261739 0.798368682 0 0
0.072164146 0.798352815 0 0
0.071677257 0.798336179 0 0
0.071156929 0.798318797 0 0
0.070602927 0.798300706 0 0
0.070014828 0.79828195 0 0
0.06939234 0.798262582 0 0
0.068735303 0.798242656 0 0
0.06804414 0.798222217 0 0
0.067319589 0.798201303 0 0
0.066562399 0.798179963 0 0
0.065772629 0.798158265 0 0
0.064950446 0.798136286 0 0
0.064096147 0.798114103 0 0
0.063210151 0.7980918 0 0
0.062293002 0.798069454 0 0
0.061345357 0.798047146 0 0
0.060367985 0.798024963 0 0
0.05936176 0.798002991 0 0
0.058328373 0.797981281 0 0
0.057269497 0.797959892 0 0
0.056186545 0.797938899 0 0
0.055080459 0.797918395 0 0
0.053952276 0.797898477 0 0
0.052803118 0.797879242 0 0
0.051634429 0.797860771 0 0
0.050448161 0.797843119 0 0
0.049246209 0.797826346 0 0
0.048029925 0.797810539 0 0
0.04680045 0.797795798 0 0
0.045558979 0.797782218 0 0
0.044306752 0.797769895 0 0
0.043045541 0.797758885 0 0
0.041777282 0.79774923 0 0
0.040503793 0.79774098 0 0
0.039226089 0.797734224 0 0
0.037945199 0.797729047 0 0
0.036662148 0.797725533 0 0
0.035377949 0.797723757 0 0
0.034093592 0.797723785 0 0
0.032810029 0.797725676 0 0
0.031528164 0.797729485 0 0
0.030248876 0.797735258 0 0
0.028973648 0.797742976 0 0
0.027703757 0.797752621 0 0
0.026439987 0.797764199 0 0
0.02518251 0.797777744 0 0
0.023931383 0.797793279 0 0
0.02268654 0.797810822 0 0
0.021448062 0.797830355 0 0
0.020216257 0.797851811 0 0
0.018991147 0.797875128 0 0
0.017771924 0.797900284 0 0
0.016557376 0.797927262 0 0
0.015346089 0.797956037 0 0
0.01413643 0.797986573 0 0
0.012926529 0.798018816 0 0
0.011715955 0.79805277 0 0
0.01050427 0.798088438 0 0
0.009291026 0.798125822 0 0
0.008076738 0.798164876 0 0
0.006862464 0.798205558 0 0
0.005649191 0.798247849 0 0
0.004436557 0.798291771 0 0
0.003224094 0.79833734 0 0
0.002011333 0.798384573 0 0
0.000797879 0.798433476 0 0
-0.00041532 0.798483993 0 0
-0.001627214 0.798536088 0 0
-0.002837239 0.798589764 0 0
-0.004045857 0.798645051 0 0
-0.005253525 0.798701978 0 0
-0.006460693 0.798760572 0 0
-0.007667812 0.798820857 0 0
-0.008875338 0.798882845 0 0
-0.010083734 0.798946547 0 0
-0.011293475 0.799011978 0 0
-0.012504533 0.799079105 0 0
-0.013715884 0.799147856 0 0
-0.014926512 0.799218177 0 0
-0.016136455 0.799290085 0 0
-0.017346228 0.799363607 0 0
-0.018556347 0.799438771 0 0
-0.019767335 0.799515604 0 0
-0.020978659 0.799594047 0 0
-0.022189328 0.799674031 0 0
-0.023398462 0.799755523 0 0
-0.024606526 0.799838563 0 0
-0.025814039 0.799923192 0 0
-0.027021521 0.800009449 0 0
-0.028229369 0.800097355 0 0
-0.029436636 0.800186831 0 0
-0.030642313 0.800277811 0 0
-0.031845959 0.800370294 0 0
-0.033048066 0.800464333 0 0
-0.034249113 0.800559975 0 0
-0.03544957 0.80065727 0 0
-0.036649904 0.800756259 0 0
-0.037850583 0.800856974 0 0
-0.03905208 0.800959447 0 0
-0.040254878 0.801063709 0 0
-0.041458853 0.801169723 0 0
-0.042662984 0.801277388 0 0
-0.043866246 0.801386618 0 0
-0.045068759 0.801497442 0 0
-0.046271019 0.801609907 0 0
-0.047473521 0.80172406 0 0
-0.048676764 0.801839945 0 0
-0.049880094 0.801957478 0 0
-0.05108249 0.802076561 0 0
-0.052283079 0.802197135 0 0
-0.053482322 0.802319259 0 0
-0.054680693 0.80244299 0 0
-0.055878659 0.802568384 0 0
-0.057076685 0.802695492 0 0
-0.058275239 0.802824356 0 0
-0.059474796 0.802955017 0 0
-0.060675839 0.803087513 0 0
-0.061878697 0.803221855 0 0
-0.063082368 0.803357911 0 0
-0.064285847 0.803495567 0 0
-0.065488821 0.803634803 0 0
-0.066691808 0.803775677 0 0
-0.067895328 0.803918246 0 0
-0.069099903 0.804062567 0 0
-0.070305362 0.804208595 0 0
-0.071510718 0.804356205 0 0
-0.072714982 0.804505287 0 0
-0.07391839 0.804655892 0 0
-0.075121457 0.804808088 0 0
-0.076324695 0.804961945 0 0
-0.077528613 0.80511753 0 0
-0.078732477 0.805274726 0 0
-0.079935274 0.805433409 0 0
-0.081136202 0.805593506 0 0
-0.08233574 0.805755093 0 0
-0.08353435 0.805918245 0 0
-0.084732487 0.806083034 0 0
-0.085930599 0.806249531 0 0
-0.087129133 0.806417791 0 0
-0.088328539 0.806587871 0 0
-0.089529272 0.806759827 0 0
-0.090731544 0.806933665 0 0
-0.091934314 0.80710922 0 0
-0.093136542 0.807286341 0 0
-0.094337963 0.807465012 0 0
-0.095539044 0.807645303 0 0
-0.096740249 0.807827286 0 0
-0.097942042 0.80801103 0 0
-0.099144097 0.808196466 0 0
-0.100345369 0.808383432 0 0
-0.101544802 0.80857178 0 0
-0.102742648 0.808761575 0 0
-0.103939341 0.808952898 0 0
-0.105135308 0.809145824 0 0
-0.106330969 0.809340431 0 0
-0.107528155 0.809537111 0 0
-0.108728471 0.809736204 0 0
-0.109933307 0.809937996 0 0
-0.11114386 0.810142728 0 0
-0.112360509 0.810350526 0 0
-0.113583164 0.810561443 0 0
-0.114811539 0.810775486 0 0
-0.116045843 0.810992687 0 0
-0.117286151 0.811213041 0 0
-0.118532418 0.811436513 0 0
-0.1197844 0.811663029 0 0
-0.121040995 0.811892399 0 0
-0.12230089 0.812124397 0 0
-0.123562951 0.8123588 0 0
-0.124826366 0.812595405 0 0
-0.126090267 0.812833991 0 0
-0.127353742 0.813074324 0 0
-0.128615844 0.813316156 0 0
-0.129875606 0.813559225 0 0
-0.131132051 0.813803261 0 0
-0.132384205 0.814047993 0 0
-0.133630708 0.814293094 0 0
-0.13486972 0.814538173 0 0
-0.136099296 0.814782823 0 0
-0.137318082 0.815026704 0 0
-0.138524892 0.815269495 0 0
-0.139718587 0.815510884 0 0
-0.140898084 0.815750565 0 0
-0.142061672 0.815988145 0 0
-0.143207456 0.81622321 0 0
-0.144333617 0.816455356 0 0
-0.145439011 0.816684268 0 0
-0.146522571 0.816909646 0 0
-0.147583316 0.817131207 0 0
-0.148620213 0.817348665 0 0
-0.149631614 0.817561646 0 0
-0.15061584 0.817769775 0 0
-0.151571617 0.817972742 0 0
-0.15249812 0.818170303 0 0
-0.153394629 0.818362235 0 0
-0.154260533 0.818548342 0 0
-0.155095339 0.818728446 0 0
-0.155898673 0.818902394 0 0
-0.156670283 0.819070058 0 0
-0.157410049 0.81923134 0 0
-0.158117535 0.819386097 0 0
-0.15879198 0.81953414 0 0
-0.159432625 0.819675287 0 0
-0.160039443 0.819809477 0 0
-0.160612628 0.819936689 0 0
-0.1611525 0.820056934 0 0
-0.161659511 0.82017025 0 0
-0.162133507 0.82027658 0 0
-0.162574254 0.820375858 0 0
-0.162981701 0.820468057 0 0
-0.163356469 0.820553264 0 0
-0.1636993 0.820631596 0 0
-0.164011052 0.820703198 0 0
-0.1642927 0.820768241 0 0
-0.164545339 0.820826922 0 0
-0.16477018 0.820879461 0 0
-0.164968549 0.820926113 0 0
-0.165141686 0.820967118 0 0
-0.165290278 0.82100262 0 0
-0.165414992 0.821032765 0 0
-0.165516951 0.821057787 0 0
-0.165597664 0.82107799 0 0
-0.165658727 0.821093704 0 0
-0.16570182 0.821105279 0 0
-0.16572821 0.821112987 0 0
-0.165738819 0.82111704 0 0
-0.165734511 0.821117643 0 0
-0.165716852 0.821115131 0 0
-0.165687501 0.821109866 0 0
-0.165648159 0.821102218 0 0
-0.165600561 0.82109257 0 0
-0.16554569 0.821081153 0 0
-0.165484383 0.821068168 0 0
-0.165417589 0.821053844 0 0
-0.165346764 0.821038507 0 0
-0.165273349 0.821022482 0 0
-0.165198767 0.821006096 0 0
-0.165124412 0.820989667 0 0
-0.165051641 0.820973505 0 0
-0.164981773 0.820957914 0 0
-0.16491607 0.820943186 0 0
-0.164855488 0.82092955 0 0
-0.164800297 0.820917079 0 0
-0.164750555 0.820905806 0 0
-0.16470663 0.820895824 0 0
-0.164669029 0.820887256 0 0
-0.164638137 0.820880196 0 0
-0.164614202 0.820874712 0 0
-0.164596793 0.820870712 0 0
-0.164584948 0.820867983 0 0
-0.164577406 0.820866246 0 0
-0.16457341 0.820865325 0 0
-0.164572 0.820865 0 0
-0.164572 0.820865 0 0
-0.164572 0.820865 0 0
-0.164572 0.820865 0 0
-0.16457341 0.820865325 0 0
-0.164577406 0.820866246 0 0
-0.164584948 0.820867983 0 0
-0.164596793 0.820870712 0 0
-0.164614202 0.820874712 0 0
-0.164638137 0.820880196 0 0
-0.164669029 0.820887256 0 0
-0.16470663 0.820895824 0 0
-0.164750555 0.820905806 0 0
-0.164800297 0.820917079 0 0
-0.164855488 0.82092955 0 0
-0.16491607 0.820943186 0 0
-0.164981773 0.820957914 0 0
-0.165051641 0.820973505 0 0
-0.165124412 0.820989667 0 0
-0.165198767 0.821006096 0 0
-0.165273349 0.821022482 0 0
-0.165346764 0.821038507 0 0
-0.165417589 0.821053844 0 0
-0.165484383 0.821068168 0 0
-0.16554569 0.821081153 0 0
-0.165600561 0.82109257 0 0
-0.165648159 0.821102218 0 0
-0.165687501 0.821109866 0 0
-0.165716852 0.821115131 0 0
-0.165734511 0.821117643 0 0
-0.165738819 0.82111704 0 0
-0.16572821 0.821112987 0 0
-0.16570182 0.821105279 0 0
-0.165658727 0.821093704 0 0
-0.165597664 0.82107799 0 0
-0.165516951 0.821057787 0 0
-0.165414992 0.821032765 0 0
-0.165290278 0.82100262 0 0
-0.165141686 0.820967118 0 0
-0.164968549 0.820926113 0 0
-0.16477018 0.820879461 0 0
-0.164545339 0.820826922 0 0
-0.1642927 0.820768241 0 0
-0.164011052 0.820703198 0 0
-0.1636993 0.820631596 0 0
-0.163356469 0.820553264 0 0
-0.162981701 0.820468057 0 0
-0.162574254 0.820375858 0 0
-0.162133507 0.82027658 0 0
-0.161659511 0.82017025 0 0
-0.1611525 0.820056934 0 0
-0.160612628 0.819936689 0 0
-0.160039443 0.819809477 0 0
-0.159432625 0.819675287 0 0
-0.15879198 0.81953414 0 0
-0.158117535 0.819386097 0 0
-0.157410049 0.81923134 0 0
-0.156670283 0.819070058 0 0
-0.155898673 0.818902394 0 0
-0.155095339 0.818728446 0 0
-0.154260533 0.818548342 0 0
-0.153394629 0.818362235 0 0
-0.15249812 0.818170303 0 0
-0.151571617 0.817972742 0 0
-0.15061584 0.817769775 0 0
-0.149631614 0.817561646 0 0
-0.148620213 0.817348665 0 0
-0.147583316 0.817131207 0 0
-0.146522571 0.816909646 0 0
-0.145439011 0.816684268 0 0
-0.144333617 0.816455356 0 0
-0.143207456 0.81622321 0 0
-0.142061672 0.815988145 0 0
-0.140898084 0.815750565 0 0
-0.139718587 0.815510884 0 0
-0.138524892 0.815269495 0 0
-0.137318082 0.815026704 0 0
-0.136099296 0.814782823 0 0
-0.13486972 0.814538173 0 0
-0.133630708 0.814293094 0 0
-0.132384205 0.814047993 0 0
-0.131132051 0.813803261 0 0
-0.129875606 0.813559225 0 0
-0.128615844 0.813316156 0 0
-0.127353742 0.813074324 0 0
-0.126090267 0.812833991 0 0
-0.124826366 0.812595405 0 0
-0.123562951 0.8123588 0 0
-0.12230089 0.812124397 0 0
-0.121040995 0.811892399 0 0
-0.1197844 0.811663029 0 0
-0.118532418 0.811436513 0 0
-0.117286151 0.811213041 0 0
-0.116045843 0.810992687 0 0
-0.114811539 0.810775486 0 0
-0.113583164 0.810561443 0 0
-0.112360509 0.810350526 0 0
-0.11114386 0.810142728 0 0
-0.109933307 0.809937996 0 0
-0.108728471 0.809736204 0 0
-0.107528155 0.809537111 0 0
-0.106330969 0.809340431 0 0
-0.105135308 0.809145824 0 0
-0.103939341 0.808952898 0 0
-0.102742648 0.808761575 0 0
-0.101544802 0.80857178 0 0
-0.100345369 0.808383432 0 0
-0.099144097 0.808196466 0 0
-0.097942042 0.80801103 0 0
-0.096740249 0.807827286 0 0
-0.095539044 0.807645303 0 0
-0.094337963 0.807465012 0 0
-0.093136542 0.807286341 0 0
-0.091934314 0.80710922 0 0
-0.090731544 0.806933665 0 0
-0.089529272 0.806759827 0 0
-0.088328539 0.806587871 0 0
-0.087129133 0.806417791 0 0
-0.085930599 0.806249531 0 0
-0.084732487 0.806083034 0 0
-0.08353435 0.805918245 0 0
-0.08233574 0.805755093 0 0
-0.081136202 0.805593506 0 0
-0.079935274 0.805433409 0 0
-0.078732477 0.805274726 0 0
-0.077528613 0.80511753 0 0
-0.076324695 0.804961945 0 0
-0.075121457 0.804808088 0 0
-0.07391839 0.804655892 0 0
-0.072714982 0.804505287 0 0
-0.071510718 0.804356205 0 0
-0.070305362 0.804208595 0 0
-0.069099903 0.804062567 0 0
-0.067895328 0.803918246 0 0
-0.066691808 0.803775677 0 0
-0.065488821 0.803634803 0 0
-0.064285847 0.803495567 0 0
-0.063082368 0.803357911 0 0
-0.061878697 0.803221855 0 0
-0.060675839 0.803087513 0 0
-0.059474796 0.802955017 0 0
-0.058275239 0.802824356 0 0
-0.057076685 0.802695492 0 0
-0.055878659 0.802568384 0 0
-0.054680693 0.80244299 0 0
-0.053482322 0.802319259 0 0
-0.052283079 0.802197135 0 0
-0.05108249 0.802076561 0 0
-0.049880094 0.801957478 0 0
-0.048676764 0.801839945 0 0
-0.047473521 0.80172406 0 0
-0.046271019 0.801609907 0 0
-0.045068759 0.801497442 0 0
-0.043866246 0.801386618 0 0
-0.042662984 0.801277388 0 0
-0.041458853 0.801169723 0 0
-0.040254878 0.801063709 0 0
-0.03905208 0.800959447 0 0
-0.037850583 0.800856974 0 0
-0.036649904 0.800756259 0 0
-0.03544957 0.80065727 0 0
-0.034249113 0.800559975 0 0
-0.033048066 0.800464333 0 0
-0.031845959 0.800370294 0 0
-0.030642313 0.800277811 0 0
-0.029436636 0.800186831 0 0
-0.028229369 0.800097355 0 0
-0.027021521 0.800009449 0 0
-0.025814039 0.799923192 0 0
-0.024606526 0.799838563 0 0
-0.023398462 0.799755523 0 0
-0.022189328 0.799674031 0 0
-0.020978659 0.799594047 0 0
-0.019767335 0.799515604 0 0
-0.018556347 0.799438771 0 0
-0.017346228 0.799363607 0 0
-0.016136455 0.799290085 0 0
-0.014926512 0.799218177 0 0
-0.013715884 0.799147856 0 0
-0.012504533 0.799079105 0 0
-0.011293475 0.799011978 0 0
-0.010083734 0.798946547 0 0
-0.008875338 0.798882845 0 0
-0.007667812 0.798820857 0 0
-0.006460693 0.798760572 0 0
-0.005253525 0.798701978 0 0
-0.004045857 0.798645051 0 0
-0.002837239 0.798589764 0 0
-0.001627214 0.798536088 0 0
-0.00041532 0.798483993 0 0
0.000797879 0.798433476 0 0
0.002011333 0.798384573 0 0
0.003224094 0.79833734 0 0
0.004436557 0.798291771 0 0
0.005649191 0.798247849 0 0
0.006862464 0.798205558 0 0
0.008076738 0.798164876 0 0
0.009291026 0.798125822 0 0
0.01050427 0.798088438 0 0
0.011715955 0.79805277 0 0
0.012926529 0.798018816 0 0
0.01413643 0.797986573 0 0
0.015346089 0.797956037 0 0
0.016557376 0.797927262 0 0
0.017771924 0.797900284 0 0
0.018991147 0.797875128 0 0
0.020216257 0.797851811 0 0
0.021448062 0.797830355 0 0
0.02268654 0.797810822 0 0
0.023931383 0.797793279 0 0
0.02518251 0.797777744 0 0
0.026439987 0.797764199 0 0
0.027703757 0.797752621 0 0
0.028973648 0.797742976 0 0
0.030248876 0.797735258 0 0
0.031528164 0.797729485 0 0
0.032810029 0.797725676 0 0
0.034093592 0.797723785 0 0
0.035377949 0.797723757 0 0
0.036662148 0.797725533 0 0
0.037945199 0.797729047 0 0
0.039226089 0.797734224 0 0
0.040503793 0.79774098 0 0
0.041777282 0.79774923 0 0
0.043045541 0.797758885 0 0
0.044306752 0.797769895 0 0
0.045558979 0.797782218 0 0
0.04680045 0.797795798 0 0
0.048029925 0.797810539 0 0
0.049246209 0.797826346 0 0
0.050448161 0.797843119 0 0
0.051634429 0.797860771 0 0
0.052803118 0.797879242 0 0
0.053952276 0.797898477 0 0
0.055080459 0.797918395 0 0
0.056186545 0.797938899 0 0
0.057269497 0.797959892 0 0
0.058328373 0.797981281 0 0
0.05936176 0.798002991 0 0
0.060367985 0.798024963 0 0
0.061345357 0.798047146 0 0
0.062293002 0.798069454 0 0
0.063210151 0.7980918 0 0
0.064096147 0.798114103 0 0
0.064950446 0.798136286 0 0
0.065772629 0.798158265 0 0
0.066562399 0.798179963 0 0
0.067319589 0.798201303 0 0
0.06804414 0.798222217 0 0
0.068735303 0.798242656 0 0
0.06939234 0.798262582 0 0
0.070014828 0.79828195 0 0
0.070602927 0.798300706 0 0
0.071156929 0.798318797 0 0
0.071677257 0.798336179 0 0
0.072164146 0.798352815 0 0
0.07261739 0.798368682 0 0
0.073036786 0.798383766 0 0
0.073422738 0.798398043 0 0
0.073775969 0.79841149 0 0
0.074097324 0.798424088 0 0
0.074387768 0.798435828 0 0
0.074648384 0.798446697 0 0
0.074880374 0.798456691 0 0
0.075085056 0.798465808 0 0
0.075263867 0.798474055 0 0
0.075417728 0.798481444 0 0
0.075547359 0.798487995 0 0
0.075653517 0.79849373 0 0
0.075737716 0.798498672 0 0
0.075801558 0.798502844 0 0
0.075846728 0.79850628 0 0
0.075874915 0.798509016 0 0
0.075887104 0.798511085 0 0
0.07588422 0.798512526 0 0
0.075867481 0.798513382 0 0
0.075838562 0.798513695 0 0
0.075799181 0.798513514 0 0
0.07575109 0.798512892 0 0
0.075695698 0.79851188 0 0
0.075633907 0.79851052 0 0
0.075566503 0.798508858 0 0
0.0754948 0.798506944 0 0
0.075420259 0.79850483 0 0
0.075344319 0.798502569 0 0
0.07526839 0.79850022 0 0
0.075193848 0.798497834 0 0
0.075122023 0.798495463 0 0
0.075054191 0.798493159 0 0
0.074991571 0.798490975 0 0
0.07493463 0.798488941 0 0
0.074883484 0.798487076 0 0
0.07483814 0.798485397 0 0
0.074799109 0.79848393 0 0
0.074766776 0.798482694 0 0
0.074741389 0.798481709 0 0
0.074722919 0.798480982 0 0
0.074710442 0.798480482 0 0
0.074702728 0.798480171 0 0
0.07469864 0.798480005 0 0
0.074697198 0.798479947 0 0
0.074697198 0.798479947 0 0
0.07469864 0.798480005 0 0
0.074702728 0.798480171 0 0
0.074710442 0.798480482 0 0
0.074722919 0.798480982 0 0
0.074741389 0.798481709 0 0
0.074766776 0.798482694 0 0
0.074799109 0.79848393 0 0
0.07483814 0.798485397 0 0
0.074883484 0.798487076 0 0
0.07493463 0.798488941 0 0
0.074991571 0.798490975 0 0
0.075054191 0.798493159 0 0
0.075122023 0.798495463 0 0
0.075193848 0.798497834 0 0
0.07526839 0.79850022 0 0
0.075344319 0.798502569 0 0
0.075420259 0.79850483 0 0
0.0754948 0.798506944 0 0
0.075566503 0.798508858 0 0
0.075633907 0.79851052 0 0
0.075695698 0.79851188 0 0
0.07575109 0.798512892 0 0
0.075799181 0.798513514 0 0
0.075838562 0.798513695 0 0
0.075867481 0.798513382 0 0
0.07588422 0.798512526 0 0
0.075887104 0.798511085 0 0
0.075874915 0.798509016 0 0
0.075846728 0.79850628 0 0
0.075801558 0.798502844 0 0
0.075737716 0.798498672 0 0
0.075653517 0.79849373 0 0
0.075547359 0.798487995 0 0
0.075417728 0.798481444 0 0
0.075263867 0.798474055 0 0
0.075085056 0.798465808 0 0
0.074880374 0.798456691 0 0
0.074648384 0.798446697 0 0
0.074387768 0.798435828 0 0
0.074097324 0.798424088 0 0
0.073775969 0.79841149 0 0
0.073422738 0.798398043 0 0
0.073036786 0.798383766 0 0
0.07261739 0.798368682 0 0
0.072164146 0.798352815 0 0
0.071677257 0.798336179 0 0
0.071156929 0.798318797 0 0
0.070602927 0.798300706 0 0
0.070014828 0.79828195 0 0
0.06939234 0.798262582 0 0
0.068735303 0.798242656 0 0
0.06804414 0.798222217 0 0
0.067319589 0.798201303 0 0
0.066562399 0.798179963 0 0
0.065772629 0.798158265 0 0
0.064950446 0.798136286 0 0
0.064096147 0.798114103 0 0
0.063210151 0.7980918 0 0
0.062293002 0.798069454 0 0
0.061345357 0.798047146 0 0
0.060367985 0.798024963 0 0
0.05936176 0.798002991 0 0
0.058328373 0.797981281 0 0
0.057269497 0.797959892 0 0
0.056186545 0.797938899 0 0
0.055080459 0.797918395 0 0
0.053952276 0.797898477 0 0
0.052803118 0.797879242 0 0
0.051634429 0.797860771 0 0
0.050448161 0.797843119 0 0
0.049246209 0.797826346 0 0
0.048029925 0.797810539 0 0
0.04680045 0.797795798 0 0
0.045558979 0.797782218 0 0
0.044306752 0.797769895 0 0
0.043045541 0.797758885 0 0
0.041777282 0.79774923 0 0
0.040503793 0.79774098 0 0
0.039226089 0.797734224 0 0
0.037945199 0.797729047 0 0
0.036662148 0.797725533 0 0
0.035377949 0.797723757 0 0
0.034093592 0.797723785 0 0
0.032810029 0.797725676 0 0
0.031528164 0.797729485 0 0
0.030248876 0.797735258 0 0
0.028973648 0.797742976 0 0
0.027703757 0.797752621 0 0
0.026439987 0.797764199 0 0
0.02518251 0.797777744 0 0
0.023931383 0.797793279 0 0
0.02268654 0.797810822 0 0
0.021448062 0.797830355 0 0
0.020216257 0.797851811 0 0
0.018991147 0.797875128 0 0
0.017771924 0.797900284 0 0
0.016557376 0.797927262 0 0
0.015346089 0.797956037 0 0
0.01413643 0.797986573 0 0
0.012926529 0.798018816 0 0
0.011715955 0.79805277 0 0
0.01050427 0.798088438 0 0
0.009291026 0.798125822 0 0
0.008076738 0.798164876 0 0
0.006862464 0.798205558 0 0
0.005649191 0.798247849 0 0
0.004436557 0.798291771 0 0
0.003224094 0.79833734 0 0
0.002011333 0.798384573 0 0
0.000797879 0.798433476 0 0
-0.00041532 0.798483993 0 0
-0.001627214 0.798536088 0 0
-0.002837239 0.798589764 0 0
-0.004045857 0.798645051 0 0
-0.005253525 0.798701978 0 0
-0.006460693 0.798760572 0 0
-0.007667812 0.798820857 0 0
-0.008875338 0.798882845 0 0
-0.010083734 0.798946547 0 0
-0.011293475 0.799011978 0 0
-0.012504533 0.799079105 0 0
-0.013715884 0.799147856 0 0
-0.014926512 0.799218177 0 0
-0.016136455 0.799290085 0 0
-0.017346228 0.799363607 0 0
-0.018556347 0.799438771 0 0
-0.019767335 0.799515604 0 0
-0.020978659 0.799594047 0 0
-0.022189328 0.799674031 0 0
-0.023398462 0.799755523 0 0
-0.024606526 0.799838563 0 0
-0.025814039 0.799923192 0 0
-0.027021521 0.800009449 0 0
-0.028229369 0.800097355 0 0
-0.029436636 0.800186831 0 0
-0.030642313 0.800277811 0 0
-0.031845959 0.800370294 0 0
-0.033048066 0.800464333 0 0
-0.034249113 0.800559975 0 0
-0.03544957 0.80065727 0 0
-0.036649904 0.800756259 0 0
-0.037850583 0.800856974 0 0
-0.03905208 0.800959447 0 0
-0.040254878 0.801063709 0 0
-0.041458853 0.801169723 0 0
-0.042662984 0.801277388 0 0
-0.043866246 0.801386618 0 0
-0.045068759 0.801497442 0 0
-0.046271019 0.801609907 0 0
-0.047473521 0.80172406 0 0
-0.048676764 0.801839945 0 0
-0.049880094 0.801957478 0 0
-0.05108249 0.802076561 0 0
-0.052283079 0.802197135 0 0
-0.053482322 0.802319259 0 0
-0.054680693 0.80244299 0 0
-0.055878659 0.802568384 0 0
-0.057076685 0.802695492 0 0
-0.058275239 0.802824356 0 0
-0.059474796 0.802955017 0 0
-0.060675839 0.803087513 0 0
-0.061878697 0.803221855 0 0
-0.063082368 0.803357911 0 0
-0.064285847 0.803495567 0 0
-0.065488821 0.803634803 0 0
-0.066691808 0.803775677 0 0
-0.067895328 0.803918246 0 0
-0.069099903 0.804062567 0 0
-0.070305362 0.804208595 0 0
-0.071510718 0.804356205 0 0
-0.072714982 0.804505287 0 0
-0.07391839 0.804655892 0 0
-0.075121457 0.804808088 0 0
-0.076324695 0.804961945 0 0
-0.077528613 0.80511753 0 0
-0.078732477 0.805274726 0 0
-0.079935274 0.805433409 0 0
-0.081136202 0.805593506 0 0
-0.08233574 0.805755093 0 0
-0.08353435 0.805918245 0 0
-0.084732487 0.806083034 0 0
-0.085930599 0.806249531 0 0
-0.087129133 0.806417791 0 0
-0.088328539 0.806587871 0 0
-0.089529272 0.806759827 0 0
-0.090731544 0.806933665 0 0
-0.091934314 0.80710922 0 0
-0.093136542 0.807286341 0 0
-0.094337963 0.807465012 0 0
-0.095539044 0.807645303 0 0
-0.096740249 0.807827286 0 0
-0.097942042 0.80801103 0 0
-0.099144097 0.808196466 0 0
-0.100345369 0.808383432 0 0
-0.101544802 0.80857178 0 0
-0.102742648 0.808761575 0 0
-0.103939341 0.808952898 0 0
-0.105135308 0.809145824 0 0
-0.106330969 0.809340431 0 0
-0.107528155 0.809537111 0 0
-0.108728471 0.809736204 0 0
-0.109933307 0.809937996 0 0
-0.11114386 0.810142728 0 0
-0.112360509 0.810350526 0 0
-0.113583164 0.810561443 0 0
-0.114811539 0.810775486 0 0
-0.116045843 0.810992687 0 0
-0.117286151 0.811213041 0 0
-0.118532418 0.811436513 0 0
-0.1197844 0.811663029 0 0
-0.121040995 0.811892399 0 0
-0.12230089 0.812124397 0 0
-0.123562951 0.8123588 0 0
-0.124826366 0.812595405 0 0
-0.126090267 0.812833991 0 0
-0.127353742 0.813074324 0 0
-0.128615844 0.813316156 0 0
-0.129875606 0.813559225 0 0
-0.131132051 0.813803261 0 0
-0.132384205 0.814047993 0 0
-0.133630708 0.814293094 0 0
-0.13486972 0.814538173 0 0
-0.136099296 0.814782823 0 0
-0.137318082 0.815026704 0 0
-0.138524892 0.815269495 0 0
-0.139718587 0.815510884 0 0
-0.140898084 0.815750565 0 0
-0.142061672 0.815988145 0 0
-0.143207456 0.81622321 0 0
-0.144333617 0.816455356 0 0
-0.145439011 0.816684268 0 0
-0.146522571 0.816909646 0 0
-0.147583316 0.817131207 0 0
-0.148620213 0.817348665 0 0
-0.149631614 0.817561646 0 0
-0.15061584 0.817769775 0 0
-0.151571617 0.817972742 0 0
-0.15249812 0.818170303 0 0
-0.153394629 0.818362235 0 0
-0.154260533 0.818548342 0 0
-0.155095339 0.818728446 0 0
-0.155898673 0.818902394 0 0
-0.156670283 0.819070058 0 0
-0.157410049 0.81923134 0 0
-0.158117535 0.819386097 0 0
-0.15879198 0.81953414 0 0
-0.159432625 0.819675287 0 0
-0.160039443 0.819809477 0 0
-0.160612628 0.819936689 0 0
-0.1611525 0.820056934 0 0
-0.161659511 0.82017025 0 0
-0.162133507 0.82027658 0 0
-0.162574254 0.820375858 0 0
-0.162981701 0.820468057 0 0
-0.163356469 0.820553264 0 0
-0.1636993 0.820631596 0 0
-0.164011052 0.820703198 0 0
-0.1642927 0.820768241 0 0
-0.164545339 0.820826922 0 0
-0.16477018 0.820879461 0 0
-0.164968549 0.820926113 0 0
-0.165141686 0.820967118 0 0
-0.165290278 0.82100262 0 0
-0.165414992 0.821032765 0 0
-0.165516951 0.821057787 0 0
-0.165597664 0.82107799 0 0
-0.165658727 0.821093704 0 0
-0.16570182 0.821105279 0 0
-0.16572821 0.821112987 0 0
-0.165738819 0.82111704 0 0
-0.165734511 0.821117643 0 0
-0.165716852 0.821115131 0 0
-0.165687501 0.821109866 0 0
-0.165648159 0.821102218 0 0
-0.165600561 0.82109257 0 0
-0.16554569 0.821081153 0 0
-0.165484383 0.821068168 0 0
-0.165417589 0.821053844 0 0
-0.165346764 0.821038507 0 0
-0.165273349 0.821022482 0 0
-0.165198767 0.821006096 0 0
-0.165124412 0.820989667 0 0
-0.165051641 0.820973505 0 0
-0.164981773 0.820957914 0 0
-0.16491607 0.820943186 0 0
-0.164855488 0.82092955 0 0
-0.164800297 0.820917079 0 0
-0.164750555 0.820905806 0 0
-0.16470663 0.820895824 0 0
-0.164669029 0.820887256 0 0
-0.164638137 0.820880196 0 0
-0.164614202 0.820874712 0 0
-0.164596793 0.820870712 0 0
-0.164584948 0.820867983 0 0
-0.164577406 0.820866246 0 0
-0.16457341 0.820865325 0 0
-0.164572 0.820865 0 0
-0.164572 0.820865 0 0
-0.164572 0.820865 0 0
-0.164572 0.820865 0 0
-0.16457341 0.820865325 0 0
-0.164577406 0.820866246 0 0
-0.164584948 0.820867983 0 0
-0.164596793 0.820870712 0 0
-0.164614202 0.820874712 0 0
-0.164638137 0.820880196 0 0
-0.164669029 0.820887256 0 0
-0.16470663 0.820895824 0 0
-0.164750555 0.820905806 0 0
-0.164800297 0.820917079 0 0
-0.164855488 0.82092955 0 0
-0.16491607 0.820943186 0 0
-0.164981773 0.820957914 0 0
-0.165051641 0.820973505 0 0
-0.165124412 0.820989667 0 0
-0.165198767 0.821006096 0 0
-0.165273349 0.821022482 0 0
-0.165346764 0.821038507 0 0
-0.165417589 0.821053844 0 0
-0.165484383 0.821068168 0 0
-0.16554569 0.821081153 0 0
-0.165600561 0.82109257 0 0
-0.165648159 0.821102218 0 0
-0.165687501 0.821109866 0 0
-0.165716852 0.821115131 0 0
-0.165734511 0.821117643 0 0
-0.165738819 0.82111704 0 0
-0.16572821 0.821112987 0 0
-0.16570182 0.821105279 0 0
-0.165658727 0.821093704 0 0
-0.165597664 0.82107799 0 0
-0.165516951 0.821057787 0 0
-0.165414992 0.821032765 0 0
-0.165290278 0.82100262 0 0
-0.165141686 0.820967118 0 0
-0.164968549 0.820926113 0 0
-0.16477018 0.820879461 0 0
-0.164545339 0.820826922 0 0
-0.1642927 0.820768241 0 0
-0.164011052 0.820703198 0 0
-0.1636993 0.820631596 0 0
-0.163356469 0.820553264 0 0
-0.162981701 0.820468057 0 0
-0.162574254 0.820375858 0 0
-0.162133507 0.82027658 0 0
-0.161659511 0.82017025 0 0
-0.1611525 0.820056934 0 0
-0.160612628 0.819936689 0 0
-0.160039443 0.819809477 0 0
-0.159432625 0.819675287 0 0
-0.15879198 0.81953414 0 0
-0.158117535 0.819386097 0 0
-0.157410049 0.81923134 0 0
-0.156670283 0.819070058 0 0
-0.155898673 0.818902394 0 0
-0.155095339 0.818728446 0 0
-0.154260533 0.818548342 0 0
-0.153394629 0.818362235 0 0
-0.15249812 0.818170303 0 0
-0.151571617 0.817972742 0 0
-0.15061584 0.817769775 0 0
-0.149631614 0.817561646 0 0
-0.148620213 0.817348665 0 0
-0.147583316 0.817131207 0 0
-0.146522571 0.816909646 0 0
-0.145439011 0.816684268 0 0
-0.144333617 0.816455356 0 0
-0.143207456 0.81622321 0 0
-0.142061672 0.815988145 0 0
-0.140898084 0.815750565 0 0
-0.139718587 0.815510884 0 0
-0.138524892 0.815269495 0 0
-0.137318082 0.815026704 0 0
-0.136099296 0.814782823 0 0
-0.13486972 0.814538173 0 0
-0.133630708 0.814293094 0 0
-0.132384205 0.814047993 0 0
-0.131132051 0.813803261 0 0
-0.129875606 0.813559225 0 0
-0.128615844 0.813316156 0 0
-0.127353742 0.813074324 0 0
-0.126090267 0.812833991 0 0
-0.124826366 0.812595405 0 0
-0.123562951 0.8123588 0 0
-0.12230089 0.812124397 0 0
-0.121040995 0.811892399 0 0
-0.1197844 0.811663029 0 0
-0.118532418 0.811436513 0 0
-0.117286151 0.811213041 0 0
-0.116045843 0.810992687 0 0
-0.114811539 0.810775486 0 0
-0.113583164 0.810561443 0 0
-0.112360509 0.810350526 0 0
-0.11114386 0.810142728 0 0
-0.109933307 0.809937996 0 0
-0.108728471 0.809736204 0 0
-0.107528155 0.809537111 0 0
-0.106330969 0.809340431 0 0
-0.105135308 0.809145824 0 0
-0.103939341 0.808952898 0 0
-0.102742648 0.808761575 0 0
-0.101544802 0.80857178 0 0
-0.100345369 0.808383432 0 0
-0.099144097 0.808196466 0 0
-0.097942042 0.80801103 0 0
-0.096740249 0.807827286 0 0
-0.095539044 0.807645303 0 0
-0.094337963 0.807465012 0 0
-0.093136542 0.807286341 0 0
-0.091934314 0.80710922 0 0
-0.090731544 0.806933665 0 0
-0.089529272 0.806759827 0 0
-0.088328539 0.806587871 0 0
-0.087129133 0.806417791 0 0
-0.085930599 0.806249531 0 0
-0.084732487 0.806083034 0 0
-0.08353435 0.805918245 0 0
-0.08233574 0.805755093 0 0
-0.081136202 0.805593506 0 0
-0.079935274 0.805433409 0 0
-0.078732477 0.805274726 0 0
-0.077528613 0.80511753 0 0
-0.076324695 0.804961945 0 0
-0.075121457 0.804808088 0 0
-0.07391839 0.804655892 0 0
-0.072714982 0.804505287 0 0
-0.071510718 0.804356205 0 0
-0.070305362 0.804208595 0 0
-0.069099903 0.804062567 0 0
-0.067895328 0.803918246 0 0
-0.066691808 0.803775677 0 0
-0.065488821 0.803634803 0 0
-0.064285847 0.803495567 0 0
-0.063082368 0.803357911 0 0
-0.061878697 0.803221855 0 0
-0.060675839 0.803087513 0 0
-0.059474796 0.802955017 0 0
-0.058275239 0.802824356 0 0
-0.057076685 0.802695492 0 0
-0.055878659 0.802568384 0 0
-0.054680693 0.80244299 0 0
-0.053482322 0.802319259 0 0
-0.052283079 0.802197135 0 0
-0.05108249 0.802076561 0 0
-0.049880094 0.801957478 0 0
-0.048676764 0.801839945 0 0
-0.047473521 0.80172406 0 0
-0.046271019 0.801609907 0 0
-0.045068759 0.801497442 0 0
-0.043866246 0.801386618 0 0
-0.042662984 0.801277388 0 0
-0.041458853 0.801169723 0 0
-0.040254878 0.801063709 0 0
-0.03905208 0.800959447 0 0
-0.037850583 0.800856974 0 0
-0.036649904 0.800756259 0 0
-0.03544957 0.80065727 0 0
-0.034249113 0.800559975 0 0
-0.033048066 0.800464333 0 0
-0.031845959 0.800370294 0 0
-0.030642313 0.800277811 0 0
-0.029436636 0.800186831 0 0
-0.028229369 0.800097355 0 0
-0.027021521 0.800009449 0 0
-0.025814039 0.799923192 0 0
-0.024606526 0.799838563 0 0
-0.023398462 0.799755523 0 0
-0.022189328 0.799674031 0 0
-0.020978659 0.799594047 0 0
-0.019767335 0.799515604 0 0
-0.018556347 0.799438771 0 0
-0.017346228 0.799363607 0 0
-0.016136455 0.799290085 0 0
-0.014926512 0.799218177 0 0
-0.013715884 0.799147856 0 0
-0.012504533 0.799079105 0 0
-0.011293475 0.799011978 0 0
-0.010083734 0.798946547 0 0
-0.008875338 0.798882845 0 0
-0.007667812 0.798820857 0 0
-0.006460693 0.798760572 0 0
-0.005253525 0.798701978 0 0
-0.004045857 0.798645051 0 0
-0.002837239 0.798589764 0 0
-0.001627214 0.798536088 0 0
-0.00041532 0.798483993 0 0
0.000797879 0.798433476 0 0
0.002011333 0.798384573 0 0
0.003224094 0.79833734 0 0
0.004436557 0.798291771 0 0
0.005649191 0.798247849 0 0
0.006862464 0.798205558 0 0
0.008076738 0.798164876 0 0
0.009291026 0.798125822 0 0
0.01050427 0.798088438 0 0
0.011715955 0.79805277 0 0
0.012926529 0.798018816 0 0
0.01413643 0.797986573 0 0
0.015346089 0.797956037 0 0
0.016557376 0.797927262 0 0
0.017771924 0.797900284 0 0
0.018991147 0.797875128 0 0
0.020216257 0.797851811 0 0
0.021448062 0.797830355 0 0
0.02268654 0.797810822 0 0
0.023931383 0.797793279 0 0
0.02518251 0.797777744 0 0
0.026439987 0.797764199 0 0
0.027703757 0.797752621 0 0
0.028973648 0.797742976 0 0
0.030248876 0.797735258 0 0
0.031528164 0.797729485 0 0
0.032810029 0.797725676 0 0
0.034093592 0.797723785 0 0
0.035377949 0.797723757 0 0
0.036662148 0.797725533 0 0
0.037945199 0.797729047 0 0
0.039226089 0.797734224 0 0
0.040503793 0.79774098 0 0
0.041777282 0.79774923 0 0
0.043045541 0.797758885 0 0
0.044306752 0.797769895 0 0
0.045558979 0.797782218 0 0
0.04680045 0.797795798 0 0
0.048029925 0.797810539 0 0
0.049246209 0.797826346 0 0
0.050448161 0.797843119 0 0
0.051634429 0.797860771 0 0
0.052803118 0.797879242 0 0
0.053952276 0.797898477 0 0
0.055080459 0.797918395 0 0
0.056186545 0.797938899 0 0
0.057269497 0.797959892 0 0
0.058328373 0.797981281 0 0
0.05936176 0.798002991 0 0
0.060367985 0.798024963 0 0
0.061345357 0.798047146 0 0
0.062293002 0.798069454 0 0
0.063210151 0.7980918 0 0
0.064096147 0.798114103 0 0
0.064950446 0.798136286 0 0
0.065772629 0.798158265 0 0
0.066562399 0.798179963 0 0
0.067319589 0.798201303 0 0
0.06804414 0.798222217 0 0
0.068735303 0.798242656 0 0
0.06939234 0.798262582 0 0
0.070014828 0.79828195 0 0
0.070602927 0.798300706 0 0
0.071156929 0.798318797 0 0
0.071677257 0.798336179 0 0
0.072164146 0.798352815 0 0
0.07261739 0.798368682 0 0
0.073036786 0.798383766 0 0
0.073422738 0.798398043 0 0
0.073775969 0.79841149 0 0
0.074097324 0.798424088 0 0
0.074387768 0.798435828 0 0
0.074648384 0.798446697 0 0
0.074880374 0.798456691 0 0
0.075085056 0.798465808 0 0
0.075263867 0.798474055 0 0
0.075417728 0.798481444 0 0
0.075547359 0.798487995 0 0
0.075653517 0.79849373 0 0
0.075737716 0.798498672 0 0
0.075801558 0.798502844 0 0
0.075846728 0.79850628 0 0
0.075874915 0.798509016 0 0
0.075887104 0.798511085 0 0
0.07588422 0.798512526 0 0
0.075867481 0.798513382 0 0
0.075838562 0.798513695 0 0
0.075799181 0.798513514 0 0
0.07575109 0.798512892 0 0
0.075695698 0.79851188 0 0
0.075633907 0.79851052 0 0
0.075566503 0.798508858 0 0
0.0754948 0.798506944 0 0
0.075420259 0.79850483 0 0
0.075344319 0.798502569 0 0
0.07526839 0.79850022 0 0
0.075193848 0.798497834 0 0
0.075122023 0.798495463 0 0
0.075054191 0.798493159 0 0
0.074991571 0.798490975 0 0
0.07493463 0.798488941 0 0
0.074883484 0.798487076 0 0
0.07483814 0.798485397 0 0
0.074799109 0.79848393 0 0
0.074766776 0.798482694 0 0
0.074741389 0.798481709 0 0
0.074722919 0.798480982 0 0
0.074710442 0.798480482 0 0
0.074702728 0.798480171 0 0
0.07469864 0.798480005 0 0
0.074697198 0.798479947 0 0
0.074697198 0.798479947 0 0
0.07469864 0.798480005 0 0
0.074702728 0.798480171 0 0
0.074710442 0.798480482 0 0
0.074722919 0.798480982 0 0
0.074741389 0.798481709 0 0
0.074766776 0.798482694 0 0
0.074799109 0.79848393 0 0
0.07483814 0.798485397 0 0
0.074883484 0.798487076 0 0
0.07493463 0.798488941 0 0
0.074991571 0.798490975 0 0
0.075054191 0.798493159 0 0
0.075122023 0.798495463 0 0
0.075193848 0.798497834 0 0
0.07526839 0.79850022 0 0
0.075344319 0.798502569 0 0
0.075420259 0.79850483 0 0
0.0754948 0.798506944 0 0
0.075566503 0.798508858 0 0
0.075633907 0.79851052 0 0
0.075695698 0.79851188 0 0
0.07575109 0.798512892 0 0
0.075799181 0.798513514 0 0
0.075838562 0.798513695 0 0
0.075867481 0.798513382 0 0
0.07588422 0.798512526 0 0
0.075887104 0.798511085 0 0
0.075874915 0.798509016 0 0
0.075846728 0.79850628 0 0
0.075801558 0.798502844 0 0
0.075737716 0.798498672 0 0
0.075653517 0.79849373 0 0
0.075547359 0.798487995 0 0
0.075417728 0.798481444 0 0
0.075263867 0.798474055 0 0
0.075085056 0.798465808 0 0
0.074880374 0.798456691 0 0
0.074648384 0.798446697 0 0
0.074387768 0.798435828 0 0
0.074097324 0.798424088 0 0
0.073775969 0.79841149 0 0
0.073422738 0.798398043 0 0
0.073036786 0.798383766 0 0
0.07261739 0.798368682 0 0
0.072164146 0.798352815 0 0
0.071677257 0.798336179 0 0
0.071156929 0.798318797 0 0
0.070602927 0.798300706 0 0
0.070014828 0.79828195 0 0
0.06939234 0.798262582 0 0
0.068735303 0.798242656 0 0
0.06804414 0.798222217 0 0
0.067319589 0.798201303 0 0
0.066562399 0.798179963 0 0
0.065772629 0.798158265 0 0
0.064950446 0.798136286 0 0
0.064096147 0.798114103 0 0
0.063210151 0.7980918 0 0
0.062293002 0.798069454 0 0
0.061345357 0.798047146 0 0
0.060367985 0.798024963 0 0
0.05936176 0.798002991 0 0
0.058328373 0.797981281 0 0
0.057269497 0.797959892 0 0
0.056186545 0.797938899 0 0
0.055080459 0.797918395 0 0
0.053952276 0.797898477 0 0
0.052803118 0.797879242 0 0
0.051634429 0.797860771 0 0
0.050448161 0.797843119 0 0
0.049246209 0.797826346 0 0
0.048029925 0.797810539 0 0
0.04680045 0.797795798 0 0
0.045558979 0.797782218 0 0
0.044306752 0.797769895 0 0
0.043045541 0.797758885 0 0
0.041777282 0.79774923 0 0
0.040503793 0.79774098 0 0
0.039226089 0.797734224 0 0
0.037945199 0.797729047 0 0
0.036662148 0.797725533 0 0
0.035377949 0.797723757 0 0
0.034093592 0.797723785 0 0
0.032810029 0.797725676 0 0
0.031528164 0.797729485 0 0
0.030248876 0.797735258 0 0
0.028973648 0.797742976 0 0
0.027703757 0.797752621 0 0
0.026439987 0.797764199 0 0
0.02518251 0.797777744 0 0
0.023931383 0.797793279 0 0
0.02268654 0.797810822 0 0
0.021448062 0.797830355 0 0
0.020216257 0.797851811 0 0
0.018991147 0.797875128 0 0
0.017771924 0.797900284 0 0
0.016557376 0.797927262 0 0
0.015346089 0.797956037 0 0
0.01413643 0.797986573 0 0
0.012926529 0.798018816 0 0
0.011715955 0.79805277 0 0
0.01050427 0.798088438 0 0
0.009291026 0.798125822 0 0
0.008076738 0.798164876 0 0
0.006862464 0.798205558 0 0
0.005649191 0.798247849 0 0
0.004436557 0.798291771 0 0
0.003224094 0.79833734 0 0
0.002011333 0.798384573 0 0
0.000797879 0.798433476 0 0
-0.00041532 0.798483993 0 0
-0.001627214 0.798536088 0 0
-0.002837239 0.798589764 0 0
-0.004045857 0.798645051 0 0
-0.005253525 0.798701978 0 0
-0.006460693 0.798760572 0 0
-0.007667812 0.798820857 0 0
-0.008875338 0.798882845 0 0
-0.010083734 0.798946547 0 0
-0.011293475 0.799011978 0 0
-0.012504533 0.799079105 0 0
-0.013715884 0.799147856 0 0
-0.014926512 0.799218177 0 0
-0.016136455 0.799290085 0 0
-0.017346228 0.799363607 0 0
-0.018556347 0.799438771 0 0
-0.019767335 0.799515604 0 0
-0.020978659 0.799594047 0 0
-0.022189328 0.799674031 0 0
-0.023398462 0.799755523 0 0
-0.024606526 0.799838563 0 0
-0.025814039 0.799923192 0 0
-0.027021521 0.800009449 0 0
-0.028229369 0.800097355 0 0
-0.029436636 0.800186831 0 0
-0.030642313 0.800277811 0 0
-0.031845959 0.800370294 0 0
-0.033048066 0.800464333 0 0
-0.034249113 0.800559975 0 0
-0.03544957 0.80065727 0 0
-0.036649904 0.800756259 0 0
-0.037850583 0.800856974 0 0
-0.03905208 0.800959447 0 0
-0.040254878 0.801063709 0 0
-0.041458853 0.801169723 0 0
-0.042662984 0.801277388 0 0
-0.043866246 0.801386618 0 0
-0.045068759 0.801497442 0 0
-0.046271019 0.801609907 0 0
-0.047473521 0.80172406 0 0
-0.048676764 0.801839945 0 0
-0.049880094 0.801957478 0 0
-0.05108249 0.802076561 0 0
-0.052283079 0.802197135 0 0
-0.053482322 0.802319259 0 0
-0.054680693 0.80244299 0 0
-0.055878659 0.802568384 0 0
-0.057076685 0.802695492 0 0
-0.058275239 0.802824356 0 0
-0.059474796 0.802955017 0 0
-0.060675839 0.803087513 0 0
-0.061878697 0.803221855 0 0
-0.063082368 0.803357911 0 0
-0.064285847 0.803495567 0 0
-0.065488821 0.803634803 0 0
-0.066691808 0.803775677 0 0
-0.067895328 0.803918246 0 0
-0.069099903 0.804062567 0 0
-0.070305362 0.804208595 0 0
-0.071510718 0.804356205 0 0
-0.072714982 0.804505287 0 0
-0.07391839 0.804655892 0 0
-0.075121457 0.804808088 0 0
-0.076324695 0.804961945 0 0
-0.077528613 0.80511753 0 0
-0.078732477 0.805274726 0 0
-0.079935274 0.805433409 0 0
-0.081136202 0.805593506 0 0
-0.08233574 0.805755093 0 0
-0.08353435 0.805918245 0 0
-0.084732487 0.806083034 0 0
-0.085930599 0.806249531 0 0
-0.087129133 0.806417791 0 0
-0.088328539 0.806587871 0 0
-0.089529272 0.806759827 0 0
-0.090731544 0.806933665 0 0
-0.091934314 0.80710922 0 0
-0.093136542 0.807286341 0 0
-0.094337963 0.807465012 0 0
-0.095539044 0.807645303 0 0
-0.096740249 0.807827286 0 0
-0.097942042 0.80801103 0 0
-0.099144097 0.808196466 0 0
-0.100345369 0.808383432 0 0
-0.101544802 0.80857178 0 0
-0.102742648 0.808761575 0 0
-0.103939341 0.808952898 0 0
-0.105135308 0.809145824 0 0
-0.106330969 0.809340431 0 0
-0.107528155 0.809537111 0 0
-0.108728471 0.809736204 0 0
-0.109933307 0.809937996 0 0
-0.11114386 0.810142728 0 0
-0.112360509 0.810350526 0 0
-0.113583164 0.810561443 0 0
-0.114811539 0.810775486 0 0
-0.116045843 0.810992687 0 0
-0.117286151 0.811213041 0 0
-0.118532418 0.811436513 0 0
-0.1197844 0.811663029 0 0
-0.121040995 0.811892399 0 0
-0.12230089 0.812124397 0 0
-0.123562951 0.8123588 0 0
-0.124826366 0.812595405 0 0
-0.126090267 0.812833991 0 0
-0.127353742 0.813074324 0 0
-0.128615844 0.813316156 0 0
-0.129875606 0.813559225 0 0
-0.131132051 0.813803261 0 0
-0.132384205 0.814047993 0 0
-0.133630708 0.814293094 0 0
-0.13486972 0.814538173 0 0
-0.136099296 0.814782823 0 0
-0.137318082 0.815026704 0 0
-0.138524892 0.815269495 0 0
-0.139718587 0.815510884 0 0
-0.140898084 0.815750565 0 0
-0.142061672 0.815988145 0 0
-0.143207456 0.81622321 0 0
-0.144333617 0.816455356 0 0
-0.145439011 0.816684268 0 0
-0.146522571 0.816909646 0 0
-0.147583316 0.817131207 0 0
-0.148620213 0.817348665 0 0
-0.149631614 0.817561646 0 0
-0.15061584 0.817769775 0 0
-0.151571617 0.817972742 0 0
-0.15249812 0.818170303 0 0
-0.153394629 0.818362235 0 0
-0.154260533 0.818548342 0 0
-0.155095339 0.818728446 0 0
-0.155898673 0.818902394 0 0
-0.156670283 0.819070058 0 0
-0.157410049 0.81923134 0 0
-0.158117535 0.819386097 0 0
-0.15879198 0.81953414 0 0
-0.159432625 0.819675287 0 0
-0.160039443 0.819809477 0 0
-0.160612628 0.819936689 0 0
-0.1611525 0.820056934 0 0
-0.161659511 0.82017025 0 0
-0.162133507 0.82027658 0 0
-0.162574254 0.820375858 0 0
-0.162981701 0.820468057 0 0
-0.163356469 0.820553264 0 0
-0.1636993 0.820631596 0 0
-0.164011052 0.820703198 0 0
-0.1642927 0.820768241 0 0
-0.164545339 0.820826922 0 0
-0.16477018 0.820879461 0 0
-0.164968549 0.820926113 0 0
-0.165141686 0.820967118 0 0
-0.165290278 0.82100262 0 0
-0.165414992 0.821032765 0 0
-0.165516951 0.821057787 0 0
-0.165597664 0.82107799 0 0
-0.165658727 0.821093704 0 0
-0.16570182 0.821105279 0 0
-0.16572821 0.821112987 0 0
-0.165738819 0.82111704 0 0
-0.165734511 0.821117643 0 0
-0.165716852 0.821115131 0 0
-0.165687501 0.821109866 0 0
-0.165648159 0.821102218 0 0
-0.165600561 0.82109257 0 0
-0.16554569 0.821081153 0 0
-0.165484383 0.821068168 0 0
-0.165417589 0.821053844 0 0
-0.165346764 0.821038507 0 0
-0.165273349 0.821022482 0 0
-0.165198767 0.821006096 0 0
-0.165124412 0.820989667 0 0
-0.165051641 0.820973505 0 0
-0.164981773 0.820957914 0 0
-0.16491607 0.820943186 0 0
-0.164855488 0.82092955 0 0
-0.164800297 0.820917079 0 0
-0.164750555 0.820905806 0 0
-0.16470663 0.820895824 0 0
-0.164669029 0.820887256 0 0
-0.164638137 0.820880196 0 0
-0.164614202 0.820874712 0 0
-0.164596793 0.820870712 0 0
-0.164584948 0.820867983 0 0
-0.164577406 0.820866246 0 0
-0.16457341 0.820865325 0 0
-0.164572 0.820865 0 0
-0.164572 0.820865 0 0
-0.164572 0.820865 0 0
-0.164572 0.820865 0 0
-0.164572 0.820865 0 0
-0.164572 0.820865 0 0
-0.164572 0.820865 0 0
-0.164572 0.820865 0 0
-0.164572 0.820865 0 0
-0.164572 0.820865 0 0
-0.164572 0.820865 0 0
-0.164572 0.820865 0 0
-0.164572 0.820865 0 0
-0.164572 0.820865 0 0
-0.164572 0.820865 0 0
-0.164572 0.820865 0 0
-0.164572 0.820865 0 0
-0.164572 0.820865 0 0
-0.164572 0.820865 0 0
-0.164572 0.820865 0 0
-0.164572 0.820865 0 0
-0.164572 0.820865 0 0
-0.164572 0.820865 0 0
-0.164572 0.820865 0 0
-0.164572 0.820865 0 0
-0.164572 0.820865 0 0
-0.164572 0.820865 0 0
-0.164572 0.820865 0 0
-0.164572 0.820865 0 0
-0.164572 0.820865 0 0
-0.164572 0.820865 0 0
-0.164572 0.820865 0 0
-0.164572 0.820865 0 0
-0.164572 0.820865 0 0
-0.164572 0.820865 0 0
-0.164572 0.820865 0 0
-0.164572 0.820865 0 0
-0.164572 0.820865 0 0
-0.164572 0.820865 0 0
-0.164572 0.820865 0 0
-0.164572 0.820865 0 0
-0.164572 0.820865 0 0
-0.164572 0.820865 0 0
-0.164572 0.820865 0 0
-0.164572 0.820865 0 0
-0.164572 0.820865 0 0
-0.164572 0.820865 0 0
-0.164572 0.820865 0 0
-0.164572 0.820865 0 0
-0.164572 0.820865 0 0
-0.164572 0.820865 0 0
-0.164572 0.820865 0 0
-0.164572 0.820865 0 0
-0.164572 0.820865 0 0
-0.164572 0.820865 0 0
-0.164572 0.820865 0 0
-0.164572 0.820865 0 0
-0.164572 0.820865 0 0
-0.164572 0.820865 0 0
-0.164572 0.820865 0 0
