-0.06384165 0.97299128 0.00000000 0.00000000
-0.06384165 0.97299128 0.00000000 0.00000000
-0.06384165 0.97299128 0.00000000 0.00000000
-0.06384165 0.97299128 0.00000000 0.00000000
-0.06384165 0.97299128 0.00000000 0.00000000
-0.06384165 0.97299128 0.00000000 0.00000000
-0.06384165 0.97299128 0.00000000 0.00000000
-0.06384165 0.97299128 0.00000000 0.00000000
-0.06384165 0.97299128 0.00000000 0.00000000
-0.06384165 0.97299128 0.00000000 0.00000000
-0.06384165 0.97299128 0.00000000 0.00000000
-0.06384165 0.97299128 0.00000000 0.00000000
-0.06384165 0.97299128 0.00000000 0.00000000
-0.06384165 0.97299128 0.00000000 0.00000000
-0.06384165 0.97299128 0.00000000 0.00000000
-0.06384165 0.97299128 0.00000000 0.00000000
-0.06384165 0.97299128 0.00000000 0.00000000
-0.06384165 0.97299128 0.00000000 0.00000000
-0.06384165 0.97299128 0.00000000 0.00000000
-0.06384165 0.97299128 0.00000000 0.00000000