0 0 0 0 0 
0.0500161 0.137864 0.0622298 0.0781666 -0.209272 
0.100032 0.238688 0.10286 0.0781787 -0.459191 
0.150048 0.138013 0.0638582 0.0488051 -0.294239 
0.200065 0.0186034 0.00442307 0.0259437 0.00538014 
0.250081 0.0450595 0.0154906 0.0242046 -0.0836096 
0.300097 0.100711 0.0264015 0.0383772 -0.165192 
0.350113 0.142055 0.0334788 0.0660419 -0.369513 
0.400129 0.0757884 0.0397844 0.0281638 -0.112657 
0.450145 -0.0452517 -0.0182888 -0.0198472 0.18756 
0.500161 0.117456 0.0554147 0.0504109 -0.271212 
0.550177 0.270767 0.104491 0.1104 -0.620908 
0.600194 0.18239 0.0596665 0.0620756 -0.413487 
0.65021 0.131416 0.0436946 0.0714158 -0.21759 
0.700226 -0.0990433 -0.0643242 -0.0266845 0.393772 
0.750242 -0.180832 -0.0907797 -0.059952 0.547906 
0.800258 0.0137224 0.00683498 0.0272529 0.100592 
0.850274 0.0986666 0.0155189 0.0457814 -0.111473 
0.90029 0.135318 0.0275781 0.0535047 -0.298961 
0.950306 0.0616442 0.0153873 0.035162 -0.163821 
1.00032 -0.065292 -0.0437187 -0.0241897 0.231591 
1.05034 0.0647462 0.0132729 0.031266 -0.109089 
1.10035 0.105214 0.0134519 0.0538718 -0.285608 
1.15037 0.0907259 0.00165446 0.0318214 -0.20724 
1.20039 0.0847838 0.00625018 0.0448631 -0.248682 
1.2504 0.0685418 0.0121151 0.0353877 -0.0577012 
1.30042 0.12287 0.0515358 0.0550212 -0.197369 
1.35044 0.126818 0.0403172 0.0390654 -0.252469 
1.40045 0.196634 0.0416497 0.0836944 -0.479803 
1.45047 0.0857807 -0.00508087 0.0334967 -0.246774 
1.50048 -0.0437468 -0.041052 0.0107029 0.33441 
1.5505 -0.126917 -0.0858744 -0.021737 0.426312 
1.60052 0.00244874 -0.0161603 0.0277425 0.131952 
1.65053 0.0884744 0.00788046 0.0445972 -0.121145 
1.70055 0.132379 0.0204331 0.0624547 -0.189648 
1.75056 0.0743729 0.00691441 0.0432198 -0.121146 
1.80058 0.0632047 0.0112166 0.0461302 -0.0820769 
1.8506 0.0861369 0.010858 0.0501957 -0.152597 
1.90061 0.0843564 -0.00387294 0.0373922 -0.185165 
1.95063 0.100041 0.0130344 0.0495773 -0.150251 
2.00065 -0.0175057 -0.0202845 0.0148554 0.123563 
2.05066 0.00508628 -0.00443584 0.0219199 0.144521 
2.10068 0.056081 0.00527848 0.025447 -0.104579 
2.15069 0.170714 0.0557826 0.0773355 -0.42673 
2.20071 0.255006 0.0833978 0.103253 -0.532001 
2.25073 0.240846 0.0816188 0.100497 -0.481445 
2.30074 -0.0661314 -0.0651039 0.00639449 0.387901 
2.35076 -0.131357 -0.0875244 -0.00999107 0.502432 
2.40077 0.0672578 0.0196142 0.0487973 -0.0539964 
2.45079 0.101408 0.00603262 0.0435397 -0.00740969 
2.50081 0.041751 -0.0118755 0.0341282 0.0191989 
2.55082 -0.0110655 -0.0350317 0.0227595 0.155513 
2.60084 -0.0171113 -0.0324658 0.0219571 0.217947 
2.65085 0.0649645 0.00232186 0.0522738 0.0173159 
2.70087 0.101753 -0.0036588 0.0506954 -0.0945674 
2.75089 0.0763867 -0.00819936 0.0320795 0.00493404 
2.8009 0.150307 0.0259618 0.0799559 -0.16016 
2.85092 0.0716366 -0.00452339 0.0407732 -0.297056 
2.90094 0.158765 0.0242108 0.0620259 -0.38218 
2.95095 0.272602 0.0718993 0.104167 -0.671181 
3.00097 0.267668 0.0746769 0.100241 -0.583737 
3.05098 0.0738325 -0.00352073 0.057806 0.0205543 
3.101 -0.00777651 -0.0332256 0.036996 0.284631 
3.15102 -0.086032 -0.0770062 -0.0135459 0.456799 
3.20103 0.0341066 -0.0267918 0.0332227 0.148248 
3.25105 0.133036 0.00924285 0.0650904 -0.129708 
3.30106 0.0939149 0.00472126 0.0565724 -0.123171 
3.35108 0.0103947 -0.0258835 0.0368027 0.078084 
3.4011 0.142657 0.0197975 0.0750721 -0.323323 
3.45111 0.177375 0.0304916 0.0853771 -0.297573 
3.50113 0.205653 0.0488675 0.0912916 -0.370647 
3.55115 0.0564887 -0.0188968 0.0490383 -0.22368 
3.60116 0.176735 0.0231333 0.0791093 -0.424515 
3.65118 0.415771 0.133055 0.16251 -0.897632 
3.70119 0.311199 0.0881462 0.119218 -0.719953 
3.75121 0.0717973 -0.0163529 0.0455589 -0.0779825 
3.80123 0.0364 -0.00268006 0.0456339 0.213901 
3.85124 0.0207121 -0.0240479 0.0382793 0.0405547 
3.90126 0.177527 0.0240953 0.0891618 -0.270652 
3.95127 0.182478 0.0261116 0.0779652 -0.359508 
4.00129 0.12967 0.0288225 0.0730528 -0.227898 
4.05131 0.12601 0.02375 0.0862801 -0.211784 
4.10132 0.189403 0.0370539 0.0848703 -0.297755 
4.15134 0.258893 0.0607505 0.116542 -0.626328 
4.20135 0.166035 0.0123626 0.0807092 -0.183357 
4.25137 0.0786105 -0.00778824 0.0441825 -0.233508 
4.30139 0.245004 0.0753436 0.108342 -0.600941 
4.3514 0.261408 0.0575467 0.120723 -0.493323 
4.40142 0.149136 0.00423904 0.0595006 -0.227572 
4.45144 -0.0267817 -0.0731942 0.0366703 0.315286 
4.50145 -0.245662 -0.159148 -0.0383389 0.961904 
4.55147 -0.109784 -0.0892768 0.00203742 0.589558 
4.60148 -0.00827745 -0.0764478 0.0352847 0.314642 
4.6515 0.0702301 -0.0311192 0.0569954 0.0695363 
4.70152 0.191452 0.0298308 0.102981 -0.374992 
4.75153 0.206897 0.0313338 0.106769 -0.433467 
4.80155 0.195011 0.0308064 0.100882 -0.412955 
4.85156 0.114552 -0.00548527 0.0558873 -0.333161 
4.90158 0.104392 -0.0107809 0.0531217 -0.313571 
4.9516 0.202288 0.0413006 0.0895392 -0.643974 
5.00161 0.306658 0.0878914 0.117345 -0.793706 
5.05163 0.331055 0.0926068 0.140932 -0.738835 
5.10164 0.432029 0.154415 0.208087 -0.908671 
5.15166 0.984498 0.338057 0.383994 -2.49626 
5.20168 1.89162 0.573506 0.559736 -4.78993 
5.25169 2.6202 0.733571 0.715848 -6.63747 
5.30171 2.54972 0.618175 0.655984 -6.02294 
5.35173 3.25737 0.814278 0.841686 -8.31249 
5.40174 3.34206 0.854025 0.83332 -7.96669 
5.45176 3.9179 1.04353 1.03284 -9.60804 
5.50177 4.1761 1.10225 1.09365 -10.1179 
5.55179 4.06987 1.04079 0.988301 -9.64419 
5.60181 4.67026 1.30079 1.16214 -11.3249 
5.65182 4.27956 1.19607 0.913966 -10.2836 
5.70184 5.14144 1.57326 1.20999 -12.5205 
5.75185 5.18156 1.55232 1.19594 -12.7329 
5.80187 5.51554 1.6594 1.25746 -13.7964 
5.85189 6.30695 1.97875 1.53469 -15.6785 
5.9019 5.88726 1.72157 1.27375 -14.6812 
5.95192 5.78018 1.65364 1.14956 -14.2928 
6.00194 5.41775 1.50661 0.927475 -13.3034 
6.05195 5.65499 1.61329 0.958445 -14.2142 
6.10197 5.54678 1.50997 0.896635 -13.9732 
6.15198 5.26173 1.34404 0.764579 -13.4231 
6.202 5.56854 1.43626 0.858705 -14.3988 
6.25202 5.168 1.23811 0.636922 -13.5442 
6.30203 4.7609 1.02559 0.443007 -12.5677 
6.35205 4.63273 0.945846 0.355641 -12.3311 
6.40206 4.29056 0.773833 0.228119 -11.572 
6.45208 4.23948 0.702762 0.21954 -11.6142 
6.5021 3.96171 0.52931 0.0853186 -11.0894 
6.55211 3.37885 0.264606 -0.186497 -9.65832 
6.60213 3.42312 0.381131 -0.328297 -10.4273 
6.65214 3.14932 0.26908 -0.4374 -9.53794 
6.70216 3.08628 0.214495 -0.509467 -9.80422 
6.75218 2.45875 -0.0502181 -0.817793 -8.27861 
6.80219 2.36268 -0.0868453 -0.916357 -8.42694 
6.85221 1.75925 -0.35374 -1.17258 -6.84433 
6.90223 1.7477 -0.376271 -1.19966 -7.16103 
6.95224 1.17987 -0.596971 -1.4601 -5.78655 
7.00226 1.29265 -0.504673 -1.48746 -6.21073 
7.05227 0.883102 -0.719186 -1.671 -5.4515 
7.10229 0.610714 -0.852056 -1.74453 -4.65605 
7.15231 0.317067 -0.990257 -1.88874 -4.35581 
7.20232 0.260867 -1.0005 -1.94956 -4.30352 
7.25234 -0.258938 -1.24825 -2.19013 -3.20943 
7.30235 -0.244517 -1.24445 -2.19121 -3.28086 
7.35237 -1.17795 -1.64565 -2.54993 -0.816002 
7.40239 -0.528771 -1.39586 -2.29 -2.86974 
7.4524 -1.44359 -1.86224 -2.62951 -0.695504 
7.50242 -1.47742 -1.90852 -2.62129 -0.727234 
7.55244 -1.73843 -2.02971 -2.72501 -0.263111 
7.60245 -2.11856 -2.21313 -2.8825 0.577883 
7.65247 -2.29674 -2.2826 -2.9857 0.723436 
7.70248 -2.63734 -2.43238 -3.17423 1.42074 
7.7525 -2.64495 -2.39896 -3.20467 1.4806 
7.80252 -3.09336 -2.62791 -3.39059 2.28398 
7.85253 -3.39208 -2.71294 -3.54592 2.95507 
7.90255 -3.77369 -2.88687 -3.71759 3.87122 
7.95256 -3.97809 -3.01705 -3.79809 4.04906 
8.00258 -4.0923 -3.07656 -3.81861 4.45708 
8.0526 -4.21695 -3.15125 -3.88345 4.58966 
8.10261 -4.4688 -3.21608 -3.99118 5.19377 
8.15263 -4.6745 -3.31086 -4.13138 5.44982 
8.20265 -5.19042 -3.48208 -4.38737 6.753 
8.25266 -5.13816 -3.49884 -4.3693 6.31334 
8.30268 -5.81307 -3.82102 -4.61522 8.00814 
8.35269 -5.6824 -3.7627 -4.53996 7.5277 
8.40271 -6.45321 -4.11934 -4.8433 9.29327 
8.45273 -6.24342 -4.01548 -4.78764 8.50016 
8.50274 -6.85333 -4.23557 -5.09592 10.2832 
8.55276 -6.57549 -4.14662 -5.02427 8.81428 
8.60277 -6.87808 -4.2762 -5.12522 9.89562 
8.65279 -6.89876 -4.29244 -5.18087 9.37763 
8.70281 -7.55887 -4.52862 -5.43845 11.534 
8.75282 -7.79842 -4.64875 -5.62953 11.4699 
8.80284 -7.74621 -4.61543 -5.58274 11.5362 
8.85285 -7.865 -4.64985 -5.68192 11.6853 
8.90287 -8.16453 -4.77223 -5.79854 12.3165 
8.95289 -8.46646 -4.94104 -5.94057 12.7654 
9.0029 -8.55749 -5.00734 -5.93141 13.0035 
9.05292 -8.61687 -5.0615 -5.94789 12.7832 
9.10293 -9.13821 -5.29034 -6.18838 14.3075 
9.15295 -9.1349 -5.32205 -6.18083 13.9006 
9.20297 -9.66564 -5.60056 -6.333 15.3999 
9.25298 -9.58072 -5.61349 -6.28504 14.9273 
9.303 -9.93663 -5.80448 -6.39885 15.8938 
9.35302 -10.1926 -5.94552 -6.50701 16.1181 
9.40303 -10.0995 -5.88962 -6.47639 15.8471 
9.45305 -10.3303 -5.95084 -6.61499 16.3295 
9.50306 -10.3773 -5.97123 -6.63025 16.5461 
9.55308 -10.878 -6.20829 -6.83256 17.702 
9.6031 -11.3531 -6.41065 -7.05641 18.8645 
9.65311 -11.3685 -6.38205 -7.067 19.0921 
9.70313 -11.5062 -6.45309 -7.11394 19.1908 
9.75315 -11.5611 -6.44107 -7.1639 19.2831 
9.80316 -11.8858 -6.58861 -7.33811 19.7224 
9.85318 -11.9367 -6.61082 -7.32251 20.0577 
9.90319 -12.1051 -6.76885 -7.37912 20.1872 
9.95321 -12.2214 -6.82809 -7.39401 20.6815 
10.0032 -12.4725 -6.99646 -7.48445 21.0021 
10.0532 -12.8765 -7.18758 -7.60878 22.2515 
10.1033 -12.968 -7.14105 -7.81256 21.4352 
10.1533 -13.1628 -7.2098 -7.871 22.2625 
10.2033 -13.0848 -7.16628 -7.89898 21.893 
10.2533 -13.5044 -7.34684 -8.10133 22.7459 
10.3033 -13.5239 -7.33914 -8.14755 22.5943 
10.3533 -13.9664 -7.54547 -8.34297 23.6609 
10.4034 -14.1123 -7.61632 -8.40808 24.0227 
10.4534 -14.0778 -7.60372 -8.42835 23.4554 
10.5034 -14.5803 -7.84061 -8.63104 24.6848 
10.5534 -14.3631 -7.73179 -8.572 23.8302 
10.6034 -14.8407 -7.96414 -8.77004 25.1906 
10.6534 -14.8777 -7.99532 -8.78606 25.1613 
10.7035 -14.9197 -8.05736 -8.77336 25.1976 
10.7535 -15.3267 -8.26657 -8.91689 26.1888 
10.8035 -15.6742 -8.47317 -9.04922 26.7239 
10.8535 -15.6355 -8.50007 -8.99535 26.5685 
10.9035 -15.5939 -8.53027 -8.96386 26.344 
10.9535 -16.1736 -8.78666 -9.17484 28.0096 
11.0035 -15.9629 -8.69595 -9.18436 26.8028 
11.0536 -16.4467 -8.87127 -9.39384 28.2489 
11.1036 -16.4574 -8.87833 -9.44056 28.0245 
11.1536 -16.9352 -9.09027 -9.63914 29.4161 
11.2036 -17.1129 -9.18734 -9.74964 29.41 
11.2536 -17.0438 -9.11269 -9.75335 29.2844 
11.3036 -17.255 -9.21367 -9.84081 29.7281 
11.3537 -17.3191 -9.26746 -9.86204 29.8101 
11.4037 -17.516 -9.39894 -9.93259 30.2439 
11.4537 -17.6654 -9.49768 -9.98334 30.6282 
11.5037 -17.9603 -9.67642 -10.0693 31.3435 
11.5537 -17.9593 -9.72837 -10.0144 31.3676 
11.6037 -18.4363 -10.0228 -10.2098 32.2869 
11.6538 -18.3571 -9.8874 -10.2822 31.7697 
11.7038 -18.6603 -10.0323 -10.4286 32.3801 
11.7538 -18.8106 -10.0898 -10.5313 32.6687 
11.8038 -18.983 -10.1505 -10.6279 33.0073 
11.8538 -19.0256 -10.1704 -10.6651 33.0581 
11.9038 -19.3545 -10.3346 -10.7882 33.9601 
11.9539 -19.6232 -10.4471 -10.9268 34.5082 
12.0039 -19.5271 -10.3546 -10.9479 34.125 
12.0539 -19.7809 -10.513 -11.098 34.5553 
12.1039 -19.7187 -10.5304 -11.0693 34.4721 
12.1539 -20.2937 -10.8426 -11.2901 35.9394 
12.2039 -20.3633 -10.9213 -11.2801 35.9482 
12.254 -20.7073 -11.1404 -11.423 36.6546 
12.304 -20.4269 -11.0147 -11.2773 36.1611 
12.354 -20.5207 -11.0548 -11.3791 35.9291 
12.404 -21.0883 -11.351 -11.6137 37.1195 
12.454 -20.9761 -11.2752 -11.6047 36.7824 
12.504 -21.3515 -11.4518 -11.8388 37.3066 
12.554 -21.2628 -11.3947 -11.8506 37.2104 
12.6041 -21.798 -11.6452 -12.1133 38.3754 
12.6541 -21.6975 -11.5938 -12.1322 37.8858 
12.7041 -22.1883 -11.8266 -12.3788 38.8539 
12.7541 -22.037 -11.7655 -12.3467 38.5045 
12.8041 -22.3045 -11.889 -12.4539 39.3275 
12.8541 -22.2449 -11.9193 -12.4183 39.1398 
12.9042 -22.6015 -12.1751 -12.5341 39.9964 
12.9542 -22.796 -12.3501 -12.598 40.1682 
13.0042 -22.9666 -12.4124 -12.7099 40.3804 
13.0542 -23.0396 -12.4798 -12.7384 40.5216 
13.1042 -23.3601 -12.6676 -12.8589 41.3483 
13.1542 -23.4731 -12.6818 -12.9871 41.5513 
13.2043 -23.586 -12.739 -13.0888 41.5482 
13.2543 -23.8965 -12.8622 -13.2938 42.1808 
13.3043 -24.1051 -12.9469 -13.4323 42.4201 
13.3543 -24.2965 -13.0205 -13.5712 42.786 
13.4043 -24.3541 -13.0253 -13.6075 43.0857 
13.4543 -24.4113 -13.0734 -13.6593 43.2126 
13.5044 -24.6329 -13.2483 -13.7622 43.6226 
13.5544 -24.6326 -13.3204 -13.707 43.7314 
13.6044 -25.0476 -13.6367 -13.8238 44.6796 
13.6544 -25.2958 -13.7608 -13.9045 45.3741 
13.7044 -25.2966 -13.7847 -13.9131 45.081 
13.7544 -25.6203 -13.9645 -14.079 45.5038 
13.8045 -25.7459 -14.017 -14.1617 45.5852 
13.8545 -25.8408 -14.0375 -14.2655 45.7341 
13.9045 -26.254 -14.2355 -14.5234 46.4399 
13.9545 -26.6653 -14.3992 -14.7625 47.3519 
14.0045 -26.6496 -14.3343 -14.7938 47.2223 
14.0545 -26.6002 -14.2589 -14.8022 47.2135 
14.1045 -26.9256 -14.4206 -15.0259 47.6062 
14.1546 -26.8797 -14.457 -15.0177 47.5402 
14.2046 -27.4448 -14.7685 -15.2476 49.1197 
14.2546 -26.931 -14.6546 -14.9141 48.0041 
14.3046 -27.7413 -15.0814 -15.2374 50.1011 
14.3546 -27.5131 -15.0196 -15.0853 49.4442 
14.4046 -27.905 -15.2298 -15.2637 50.0679 
14.4547 -28.1731 -15.3441 -15.4447 50.2394 
14.5047 -28.4136 -15.4396 -15.6114 50.6457 
14.5547 -28.326 -15.3781 -15.6061 50.5677 
14.6047 -28.954 -15.6867 -15.9023 51.9656 
14.6547 -28.8389 -15.6255 -15.8589 51.6744 
14.7047 -28.8533 -15.6553 -15.8348 51.7004 
14.7548 -29.2365 -15.8962 -16.0158 52.2332 
14.8048 -29.0122 -15.8422 -15.8928 51.857 
14.8548 -29.8408 -16.3149 -16.3232 53.2912 
14.9048 -29.8741 -16.3428 -16.3258 53.4401 
14.9548 -30.0896 -16.4648 -16.4016 53.8667 
15.0048 -30.1589 -16.5304 -16.4214 53.8827 
15.0549 -30.9564 -16.9066 -16.7399 55.5462 
15.1049 -30.7693 -16.7272 -16.6535 55.1769 
15.1549 -30.8906 -16.6993 -16.6611 55.5651 
15.2049 -30.5815 -16.4968 -16.4454 55.0261 
15.2549 -30.7648 -16.6029 -16.5468 55.4316 
15.3049 -30.8452 -16.6232 -16.5751 55.5109 
15.355 -30.7815 -16.5693 -16.5293 55.4366 
15.405 -30.9961 -16.6787 -16.614 55.819 
15.455 -30.8449 -16.6265 -16.4557 55.4932 
15.505 -30.982 -16.7026 -16.5276 55.7012 
15.555 -30.9977 -16.6877 -16.5299 55.915 
15.605 -30.8852 -16.5893 -16.4687 55.7056 
15.655 -31.1031 -16.6949 -16.5928 56.0996 
15.7051 -30.848 -16.523 -16.446 55.791 
15.7551 -30.9777 -16.6275 -16.5145 55.8982 
15.8051 -31.0716 -16.7049 -16.5527 55.9643 
15.8551 -30.9599 -16.6266 -16.4584 55.783 
15.9051 -31.181 -16.7261 -16.5664 55.999 
15.9551 -31.1814 -16.7234 -16.5761 55.9413 
16.0052 -31.255 -16.7757 -16.6835 55.8248 
16.0552 -31.1499 -16.7426 -16.6679 55.7578 
16.1052 -31.0677 -16.6821 -16.5968 55.7271 
16.1552 -31.1164 -16.7084 -16.5702 56.147 
16.2052 -30.9377 -16.593 -16.4234 56.1327 
16.2552 -31.0535 -16.6637 -16.4576 56.2813 
16.3053 -30.9971 -16.639 -16.4457 56.2456 
16.3553 -30.9064 -16.611 -16.4272 55.9274 
16.4053 -30.9068 -16.6173 -16.4325 56.0544 
16.4553 -30.9396 -16.5853 -16.3997 56.3036 
16.5053 -31.043 -16.6224 -16.4578 56.3967 
16.5553 -31.0315 -16.6554 -16.4657 56.2135 
16.6054 -30.9493 -16.6359 -16.4432 55.9769 
16.6554 -30.989 -16.6511 -16.4817 56.1397 
16.7054 -30.9516 -16.5973 -16.4498 56.1823 
16.7554 -30.8542 -16.5293 -16.3609 56.1859 
16.8054 -30.8673 -16.517 -16.3671 56.3878 
16.8554 -30.9128 -16.5383 -16.3672 56.3574 
16.9055 -30.9906 -16.5893 -16.4019 56.4588 
16.9555 -31.1046 -16.6592 -16.4823 56.4321 
17.0055 -31.1169 -16.6414 -16.5402 56.303 
17.0555 -31.2633 -16.7041 -16.6448 56.3683 
17.1055 -31.2219 -16.6605 -16.6412 56.3177 
17.1555 -31.3614 -16.7514 -16.6976 56.4476 
17.2055 -31.2818 -16.7349 -16.6625 56.1436 
17.2556 -31.3125 -16.7493 -16.6704 56.201 
17.3056 -31.2484 -16.6817 -16.591 56.3422 
17.3556 -31.2387 -16.6407 -16.5485 56.4888 
17.4056 -31.2742 -16.6462 -16.5763 56.456 
17.4556 -31.2933 -16.68 -16.5917 56.5132 
17.5056 -31.2467 -16.6521 -16.5785 56.4693 
17.5557 -31.3243 -16.6841 -16.6091 56.5227 
17.6057 -31.2737 -16.632 -16.5847 56.66 
17.6557 -31.2943 -16.6394 -16.5826 56.6884 
17.7057 -31.2568 -16.632 -16.5673 56.5401 
17.7557 -31.2803 -16.646 -16.5812 56.5196 
17.8057 -31.2589 -16.6203 -16.5496 56.6739 
17.8558 -31.287 -16.6196 -16.5654 56.7815 
17.9058 -31.2386 -16.5879 -16.577 56.6515 
17.9558 -31.1252 -16.5542 -16.5109 56.3952 
18.0058 -31.2586 -16.6356 -16.5696 56.7278 
18.0558 -31.19 -16.5814 -16.5118 56.712 
18.1058 -31.1983 -16.5858 -16.5041 56.8165 
18.1559 -31.1035 -16.5575 -16.4616 56.6203 
18.2059 -31.1091 -16.5106 -16.4824 56.7403 
18.2559 -31.0205 -16.4488 -16.3609 56.7287 
18.3059 -31.8482 -16.7361 -16.5759 59.1175 
18.3559 -31.2649 -16.3101 -16.0913 58.5428 
18.4059 -30.928 -15.9706 -15.8245 57.7162 
18.456 -31.1335 -15.9959 -15.7388 58.1366 
18.506 -31.1649 -15.9541 -15.5879 58.7799 
18.556 -31.0816 -15.8421 -15.4225 58.623 
18.606 -30.9237 -15.669 -15.2872 58.5553 
18.656 -31.0259 -15.6757 -15.2632 58.8037 
18.706 -30.9387 -15.5464 -15.2073 58.6886 
18.756 -30.7909 -15.3913 -15.1311 58.4389 
18.8061 -30.9338 -15.3386 -15.1924 58.7006 
18.8561 -30.7948 -15.1356 -15.1885 58.1149 
18.9061 -30.2814 -14.7447 -15.0464 57.0556 
18.9561 -30.304 -14.7188 -15.0832 56.9316 
19.0061 -30.0531 -14.5168 -14.9235 56.9858 
19.0561 -29.8352 -14.4767 -14.7534 56.7211 
19.1062 -29.819 -14.5366 -14.6663 56.4155 
19.1562 -29.571 -14.4275 -14.4783 56.0636 
19.2062 -29.6126 -14.4299 -14.5189 56.23 
19.2562 -29.5855 -14.3762 -14.4832 56.3554 
19.3062 -29.3107 -14.2204 -14.3795 55.8429 
19.3562 -29.3684 -14.2316 -14.384 55.9521 
19.4063 -28.8777 -13.9221 -14.2051 54.8353 
19.4563 -28.9896 -13.9017 -14.2713 55.1806 
19.5063 -28.749 -13.7408 -14.2154 54.2522 
19.5563 -28.5318 -13.6075 -14.1127 53.9216 
19.6063 -28.132 -13.4046 -13.9699 53.1448 
19.6563 -28.3811 -13.5218 -14.0432 54.0331 
19.7064 -28.0919 -13.3792 -13.8911 53.6216 
19.7564 -27.9474 -13.2861 -13.8045 53.2203 
19.8064 -27.5741 -13.0588 -13.6589 52.8189 
19.8564 -27.6488 -13.0714 -13.7197 52.4515 
19.9064 -27.2358 -12.7792 -13.5413 52.2646 
19.9564 -27.2652 -12.8177 -13.5695 51.9624 
20.0065 -27.3166 -12.7549 -13.6327 52.3943 
20.0565 -26.7273 -12.4306 -13.4003 50.852 
20.1065 -26.5636 -12.4839 -13.2786 50.3435 
20.1565 -26.4327 -12.332 -13.2338 50.4496 
20.2065 -26.3153 -12.2821 -13.1429 50.399 
20.2565 -26.3201 -12.3469 -13.1025 50.7176 
20.3065 -26.4181 -12.4084 -13.1046 50.9394 
20.3566 -25.6722 -11.9749 -12.8504 48.8976 
20.4066 -25.7972 -11.9595 -12.991 49.0638 
20.4566 -25.7294 -11.9813 -12.9753 48.6207 
20.5066 -25.7655 -11.8929 -12.9873 49.2378 
20.5566 -25.2626 -11.6316 -12.7278 48.584 
20.6066 -25.2177 -11.577 -12.7468 48.3349 
20.6567 -25.0066 -11.4999 -12.6306 48.1299 
20.7067 -25.1251 -11.6077 -12.6473 48.47 
20.7567 -24.9285 -11.5217 -12.5142 48.0232 
20.8067 -24.4611 -11.2825 -12.3552 46.746 
20.8567 -24.5187 -11.3083 -12.3343 47.2408 
20.9067 -24.2247 -11.1876 -12.255 46.5535 
20.9568 -24.3071 -11.2238 -12.218 47.0919 
21.0068 -23.9581 -11.0404 -12.1087 45.9405 
21.0568 -24.1344 -11.0135 -12.221 46.6703 
21.1068 -23.7664 -10.7725 -12.1894 45.3886 
21.1568 -23.6967 -10.6715 -12.1577 45.625 
21.2068 -23.4487 -10.544 -12.0855 44.7413 
21.2569 -23.453 -10.5642 -12.008 45.5122 
21.3069 -23.2213 -10.5038 -11.9338 44.4998 
21.3569 -23.2694 -10.5134 -11.9172 44.9165 
21.4069 -22.8366 -10.3037 -11.6852 44.2487 
21.4569 -22.6755 -10.2595 -11.6583 43.4986 
21.5069 -22.6985 -10.2776 -11.6407 43.9729 
21.557 -22.5116 -10.2059 -11.5768 43.2421 
21.607 -22.491 -10.192 -11.5345 43.4564 
21.657 -22.41 -10.1531 -11.4808 43.5209 
21.707 -22.0918 -9.99182 -11.3594 42.5769 
21.757 -21.8022 -9.76559 -11.3123 41.9097 
21.807 -21.6937 -9.61904 -11.307 41.59 
21.857 -21.5782 -9.50135 -11.3421 41.3526 
21.9071 -21.6592 -9.60518 -11.3019 41.9761 
21.9571 -21.145 -9.38868 -11.0339 40.9142 
22.0071 -20.9745 -9.27558 -10.9726 40.8864 
22.0571 -20.9074 -9.25138 -10.9344 40.6357 
22.1071 -20.9017 -9.27124 -10.903 40.6686 
22.1571 -20.9452 -9.32272 -10.8459 41.2768 
22.2072 -20.5767 -9.17719 -10.7008 40.0238 
22.2572 -20.4071 -9.07958 -10.5792 39.9709 
22.3072 -20.1073 -8.94137 -10.4925 39.0553 
22.3572 -20.0749 -8.895 -10.471 39.4368 
22.4072 -19.9758 -8.85635 -10.4491 39.1038 
22.4572 -19.7468 -8.69912 -10.3564 38.9981 
22.5073 -19.5677 -8.55165 -10.3246 38.3576 
22.5573 -19.6278 -8.53305 -10.3531 38.5358 
22.6073 -19.2241 -8.30723 -10.2383 37.5623 
22.6573 -19.1654 -8.32476 -10.1821 37.4585 
22.7073 -19.216 -8.40486 -10.1336 37.9377 
22.7573 -18.9253 -8.21797 -10.0571 37.1153 
22.8074 -18.8329 -8.16846 -10.0075 37.2535 
22.8574 -18.4538 -8.02884 -9.81549 36.3849 
22.9074 -18.5664 -8.11849 -9.80855 37.0307 
22.9574 -18.5344 -8.08808 -9.79547 36.7549 
23.0074 -18.1185 -7.89465 -9.68878 35.3386 
23.0574 -17.9021 -7.77587 -9.51876 35.5404 
23.1075 -17.7497 -7.78029 -9.43902 34.5531 
23.1575 -17.867 -7.76401 -9.46026 35.898 
23.2075 -17.7003 -7.70628 -9.46625 34.683 
23.2575 -17.4567 -7.5456 -9.33734 34.3811 
23.3075 -17.3793 -7.47519 -9.30739 34.4216 
23.3575 -17.2302 -7.34599 -9.28009 34.0001 
23.4075 -17.0021 -7.28308 -9.22762 33.0999 
23.4576 -16.9 -7.16529 -9.14471 33.5999 
23.5076 -16.8395 -7.17006 -9.12872 33.0302 
23.5576 -16.8174 -7.12446 -9.07115 33.338 
23.6076 -16.2803 -6.8412 -8.89792 32.2976 
23.6576 -16.4294 -6.93915 -8.92902 32.6507 
23.7076 -15.9466 -6.7338 -8.67382 31.7901 
23.7577 -16.3656 -6.93805 -8.85084 32.6826 
23.8077 -15.7873 -6.67337 -8.58507 31.3135 
23.8577 -15.6602 -6.57671 -8.50699 31.3666 
23.9077 -15.2346 -6.4402 -8.39015 29.9948 
23.9577 -15.6359 -6.61857 -8.45654 31.6352 
24.0077 -15.4069 -6.51822 -8.40672 30.5953 
24.0578 -15.5103 -6.51816 -8.42766 31.044 
24.1078 -14.872 -6.18087 -8.21115 29.3181 
24.1578 -14.7124 -6.05624 -8.16801 29.3912 
24.2078 -14.5271 -5.97519 -8.12575 28.5654 
24.2578 -14.7947 -6.05551 -8.24286 29.3906 
24.3078 -14.4493 -5.8608 -8.10333 28.7189 
24.3579 -14.5182 -6.05233 -7.98034 29.4141 
24.4079 -14.3804 -5.95118 -7.92378 29.1181 
24.4579 -13.8448 -5.72444 -7.71614 27.5087 
24.5079 -13.9689 -5.77041 -7.74643 28.2444 
24.5579 -13.5063 -5.54411 -7.558 27.003 
24.6079 -13.5502 -5.58228 -7.53708 27.2919 
24.658 -13.583 -5.6186 -7.51302 27.6406 
24.708 -13.1774 -5.45781 -7.31959 26.1971 
24.758 -13.0576 -5.34595 -7.28547 26.4428 
24.808 -12.6575 -5.20388 -7.12193 25.1613 
24.858 -13.0586 -5.37581 -7.19687 26.7384 
24.908 -12.759 -5.23103 -7.14549 25.7548 
24.958 -12.7526 -5.17232 -7.11533 26.1565 
25.0081 -12.4539 -5.04764 -7.00381 25.0793 
25.0581 -12.0983 -4.83017 -6.86149 24.4295 
25.1081 -11.8462 -4.69277 -6.81383 23.784 
25.1581 -12.071 -4.75828 -6.90031 24.4705 
25.2081 -11.9933 -4.72634 -6.87212 24.0313 
25.2581 -11.5826 -4.59416 -6.57651 23.7567 
25.3082 -11.8566 -4.72621 -6.70397 24.1659 
25.3582 -11.0661 -4.35149 -6.36037 22.4017 
25.4082 -11.6157 -4.6395 -6.52964 23.9184 
25.4582 -10.7357 -4.22523 -6.18278 21.4805 
25.5082 -11.0754 -4.35348 -6.27975 22.7617 
25.5582 -10.8767 -4.29451 -6.16933 22.1767 
25.6083 -10.6999 -4.20647 -6.09526 21.8779 
25.6583 -10.6158 -4.12919 -6.0455 21.9584 
25.7083 -10.2499 -3.94768 -5.89218 20.9704 
25.7583 -10.2169 -3.92842 -5.86412 21.0928 
25.8083 -10.0204 -3.86082 -5.74682 20.8033 
25.8583 -10.0206 -3.85434 -5.72524 20.8146 
25.9084 -9.88332 -3.75131 -5.65758 20.4547 
25.9584 -9.50822 -3.55279 -5.52639 19.3407 
26.0084 -9.52191 -3.55708 -5.52208 19.4399 
26.0584 -9.24051 -3.37438 -5.39944 18.8922 
26.1084 -9.1672 -3.30574 -5.40724 18.7366 
26.1584 -9.00993 -3.37995 -5.21367 18.6298 
26.2085 -9.02458 -3.30923 -5.20835 18.8942 
26.2585 -8.94587 -3.26803 -5.12759 18.9875 
26.3085 -8.79544 -3.23177 -5.04874 18.5104 
26.3585 -8.54413 -3.10267 -4.86902 17.9707 
26.4085 -8.48968 -3.08561 -4.82037 17.6465 
26.4585 -8.53217 -3.04467 -4.80044 18.3558 
26.5085 -8.01481 -2.83083 -4.60841 16.6395 
26.5586 -8.05818 -2.83177 -4.52574 17.4426 
26.6086 -7.93872 -2.81285 -4.42598 16.9179 
26.6586 -7.66812 -2.62714 -4.29917 16.3443 
26.7086 -7.43348 -2.54522 -4.17001 15.7319 
26.7586 -7.60314 -2.60626 -4.17559 16.3262 
26.8086 -7.32905 -2.46831 -4.03661 15.7126 
26.8587 -7.31328 -2.47306 -3.98457 16.0672 
26.9087 -6.83363 -2.30127 -3.84245 14.4459 
26.9587 -6.80674 -2.24006 -3.82526 14.7434 
27.0087 -6.87958 -2.22948 -3.8196 15.0132 
27.0587 -6.74455 -2.13465 -3.74223 14.5582 
27.1087 -6.14243 -1.80567 -3.4912 13.0646 
27.1588 -6.40217 -1.99134 -3.50267 14.0818 
27.2088 -6.41758 -2.00544 -3.4324 14.1551 
27.2588 -5.78032 -1.67447 -3.15531 12.1925 
27.3088 -6.03847 -1.78045 -3.21535 13.2944 
27.3588 -5.87586 -1.67762 -3.13794 13.2346 
27.4088 -5.44801 -1.49836 -2.88067 12.0853 
27.4589 -5.61673 -1.57057 -2.86797 12.8089 
27.5089 -5.42923 -1.4762 -2.72285 12.27 
27.5589 -5.0738 -1.29569 -2.53475 11.2522 
27.6089 -4.88765 -1.22062 -2.37465 10.72 
27.6589 -5.12383 -1.32324 -2.41867 11.8436 
27.7089 -5.01641 -1.26083 -2.29621 11.6637 
27.759 -4.50804 -1.00292 -2.03578 10.176 
27.809 -5.05568 -1.25496 -2.08101 12.5853 
27.859 -4.48777 -0.979776 -1.81816 10.549 
27.909 -4.86581 -1.14715 -1.84325 12.1835 
27.959 -4.80598 -1.10322 -1.72755 11.8787 
28.009 -3.72625 -0.583902 -1.1688 9.24798 
28.059 -2.68362 -0.173491 -0.784133 5.91242 
28.1091 -4.21206 -0.932501 -1.41609 10.5559 
28.1591 -3.70797 -0.702103 -1.2318 9.10282 
28.2091 -3.25373 -0.456138 -1.05848 7.60582 
28.2591 -3.84477 -0.818131 -1.32768 9.64631 
28.3091 -3.62758 -0.692462 -1.21505 9.05046 
28.3591 -3.23568 -0.520864 -1.09926 7.73741 
28.4092 -3.62615 -0.732534 -1.27831 9.0697 
28.4592 -3.13113 -0.50665 -1.11936 7.89565 
28.5092 -2.99358 -0.475283 -1.05828 7.19682 
28.5592 -3.32759 -0.660344 -1.15643 7.97796 
28.6092 -2.99683 -0.518407 -1.01055 6.8399 
28.6592 -2.93611 -0.485874 -1.02715 6.93599 
28.7093 -3.05618 -0.523264 -1.13312 7.31636 
28.7593 -2.74263 -0.389436 -1.00708 6.56266 
28.8093 -2.89366 -0.479014 -1.07096 7.01162 
28.8593 -2.81136 -0.43173 -1.03761 6.66007 
28.9093 -2.76243 -0.426322 -1.0142 6.31765 
28.9593 -2.81654 -0.459025 -1.05735 6.5861 
29.0094 -2.63296 -0.380474 -0.997768 6.10531 
29.0594 -2.55435 -0.349696 -0.967488 5.89807 
29.1094 -2.71351 -0.402201 -1.00841 6.34508 
29.1594 -2.7513 -0.443783 -1.00706 6.44324 
29.2094 -2.74309 -0.44888 -1.0221 6.6421 
29.2594 -2.49893 -0.299815 -0.961517 5.8659 
29.3095 -2.3139 -0.222918 -0.890803 5.03625 
29.3595 -2.58909 -0.357111 -0.97783 5.95317 
29.4095 -2.43344 -0.287742 -0.905338 5.43651 
29.4595 -2.29685 -0.222871 -0.856286 5.18691 
29.5095 -2.49184 -0.353103 -0.945893 5.58529 
29.5595 -2.26542 -0.237323 -0.853065 4.9133 
29.6095 -2.35376 -0.274512 -0.898966 5.12405 
29.6596 -2.24844 -0.220231 -0.863705 4.96455 
29.7096 -2.30196 -0.226656 -0.84242 5.0768 
29.7596 -2.38798 -0.275304 -0.927739 5.30543 
29.8096 -2.28565 -0.235654 -0.880491 5.0799 
29.8596 -2.0959 -0.180908 -0.8099 4.3973 
29.9096 -2.2402 -0.24125 -0.844665 4.78966 
29.9597 -2.32098 -0.261279 -0.885869 5.06232 
30.0097 -2.25696 -0.226061 -0.860237 4.8519 
30.0597 -2.14787 -0.209985 -0.825635 4.77337 
30.1097 -2.11969 -0.208479 -0.819285 4.54809 
30.1597 -2.21786 -0.235435 -0.863561 4.75757 
30.2097 -2.3297 -0.284325 -0.878284 5.10102 
30.2598 -2.31147 -0.288058 -0.872565 5.14608 
30.3098 -2.22214 -0.256545 -0.843371 4.90617 
30.3598 -2.19868 -0.240588 -0.845758 4.86966 
30.4098 -2.23905 -0.263193 -0.838439 4.93905 
30.4598 -2.27963 -0.267074 -0.874167 4.94218 
30.5098 -2.32879 -0.273938 -0.887627 5.03796 
30.5599 -2.2252 -0.22911 -0.851474 4.78936 
30.6099 -2.12181 -0.194922 -0.811778 4.35871 
30.6599 -2.10692 -0.180394 -0.81215 4.36522 
30.7099 -2.30243 -0.251192 -0.870656 4.94221 
30.7599 -2.38238 -0.288769 -0.87236 4.98426 
30.8099 -2.33909 -0.245086 -0.895651 5.22515 
30.86 -2.35592 -0.234635 -0.936736 5.40773 
30.91 -2.27418 -0.216698 -0.883467 4.99563 
30.96 -2.29094 -0.237109 -0.864209 5.15773 
