0.795110 0.873248 0.873248 0.831685
0.795062 0.873305 0.873305 0.831654
0.795043 0.873336 0.873336 0.831623
0.795094 0.873483 0.873483 0.831686
0.795035 0.873524 0.873550 0.831686
0.794987 0.873581 0.873607 0.831655
0.794968 0.873612 0.873637 0.831624
0.794920 0.873669 0.873694 0.831593
0.794872 0.873726 0.873751 0.831561
0.794953 0.873847 0.873872 0.831625
0.794905 0.873891 0.873942 0.831594
0.794856 0.873948 0.873999 0.831563
0.794797 0.874002 0.874053 0.831563
0.794778 0.874032 0.874083 0.831532
0.794730 0.874089 0.874140 0.831501
0.794782 0.874237 0.874288 0.831565
0.794763 0.874255 0.874331 0.831534
0.794715 0.874312 0.874389 0.831502
0.794667 0.874369 0.874446 0.831471
0.794608 0.874423 0.874499 0.831471
0.794589 0.874453 0.874530 0.831440
0.794641 0.874601 0.874678 0.831504
0.794593 0.874646 0.874748 0.831473
0.794545 0.874703 0.874805 0.831442
0.794526 0.874733 0.874835 0.831411
0.794478 0.874791 0.874893 0.831380
0.794530 0.874939 0.875041 0.831444
0.794500 0.874965 0.875067 0.831444
0.794452 0.875010 0.875137 0.831413
0.794404 0.875067 0.875195 0.831382
0.794356 0.875125 0.875252 0.831351
0.794338 0.875155 0.875283 0.831320
0.794390 0.875303 0.875431 0.831385
0.794342 0.875361 0.875488 0.831354
0.794312 0.875375 0.875527 0.831354
0.794264 0.875432 0.875585 0.831323
0.794216 0.875489 0.875642 0.831292
0.794168 0.875547 0.875700 0.831261
0.794250 0.875668 0.875821 0.831325
0.794202 0.875725 0.875878 0.831294
0.794154 0.875783 0.875936 0.831263
0.794136 0.875801 0.875979 0.831232
0.794077 0.875854 0.876033 0.831232
0.794128 0.876002 0.876181 0.831297
0.794081 0.876060 0.876238 0.831266
0.794063 0.876091 0.876269 0.831235
0.794015 0.876148 0.876327 0.831204
0.793967 0.876193 0.876397 0.831174
0.793949 0.876224 0.876428 0.831143
0.793989 0.876368 0.876572 0.831238
0.793942 0.876425 0.876629 0.831207
0.793894 0.876483 0.876687 0.831176
0.793876 0.876514 0.876718 0.831146
0.793828 0.876558 0.876788 0.831115
0.793781 0.876616 0.876846 0.831084
0.793862 0.876737 0.876967 0.831149
0.793815 0.876795 0.877025 0.831118
0.793755 0.876848 0.877078 0.831118
0.793708 0.876906 0.877136 0.831087
0.793690 0.876924 0.877179 0.831057
0.793742 0.877072 0.877327 0.831121
0.793694 0.877130 0.877385 0.831090
0.793647 0.877188 0.877443 0.831060
0.793629 0.877219 0.877474 0.831029
0.793570 0.877272 0.877527 0.831029
0.793522 0.877330 0.877585 0.830999
0.793604 0.877439 0.877719 0.831063
0.793556 0.877496 0.877777 0.831033
0.793509 0.877554 0.877835 0.831002
0.793462 0.877612 0.877892 0.830971
0.793444 0.877643 0.877923 0.830941
0.793496 0.877791 0.878072 0.831005
0.793436 0.877832 0.878138 0.831005
0.793419 0.877863 0.878169 0.830975
0.793372 0.877921 0.878227 0.830944
0.793324 0.877978 0.878285 0.830914
0.793277 0.878036 0.878342 0.830883
0.793359 0.878158 0.878464 0.830948
0.793311 0.878203 0.878535 0.830918
0.793252 0.878256 0.878588 0.830918
0.793235 0.878287 0.878619 0.830887
0.793187 0.878345 0.878677 0.830857
0.793239 0.878494 0.878825 0.830922
0.793192 0.878551 0.878883 0.830891
0.793175 0.878570 0.878927 0.830861
0.793128 0.878628 0.878985 0.830830
0.793068 0.878681 0.879039 0.830830
0.793150 0.878803 0.879160 0.830895
0.793103 0.878861 0.879218 0.830865
0.793056 0.878919 0.879276 0.830834
0.793009 0.878977 0.879334 0.830804
0.792991 0.878995 0.879378 0.830774
0.792944 0.879053 0.879436 0.830743
0.792996 0.879202 0.879585 0.830808
0.792967 0.879228 0.879611 0.830808
0.792920 0.879286 0.879669 0.830778
0.792873 0.879344 0.879727 0.830748
0.792826 0.879389 0.879798 0.830717
0.792908 0.879511 0.879920 0.830782
0.792861 0.879569 0.879978 0.830752
0.792814 0.879627 0.880036 0.830722
0.792784 0.879654 0.880063 0.830722
0.792737 0.879712 0.880121 0.830692
0.792690 0.879757 0.880192 0.830661
0.792743 0.879906 0.880340 0.830727
0.792725 0.879937 0.880371 0.830696
0.792679 0.879995 0.880430 0.830666
0.792632 0.880053 0.880488 0.830636
0.792585 0.880112 0.880546 0.830606
0.792654 0.880229 0.880663 0.830701
0.792608 0.880274 0.880734 0.830671
0.792561 0.880332 0.880792 0.830641
0.792544 0.880364 0.880824 0.830611
0.792497 0.880422 0.880882 0.830581
0.792549 0.880571 0.881030 0.830646
0.792503 0.880629 0.881089 0.830616
0.792473 0.880643 0.881128 0.830616
0.792426 0.880701 0.881186 0.830586
0.792379 0.880759 0.881245 0.830556
0.792462 0.880881 0.881367 0.830621
0.792415 0.880939 0.881425 0.830591
0.792368 0.880998 0.881483 0.830561
0.792322 0.881043 0.881554 0.830531
0.792292 0.881070 0.881581 0.830531
0.792245 0.881128 0.881639 0.830501
0.792298 0.881277 0.881788 0.830566
0.792281 0.881308 0.881819 0.830536
0.792234 0.881367 0.881878 0.830506
0.792188 0.881425 0.881936 0.830476
0.792141 0.881470 0.882007 0.830446
0.792224 0.881593 0.882129 0.830512
0.792164 0.881646 0.882183 0.830512
0.792118 0.881704 0.882241 0.830482
0.792101 0.881736 0.882273 0.830452
0.792055 0.881794 0.882331 0.830422
0.792107 0.881930 0.882493 0.830487
0.792061 0.881989 0.882551 0.830457
0.792044 0.882020 0.882583 0.830428
0.791985 0.882074 0.882636 0.830428
0.791938 0.882132 0.882695 0.830398
0.792021 0.882254 0.882817 0.830463
0.791974 0.882300 0.882888 0.830433
0.791928 0.882358 0.882946 0.830404
0.791882 0.882417 0.883005 0.830374
0.791865 0.882449 0.883037 0.830344
0.791905 0.882593 0.883181 0.830439
0.791859 0.882651 0.883239 0.830410
0.791812 0.882709 0.883298 0.830380
0.791796 0.882728 0.883342 0.830350
0.791749 0.882787 0.883401 0.830320
0.791703 0.882845 0.883459 0.830290
0.791786 0.882968 0.883581 0.830356
0.791726 0.883021 0.883635 0.830356
0.791680 0.883080 0.883693 0.830326
0.791634 0.883125 0.883765 0.830297
0.791617 0.883157 0.883797 0.830267
0.791670 0.883306 0.883946 0.830333
0.791624 0.883365 0.884004 0.830303
0.791608 0.883397 0.884036 0.830274
0.791562 0.883455 0.884095 0.830244
0.791502 0.883509 0.884148 0.830244
0.791555 0.883645 0.884310 0.830310
0.791539 0.883677 0.884342 0.830280
0.791493 0.883736 0.884401 0.830250
0.791447 0.883794 0.884459 0.830221
0.791430 0.883826 0.884491 0.830191
0.791484 0.883975 0.884640 0.830257
0.791424 0.884016 0.884707 0.830257
0.791378 0.884075 0.884765 0.830228
0.791362 0.884106 0.884797 0.830198
0.791316 0.884165 0.884856 0.830168
0.791369 0.884314 0.885005 0.830234
0.791353 0.884346 0.885037 0.830205
0.791307 0.884405 0.885096 0.830175
0.791248 0.884446 0.885162 0.830175
0.791202 0.884504 0.885221 0.830146
0.791285 0.884627 0.885343 0.830212
0.791239 0.884686 0.885402 0.830182
0.791193 0.884744 0.885461 0.830153
0.791177 0.884776 0.885493 0.830124
0.791131 0.884822 0.885565 0.830094
0.791171 0.884966 0.885709 0.830190
0.791125 0.885025 0.885767 0.830160
0.791109 0.885057 0.885799 0.830131
0.791063 0.885116 0.885858 0.830101
0.791017 0.885175 0.885917 0.830072
0.791100 0.885297 0.886040 0.830138
0.791055 0.885344 0.886111 0.830109
0.791009 0.885402 0.886170 0.830079
0.790950 0.885456 0.886224 0.830079
0.790934 0.885488 0.886256 0.830050
0.790987 0.885637 0.886405 0.830116
0.790941 0.885696 0.886464 0.830087
0.790925 0.885716 0.886509 0.830058
0.790880 0.885774 0.886568 0.830028
0.790834 0.885833 0.886627 0.829999
0.790874 0.885977 0.886771 0.830095
0.790858 0.886009 0.886803 0.830065
0.790812 0.886068 0.886862 0.830036
0.790767 0.886127 0.886921 0.830007
0.790721 0.886173 0.886993 0.829978
0.790804 0.886296 0.887116 0.830044
0.790759 0.886355 0.887175 0.830015
0.790700 0.886409 0.887228 0.830015
0.790684 0.886441 0.887260 0.829986
0.790638 0.886500 0.887319 0.829956
0.790692 0.886637 0.887482 0.830023
0.790647 0.886696 0.887541 0.829994
0.790631 0.886728 0.887573 0.829965
0.790585 0.886787 0.887632 0.829935
0.790526 0.886840 0.887685 0.829935
0.790609 0.886963 0.887808 0.830002
0.790564 0.887022 0.887867 0.829973
0.790519 0.887068 0.887939 0.829944
0.790473 0.887127 0.887998 0.829915
0.790458 0.887160 0.888031 0.829886
0.790511 0.887310 0.888180 0.829952
0.790452 0.887363 0.888234 0.829952
0.790436 0.887395 0.888266 0.829923
0.790391 0.887442 0.888338 0.829894
0.790346 0.887501 0.888397 0.829865
0.790400 0.887650 0.888547 0.829932
0.790384 0.887683 0.888579 0.829903
0.790339 0.887742 0.888639 0.829874
0.790294 0.887801 0.888698 0.829845
0.790363 0.887918 0.888815 0.829940
0.790318 0.887965 0.888887 0.829911
0.790273 0.888024 0.888946 0.829882
0.790228 0.888083 0.889005 0.829853
0.790212 0.888115 0.889038 0.829824
0.790266 0.888265 0.889188 0.829891
0.790221 0.888324 0.889247 0.829862
0.790192 0.888338 0.889287 0.829862
0.790146 0.888398 0.889346 0.829833
0.790101 0.888457 0.889405 0.829804
0.790155 0.888607 0.889555 0.829871
0.790140 0.888639 0.889587 0.829842
0.790095 0.888698 0.889647 0.829814
0.790050 0.888758 0.889706 0.829785
0.790020 0.888771 0.889745 0.829785
0.790075 0.888921 0.889895 0.829852
0.790030 0.888981 0.889955 0.829823
0.789985 0.889040 0.890014 0.829794
0.789969 0.889072 0.890047 0.829765
0.789924 0.889132 0.890106 0.829736
0.789978 0.889269 0.890269 0.829803
0.789919 0.889322 0.890322 0.829803
0.789904 0.889355 0.890355 0.829775
0.789859 0.889414 0.890414 0.829746
0.789814 0.889474 0.890473 0.829717
0.789898 0.889597 0.890597 0.829784
0.789853 0.889656 0.890656 0.829755
0.789809 0.889703 0.890728 0.829727
0.789750 0.889756 0.890782 0.829727
0.789833 0.889880 0.890905 0.829794
0.789789 0.889939 0.890965 0.829765
0.789744 0.889998 0.891024 0.829736
0.789729 0.890031 0.891057 0.829708
0.789684 0.890090 0.891116 0.829679
0.789738 0.890228 0.891279 0.829746
0.789679 0.890281 0.891332 0.829746
0.789664 0.890314 0.891365 0.829718
0.789619 0.890373 0.891425 0.829689
0.789575 0.890433 0.891484 0.829660
0.789659 0.890556 0.891608 0.829728
0.789614 0.890603 0.891680 0.829699
0.789570 0.890662 0.891739 0.829670
0.789511 0.890716 0.891793 0.829670
0.789594 0.890839 0.891916 0.829738
0.789550 0.890899 0.891976 0.829709
0.789505 0.890958 0.892035 0.829681
0.789490 0.890991 0.892068 0.829652
0.789446 0.891038 0.892141 0.829624
0.789500 0.891188 0.892291 0.829691
0.789442 0.891241 0.892344 0.829691
0.789426 0.891274 0.892377 0.829662
0.789382 0.891334 0.892437 0.829634
0.789338 0.891393 0.892496 0.829606
0.789422 0.891504 0.892633 0.829673
0.789377 0.891564 0.892692 0.829644
0.789333 0.891623 0.892752 0.829616
0.789274 0.891676 0.892805 0.829616
0.789259 0.891709 0.892838 0.829588
0.789314 0.891860 0.892989 0.829655
0.789269 0.891919 0.893048 0.829627
0.789255 0.891939 0.893094 0.829598
0.789210 0.891999 0.893154 0.829570
0.789265 0.892149 0.893304 0.829638
0.789206 0.892203 0.893357 0.829638
0.789191 0.892236 0.893390 0.829609
0.789147 0.892295 0.893450 0.829581
0.789103 0.892355 0.893510 0.829553
0.789187 0.892466 0.893646 0.829620
0.789143 0.892526 0.893706 0.829592
0.789099 0.892585 0.893766 0.829564
0.789040 0.892639 0.893819 0.829564
0.789124 0.892762 0.893943 0.829631
0.789080 0.892822 0.894003 0.829603
0.789036 0.892882 0.894062 0.829575
0.788992 0.892929 0.894135 0.829546
0.788977 0.892962 0.894168 0.829518
0.789032 0.893112 0.894319 0.829586
0.788973 0.893166 0.894372 0.829586
0.788959 0.893199 0.894405 0.829558
0.788915 0.893258 0.894465 0.829530
0.788871 0.893305 0.894538 0.829501
0.788926 0.893456 0.894688 0.829569
0.788911 0.893489 0.894721 0.829541
0.788867 0.893549 0.894781 0.829513
0.788808 0.893602 0.894834 0.829513
0.788893 0.893726 0.894958 0.829581
0.788849 0.893786 0.895018 0.829553
0.788805 0.893833 0.895091 0.829524
0.788761 0.893893 0.895151 0.829496
0.788746 0.893926 0.895184 0.829468
0.788801 0.894077 0.895335 0.829536
0.788743 0.894130 0.895388 0.829536
0.788728 0.894163 0.895421 0.829508
0.788684 0.894223 0.895481 0.829480
0.788740 0.894361 0.895645 0.829548
0.788696 0.894421 0.895705 0.829520
0.788681 0.894454 0.895738 0.829492
0.788638 0.894514 0.895798 0.829464
0.788579 0.894567 0.895851 0.829464
0.788663 0.894691 0.895975 0.829532
0.788620 0.894738 0.896048 0.829504
0.788576 0.894798 0.896108 0.829476
0.788532 0.894858 0.896168 0.829448
0.788617 0.894982 0.896292 0.829516
0.788573 0.895042 0.896352 0.829488
0.788515 0.895095 0.896405 0.829488
0.788500 0.895129 0.896439 0.829460
0.788457 0.895176 0.896512 0.829432
0.788512 0.895327 0.896662 0.829501
0.788469 0.895387 0.896722 0.829473
0.788454 0.895420 0.896756 0.829445
0.788411 0.895480 0.896816 0.829417
0.788451 0.895624 0.896960 0.829513
0.788437 0.895658 0.896993 0.829485
0.788393 0.895705 0.897066 0.829457
0.788350 0.895765 0.897126 0.829430
0.788307 0.895825 0.897186 0.829402
0.788391 0.895949 0.897311 0.829470
0.788348 0.896009 0.897371 0.829442
0.788289 0.896062 0.897424 0.829442
0.788275 0.896096 0.897458 0.829414
0.788331 0.896234 0.897621 0.829483
0.788287 0.896294 0.897681 0.829455
0.788244 0.896354 0.897742 0.829427
0.788230 0.896387 0.897775 0.829400
0.788187 0.896448 0.897835 0.829372
0.788227 0.896592 0.897979 0.829468
0.788213 0.896625 0.898013 0.829440
0.788170 0.896672 0.898086 0.829413
0.788126 0.896733 0.898146 0.829385
0.788182 0.896884 0.898297 0.829453
0.788168 0.896917 0.898331 0.829426
0.788125 0.896977 0.898391 0.829398
0.788066 0.897031 0.898444 0.829398
0.788023 0.897078 0.898517 0.829370
0.788108 0.897202 0.898642 0.829439
0.788065 0.897262 0.898702 0.829411
0.788022 0.897323 0.898762 0.829384
0.788008 0.897356 0.898796 0.829356
0.788063 0.897507 0.898947 0.829425
0.788005 0.897561 0.899000 0.829425
0.787962 0.897608 0.899073 0.829397
0.787948 0.897642 0.899107 0.829370
0.788004 0.897793 0.899258 0.829438
0.787961 0.897853 0.899318 0.829411
0.787947 0.897886 0.899352 0.829383
0.787889 0.897940 0.899405 0.829383
0.787846 0.898000 0.899465 0.829356
0.787901 0.898138 0.899629 0.829424
0.787888 0.898172 0.899663 0.829397
0.787845 0.898232 0.899723 0.829369
0.787802 0.898293 0.899784 0.829342
0.787887 0.898417 0.899908 0.829411
0.787828 0.898470 0.899962 0.829411
0.787786 0.898531 0.900022 0.829383
0.787743 0.898578 0.900095 0.829356
0.787729 0.898612 0.900129 0.829328
0.787785 0.898763 0.900280 0.829397
0.787742 0.898823 0.900341 0.829370
0.787729 0.898857 0.900374 0.829342
0.787670 0.898910 0.900428 0.829342
0.787726 0.899062 0.900579 0.829411
0.787684 0.899109 0.900652 0.829384
0.787670 0.899143 0.900686 0.829357
0.787627 0.899203 0.900746 0.829329
0.787683 0.899355 0.900898 0.829398
0.787670 0.899388 0.900932 0.829371
0.787611 0.899442 0.900985 0.829371
0.787569 0.899502 0.901045 0.829344
0.787526 0.899550 0.901119 0.829316
0.787612 0.899674 0.901243 0.829385
0.787569 0.899735 0.901304 0.829358
0.787526 0.899795 0.901364 0.829331
0.787513 0.899829 0.901398 0.829304
0.787553 0.899973 0.901542 0.829400
0.787511 0.900034 0.901603 0.829373
0.787468 0.900081 0.901676 0.829345
0.787455 0.900115 0.901710 0.829318
0.787511 0.900267 0.901862 0.829387
0.787469 0.900327 0.901922 0.829360
0.787440 0.900354 0.901949 0.829360
0.787397 0.900414 0.902009 0.829333
0.787453 0.900566 0.902161 0.829402
0.787411 0.900613 0.902234 0.829375
0.787398 0.900647 0.902268 0.829348
0.787355 0.900708 0.902329 0.829321
0.787313 0.900768 0.902389 0.829294
0.787382 0.900886 0.902507 0.829390
0.787340 0.900946 0.902567 0.829363
0.787298 0.901007 0.902628 0.829336
0.787256 0.901055 0.902702 0.829309
0.787341 0.901180 0.902826 0.829378
0.787299 0.901240 0.902887 0.829351
0.787257 0.901301 0.902948 0.829324
0.787227 0.901327 0.902974 0.829324
0.787284 0.901479 0.903126 0.829393
0.787242 0.901540 0.903187 0.829366
0.787199 0.901587 0.903260 0.829339
0.787186 0.901621 0.903294 0.829312
0.787144 0.901682 0.903355 0.829285
0.787201 0.901834 0.903506 0.829355
0.787142 0.901887 0.903560 0.829355
0.787129 0.901921 0.903594 0.829328
0.787087 0.901982 0.903655 0.829301
0.787144 0.902120 0.903819 0.829370
0.787131 0.902154 0.903853 0.829343
0.787089 0.902215 0.903914 0.829316
0.787031 0.902268 0.903967 0.829316
0.787087 0.902420 0.904119 0.829386
0.787074 0.902454 0.904153 0.829359
0.787033 0.902502 0.904227 0.829332
0.786991 0.902563 0.904287 0.829305
0.787076 0.902688 0.904412 0.829375
0.787034 0.902748 0.904473 0.829348
0.786976 0.902802 0.904526 0.829348
0.786934 0.902862 0.904587 0.829321
0.787020 0.902987 0.904712 0.829391
0.786978 0.903048 0.904773 0.829364
0.786936 0.903096 0.904847 0.829337
0.786924 0.903130 0.904881 0.829311
0.786882 0.903191 0.904942 0.829284
0.786922 0.903335 0.905086 0.829380
0.786880 0.903396 0.905147 0.829353
0.786868 0.903430 0.905181 0.829327
0.786826 0.903491 0.905242 0.829300
0.786883 0.903630 0.905407 0.829370
0.786870 0.903664 0.905441 0.829343
0.786828 0.903725 0.905502 0.829316
0.786770 0.903778 0.905555 0.829316
0.786827 0.903930 0.905707 0.829386
0.786815 0.903964 0.905741 0.829359
0.786773 0.904025 0.905802 0.829333
0.786731 0.904073 0.905876 0.829306
0.786817 0.904198 0.906001 0.829376
0.786759 0.904252 0.906054 0.829376
0.786718 0.904313 0.906115 0.829349
0.786676 0.904373 0.906176 0.829323
0.786762 0.904499 0.906301 0.829393
0.786721 0.904560 0.906362 0.829366
0.786679 0.904608 0.906436 0.829340
0.786667 0.904642 0.906471 0.829313
0.786707 0.904786 0.906615 0.829409
0.786666 0.904847 0.906676 0.829383
0.786624 0.904908 0.906737 0.829356
0.786612 0.904942 0.906771 0.829330
0.786669 0.905094 0.906923 0.829400
0.786627 0.905142 0.906997 0.829373
0.786615 0.905177 0.907032 0.829347
0.786557 0.905230 0.907085 0.829347
0.786516 0.905291 0.907146 0.829321
0.786573 0.905443 0.907298 0.829391
0.786560 0.905477 0.907332 0.829364
0.786519 0.905538 0.907393 0.829338
0.786478 0.905587 0.907467 0.829311
0.786547 0.905704 0.907585 0.829408
0.786506 0.905765 0.907646 0.829381
0.786465 0.905826 0.907707 0.829355
0.786424 0.905887 0.907768 0.829329
0.786510 0.906013 0.907893 0.829399
0.786469 0.906074 0.907955 0.829372
0.786428 0.906122 0.908029 0.829346
0.786399 0.906148 0.908055 0.829346
0.786456 0.906300 0.908207 0.829416
0.786415 0.906362 0.908268 0.829390
0.786374 0.906423 0.908329 0.829364
0.786362 0.906457 0.908364 0.829337
0.786419 0.906609 0.908516 0.829408
0.786378 0.906658 0.908590 0.829381
0.786349 0.906684 0.908617 0.829381
0.786308 0.906745 0.908678 0.829355
0.786365 0.906897 0.908830 0.829425
0.786324 0.906958 0.908891 0.829399
0.786312 0.906993 0.908926 0.829373
0.786271 0.907054 0.908987 0.829347
0.786312 0.907185 0.909144 0.829443
0.786271 0.907247 0.909205 0.829417
0.786259 0.907281 0.909240 0.829391
0.786218 0.907342 0.909301 0.829365
0.786276 0.907495 0.909453 0.829435
0.786264 0.907529 0.909488 0.829409
0.786223 0.907590 0.909549 0.829383
0.786165 0.907631 0.909615 0.829383
0.786223 0.907783 0.909767 0.829453
0.786211 0.907817 0.909802 0.829427
0.786170 0.907879 0.909864 0.829401
0.786129 0.907940 0.909925 0.829375
0.786216 0.908066 0.910050 0.829446
0.786158 0.908119 0.910104 0.829446
0.786117 0.908167 0.910178 0.829419
0.786076 0.908228 0.910239 0.829393
0.786163 0.908354 0.910365 0.829464
0.786122 0.908415 0.910426 0.829438
0.786082 0.908477 0.910487 0.829412
0.786070 0.908511 0.910522 0.829386
0.786111 0.908655 0.910666 0.829483
0.786070 0.908717 0.910728 0.829457
0.786029 0.908765 0.910802 0.829431
0.786018 0.908800 0.910837 0.829405
0.786076 0.908952 0.910989 0.829475
0.786035 0.909013 0.911050 0.829449
0.786006 0.909040 0.911077 0.829449
0.785965 0.909101 0.911138 0.829423
0.786023 0.909254 0.911291 0.829494
0.785983 0.909302 0.911365 0.829468
0.785971 0.909337 0.911400 0.829442
0.785931 0.909398 0.911461 0.829416
0.785989 0.909551 0.911614 0.829487
0.785960 0.909577 0.911640 0.829487
0.785920 0.909639 0.911702 0.829461
0.785879 0.909700 0.911763 0.829436
0.785937 0.909840 0.911928 0.829506
0.785926 0.909874 0.911963 0.829481
0.785885 0.909936 0.912025 0.829455
0.785828 0.909989 0.912078 0.829455
0.785915 0.910115 0.912204 0.829526
0.785874 0.910176 0.912265 0.829500
0.785834 0.910238 0.912327 0.829474
0.785794 0.910286 0.912401 0.829448
0.785881 0.910412 0.912527 0.829519
0.785841 0.910473 0.912589 0.829493
0.785783 0.910527 0.912642 0.829493
0.785771 0.910561 0.912677 0.829468
0.785830 0.910714 0.912829 0.829539
0.785789 0.910775 0.912891 0.829513
0.785749 0.910837 0.912952 0.829487
0.785738 0.910859 0.913000 0.829462
0.785796 0.911012 0.913153 0.829533
0.785739 0.911065 0.913206 0.829533
0.785727 0.911100 0.913241 0.829507
0.785687 0.911161 0.913302 0.829481
0.785746 0.911314 0.913455 0.829553
0.785705 0.911375 0.913516 0.829527
0.785694 0.911397 0.913564 0.829501
0.785637 0.911450 0.913617 0.829501
0.785695 0.911603 0.913770 0.829572
0.785684 0.911638 0.913805 0.829547
0.785644 0.911699 0.913867 0.829521
0.785604 0.911761 0.913928 0.829496
0.785662 0.911914 0.914081 0.829567
0.785634 0.911927 0.914120 0.829567
0.785594 0.911989 0.914182 0.829541
0.785652 0.912141 0.914335 0.829613
0.785641 0.912176 0.914370 0.829587
0.785601 0.912238 0.914431 0.829562
0.785561 0.912300 0.914493 0.829536
0.785620 0.912452 0.914646 0.829607
0.785591 0.912479 0.914672 0.829607
0.785551 0.912528 0.914747 0.829582
0.785512 0.912589 0.914809 0.829557
0.785599 0.912715 0.914935 0.829628
0.785559 0.912777 0.914996 0.829602
0.785520 0.912839 0.915058 0.829577
0.785462 0.912892 0.915111 0.829577
0.785549 0.913018 0.915237 0.829648
0.785510 0.913067 0.915312 0.829623
0.785470 0.913128 0.915374 0.829598
0.785431 0.913190 0.915435 0.829572
0.785518 0.913316 0.915562 0.829644
0.785478 0.913378 0.915623 0.829618
0.785421 0.913431 0.915676 0.829618
0.785410 0.913466 0.915712 0.829593
0.785469 0.913606 0.915877 0.829665
0.785429 0.913668 0.915939 0.829639
0.785390 0.913729 0.916001 0.829614
0.785379 0.913765 0.916036 0.829589
0.785420 0.913909 0.916180 0.829686
0.785380 0.913970 0.916242 0.829660
0.785370 0.914006 0.916277 0.829635
0.785428 0.914158 0.916430 0.829707
0.785389 0.914207 0.916505 0.829681
0.785350 0.914269 0.916567 0.829656
0.785339 0.914304 0.916602 0.829631
0.785380 0.914448 0.916746 0.829728
0.785341 0.914510 0.916808 0.829703
0.785330 0.914545 0.916843 0.829677
0.785291 0.914607 0.916905 0.829652
0.785350 0.914747 0.917071 0.829724
0.785310 0.914809 0.917133 0.829699
0.785282 0.914835 0.917159 0.829699
0.785242 0.914897 0.917221 0.829674
0.785301 0.915050 0.917374 0.829745
0.785291 0.915086 0.917409 0.829720
0.785252 0.915147 0.917471 0.829695
0.785213 0.915196 0.917546 0.829670
0.785253 0.915340 0.917690 0.829767
0.785243 0.915376 0.917725 0.829742
0.785204 0.915438 0.917787 0.829717
0.785263 0.915590 0.917940 0.829789
0.785253 0.915626 0.917976 0.829764
0.785213 0.915688 0.918038 0.829739
0.785174 0.915750 0.918100 0.829714
0.785215 0.915881 0.918256 0.829811
0.785205 0.915916 0.918292 0.829786
0.785166 0.915978 0.918354 0.829761
0.785127 0.916040 0.918416 0.829736
0.785215 0.916167 0.918542 0.829808
0.785176 0.916228 0.918604 0.829783
0.785118 0.916281 0.918657 0.829783
0.785080 0.916330 0.918732 0.829758
0.785168 0.916457 0.918859 0.829830
0.785129 0.916519 0.918921 0.829805
0.785090 0.916581 0.918983 0.829780
0.785080 0.916616 0.919018 0.829755
0.785139 0.916769 0.919171 0.829827
0.785082 0.916822 0.919224 0.829827
0.785043 0.916884 0.919286 0.829802
0.785131 0.916998 0.919426 0.829874
0.785092 0.917060 0.919488 0.829849
0.785053 0.917122 0.919550 0.829825
0.785043 0.917157 0.919586 0.829800
0.785084 0.917301 0.919730 0.829897
0.785045 0.917363 0.919792 0.829872
0.785007 0.917425 0.919854 0.829847
0.784997 0.917448 0.919902 0.829822
0.785056 0.917601 0.920055 0.829895
0.785018 0.917663 0.920117 0.829870
0.784989 0.917690 0.920144 0.829870
0.785048 0.917843 0.920297 0.829942
0.785010 0.917905 0.920359 0.829917
0.784971 0.917967 0.920421 0.829893
0.784961 0.918002 0.920457 0.829868
0.785021 0.918143 0.920623 0.829940
0.784983 0.918205 0.920685 0.829915
0.784954 0.918231 0.920712 0.829915
0.784915 0.918293 0.920774 0.829891
0.784975 0.918446 0.920927 0.829963
0.784936 0.918509 0.920989 0.829938
0.784927 0.918544 0.921025 0.829914
0.784888 0.918593 0.921100 0.829889
0.784929 0.918737 0.921244 0.829986
0.784919 0.918773 0.921280 0.829962
0.784881 0.918835 0.921342 0.829937
0.784941 0.918988 0.921495 0.830009
0.784902 0.919051 0.921557 0.829985
0.784893 0.919086 0.921593 0.829960
0.784835 0.919139 0.921646 0.829960
0.784896 0.919279 0.921812 0.830033
0.784886 0.919315 0.921848 0.830008
0.784848 0.919377 0.921910 0.829984
0.784809 0.919439 0.921972 0.829959
0.784869 0.919593 0.922125 0.830032
0.784841 0.919619 0.922152 0.830032
0.784802 0.919681 0.922214 0.830007
0.784862 0.919822 0.922380 0.830080
0.784853 0.919858 0.922416 0.830055
0.784815 0.919920 0.922478 0.830031
0.784776 0.919982 0.922541 0.830006
0.784836 0.920135 0.922694 0.830079
0.784808 0.920162 0.922720 0.830079
0.784770 0.920224 0.922783 0.830055
0.784732 0.920286 0.922845 0.830030
0.784792 0.920426 0.923011 0.830103
0.784782 0.920462 0.923047 0.830079
0.784744 0.920525 0.923110 0.830054
0.784785 0.920668 0.923253 0.830151
0.784776 0.920704 0.923289 0.830127
0.784738 0.920767 0.923352 0.830103
0.784700 0.920829 0.923414 0.830078
0.784760 0.920982 0.923567 0.830151
0.784751 0.921005 0.923616 0.830127
0.784694 0.921058 0.923669 0.830127
0.784656 0.921120 0.923731 0.830102
0.784745 0.921247 0.923858 0.830175
0.784707 0.921310 0.923921 0.830151
0.784669 0.921372 0.923983 0.830127
0.784729 0.921525 0.924136 0.830200
0.784701 0.921539 0.924176 0.830200
0.784663 0.921601 0.924238 0.830175
0.784625 0.921663 0.924301 0.830151
0.784714 0.921790 0.924428 0.830224
0.784676 0.921853 0.924490 0.830200
0.784639 0.921915 0.924553 0.830176
0.784699 0.922069 0.924706 0.830249
0.784670 0.922095 0.924732 0.830249
0.784633 0.922144 0.924808 0.830224
0.784595 0.922207 0.924870 0.830200
0.784684 0.922334 0.924997 0.830273
0.784647 0.922396 0.925060 0.830249
0.784609 0.922459 0.925122 0.830225
0.784552 0.922511 0.925175 0.830225
0.784641 0.922639 0.925302 0.830298
0.784603 0.922701 0.925364 0.830274
0.784566 0.922750 0.925440 0.830250
0.784655 0.922878 0.925567 0.830323
0.784618 0.922940 0.925630 0.830299
0.784561 0.922993 0.925682 0.830299
0.784523 0.923055 0.925745 0.830275
0.784612 0.923182 0.925872 0.830348
0.784575 0.923245 0.925934 0.830324
0.784538 0.923294 0.926010 0.830300
0.784627 0.923422 0.926137 0.830373
0.784570 0.923474 0.926190 0.830373
0.784532 0.923537 0.926252 0.830349
0.784495 0.923599 0.926315 0.830325
0.784584 0.923726 0.926442 0.830398
0.784547 0.923789 0.926505 0.830375
0.784509 0.923851 0.926567 0.830351
0.784481 0.923865 0.926607 0.830351
0.784542 0.924018 0.926760 0.830424
0.784505 0.924081 0.926823 0.830400
0.784467 0.924143 0.926885 0.830376
0.784557 0.924271 0.927012 0.830449
0.784519 0.924333 0.927075 0.830426
0.784482 0.924396 0.927138 0.830402
0.784454 0.924422 0.927164 0.830402
0.784515 0.924563 0.927331 0.830475
0.784478 0.924625 0.927393 0.830451
0.784441 0.924688 0.927456 0.830427
0.784530 0.924815 0.927583 0.830501
0.784493 0.924878 0.927646 0.830477
0.784436 0.924930 0.927698 0.830477
0.784427 0.924967 0.927735 0.830453
0.784488 0.925120 0.927888 0.830527
0.784452 0.925170 0.927964 0.830503
0.784415 0.925232 0.928027 0.830479
0.784504 0.925360 0.928154 0.830553
0.784447 0.925413 0.928207 0.830553
0.784410 0.925475 0.928269 0.830529
0.784402 0.925511 0.928306 0.830505
0.784463 0.925665 0.928459 0.830579
0.784426 0.925715 0.928535 0.830555
0.784389 0.925777 0.928598 0.830532
0.784459 0.925895 0.928715 0.830629
0.784422 0.925957 0.928778 0.830605
0.784385 0.926020 0.928840 0.830581
0.784377 0.926056 0.928877 0.830558
0.784438 0.926210 0.929031 0.830631
0.784401 0.926273 0.929093 0.830608
0.784344 0.926313 0.929159 0.830608
0.784434 0.926440 0.929286 0.830682
0.784397 0.926503 0.929349 0.830658
0.784361 0.926565 0.929412 0.830634
0.784352 0.926602 0.929448 0.830611
0.784414 0.926756 0.929602 0.830685
0.784357 0.926808 0.929655 0.830685
0.784320 0.926871 0.929717 0.830661
0.784410 0.926985 0.929858 0.830735
0.784373 0.927048 0.929921 0.830711
0.784337 0.927111 0.929983 0.830688
0.784329 0.927147 0.930020 0.830664
0.784370 0.927291 0.930164 0.830762
0.784333 0.927354 0.930226 0.830738
0.784297 0.927416 0.930289 0.830715
0.784387 0.927544 0.930417 0.830789
0.784350 0.927594 0.930492 0.830765
0.784314 0.927656 0.930555 0.830742
0.784286 0.927683 0.930582 0.830742
0.784347 0.927837 0.930735 0.830816
0.784311 0.927899 0.930798 0.830792
0.784274 0.927962 0.930861 0.830769
0.784364 0.928090 0.930989 0.830843
0.784328 0.928152 0.931052 0.830819
0.784271 0.928192 0.931117 0.830819
0.784263 0.928229 0.931154 0.830796
0.784325 0.928383 0.931308 0.830870
0.784289 0.928445 0.931370 0.830847
0.784252 0.928508 0.931433 0.830823
0.784342 0.928636 0.931561 0.830897
0.784286 0.928688 0.931613 0.830897
0.784249 0.928751 0.931676 0.830874
0.784242 0.928775 0.931726 0.830851
0.784303 0.928929 0.931880 0.830925
0.784267 0.928992 0.931943 0.830902
0.784231 0.929054 0.932006 0.830878
0.784321 0.929182 0.932133 0.830953
0.784265 0.929235 0.932186 0.830953
0.784228 0.929297 0.932249 0.830929
0.784221 0.929334 0.932285 0.830906
0.784283 0.929475 0.932452 0.830980
0.784247 0.929538 0.932515 0.830957
0.784211 0.929601 0.932578 0.830934
0.784280 0.929718 0.932696 0.831031
0.784244 0.929781 0.932759 0.831008
0.784208 0.929844 0.932821 0.830985
0.784270 0.929998 0.932975 0.831059
0.784262 0.930035 0.933012 0.831036
0.784227 0.930085 0.933088 0.831013
0.784170 0.930137 0.933141 0.831013
0.784260 0.930265 0.933268 0.831087
0.784225 0.930328 0.933331 0.831064
0.784189 0.930391 0.933394 0.831041
0.784251 0.930545 0.933548 0.831116
0.784243 0.930581 0.933585 0.831093
0.784187 0.930634 0.933638 0.831093
0.784151 0.930684 0.933714 0.831070
0.784241 0.930812 0.933841 0.831144
0.784206 0.930875 0.933904 0.831121
0.784170 0.930938 0.933968 0.831098
0.784232 0.931092 0.934122 0.831172
0.784204 0.931118 0.934148 0.831172
0.784168 0.931181 0.934211 0.831149
0.784132 0.931244 0.934274 0.831126
0.784223 0.931359 0.934415 0.831201
0.784187 0.931422 0.934478 0.831178
0.784152 0.931485 0.934541 0.831155
0.784193 0.931628 0.934684 0.831252
0.784186 0.931665 0.934721 0.831230
0.784150 0.931728 0.934784 0.831207
0.784212 0.931882 0.934938 0.831281
0.784205 0.931919 0.934975 0.831258
0.784170 0.931969 0.935051 0.831236
0.784114 0.932022 0.935104 0.831236
0.784176 0.932176 0.935258 0.831310
0.784169 0.932213 0.935295 0.831287
0.784133 0.932276 0.935358 0.831265
0.784195 0.932430 0.935512 0.831339
0.784167 0.932456 0.935538 0.831339
0.784132 0.932519 0.935601 0.831316
0.784195 0.932660 0.935768 0.831391
0.784159 0.932723 0.935832 0.831368
0.784152 0.932760 0.935869 0.831346
0.784117 0.932823 0.935932 0.831323
0.784158 0.932967 0.936075 0.831420
0.784151 0.933004 0.936112 0.831397
0.784116 0.933067 0.936175 0.831375
0.784178 0.933221 0.936329 0.831450
0.784143 0.933271 0.936406 0.831427
0.784136 0.933308 0.936443 0.831404
0.784080 0.933360 0.936495 0.831404
0.784143 0.933515 0.936649 0.831479
0.784136 0.933552 0.936686 0.831456
0.784100 0.933615 0.936749 0.831434
0.784163 0.933769 0.936904 0.831509
0.784128 0.933832 0.936967 0.831486
0.784100 0.933845 0.937006 0.831486
0.784163 0.934000 0.937160 0.831561
0.784128 0.934063 0.937223 0.831538
0.784121 0.934100 0.937260 0.831516
0.784086 0.934163 0.937324 0.831493
0.784148 0.934317 0.937478 0.831568
0.784092 0.934369 0.937530 0.831568
0.784085 0.934406 0.937567 0.831545
0.784148 0.934548 0.937735 0.831620
0.784113 0.934611 0.937798 0.831598
0.784107 0.934648 0.937835 0.831575
0.784169 0.934802 0.937989 0.831650
0.784113 0.934855 0.938042 0.831650
0.784078 0.934918 0.938105 0.831628
0.784072 0.934955 0.938142 0.831606
0.784135 0.935109 0.938296 0.831681
0.784100 0.935159 0.938373 0.831658
0.784093 0.935196 0.938410 0.831636
0.784135 0.935340 0.938553 0.831733
0.784100 0.935403 0.938616 0.831711
0.784065 0.935466 0.938680 0.831688
0.784156 0.935595 0.938808 0.831763
0.784122 0.935658 0.938871 0.831741
0.784087 0.935721 0.938934 0.831719
0.784157 0.935825 0.939065 0.831816
0.784122 0.935889 0.939128 0.831794
0.784088 0.935952 0.939191 0.831772
0.784053 0.936015 0.939255 0.831749
0.784144 0.936143 0.939383 0.831824
0.784110 0.936207 0.939446 0.831802
0.784054 0.936259 0.939498 0.831802
0.784145 0.936387 0.939627 0.831877
0.784110 0.936438 0.939703 0.831855
0.784076 0.936501 0.939766 0.831833
0.784139 0.936655 0.939921 0.831908
0.784133 0.936692 0.939958 0.831886
0.784077 0.936745 0.940010 0.831886
0.784042 0.936808 0.940074 0.831864
0.784133 0.936936 0.940202 0.831939
0.784099 0.937000 0.940265 0.831917
0.784065 0.937063 0.940329 0.831895
0.784107 0.937193 0.940485 0.831992
0.784100 0.937231 0.940522 0.831970
0.784066 0.937294 0.940586 0.831948
0.784129 0.937448 0.940740 0.832023
0.784123 0.937486 0.940777 0.832001
0.784089 0.937549 0.940841 0.831979
0.784130 0.937692 0.940984 0.832077
0.784096 0.937756 0.941048 0.832054
0.784090 0.937780 0.941098 0.832032
0.784056 0.937843 0.941161 0.832010
0.784119 0.937998 0.941316 0.832086
0.784113 0.938035 0.941353 0.832064
0.784057 0.938087 0.941405 0.832064
0.784121 0.938242 0.941560 0.832139
0.784087 0.938305 0.941623 0.832117
0.784081 0.938342 0.941661 0.832095
0.784144 0.938484 0.941828 0.832171
0.784110 0.938547 0.941892 0.832149
0.784082 0.938573 0.941918 0.832149
0.784146 0.938728 0.942072 0.832224
0.784112 0.938791 0.942136 0.832202
0.784078 0.938855 0.942199 0.832180
0.784072 0.938892 0.942237 0.832159
0.784135 0.939047 0.942391 0.832234
0.784080 0.939099 0.942443 0.832234
0.784074 0.939123 0.942494 0.832212
0.784138 0.939278 0.942648 0.832288
0.784104 0.939341 0.942712 0.832266
0.784070 0.939405 0.942775 0.832244
0.784162 0.939533 0.942904 0.832320
0.784106 0.939585 0.942956 0.832320
0.784072 0.939649 0.943019 0.832298
0.784164 0.939777 0.943148 0.832374
0.784130 0.939828 0.943224 0.832352
0.784096 0.939891 0.943288 0.832330
0.784041 0.939943 0.943340 0.832330
0.784132 0.940072 0.943469 0.832406
0.784099 0.940135 0.943532 0.832384
0.784065 0.940199 0.943596 0.832362
0.784157 0.940328 0.943724 0.832438
0.784123 0.940391 0.943788 0.832417
0.784068 0.940430 0.943853 0.832417
0.784132 0.940585 0.944008 0.832492
0.784126 0.940622 0.944045 0.832471
0.784092 0.940686 0.944109 0.832449
0.784156 0.940841 0.944263 0.832525
0.784151 0.940878 0.944301 0.832503
0.784095 0.940930 0.944353 0.832503
0.784159 0.941085 0.944508 0.832579
0.784125 0.941148 0.944571 0.832557
0.784120 0.941173 0.944622 0.832536
0.784087 0.941236 0.944685 0.832514
0.784151 0.941391 0.944840 0.832590
0.784123 0.941417 0.944866 0.832590
0.784090 0.941480 0.944930 0.832569
0.784154 0.941635 0.945084 0.832645
0.784120 0.941699 0.945148 0.832623
0.784115 0.941736 0.945186 0.832601
0.784157 0.941867 0.945342 0.832699
0.784124 0.941930 0.945405 0.832678
0.784118 0.941968 0.945443 0.832656
0.784182 0.942123 0.945598 0.832732
0.784149 0.942186 0.945661 0.832711
0.784116 0.942250 0.945725 0.832689
0.784186 0.942367 0.945842 0.832787
0.784152 0.942430 0.945906 0.832765
0.784119 0.942494 0.945970 0.832744
0.784114 0.942518 0.946020 0.832722
0.784178 0.942673 0.946175 0.832798
0.784145 0.942737 0.946239 0.832777
0.784090 0.942789 0.946291 0.832777
0.784182 0.942918 0.946419 0.832853
0.784149 0.942981 0.946483 0.832832
0.784116 0.943045 0.946547 0.832810
0.784208 0.943174 0.946676 0.832887
0.784175 0.943224 0.946752 0.832865
0.784120 0.943276 0.946804 0.832865
0.784184 0.943431 0.946959 0.832942
0.784179 0.943469 0.946997 0.832920
0.784146 0.943532 0.947060 0.832899
0.784211 0.943687 0.947215 0.832975
0.784183 0.943713 0.947241 0.832975
0.784150 0.943777 0.947305 0.832954
0.784215 0.943932 0.947460 0.833030
0.784182 0.943983 0.947537 0.833009
0.784177 0.944020 0.947574 0.832988
0.784144 0.944084 0.947638 0.832966
0.784186 0.944227 0.947781 0.833064
0.784153 0.944291 0.947845 0.833043
0.784148 0.944328 0.947883 0.833022
0.784213 0.944483 0.948037 0.833098
0.784180 0.944547 0.948101 0.833077
0.784176 0.944572 0.948152 0.833056
0.784218 0.944715 0.948295 0.833153
0.784185 0.944779 0.948359 0.833132
0.784152 0.944842 0.948423 0.833111
0.784245 0.944971 0.948551 0.833188
0.784212 0.945035 0.948615 0.833166
0.784157 0.945087 0.948667 0.833166
0.784249 0.945216 0.948796 0.833243
0.784217 0.945280 0.948860 0.833222
0.784185 0.945330 0.948937 0.833201
0.784249 0.945485 0.949092 0.833277
0.784245 0.945523 0.949129 0.833256
0.784189 0.945575 0.949181 0.833256
0.784254 0.945730 0.949336 0.833333
0.784249 0.945768 0.949374 0.833312
0.784217 0.945831 0.949438 0.833291
0.784282 0.945986 0.949593 0.833367
0.784250 0.946037 0.949670 0.833346
0.784222 0.946063 0.949696 0.833346
0.784190 0.946127 0.949760 0.833325
0.784255 0.946282 0.949915 0.833402
0.784250 0.946320 0.949952 0.833381
0.784218 0.946383 0.950016 0.833360
0.784260 0.946527 0.950159 0.833458
0.784228 0.946590 0.950223 0.833437
0.784223 0.946628 0.950261 0.833416
0.784289 0.946770 0.950429 0.833493
0.784256 0.946834 0.950493 0.833472
0.784252 0.946872 0.950531 0.833451
0.784294 0.947015 0.950674 0.833549
0.784262 0.947079 0.950738 0.833528
0.784230 0.947142 0.950802 0.833507
0.784322 0.947272 0.950931 0.833584
0.784290 0.947335 0.950994 0.833563
0.784235 0.947387 0.951046 0.833563
0.784328 0.947503 0.951188 0.833640
0.784296 0.947567 0.951252 0.833619
0.784264 0.947631 0.951316 0.833598
0.784330 0.947786 0.951471 0.833675
0.784325 0.947824 0.951509 0.833654
0.784270 0.947876 0.951561 0.833654
0.784335 0.948031 0.951716 0.833731
0.784331 0.948069 0.951754 0.833710
0.784299 0.948120 0.951831 0.833690
0.784365 0.948275 0.951986 0.833767
0.784333 0.948339 0.952050 0.833746
0.784306 0.948364 0.952076 0.833746
0.784371 0.948520 0.952231 0.833823
0.784339 0.948583 0.952295 0.833802
0.784335 0.948621 0.952333 0.833782
0.784303 0.948685 0.952397 0.833761
0.784345 0.948828 0.952540 0.833859
0.784314 0.948879 0.952617 0.833838
0.784310 0.948917 0.952655 0.833817
0.784375 0.949072 0.952810 0.833895
0.784344 0.949136 0.952874 0.833874
0.784339 0.949174 0.952912 0.833853
0.784382 0.949317 0.953055 0.833951
0.784350 0.949381 0.953119 0.833930
0.784318 0.949445 0.953183 0.833910
0.784412 0.949574 0.953312 0.833987
0.784380 0.949625 0.953389 0.833966
0.784325 0.949677 0.953441 0.833966
0.784419 0.949806 0.953570 0.834044
0.784387 0.949870 0.953634 0.834023
0.784355 0.949934 0.953698 0.834003
0.784421 0.950089 0.953853 0.834080
0.784417 0.950127 0.953891 0.834059
0.784362 0.950179 0.953943 0.834059
0.784428 0.950334 0.954098 0.834137
0.784424 0.950359 0.954149 0.834116
0.784393 0.950423 0.954213 0.834096
0.784459 0.950578 0.954368 0.834173
0.784428 0.950642 0.954432 0.834153
0.784400 0.950668 0.954458 0.834153
0.784466 0.950823 0.954614 0.834230
0.784435 0.950887 0.954678 0.834210
0.784431 0.950925 0.954716 0.834189
0.784497 0.951081 0.954871 0.834267
0.784442 0.951119 0.954936 0.834267
0.784411 0.951183 0.955000 0.834246
0.784504 0.951313 0.955129 0.834324
0.784473 0.951377 0.955193 0.834303
0.784442 0.951441 0.955257 0.834283
0.784536 0.951570 0.955386 0.834361
0.784481 0.951622 0.955438 0.834361
0.784450 0.951686 0.955502 0.834340
0.784516 0.951828 0.955670 0.834418
0.784512 0.951866 0.955709 0.834398
0.784481 0.951930 0.955773 0.834377
0.784524 0.952073 0.955916 0.834475
0.784520 0.952111 0.955954 0.834455
0.784489 0.952175 0.956018 0.834435
0.784555 0.952331 0.956173 0.834512
0.784524 0.952395 0.956237 0.834492
0.784521 0.952433 0.956275 0.834472
0.784564 0.952563 0.956431 0.834570
0.784533 0.952627 0.956495 0.834549
0.784529 0.952665 0.956534 0.834529
0.784595 0.952820 0.956689 0.834607
0.784564 0.952884 0.956753 0.834587
0.784510 0.952936 0.956805 0.834587
0.784603 0.953065 0.956934 0.834664
0.784573 0.953129 0.956998 0.834644
0.784542 0.953193 0.957062 0.834624
0.784636 0.953310 0.957205 0.834702
0.784605 0.953374 0.957269 0.834682
0.784551 0.953426 0.957321 0.834682
0.784617 0.953581 0.957476 0.834760
0.784614 0.953619 0.957514 0.834740
0.784583 0.953683 0.957578 0.834719
0.784649 0.953839 0.957734 0.834797
0.784622 0.953864 0.957760 0.834797
0.784591 0.953928 0.957824 0.834777
0.784658 0.954071 0.957992 0.834855
0.784628 0.954135 0.958056 0.834835
0.784624 0.954173 0.958094 0.834815
0.784691 0.954329 0.958250 0.834893
0.784637 0.954380 0.958301 0.834893
0.784633 0.954418 0.958340 0.834873
0.784700 0.954574 0.958495 0.834951
0.784669 0.954638 0.958559 0.834931
0.784639 0.954702 0.958624 0.834911
0.784709 0.954806 0.958753 0.835009
0.784679 0.954870 0.958818 0.834989
0.784648 0.954934 0.958882 0.834969
0.784742 0.955064 0.959011 0.835047
0.784712 0.955128 0.959076 0.835027
0.784658 0.955180 0.959127 0.835027
0.784724 0.955335 0.959283 0.835105
0.784721 0.955373 0.959321 0.835085
0.784691 0.955437 0.959385 0.835066
0.784758 0.955580 0.959554 0.835144
0.784755 0.955618 0.959592 0.835124
0.784701 0.955670 0.959644 0.835124
0.784767 0.955825 0.959799 0.835202
0.784737 0.955889 0.959863 0.835182
0.784734 0.955928 0.959902 0.835162
0.784801 0.956083 0.960057 0.835241
0.784747 0.956135 0.960109 0.835241
0.784744 0.956173 0.960147 0.835221
0.784811 0.956316 0.960315 0.835299
0.784781 0.956380 0.960380 0.835279
0.784751 0.956444 0.960444 0.835260
0.784845 0.956574 0.960574 0.835338
0.784791 0.956625 0.960625 0.835338
0.784761 0.956689 0.960689 0.835318
0.784855 0.956819 0.960819 0.835396
0.784825 0.956883 0.960883 0.835377
0.784795 0.956947 0.960948 0.835357
0.784838 0.957090 0.961090 0.835455
0.784836 0.957116 0.961142 0.835435
0.784806 0.957180 0.961206 0.835416
0.784873 0.957335 0.961361 0.835494
0.784870 0.957374 0.961400 0.835474
0.784913 0.957517 0.961543 0.835572
0.784883 0.957581 0.961607 0.835553
0.784853 0.957645 0.961671 0.835533
0.784948 0.957775 0.961801 0.835612
0.784918 0.957839 0.961865 0.835592
0.784888 0.957890 0.961943 0.835572
0.784958 0.958007 0.962059 0.835671
0.784929 0.958071 0.962124 0.835651
0.784899 0.958136 0.962188 0.835631
0.784966 0.958291 0.962344 0.835710
0.784964 0.958330 0.962382 0.835690
0.784910 0.958381 0.962434 0.835690
0.784977 0.958537 0.962589 0.835769
0.784974 0.958575 0.962628 0.835749
0.784945 0.958626 0.962705 0.835730
0.785013 0.958782 0.962861 0.835809
0.784983 0.958846 0.962925 0.835789
0.784956 0.958872 0.962951 0.835789
0.785023 0.959028 0.963106 0.835868
0.784994 0.959092 0.963170 0.835848
0.784992 0.959130 0.963209 0.835829
0.785059 0.959286 0.963365 0.835907
0.785005 0.959337 0.963416 0.835907
0.784976 0.959388 0.963493 0.835888
0.785071 0.959519 0.963623 0.835967
0.785041 0.959583 0.963688 0.835947
0.785012 0.959647 0.963752 0.835928
0.785082 0.959764 0.963869 0.836026
0.785053 0.959828 0.963933 0.836007
0.785023 0.959892 0.963998 0.835987
0.785091 0.960048 0.964153 0.836066
0.785089 0.960087 0.964192 0.836047
0.785157 0.960229 0.964360 0.836126
0.785103 0.960281 0.964412 0.836126
0.785101 0.960319 0.964450 0.836106
0.785168 0.960475 0.964606 0.836185
0.785139 0.960539 0.964670 0.836166
0.785110 0.960603 0.964735 0.836147
0.785180 0.960721 0.964852 0.836245
0.785151 0.960785 0.964916 0.836226
0.785122 0.960849 0.964980 0.836206
0.785217 0.960979 0.965110 0.836285
0.785188 0.961030 0.965188 0.836266
0.785134 0.961082 0.965239 0.836266
0.785202 0.961238 0.965395 0.836345
0.785200 0.961276 0.965433 0.836326
0.785171 0.961340 0.965498 0.836307
0.785239 0.961496 0.965653 0.836386
0.785237 0.961535 0.965692 0.836366
0.785183 0.961586 0.965743 0.836366
0.785251 0.961742 0.965899 0.836445
0.785222 0.961793 0.965977 0.836426
0.785221 0.961832 0.966015 0.836407
0.785289 0.961987 0.966171 0.836486
0.785235 0.962039 0.966222 0.836486
0.785233 0.962077 0.966261 0.836467
0.785301 0.962233 0.966417 0.836546
0.785272 0.962297 0.966481 0.836527
0.785340 0.962453 0.966637 0.836606
0.785313 0.962479 0.966662 0.836606
0.785285 0.962530 0.966740 0.836587
0.785353 0.962686 0.966895 0.836666
0.785351 0.962725 0.966934 0.836647
0.785323 0.962789 0.966999 0.836628
0.785391 0.962945 0.967154 0.836708
0.785337 0.962996 0.967206 0.836708
0.785336 0.963035 0.967245 0.836689
0.785404 0.963190 0.967400 0.836768
0.785375 0.963255 0.967465 0.836749
0.785374 0.963293 0.967503 0.836730
0.785417 0.963423 0.967659 0.836828
0.785389 0.963488 0.967723 0.836809
0.785360 0.963552 0.967788 0.836790
0.785455 0.963682 0.967918 0.836870
0.785427 0.963746 0.967982 0.836851
0.785470 0.963889 0.968125 0.836949
0.785468 0.963928 0.968164 0.836930
0.785440 0.963992 0.968228 0.836911
0.785509 0.964148 0.968384 0.836991
0.785481 0.964199 0.968461 0.836972
0.785454 0.964225 0.968487 0.836972
0.785522 0.964381 0.968643 0.837051
0.785494 0.964445 0.968707 0.837032
0.785493 0.964484 0.968746 0.837014
0.785561 0.964640 0.968902 0.837093
0.785533 0.964704 0.968966 0.837074
0.785479 0.964755 0.969018 0.837074
0.785575 0.964886 0.969148 0.837154
0.785547 0.964950 0.969212 0.837135
0.785519 0.965001 0.969290 0.837116
0.785614 0.965132 0.969420 0.837196
0.785561 0.965183 0.969471 0.837196
0.785629 0.965339 0.969627 0.837275
0.785601 0.965403 0.969691 0.837257
0.785600 0.965442 0.969730 0.837238
0.785669 0.965598 0.969886 0.837317
0.785615 0.965649 0.969937 0.837317
0.785614 0.965688 0.969976 0.837299
0.785683 0.965831 0.970145 0.837378
0.785655 0.965895 0.970210 0.837360
0.785627 0.965959 0.970274 0.837341
0.785697 0.966077 0.970391 0.837439
0.785669 0.966141 0.970455 0.837421
0.785641 0.966205 0.970520 0.837402
0.785737 0.966336 0.970650 0.837482
0.785709 0.966400 0.970715 0.837463
0.785656 0.966451 0.970766 0.837463
0.785725 0.966607 0.970922 0.837543
0.785724 0.966633 0.970974 0.837524
0.785793 0.966789 0.971129 0.837604
0.785765 0.966853 0.971194 0.837586
0.785764 0.966892 0.971233 0.837567
0.785807 0.967035 0.971375 0.837665
0.785780 0.967099 0.971440 0.837647
0.785752 0.967164 0.971505 0.837628
0.785848 0.967294 0.971635 0.837708
0.785820 0.967358 0.971699 0.837690
0.785767 0.967409 0.971751 0.837690
0.785863 0.967527 0.971894 0.837770
0.785835 0.967591 0.971958 0.837751
0.785808 0.967656 0.972023 0.837733
0.785877 0.967812 0.972179 0.837813
0.785850 0.967837 0.972204 0.837813
0.785920 0.967993 0.972360 0.837892
0.785892 0.968058 0.972425 0.837874
0.785891 0.968097 0.972464 0.837856
0.785960 0.968253 0.972620 0.837936
0.785908 0.968291 0.972684 0.837936
0.785880 0.968355 0.972748 0.837917
0.785976 0.968486 0.972879 0.837997
0.785949 0.968550 0.972943 0.837979
0.785922 0.968614 0.973008 0.837961
0.785991 0.968732 0.973125 0.838059
0.785964 0.968796 0.973189 0.838041
0.786034 0.968952 0.973345 0.838121
0.786006 0.969016 0.973410 0.838102
0.786006 0.969055 0.973449 0.838084
0.786075 0.969199 0.973618 0.838164
0.786022 0.969249 0.973669 0.838164
0.786022 0.969288 0.973708 0.838146
0.786091 0.969444 0.973864 0.838226
0.786064 0.969509 0.973928 0.838208
0.786037 0.969573 0.973993 0.838190
0.786107 0.969690 0.974110 0.838288
0.786080 0.969755 0.974174 0.838270
0.786053 0.969819 0.974239 0.838252
0.786149 0.969950 0.974369 0.838332
0.786122 0.970001 0.974447 0.838314
0.786166 0.970144 0.974589 0.838412
0.786139 0.970208 0.974654 0.838394
0.786138 0.970247 0.974693 0.838376
0.786208 0.970404 0.974849 0.838456
0.786181 0.970468 0.974914 0.838438
0.786155 0.970494 0.974939 0.838438
0.786224 0.970650 0.975095 0.838518
0.786197 0.970714 0.975160 0.838500
0.786170 0.970779 0.975224 0.838482
0.786267 0.970896 0.975368 0.838562
0.786214 0.970947 0.975419 0.838562
0.786284 0.971103 0.975575 0.838643
0.786284 0.971142 0.975614 0.838625
0.786257 0.971207 0.975679 0.838607
0.786327 0.971363 0.975835 0.838687
0.786274 0.971414 0.975886 0.838687
0.786273 0.971453 0.975925 0.838669
0.786343 0.971609 0.976081 0.838749
0.786317 0.971673 0.976145 0.838731
0.786317 0.971700 0.976198 0.838713
0.786361 0.971842 0.976340 0.838812
0.786334 0.971907 0.976405 0.838794
0.786404 0.972063 0.976560 0.838874
0.786404 0.972102 0.976600 0.838856
0.786377 0.972166 0.976664 0.838839
0.786421 0.972309 0.976807 0.838937
0.786421 0.972348 0.976846 0.838919
0.786394 0.972412 0.976911 0.838901
0.786464 0.972568 0.977067 0.838982
0.786438 0.972620 0.977144 0.838964
0.786535 0.972751 0.977275 0.839044
0.786482 0.972802 0.977326 0.839044
0.786456 0.972866 0.977390 0.839027
0.786552 0.972997 0.977521 0.839107
0.786526 0.973061 0.977586 0.839089
0.786499 0.973126 0.977650 0.839072
0.786543 0.973268 0.977792 0.839170
0.786543 0.973308 0.977832 0.839152
0.786517 0.973372 0.977897 0.839134
0.786588 0.973515 0.978065 0.839215
0.786588 0.973554 0.978105 0.839197
0.786631 0.973697 0.978247 0.839296
0.786605 0.973761 0.978312 0.839278
0.786579 0.973826 0.978376 0.839260
0.786676 0.973957 0.978507 0.839341
0.786650 0.974021 0.978572 0.839323
0.786597 0.974072 0.978623 0.839323
0.786694 0.974203 0.978753 0.839404
0.786668 0.974267 0.978818 0.839386
0.786738 0.974411 0.978987 0.839467
0.786712 0.974475 0.979052 0.839450
0.786686 0.974501 0.979077 0.839450
0.786756 0.974657 0.979233 0.839530
0.786730 0.974721 0.979298 0.839513
0.786731 0.974761 0.979337 0.839495
0.786801 0.974917 0.979493 0.839576
0.786749 0.974967 0.979544 0.839576
0.786723 0.975032 0.979609 0.839559
0.786820 0.975163 0.979739 0.839639
0.786794 0.975214 0.979817 0.839622
0.786865 0.975371 0.979973 0.839703
0.786838 0.975396 0.979999 0.839703
0.786813 0.975461 0.980063 0.839685
0.786883 0.975617 0.980219 0.839766
0.786858 0.975681 0.980284 0.839749
0.786858 0.975721 0.980324 0.839731
0.786902 0.975863 0.980466 0.839830
0.786876 0.975928 0.980530 0.839812
0.786973 0.976059 0.980661 0.839893
0.786948 0.976110 0.980739 0.839876
0.786922 0.976175 0.980804 0.839858
0.786966 0.976317 0.980946 0.839957
0.786967 0.976356 0.980985 0.839939
0.786941 0.976421 0.981050 0.839922
0.787012 0.976577 0.981206 0.840003
0.787013 0.976616 0.981246 0.839986
0.787057 0.976759 0.981387 0.840084
0.787031 0.976823 0.981452 0.840067
0.787006 0.976888 0.981517 0.840049
0.787103 0.977006 0.981661 0.840130
0.787078 0.977071 0.981726 0.840113
0.787025 0.977121 0.981776 0.840113
0.787122 0.977252 0.981907 0.840194
0.787097 0.977317 0.981972 0.840177
0.787168 0.977473 0.982128 0.840258
0.787143 0.977538 0.982193 0.840241
0.787117 0.977563 0.982218 0.840241
0.787187 0.977719 0.982374 0.840322
0.787162 0.977784 0.982439 0.840305
0.787164 0.977810 0.982492 0.840288
0.787235 0.977967 0.982648 0.840369
0.787182 0.978017 0.982698 0.840369
0.787253 0.978173 0.982854 0.840450
0.787254 0.978213 0.982894 0.840433
0.787229 0.978277 0.982959 0.840416
0.787300 0.978434 0.983115 0.840497
0.787274 0.978459 0.983140 0.840497
0.787249 0.978524 0.983205 0.840480
0.787320 0.978680 0.983361 0.840561
0.787295 0.978745 0.983426 0.840544
0.787393 0.978863 0.983570 0.840626
0.787341 0.978913 0.983620 0.840626
0.787316 0.978978 0.983685 0.840608
0.787413 0.979109 0.983816 0.840690
0.787388 0.979174 0.983881 0.840673
0.787363 0.979238 0.983946 0.840656
0.787407 0.979380 0.984088 0.840754
0.787408 0.979420 0.984127 0.840737
0.787480 0.979576 0.984283 0.840819
0.787455 0.979641 0.984348 0.840801
0.787457 0.979667 0.984401 0.840784
0.787501 0.979809 0.984543 0.840883
0.787476 0.979874 0.984608 0.840866
0.787451 0.979939 0.984672 0.840849
0.787549 0.980070 0.984803 0.840930
0.787524 0.980134 0.984868 0.840914
0.787568 0.980277 0.985010 0.841012
0.787569 0.980316 0.985050 0.840995
0.787545 0.980381 0.985114 0.840978
0.787616 0.980537 0.985271 0.841060
0.787592 0.980589 0.985348 0.841043
0.787566 0.980614 0.985374 0.841043
0.787638 0.980770 0.985530 0.841124
0.787613 0.980835 0.985595 0.841108
0.787711 0.980966 0.985726 0.841189
0.787686 0.981031 0.985791 0.841172
0.787634 0.981081 0.985841 0.841172
0.787706 0.981238 0.985997 0.841254
0.787707 0.981277 0.986037 0.841237
0.787683 0.981342 0.986102 0.841220
0.787754 0.981498 0.986258 0.841302
0.787729 0.981510 0.986296 0.841302
0.787801 0.981667 0.986452 0.841384
0.787776 0.981731 0.986517 0.841367
0.787752 0.981796 0.986582 0.841350
0.787822 0.981913 0.986699 0.841449
0.787798 0.981978 0.986764 0.841432
0.787870 0.982134 0.986920 0.841514
0.787871 0.982174 0.986960 0.841497
0.787847 0.982238 0.987024 0.841480
0.787891 0.982380 0.987166 0.841579
0.787867 0.982432 0.987244 0.841562
0.787869 0.982472 0.987284 0.841545
0.787941 0.982628 0.987440 0.841627
0.787917 0.982693 0.987505 0.841611
0.787987 0.982810 0.987621 0.841709
0.787963 0.982874 0.987686 0.841692
0.787939 0.982939 0.987751 0.841676
0.788011 0.983095 0.987907 0.841758
0.788013 0.983135 0.987947 0.841741
0.788057 0.983277 0.988089 0.841840
0.788033 0.983342 0.988154 0.841823
0.788035 0.983368 0.988206 0.841806
0.788107 0.983525 0.988363 0.841888
0.788083 0.983589 0.988428 0.841872
0.788032 0.983640 0.988478 0.841872
0.788130 0.983771 0.988609 0.841954
0.788106 0.983836 0.988674 0.841937
0.788178 0.983992 0.988830 0.842019
0.788180 0.984032 0.988870 0.842003
0.788128 0.984082 0.988920 0.842003
0.788200 0.984239 0.989077 0.842085
0.788177 0.984303 0.989142 0.842068
0.788275 0.984422 0.989286 0.842150
0.788251 0.984486 0.989351 0.842134
0.788200 0.984537 0.989401 0.842134
0.788298 0.984668 0.989532 0.842216
0.788274 0.984733 0.989597 0.842200
0.788250 0.984797 0.989662 0.842183
0.788323 0.984954 0.989818 0.842265
0.788297 0.984979 0.989843 0.842265
0.788369 0.985135 0.990000 0.842348
0.788346 0.985200 0.990064 0.842331
0.788348 0.985227 0.990117 0.842315
0.788393 0.985369 0.990259 0.842413
0.788369 0.985433 0.990324 0.842397
0.788442 0.985590 0.990480 0.842479
0.788444 0.985630 0.990520 0.842463
0.788421 0.985694 0.990585 0.842446
0.788465 0.985836 0.990726 0.842545
0.788467 0.985876 0.990766 0.842529
0.788444 0.985941 0.990831 0.842512
0.788516 0.986097 0.990988 0.842595
0.788493 0.986162 0.991052 0.842578
0.788564 0.986266 0.991182 0.842677
0.788540 0.986330 0.991247 0.842661
0.788517 0.986395 0.991312 0.842645
0.788615 0.986527 0.991443 0.842727
0.788592 0.986591 0.991508 0.842711
0.788637 0.986733 0.991650 0.842809
0.788613 0.986798 0.991715 0.842793
0.788616 0.986838 0.991754 0.842777
0.788689 0.986994 0.991911 0.842859
0.788665 0.987059 0.991976 0.842843
0.788736 0.987176 0.992092 0.842942
0.788713 0.987227 0.992170 0.842926
0.788690 0.987292 0.992235 0.842909
0.788763 0.987449 0.992391 0.842992
0.788765 0.987488 0.992431 0.842976
0.788714 0.987539 0.992481 0.842976
0.788787 0.987695 0.992638 0.843058
0.788789 0.987735 0.992678 0.843042
0.788862 0.987891 0.992834 0.843125
0.788811 0.987941 0.992884 0.843125
0.788788 0.988006 0.992949 0.843109
0.788887 0.988138 0.993080 0.843191
0.788864 0.988189 0.993158 0.843175
0.788937 0.988346 0.993315 0.843258
0.788912 0.988371 0.993340 0.843258
0.788889 0.988436 0.993405 0.843242
0.788962 0.988592 0.993561 0.843324
0.788939 0.988657 0.993626 0.843308
0.789038 0.988789 0.993757 0.843391
0.788986 0.988839 0.993807 0.843391
0.788964 0.988903 0.993872 0.843375
0.789062 0.989035 0.994004 0.843458
0.789040 0.989100 0.994069 0.843442
0.789113 0.989243 0.994238 0.843524
0.789062 0.989293 0.994288 0.843524
0.789065 0.989333 0.994328 0.843508
0.789138 0.989490 0.994484 0.843591
0.789116 0.989554 0.994549 0.843575
0.789186 0.989671 0.994666 0.843674
0.789163 0.989736 0.994731 0.843658
0.789141 0.989801 0.994796 0.843642
0.789214 0.989957 0.994952 0.843725
0.789217 0.989997 0.994992 0.843709
0.789166 0.990047 0.995042 0.843709
0.789240 0.990191 0.995212 0.843792
0.789243 0.990230 0.995251 0.843776
0.789316 0.990387 0.995408 0.843859
0.789294 0.990452 0.995473 0.843843
0.789243 0.990502 0.995523 0.843843
0.789342 0.990633 0.995654 0.843926
0.789319 0.990698 0.995719 0.843910
0.789393 0.990855 0.995876 0.843993
0.789396 0.990895 0.995916 0.843977
0.789345 0.990945 0.995966 0.843977
0.789418 0.991101 0.996122 0.844060
0.789397 0.991153 0.996200 0.844045
0.789496 0.991284 0.996331 0.844128
0.789473 0.991349 0.996396 0.844112
0.789422 0.991399 0.996446 0.844112
0.789521 0.991531 0.996578 0.844195
0.789499 0.991596 0.996643 0.844179
0.789573 0.991752 0.996799 0.844262
0.789522 0.991802 0.996849 0.844262
0.789525 0.991842 0.996889 0.844247
0.789599 0.991999 0.997046 0.844330
0.789577 0.992063 0.997111 0.844314
0.789677 0.992182 0.997255 0.844397
0.789626 0.992232 0.997305 0.844397
0.789604 0.992297 0.997370 0.844381
0.789677 0.992453 0.997526 0.844465
0.789681 0.992493 0.997566 0.844449
0.789755 0.992650 0.997723 0.844532
0.789704 0.992700 0.997773 0.844532
0.789707 0.992740 0.997813 0.844517
0.789781 0.992896 0.997969 0.844600
0.789759 0.992961 0.998034 0.844584
0.789804 0.993103 0.998176 0.844683
0.789808 0.993129 0.998229 0.844667
0.789787 0.993194 0.998294 0.844652
0.789860 0.993351 0.998450 0.844735
0.789864 0.993391 0.998490 0.844720
0.789909 0.993532 0.998631 0.844818
0.789887 0.993597 0.998696 0.844803
0.789866 0.993662 0.998762 0.844787
0.789965 0.993794 0.998893 0.844871
0.789943 0.993859 0.998958 0.844855
0.789988 0.994000 0.999099 0.844954
0.789992 0.994040 0.999139 0.844939
0.789970 0.994105 0.999204 0.844923
0.790045 0.994249 0.999374 0.845007
0.789994 0.994298 0.999424 0.845007
0.790094 0.994430 0.999555 0.845090
0.790072 0.994495 0.999620 0.845075
0.790051 0.994560 0.999685 0.845059
0.790150 0.994692 0.999817 0.845143
0.790100 0.994741 0.999867 0.845143
0.790174 0.994898 1.000023 0.845226
0.790152 0.994963 1.000088 0.845211
0.790156 0.995003 1.000128 0.845195
0.790231 0.995159 1.000285 0.845279
0.790181 0.995196 1.000347 0.845279
0.790280 0.995328 1.000479 0.845362
0.790259 0.995393 1.000544 0.845347
0.790238 0.995458 1.000609 0.845332
0.790312 0.995614 1.000766 0.845415
0.790287 0.995639 1.000790 0.845415
0.790361 0.995796 1.000947 0.845499
0.790340 0.995860 1.001012 0.845484
0.790344 0.995900 1.001052 0.845468
0.790389 0.996042 1.001193 0.845567
0.790368 0.996107 1.001258 0.845552
0.790443 0.996250 1.001428 0.845636
0.790447 0.996290 1.001468 0.845620
0.790426 0.996355 1.001533 0.845605
0.790471 0.996497 1.001674 0.845704
0.790475 0.996537 1.001714 0.845689
0.790550 0.996693 1.001871 0.845773
0.790529 0.996758 1.001936 0.845757
0.790478 0.996808 1.001986 0.845757
0.790578 0.996940 1.002117 0.845841
0.790557 0.997005 1.002182 0.845826
0.790632 0.997161 1.002339 0.845910
0.790636 0.997201 1.002379 0.845895
0.790586 0.997238 1.002442 0.845895
0.790661 0.997395 1.002598 0.845978
0.790640 0.997459 1.002663 0.845963
0.790740 0.997591 1.002795 0.846047
0.790719 0.997656 1.002860 0.846032
0.790669 0.997706 1.002909 0.846032
0.790769 0.997838 1.003041 0.846116
0.790748 0.997903 1.003106 0.846101
0.790823 0.998059 1.003263 0.846185
0.790772 0.998109 1.003312 0.846185
0.790872 0.998241 1.003444 0.846269
0.790852 0.998306 1.003509 0.846254
0.790832 0.998357 1.003587 0.846239
0.790932 0.998489 1.003719 0.846323
0.790881 0.998539 1.003768 0.846323
0.790956 0.998695 1.003925 0.846406
0.790936 0.998760 1.003990 0.846391
0.790940 0.998800 1.004030 0.846377
0.791015 0.998957 1.004187 0.846461
0.790965 0.999007 1.004236 0.846461
0.791065 0.999139 1.004368 0.846545
0.791045 0.999203 1.004433 0.846530
0.791024 0.999268 1.004498 0.846515
0.791070 0.999397 1.004652 0.846614
0.791075 0.999437 1.004692 0.846599
0.791150 0.999593 1.004849 0.846683
0.791129 0.999658 1.004914 0.846668
0.791134 0.999698 1.004954 0.846653
0.791179 0.999840 1.005095 0.846752
0.791159 0.999905 1.005160 0.846737
0.791234 1.000061 1.005317 0.846821
0.791239 1.000101 1.005357 0.846807
0.791284 1.000243 1.005498 0.846905
0.791264 1.000308 1.005563 0.846891
0.791269 1.000348 1.005603 0.846876
0.791345 1.000491 1.005773 0.846960
0.791325 1.000556 1.005838 0.846945
0.791370 1.000698 1.005979 0.847044
0.791375 1.000738 1.006019 0.847029
0.791355 1.000803 1.006084 0.847015
0.791430 1.000959 1.006241 0.847099
0.791435 1.000999 1.006281 0.847084
0.791481 1.001141 1.006422 0.847183
0.791461 1.001206 1.006487 0.847169
0.791441 1.001270 1.006552 0.847154
0.791541 1.001402 1.006684 0.847238
0.791491 1.001452 1.006734 0.847238
0.791567 1.001595 1.006903 0.847322
0.791572 1.001636 1.006943 0.847308
0.791648 1.001792 1.007100 0.847392
0.791628 1.001857 1.007165 0.847377
0.791578 1.001907 1.007214 0.847377
0.791678 1.002039 1.007346 0.847462
0.791659 1.002104 1.007411 0.847447
0.791734 1.002260 1.007568 0.847532
0.791709 1.002285 1.007593 0.847532
0.791689 1.002350 1.007658 0.847517
0.791765 1.002507 1.007814 0.847601
0.791745 1.002571 1.007879 0.847587
0.791847 1.002690 1.008024 0.847671
0.791797 1.002740 1.008073 0.847671
0.791777 1.002805 1.008138 0.847657
0.791878 1.002937 1.008270 0.847741
0.791858 1.003002 1.008335 0.847727
0.791904 1.003143 1.008476 0.847826
0.791884 1.003208 1.008541 0.847811
0.791985 1.003340 1.008673 0.847896
0.791965 1.003405 1.008738 0.847881
0.791946 1.003469 1.008803 0.847867
0.792016 1.003586 1.008919 0.847966
0.791997 1.003651 1.008985 0.847951
0.792073 1.003795 1.009154 0.848036
0.792054 1.003859 1.009219 0.848022
0.792029 1.003884 1.009244 0.848022
0.792105 1.004041 1.009400 0.848106
0.792085 1.004106 1.009465 0.848092
0.792186 1.004238 1.009597 0.848176
0.792167 1.004303 1.009662 0.848162
0.792212 1.004444 1.009803 0.848261
0.792193 1.004509 1.009868 0.848247
0.792199 1.004549 1.009909 0.848232
0.792275 1.004706 1.010065 0.848317
0.792225 1.004755 1.010115 0.848317
0.792327 1.004874 1.010259 0.848402
0.792307 1.004939 1.010324 0.848387
0.792288 1.005004 1.010390 0.848373
0.792364 1.005160 1.010546 0.848458
0.792340 1.005185 1.010571 0.848458
0.792416 1.005342 1.010727 0.848543
0.792397 1.005407 1.010792 0.848528
0.792498 1.005539 1.010924 0.848613
0.792448 1.005588 1.010974 0.848613
0.792429 1.005653 1.011039 0.848599
0.792505 1.005810 1.011195 0.848684
0.792511 1.005850 1.011236 0.848670
0.792588 1.005994 1.011405 0.848754
0.792538 1.006043 1.011454 0.848754
0.792544 1.006083 1.011495 0.848740
0.792621 1.006240 1.011651 0.848825
0.792602 1.006305 1.011717 0.848811
0.792648 1.006446 1.011857 0.848910
0.792653 1.006486 1.011898 0.848896
0.792730 1.006643 1.012054 0.848981
0.792711 1.006708 1.012119 0.848967
0.792717 1.006748 1.012160 0.848953
0.792763 1.006889 1.012301 0.849052
0.792744 1.006954 1.012366 0.849038
0.792821 1.007098 1.012535 0.849122
0.792827 1.007138 1.012576 0.849108
0.792778 1.007187 1.012625 0.849108
0.792854 1.007344 1.012781 0.849193
0.792860 1.007384 1.012822 0.849179
0.792937 1.007541 1.012978 0.849264
0.792918 1.007606 1.013044 0.849250
0.792964 1.007747 1.013184 0.849349
0.792970 1.007787 1.013225 0.849335
0.792952 1.007852 1.013290 0.849321
0.793028 1.008009 1.013446 0.849407
0.793004 1.008033 1.013471 0.849407
0.793080 1.008190 1.013628 0.849492
0.793063 1.008242 1.013706 0.849478
0.793139 1.008399 1.013862 0.849563
0.793146 1.008439 1.013903 0.849549
0.793096 1.008488 1.013952 0.849549
0.793173 1.008645 1.014108 0.849634
0.793179 1.008685 1.014149 0.849620
0.793256 1.008842 1.014305 0.849705
0.793207 1.008891 1.014355 0.849705
0.793284 1.009048 1.014511 0.849790
0.793290 1.009088 1.014552 0.849777
0.793272 1.009153 1.014617 0.849763
0.793349 1.009310 1.014773 0.849848
0.793325 1.009321 1.014811 0.849848
0.793402 1.009478 1.014967 0.849933
0.793384 1.009543 1.015033 0.849919
0.793365 1.009608 1.015098 0.849906
0.793436 1.009724 1.015214 0.850005
0.793418 1.009789 1.015279 0.849991
0.793495 1.009946 1.015435 0.850076
0.793501 1.009986 1.015476 0.850062
0.793547 1.010127 1.015616 0.850162
0.793529 1.010192 1.015682 0.850148
0.793511 1.010257 1.015747 0.850134
0.793613 1.010389 1.015879 0.850219
0.793595 1.010454 1.015944 0.850206
0.793642 1.010582 1.016097 0.850305
0.793648 1.010622 1.016138 0.850291
0.793725 1.010779 1.016294 0.850377
0.793708 1.010844 1.016359 0.850363
0.793659 1.010893 1.016408 0.850363
0.793760 1.011025 1.016541 0.850448
0.793743 1.011090 1.016606 0.850435
0.793820 1.011247 1.016762 0.850520
0.793826 1.011287 1.016803 0.850506
0.793873 1.011428 1.016943 0.850606
0.793855 1.011493 1.017008 0.850592
0.793837 1.011558 1.017073 0.850578
0.793939 1.011690 1.017206 0.850664
0.793891 1.011726 1.017267 0.850664
0.793968 1.011883 1.017424 0.850749
0.793975 1.011923 1.017465 0.850736
0.794052 1.012080 1.017621 0.850821
0.794003 1.012129 1.017670 0.850821
0.793986 1.012194 1.017735 0.850808
0.794088 1.012326 1.017867 0.850893
0.794070 1.012391 1.017932 0.850880
0.794148 1.012548 1.018089 0.850966
0.794123 1.012572 1.018114 0.850966
0.794201 1.012729 1.018270 0.851051
0.794183 1.012794 1.018335 0.851038
0.794167 1.012846 1.018413 0.851024
0.794237 1.012962 1.018529 0.851123
0.794220 1.013027 1.018594 0.851110
0.794297 1.013184 1.018751 0.851196
0.794304 1.013224 1.018792 0.851182
0.794382 1.013381 1.018948 0.851268
0.794333 1.013430 1.018997 0.851268
0.794316 1.013495 1.019062 0.851254
0.794418 1.013627 1.019194 0.851340
0.794401 1.013692 1.019259 0.851327
0.794447 1.013833 1.019400 0.851426
0.794454 1.013873 1.019440 0.851413
0.794532 1.014030 1.019597 0.851498
0.794516 1.014082 1.019675 0.851485
0.794467 1.014130 1.019724 0.851485
0.794569 1.014263 1.019856 0.851571
0.794552 1.014328 1.019921 0.851558
0.794630 1.014484 1.020078 0.851643
0.794637 1.014525 1.020118 0.851630
0.794683 1.014666 1.020259 0.851729
0.794666 1.014731 1.020324 0.851716
0.794649 1.014795 1.020389 0.851703
0.794752 1.014928 1.020521 0.851789
0.794703 1.014977 1.020570 0.851789
0.794781 1.015133 1.020726 0.851874
0.794788 1.015174 1.020767 0.851861
0.794867 1.015318 1.020937 0.851947
0.794819 1.015366 1.020985 0.851947
0.794802 1.015431 1.021050 0.851934
0.794904 1.015564 1.021183 0.852020
0.794887 1.015628 1.021248 0.852007
0.794965 1.015785 1.021404 0.852093
0.794941 1.015810 1.021429 0.852093
0.795019 1.015966 1.021585 0.852179
0.795003 1.016031 1.021650 0.852166
0.794986 1.016096 1.021715 0.852153
0.795057 1.016212 1.021831 0.852252
0.795040 1.016277 1.021896 0.852239
0.795118 1.016434 1.022053 0.852325
0.795126 1.016462 1.022107 0.852312
0.795173 1.016602 1.022247 0.852411
0.795156 1.016667 1.022312 0.852398
0.795234 1.016824 1.022469 0.852484
0.795242 1.016864 1.022509 0.852471
0.795226 1.016929 1.022574 0.852458
0.795272 1.017070 1.022715 0.852557
0.795280 1.017110 1.022755 0.852544
0.795358 1.017267 1.022912 0.852630
0.795342 1.017332 1.022977 0.852617
0.795388 1.017472 1.023117 0.852716
0.795396 1.017513 1.023158 0.852703
0.795380 1.017578 1.023223 0.852690
0.795458 1.017735 1.023380 0.852776
0.795435 1.017746 1.023417 0.852776
0.795513 1.017903 1.023573 0.852863
0.795497 1.017968 1.023639 0.852850
0.795575 1.018124 1.023795 0.852936
0.795583 1.018165 1.023836 0.852923
0.795630 1.018305 1.023976 0.853022
0.795614 1.018370 1.024041 0.853009
0.795622 1.018411 1.024082 0.852996
0.795700 1.018568 1.024238 0.853083
0.795652 1.018616 1.024287 0.853083
0.795731 1.018773 1.024444 0.853169
0.795739 1.018814 1.024484 0.853156
0.795817 1.018970 1.024641 0.853243
0.795770 1.019006 1.024703 0.853243
0.795778 1.019046 1.024743 0.853230
0.795857 1.019203 1.024900 0.853316
0.795841 1.019268 1.024965 0.853303
0.795887 1.019408 1.025105 0.853402
0.795895 1.019449 1.025146 0.853390
0.795974 1.019606 1.025302 0.853476
0.795958 1.019671 1.025367 0.853463
0.796061 1.019803 1.025500 0.853550
0.796013 1.019852 1.025548 0.853550
0.795997 1.019917 1.025613 0.853537
0.796076 1.020073 1.025770 0.853624
0.796084 1.020114 1.025811 0.853611
0.796131 1.020254 1.025951 0.853710
0.796116 1.020306 1.026029 0.853697
0.796219 1.020439 1.026161 0.853784
0.796203 1.020504 1.026226 0.853771
0.796155 1.020552 1.026275 0.853771
0.796234 1.020709 1.026431 0.853858
0.796243 1.020749 1.026472 0.853845
0.796322 1.020906 1.026629 0.853932
0.796306 1.020971 1.026694 0.853919
0.796377 1.021087 1.026810 0.854018
0.796361 1.021152 1.026875 0.854006
0.796440 1.021309 1.027031 0.854092
0.796425 1.021374 1.027096 0.854080
0.796401 1.021398 1.027121 0.854080
0.796481 1.021542 1.027290 0.854166
0.796465 1.021606 1.027355 0.854154
0.796568 1.021739 1.027487 0.854240
0.796520 1.021787 1.027536 0.854240
0.796600 1.021944 1.027692 0.854327
0.796584 1.022009 1.027758 0.854315
0.796687 1.022142 1.027890 0.854401
0.796640 1.022190 1.027938 0.854401
0.796624 1.022255 1.028003 0.854389
0.796727 1.022388 1.028136 0.854476
0.796712 1.022452 1.028201 0.854463
0.796759 1.022593 1.028341 0.854562
0.796744 1.022657 1.028406 0.854550
0.796847 1.022790 1.028538 0.854637
0.796833 1.022842 1.028616 0.854624
0.796912 1.022999 1.028773 0.854711
0.796888 1.023023 1.028797 0.854711
0.796873 1.023088 1.028862 0.854699
0.796952 1.023244 1.029019 0.854785
0.796937 1.023309 1.029084 0.854773
0.797008 1.023425 1.029199 0.854872
0.796993 1.023490 1.029264 0.854860
0.797073 1.023647 1.029421 0.854947
0.797081 1.023688 1.029462 0.854934
0.797128 1.023828 1.029602 0.855034
0.797113 1.023893 1.029667 0.855021
0.797099 1.023958 1.029732 0.855009
0.797202 1.024090 1.029864 0.855096
0.797155 1.024125 1.029925 0.855096
0.797235 1.024282 1.030082 0.855183
0.797244 1.024323 1.030123 0.855171
0.797323 1.024480 1.030279 0.855258
0.797308 1.024544 1.030345 0.855245
0.797355 1.024685 1.030484 0.855345
0.797364 1.024725 1.030525 0.855332
0.797350 1.024790 1.030590 0.855320
0.797429 1.024947 1.030747 0.855407
0.797406 1.024971 1.030771 0.855407
0.797486 1.025128 1.030928 0.855494
0.797471 1.025193 1.030993 0.855482
0.797551 1.025349 1.031149 0.855569
0.797527 1.025374 1.031173 0.855569
0.797608 1.025517 1.031343 0.855656
0.797593 1.025582 1.031408 0.855644
0.797602 1.025623 1.031449 0.855632
0.797649 1.025763 1.031589 0.855731
0.797635 1.025828 1.031654 0.855719
0.797715 1.025984 1.031810 0.855806
0.797724 1.026025 1.031851 0.855794
0.797771 1.026165 1.031991 0.855893
0.797757 1.026230 1.032056 0.855881
0.797860 1.026363 1.032188 0.855968
0.797846 1.026428 1.032253 0.855956
0.797799 1.026476 1.032302 0.855956
0.797879 1.026633 1.032458 0.856043
0.797888 1.026673 1.032499 0.856031
0.797969 1.026817 1.032669 0.856119
0.797954 1.026882 1.032734 0.856107
0.798025 1.026998 1.032849 0.856206
0.798011 1.027063 1.032914 0.856194
0.798091 1.027219 1.033071 0.856281
0.798077 1.027284 1.033136 0.856269
0.798148 1.027400 1.033251 0.856368
0.798134 1.027465 1.033316 0.856356
0.798120 1.027530 1.033381 0.856344
0.798223 1.027663 1.033514 0.856432
0.798176 1.027711 1.033562 0.856432
0.798257 1.027867 1.033719 0.856519
0.798242 1.027932 1.033784 0.856507
0.798346 1.028065 1.033916 0.856595
0.798300 1.028100 1.033977 0.856595
0.798380 1.028257 1.034134 0.856682
0.798390 1.028297 1.034175 0.856670
0.798376 1.028362 1.034240 0.856658
0.798423 1.028502 1.034379 0.856757
0.798409 1.028567 1.034444 0.856746
0.798513 1.028700 1.034577 0.856833
0.798499 1.028764 1.034642 0.856821
0.798547 1.028904 1.034782 0.856921
0.798556 1.028945 1.034822 0.856909
0.798637 1.029102 1.034979 0.856996
0.798623 1.029167 1.035044 0.856984
0.798704 1.029324 1.035201 0.857072
0.798680 1.029348 1.035225 0.857072
0.798667 1.029412 1.035290 0.857060
0.798748 1.029556 1.035459 0.857148
0.798758 1.029597 1.035500 0.857136
0.798805 1.029737 1.035640 0.857235
0.798791 1.029801 1.035705 0.857223
0.798872 1.029958 1.035861 0.857311
0.798882 1.029999 1.035902 0.857299
0.798929 1.030139 1.036042 0.857399
0.798916 1.030204 1.036107 0.857387
0.799020 1.030337 1.036239 0.857475
0.799007 1.030401 1.036304 0.857463
0.798960 1.030449 1.036352 0.857463
0.799040 1.030606 1.036509 0.857551
0.799050 1.030647 1.036550 0.857539
0.799131 1.030804 1.036706 0.857627
0.799085 1.030838 1.036767 0.857627
0.799189 1.030971 1.036900 0.857714
0.799176 1.031036 1.036965 0.857703
0.799257 1.031193 1.037121 0.857790
0.799210 1.031241 1.037169 0.857790
0.799315 1.031373 1.037302 0.857878
0.799301 1.031438 1.037367 0.857866
0.799288 1.031503 1.037432 0.857855
0.799359 1.031619 1.037547 0.857954
0.799346 1.031684 1.037612 0.857943
0.799427 1.031840 1.037769 0.858030
0.799414 1.031905 1.037834 0.858019
0.799484 1.032021 1.037949 0.858118
0.799471 1.032086 1.038014 0.858107
0.799552 1.032242 1.038171 0.858195
0.799563 1.032270 1.038225 0.858183
0.799611 1.032410 1.038364 0.858282
0.799598 1.032475 1.038429 0.858271
0.799585 1.032539 1.038494 0.858259
0.799689 1.032672 1.038627 0.858347
0.799643 1.032720 1.038675 0.858347
0.799724 1.032877 1.038831 0.858435
0.799734 1.032918 1.038872 0.858424
0.799816 1.033074 1.039029 0.858512
0.799803 1.033139 1.039094 0.858500
0.799850 1.033279 1.039233 0.858600
0.799861 1.033320 1.039274 0.858588
0.799942 1.033477 1.039431 0.858676
0.799929 1.033541 1.039496 0.858665
0.800000 1.033657 1.039611 0.858764
0.799988 1.033709 1.039689 0.858753
0.799975 1.033773 1.039754 0.858742
0.800057 1.033930 1.039910 0.858830
0.800033 1.033954 1.039934 0.858830
0.800115 1.034111 1.040091 0.858918
0.800102 1.034176 1.040156 0.858906
0.800207 1.034308 1.040288 0.858994
0.800161 1.034356 1.040336 0.858994
0.800242 1.034513 1.040493 0.859082
0.800229 1.034578 1.040558 0.859071
0.800334 1.034711 1.040690 0.859159
0.800288 1.034758 1.040738 0.859159
0.800275 1.034823 1.040803 0.859148
0.800380 1.034956 1.040936 0.859236
0.800368 1.035020 1.041001 0.859225
0.800416 1.035147 1.041153 0.859324
0.800404 1.035212 1.041218 0.859313
0.800509 1.035345 1.041350 0.859401
0.800496 1.035409 1.041415 0.859390
0.800544 1.035549 1.041555 0.859489
0.800555 1.035590 1.041596 0.859478
0.800636 1.035747 1.041752 0.859566
0.800624 1.035811 1.041817 0.859555
0.800672 1.035951 1.041956 0.859655
0.800683 1.035992 1.041997 0.859644
0.800671 1.036057 1.042062 0.859632
0.800752 1.036213 1.042219 0.859721
0.800729 1.036237 1.042243 0.859721
0.800811 1.036394 1.042399 0.859809
0.800799 1.036458 1.042464 0.859798
0.800881 1.036615 1.042621 0.859886
0.800859 1.036626 1.042657 0.859886
0.800940 1.036783 1.042814 0.859974
0.800928 1.036847 1.042879 0.859963
0.801033 1.036980 1.043012 0.860052
0.800987 1.037028 1.043059 0.860052
0.801069 1.037184 1.043216 0.860140
0.801057 1.037249 1.043281 0.860129
0.801068 1.037290 1.043322 0.860118
0.801116 1.037430 1.043461 0.860218
0.801104 1.037494 1.043526 0.860207
0.801210 1.037627 1.043658 0.860295
0.801198 1.037692 1.043723 0.860284
0.801246 1.037831 1.043863 0.860383
0.801234 1.037896 1.043927 0.860372
0.801339 1.038029 1.044060 0.860461
0.801328 1.038081 1.044138 0.860450
0.801376 1.038220 1.044277 0.860549
0.801387 1.038261 1.044318 0.860538
0.801469 1.038418 1.044475 0.860627
0.801458 1.038482 1.044540 0.860616
0.801506 1.038622 1.044679 0.860715
0.801517 1.038663 1.044720 0.860705
0.801505 1.038728 1.044785 0.860694
0.801588 1.038884 1.044941 0.860782
0.801565 1.038908 1.044965 0.860782
0.801647 1.039065 1.045121 0.860871
0.801635 1.039129 1.045186 0.860860
0.801718 1.039286 1.045343 0.860949
0.801695 1.039310 1.045367 0.860949
0.801777 1.039466 1.045523 0.861037
0.801766 1.039531 1.045588 0.861026
0.801872 1.039651 1.045734 0.861115
0.801826 1.039698 1.045781 0.861115
0.801909 1.039855 1.045937 0.861204
0.801897 1.039920 1.046002 0.861193
0.802003 1.040053 1.046135 0.861282
0.801957 1.040100 1.046183 0.861282
0.801945 1.040165 1.046247 0.861271
0.802051 1.040298 1.046380 0.861360
0.802040 1.040362 1.046445 0.861349
0.802088 1.040502 1.046584 0.861448
0.802077 1.040566 1.046649 0.861438
0.802182 1.040699 1.046782 0.861526
0.802171 1.040764 1.046847 0.861516
0.802219 1.040903 1.046986 0.861615
0.802231 1.040944 1.047027 0.861604
0.802313 1.041101 1.047183 0.861693
0.802303 1.041153 1.047261 0.861683
0.802351 1.041292 1.047400 0.861782
0.802363 1.041333 1.047441 0.861771
0.802446 1.041490 1.047598 0.861860
0.802435 1.041554 1.047662 0.861850
0.802506 1.041670 1.047778 0.861949
0.802495 1.041734 1.047843 0.861938
0.802484 1.041799 1.047907 0.861928
0.802567 1.041956 1.048064 0.862017
0.802544 1.041979 1.048088 0.862017
0.802627 1.042136 1.048244 0.862106
0.802616 1.042201 1.048309 0.862095
0.802722 1.042334 1.048442 0.862184
0.802676 1.042381 1.048489 0.862184
0.802759 1.042538 1.048645 0.862273
0.802748 1.042602 1.048710 0.862262
0.802855 1.042722 1.048856 0.862351
0.802809 1.042769 1.048903 0.862351
0.802892 1.042926 1.049060 0.862440
0.802904 1.042967 1.049101 0.862430
0.802987 1.043124 1.049257 0.862519
0.802942 1.043171 1.049305 0.862519
0.803025 1.043328 1.049461 0.862608
0.803037 1.043369 1.049502 0.862597
0.803027 1.043433 1.049567 0.862587
0.803075 1.043572 1.049706 0.862687
0.803087 1.043613 1.049747 0.862676
0.803170 1.043770 1.049903 0.862765
0.803160 1.043835 1.049968 0.862755
0.803208 1.043974 1.050107 0.862854
0.803220 1.044015 1.050148 0.862844
0.803304 1.044171 1.050305 0.862933
0.803259 1.044205 1.050365 0.862933
0.803365 1.044339 1.050498 0.863022
0.803355 1.044403 1.050562 0.863012
0.803438 1.044560 1.050719 0.863101
0.803393 1.044607 1.050766 0.863101
0.803499 1.044740 1.050899 0.863190
0.803488 1.044804 1.050964 0.863180
0.803572 1.044961 1.051120 0.863269
0.803549 1.044985 1.051144 0.863269
0.803633 1.045141 1.051300 0.863358
0.803622 1.045206 1.051365 0.863348
0.803612 1.045270 1.051430 0.863338
0.803683 1.045386 1.051545 0.863437
0.803673 1.045451 1.051610 0.863427
0.803757 1.045607 1.051766 0.863516
0.803769 1.045648 1.051807 0.863506
0.803818 1.045787 1.051946 0.863605
0.803808 1.045839 1.052024 0.863595
0.803892 1.045995 1.052180 0.863685
0.803904 1.046036 1.052221 0.863674
0.803953 1.046176 1.052360 0.863774
0.803943 1.046240 1.052425 0.863764
0.804049 1.046373 1.052558 0.863853
0.804039 1.046438 1.052623 0.863843
0.804088 1.046577 1.052761 0.863942
0.804078 1.046641 1.052826 0.863932
0.804184 1.046774 1.052959 0.864022
0.804174 1.046839 1.053024 0.864012
0.804223 1.046978 1.053162 0.864111
0.804235 1.047019 1.053204 0.864101
0.804319 1.047176 1.053360 0.864190
0.804310 1.047240 1.053425 0.864180
0.804265 1.047287 1.053472 0.864180
0.804371 1.047420 1.053605 0.864270
0.804362 1.047472 1.053682 0.864260
0.804446 1.047628 1.053839 0.864349
0.804423 1.047652 1.053862 0.864349
0.804507 1.047808 1.054019 0.864439
0.804498 1.047873 1.054083 0.864429
0.804546 1.048012 1.054222 0.864528
0.804559 1.048053 1.054263 0.864518
0.804643 1.048210 1.054420 0.864608
0.804634 1.048274 1.054484 0.864598
0.804705 1.048390 1.054599 0.864697
0.804695 1.048454 1.054664 0.864687
0.804779 1.048611 1.054821 0.864777
0.804770 1.048675 1.054885 0.864767
0.804841 1.048791 1.055000 0.864866
0.804832 1.048855 1.055065 0.864857
0.804916 1.049012 1.055221 0.864946
0.804929 1.049053 1.055263 0.864936
0.804978 1.049179 1.055414 0.865036
0.804969 1.049243 1.055479 0.865026
0.805053 1.049400 1.055635 0.865116
0.805066 1.049441 1.055677 0.865106
0.805022 1.049488 1.055723 0.865106
0.805106 1.049644 1.055880 0.865195
0.805119 1.049685 1.055921 0.865186
0.805203 1.049842 1.056077 0.865275
0.805159 1.049889 1.056124 0.865275
0.805243 1.050045 1.056281 0.865365
0.805256 1.050086 1.056322 0.865355
0.805340 1.050243 1.056478 0.865445
0.805296 1.050290 1.056525 0.865445
0.805403 1.050423 1.056658 0.865535
