-0.110000 0.790000 0.000000 -0.000000
-0.109900 0.790000 -0.000200 0.000000
-0.109800 0.790000 -0.000300 0.000000
-0.109700 0.790100 -0.000500 0.000000
-0.109700 0.790100 -0.000700 0.000100
-0.109600 0.790100 -0.000900 0.000100
-0.109500 0.790100 -0.001000 0.000100
-0.109400 0.790100 -0.001200 0.000100
-0.109300 0.790100 -0.001400 0.000100
-0.109200 0.790200 -0.001500 0.000100
-0.109100 0.790200 -0.001700 0.000200
-0.109000 0.790200 -0.001900 0.000200
-0.109000 0.790200 -0.002100 0.000200
-0.108900 0.790200 -0.002200 0.000200
-0.108800 0.790200 -0.002400 0.000200
-0.108700 0.790300 -0.002600 0.000200
-0.108600 0.790300 -0.002700 0.000300
-0.108500 0.790300 -0.002900 0.000300
-0.108400 0.790300 -0.003100 0.000300
-0.108400 0.790300 -0.003300 0.000300
-0.108300 0.790300 -0.003400 0.000300
-0.108200 0.790400 -0.003600 0.000300
-0.108100 0.790400 -0.003800 0.000400
-0.108000 0.790400 -0.004000 0.000400
-0.107900 0.790400 -0.004100 0.000400
-0.107800 0.790400 -0.004300 0.000400
-0.107700 0.790500 -0.004500 0.000400
-0.107700 0.790500 -0.004600 0.000400
-0.107600 0.790500 -0.004800 0.000500
-0.107500 0.790500 -0.005000 0.000500
-0.107400 0.790500 -0.005200 0.000500
-0.107300 0.790500 -0.005300 0.000500
-0.107200 0.790600 -0.005500 0.000500
-0.107100 0.790600 -0.005700 0.000500
-0.107100 0.790600 -0.005800 0.000600
-0.107000 0.790600 -0.006000 0.000600
-0.106900 0.790600 -0.006200 0.000600
-0.106800 0.790600 -0.006400 0.000600
-0.106700 0.790700 -0.006500 0.000600
-0.106600 0.790700 -0.006700 0.000600
-0.106500 0.790700 -0.006900 0.000600
-0.106400 0.790700 -0.007000 0.000700
-0.106400 0.790700 -0.007200 0.000700
-0.106300 0.790800 -0.007400 0.000700
-0.106200 0.790800 -0.007600 0.000700
-0.106100 0.790800 -0.007700 0.000700
-0.106000 0.790800 -0.007900 0.000700
-0.105900 0.790800 -0.008100 0.000800
-0.105800 0.790800 -0.008200 0.000800
-0.105800 0.790900 -0.008400 0.000800
-0.105700 0.790900 -0.008600 0.000800
-0.105600 0.790900 -0.008800 0.000800
-0.105500 0.790900 -0.008900 0.000800
-0.105400 0.790900 -0.009100 0.000900
-0.105300 0.790900 -0.009300 0.000900
-0.105200 0.791000 -0.009400 0.000900
-0.105100 0.791000 -0.009600 0.000900
-0.105100 0.791000 -0.009800 0.000900
-0.105000 0.791000 -0.010000 0.000900
-0.104900 0.791000 -0.010100 0.001000
-0.104800 0.791100 -0.010300 0.001000
-0.104700 0.791100 -0.010500 0.001000
-0.104600 0.791100 -0.010700 0.001000
-0.104500 0.791100 -0.010800 0.001000
-0.104500 0.791100 -0.011000 0.001000
-0.104400 0.791100 -0.011200 0.001000
-0.104300 0.791200 -0.011300 0.001100
-0.104200 0.791200 -0.011500 0.001100
-0.104100 0.791200 -0.011700 0.001100
-0.104000 0.791200 -0.011900 0.001100
-0.103900 0.791200 -0.012000 0.001100
-0.103800 0.791300 -0.012200 0.001100
-0.103800 0.791300 -0.012400 0.001200
-0.103700 0.791300 -0.012500 0.001200
-0.103600 0.791300 -0.012700 0.001200
-0.103500 0.791300 -0.012900 0.001200
-0.103400 0.791300 -0.013100 0.001200
-0.103300 0.791400 -0.013200 0.001200
-0.103200 0.791400 -0.013400 0.001300
-0.103200 0.791400 -0.013600 0.001300
-0.103100 0.791400 -0.013700 0.001300
-0.103000 0.791400 -0.013900 0.001300
-0.102900 0.791500 -0.014100 0.001300
-0.102800 0.791500 -0.014300 0.001300
-0.102700 0.791500 -0.014400 0.001400
-0.102600 0.791500 -0.014600 0.001400
-0.102600 0.791500 -0.014800 0.001400
-0.102500 0.791600 -0.014900 0.001400
-0.102400 0.791600 -0.015100 0.001400
-0.102300 0.791600 -0.015300 0.001400
-0.102200 0.791600 -0.015500 0.001400
-0.102100 0.791600 -0.015600 0.001500
-0.102000 0.791600 -0.015800 0.001500
-0.101900 0.791700 -0.016000 0.001500
-0.101900 0.791700 -0.016100 0.001500
-0.101800 0.791700 -0.016300 0.001500
-0.101700 0.791700 -0.016500 0.001500
-0.101600 0.791700 -0.016700 0.001600
-0.101500 0.791800 -0.016800 0.001600
-0.101400 0.791800 -0.017000 0.001600
-0.101300 0.791800 -0.017200 0.001600
-0.101300 0.791800 -0.017300 0.001600
-0.101200 0.791800 -0.017500 0.001600
-0.101100 0.791800 -0.017700 0.001700
-0.101000 0.791900 -0.017900 0.001700
-0.100900 0.791900 -0.018000 0.001700
-0.100800 0.791900 -0.018200 0.001700
-0.100700 0.791900 -0.018400 0.001700
-0.100600 0.791900 -0.018600 0.001700
-0.100600 0.792000 -0.018700 0.001700
-0.100500 0.792000 -0.018900 0.001800
-0.100400 0.792000 -0.019100 0.001800
-0.100300 0.792000 -0.019200 0.001800
-0.100200 0.792000 -0.019400 0.001800
-0.100100 0.792100 -0.019600 0.001800
-0.100000 0.792100 -0.019800 0.001800
-0.100000 0.792100 -0.019900 0.001900
-0.099900 0.792100 -0.020100 0.001900
-0.099800 0.792100 -0.020300 0.001900
-0.099700 0.792200 -0.020400 0.001900
-0.099600 0.792200 -0.020600 0.001900
-0.099500 0.792200 -0.020800 0.001900
-0.099400 0.792200 -0.021000 0.002000
-0.099400 0.792200 -0.021100 0.002000
-0.099300 0.792200 -0.021300 0.002000
-0.099200 0.792300 -0.021500 0.002000
-0.099100 0.792300 -0.021600 0.002000
-0.099000 0.792300 -0.021800 0.002000
-0.098900 0.792300 -0.022000 0.002000
-0.098800 0.792300 -0.022200 0.002100
-0.098700 0.792400 -0.022300 0.002100
-0.098700 0.792400 -0.022500 0.002100
-0.098600 0.792400 -0.022700 0.002100
-0.098500 0.792400 -0.022800 0.002100
-0.098400 0.792400 -0.023000 0.002100
-0.098300 0.792500 -0.023200 0.002200
-0.098200 0.792500 -0.023400 0.002200
-0.098100 0.792500 -0.023500 0.002200
-0.098100 0.792500 -0.023700 0.002200
-0.098000 0.792500 -0.023900 0.002200
-0.097900 0.792600 -0.024000 0.002200
-0.097800 0.792600 -0.024200 0.002300
-0.097700 0.792600 -0.024400 0.002300
-0.097600 0.792600 -0.024600 0.002300
-0.097500 0.792600 -0.024700 0.002300
-0.097500 0.792700 -0.024900 0.002300
-0.097400 0.792700 -0.025100 0.002300
-0.097300 0.792700 -0.025300 0.002300
-0.097200 0.792700 -0.025400 0.002400
-0.097100 0.792700 -0.025600 0.002400
-0.097000 0.792700 -0.025800 0.002400
-0.096900 0.792800 -0.025900 0.002400
-0.096900 0.792800 -0.026100 0.002400
-0.096800 0.792800 -0.026300 0.002400
-0.096700 0.792800 -0.026500 0.002500
-0.096600 0.792800 -0.026600 0.002500
-0.096500 0.792900 -0.026800 0.002500
-0.096400 0.792900 -0.027000 0.002500
-0.096300 0.792900 -0.027100 0.002500
-0.096200 0.792900 -0.027300 0.002500
-0.096200 0.792900 -0.027500 0.002500
-0.096100 0.793000 -0.027700 0.002600
-0.096000 0.793000 -0.027800 0.002600
-0.095900 0.793000 -0.028000 0.002600
-0.095800 0.793000 -0.028200 0.002600
-0.095700 0.793000 -0.028300 0.002600
-0.095600 0.793100 -0.028500 0.002600
-0.095600 0.793100 -0.028700 0.002700
-0.095500 0.793100 -0.028900 0.002700
-0.095400 0.793100 -0.029000 0.002700
-0.095300 0.793100 -0.029200 0.002700
-0.095200 0.793200 -0.029400 0.002700
-0.095100 0.793200 -0.029500 0.002700
-0.095000 0.793200 -0.029700 0.002700
-0.095000 0.793200 -0.029900 0.002800
-0.094900 0.793200 -0.030100 0.002800
-0.094800 0.793300 -0.030200 0.002800
-0.094700 0.793300 -0.030400 0.002800
-0.094600 0.793300 -0.030600 0.002800
-0.094500 0.793300 -0.030700 0.002800
-0.094400 0.793300 -0.030900 0.002900
-0.094400 0.793400 -0.031100 0.002900
-0.094300 0.793400 -0.031300 0.002900
-0.094200 0.793400 -0.031400 0.002900
-0.094100 0.793400 -0.031600 0.002900
-0.094000 0.793400 -0.031800 0.002900
-0.093900 0.793500 -0.031900 0.002900
-0.093800 0.793500 -0.032100 0.003000
-0.093700 0.793500 -0.032300 0.003000
-0.093700 0.793500 -0.032500 0.003000
-0.093600 0.793500 -0.032600 0.003000
-0.093500 0.793600 -0.032800 0.003000
-0.093400 0.793600 -0.033000 0.003000
-0.093300 0.793600 -0.033100 0.003100
-0.093200 0.793600 -0.033300 0.003100
-0.093100 0.793600 -0.033500 0.003100
-0.093100 0.793700 -0.033700 0.003100
-0.093000 0.793700 -0.033800 0.003100
-0.092900 0.793700 -0.034000 0.003100
-0.092800 0.793700 -0.034200 0.003100
-0.092700 0.793700 -0.034400 0.003200
-0.092600 0.793800 -0.034500 0.003200
-0.092500 0.793800 -0.034700 0.003200
-0.092500 0.793800 -0.034900 0.003200
-0.092400 0.793800 -0.035000 0.003200
-0.092300 0.793800 -0.035200 0.003200
-0.092200 0.793900 -0.035400 0.003300
-0.092100 0.793900 -0.035600 0.003300
-0.092000 0.793900 -0.035700 0.003300
-0.091900 0.793900 -0.035900 0.003300
-0.091900 0.793900 -0.036100 0.003300
-0.091800 0.794000 -0.036200 0.003300
-0.091700 0.794000 -0.036400 0.003300
-0.091600 0.794000 -0.036600 0.003400
-0.091500 0.794000 -0.036800 0.003400
-0.091400 0.794000 -0.036900 0.003400
-0.091300 0.794100 -0.037100 0.003400
-0.091300 0.794100 -0.037300 0.003400
-0.091200 0.794100 -0.037400 0.003400
-0.091100 0.794100 -0.037600 0.003500
-0.091000 0.794100 -0.037800 0.003500
-0.090900 0.794200 -0.038000 0.003500
-0.090800 0.794200 -0.038100 0.003500
-0.090700 0.794200 -0.038300 0.003500
-0.090600 0.794200 -0.038500 0.003500
-0.090600 0.794300 -0.038600 0.003500
-0.090500 0.794300 -0.038800 0.003600
-0.090400 0.794300 -0.039000 0.003600
-0.090300 0.794300 -0.039200 0.003600
-0.090200 0.794300 -0.039300 0.003600
-0.090100 0.794400 -0.039500 0.003600
-0.090000 0.794400 -0.039700 0.003600
-0.090000 0.794400 -0.039800 0.003700
-0.089900 0.794400 -0.040000 0.003700
-0.089800 0.794400 -0.040200 0.003700
-0.089700 0.794500 -0.040400 0.003700
-0.089600 0.794500 -0.040500 0.003700
-0.089500 0.794500 -0.040700 0.003700
-0.089400 0.794500 -0.040900 0.003700
-0.089400 0.794500 -0.041000 0.003800
-0.089300 0.794600 -0.041200 0.003800
-0.089200 0.794600 -0.041400 0.003800
-0.089100 0.794600 -0.041600 0.003800
-0.089000 0.794600 -0.041700 0.003800
-0.088900 0.794600 -0.041900 0.003800
-0.088800 0.794700 -0.042100 0.003900
-0.088800 0.794700 -0.042300 0.003900
-0.088700 0.794700 -0.042400 0.003900
-0.088600 0.794700 -0.042600 0.003900
-0.088500 0.794700 -0.042800 0.003900
-0.088400 0.794800 -0.042900 0.003900
-0.088300 0.794800 -0.043100 0.003900
-0.088200 0.794800 -0.043300 0.004000
-0.088200 0.794800 -0.043500 0.004000
-0.088100 0.794900 -0.043600 0.004000
-0.088000 0.794900 -0.043800 0.004000
-0.087900 0.794900 -0.044000 0.004000
-0.087800 0.794900 -0.044100 0.004000
-0.087700 0.794900 -0.044300 0.004000
-0.087600 0.795000 -0.044500 0.004100
-0.087600 0.795000 -0.044700 0.004100
-0.087500 0.795000 -0.044800 0.004100
-0.087400 0.795000 -0.045000 0.004100
-0.087300 0.795000 -0.045200 0.004100
-0.087200 0.795100 -0.045300 0.004100
-0.087100 0.795100 -0.045500 0.004200
-0.087000 0.795100 -0.045700 0.004200
-0.087000 0.795100 -0.045900 0.004200
-0.086900 0.795200 -0.046000 0.004200
-0.086800 0.795200 -0.046200 0.004200
-0.086700 0.795200 -0.046400 0.004200
-0.086600 0.795200 -0.046500 0.004200
-0.086500 0.795200 -0.046700 0.004300
-0.086400 0.795300 -0.046900 0.004300
-0.086400 0.795300 -0.047100 0.004300
-0.086300 0.795300 -0.047200 0.004300
-0.086200 0.795300 -0.047400 0.004300
-0.086100 0.795300 -0.047600 0.004300
-0.086000 0.795400 -0.047700 0.004400
-0.085900 0.795400 -0.047900 0.004400
-0.085800 0.795400 -0.048100 0.004400
-0.085800 0.795400 -0.048300 0.004400
-0.085700 0.795400 -0.048400 0.004400
-0.085600 0.795500 -0.048600 0.004400
-0.085500 0.795500 -0.048800 0.004400
-0.085400 0.795500 -0.048900 0.004500
-0.085300 0.795500 -0.049100 0.004500
-0.085200 0.795600 -0.049300 0.004500
-0.085200 0.795600 -0.049500 0.004500
-0.085100 0.795600 -0.049600 0.004500
-0.085000 0.795600 -0.049800 0.004500
-0.084900 0.795600 -0.050000 0.004500
-0.084800 0.795700 -0.050100 0.004600
-0.084700 0.795700 -0.050300 0.004600
-0.084600 0.795700 -0.050500 0.004600
-0.084600 0.795700 -0.050700 0.004600
-0.084500 0.795800 -0.050800 0.004600
-0.084400 0.795800 -0.051000 0.004600
-0.084300 0.795800 -0.051200 0.004600
-0.084200 0.795800 -0.051400 0.004700
-0.084100 0.795800 -0.051500 0.004700
-0.084000 0.795900 -0.051700 0.004700
-0.084000 0.795900 -0.051900 0.004700
-0.083900 0.795900 -0.052000 0.004700
-0.083800 0.795900 -0.052200 0.004700
-0.083700 0.795900 -0.052400 0.004800
-0.083600 0.796000 -0.052600 0.004800
-0.083500 0.796000 -0.052700 0.004800
-0.083400 0.796000 -0.052900 0.004800
-0.083400 0.796000 -0.053100 0.004800
-0.083300 0.796100 -0.053200 0.004800
-0.083200 0.796100 -0.053400 0.004800
-0.083100 0.796100 -0.053600 0.004900
-0.083000 0.796100 -0.053800 0.004900
-0.082900 0.796100 -0.053900 0.004900
-0.082800 0.796200 -0.054100 0.004900
-0.082800 0.796200 -0.054300 0.004900
-0.082700 0.796200 -0.054400 0.004900
-0.082600 0.796200 -0.054600 0.004900
-0.082500 0.796300 -0.054800 0.005000
-0.082400 0.796300 -0.055000 0.005000
-0.082300 0.796300 -0.055100 0.005000
-0.082200 0.796300 -0.055300 0.005000
-0.082200 0.796300 -0.055500 0.005000
-0.082100 0.796400 -0.055600 0.005000
-0.082000 0.796400 -0.055800 0.005100
-0.081900 0.796400 -0.056000 0.005100
-0.081800 0.796400 -0.056200 0.005100
-0.081700 0.796500 -0.056300 0.005100
-0.081600 0.796500 -0.056500 0.005100
-0.081600 0.796500 -0.056700 0.005100
-0.081500 0.796500 -0.056800 0.005100
-0.081400 0.796500 -0.057000 0.005200
-0.081300 0.796600 -0.057200 0.005200
-0.081200 0.796600 -0.057400 0.005200
-0.081100 0.796600 -0.057500 0.005200
-0.081000 0.796600 -0.057700 0.005200
-0.081000 0.796700 -0.057900 0.005200
-0.080900 0.796700 -0.058000 0.005200
-0.080800 0.796700 -0.058200 0.005300
-0.080700 0.796700 -0.058400 0.005300
-0.080600 0.796700 -0.058600 0.005300
-0.080500 0.796800 -0.058700 0.005300
-0.080400 0.796800 -0.058900 0.005300
-0.080400 0.796800 -0.059100 0.005300
-0.080300 0.796800 -0.059200 0.005300
-0.080200 0.796900 -0.059400 0.005400
-0.080100 0.796900 -0.059600 0.005400
-0.080000 0.796900 -0.059800 0.005400
-0.079900 0.796900 -0.059900 0.005400
-0.079800 0.796900 -0.060100 0.005400
-0.079800 0.797000 -0.060300 0.005400
-0.079700 0.797000 -0.060400 0.005400
-0.079600 0.797000 -0.060600 0.005500
-0.079500 0.797000 -0.060800 0.005500
-0.079400 0.797100 -0.061000 0.005500
-0.079300 0.797100 -0.061100 0.005500
-0.079200 0.797100 -0.061300 0.005500
-0.079200 0.797100 -0.061500 0.005500
-0.079100 0.797100 -0.061700 0.005600
-0.079000 0.797200 -0.061800 0.005600
-0.078900 0.797200 -0.062000 0.005600
-0.078800 0.797200 -0.062200 0.005600
-0.078700 0.797200 -0.062300 0.005600
-0.078600 0.797300 -0.062500 0.005600
-0.078600 0.797300 -0.062700 0.005600
-0.078500 0.797300 -0.062900 0.005700
-0.078400 0.797300 -0.063000 0.005700
-0.078300 0.797400 -0.063200 0.005700
-0.078200 0.797400 -0.063400 0.005700
-0.078100 0.797400 -0.063500 0.005700
-0.078100 0.797400 -0.063700 0.005700
-0.078000 0.797400 -0.063900 0.005700
-0.077900 0.797500 -0.064100 0.005800
-0.077800 0.797500 -0.064200 0.005800
-0.077700 0.797500 -0.064400 0.005800
-0.077600 0.797500 -0.064600 0.005800
-0.077500 0.797600 -0.064700 0.005800
-0.077500 0.797600 -0.064900 0.005800
-0.077400 0.797600 -0.065100 0.005800
-0.077300 0.797600 -0.065300 0.005900
-0.077200 0.797600 -0.065400 0.005900
-0.077100 0.797700 -0.065600 0.005900
-0.077000 0.797700 -0.065800 0.005900
-0.076900 0.797700 -0.065900 0.005900
-0.076900 0.797700 -0.066100 0.005900
-0.076800 0.797800 -0.066300 0.005900
-0.076700 0.797800 -0.066500 0.006000
-0.076600 0.797800 -0.066600 0.006000
-0.076500 0.797800 -0.066800 0.006000
-0.076400 0.797900 -0.067000 0.006000
-0.076300 0.797900 -0.067100 0.006000
-0.076300 0.797900 -0.067300 0.006000
-0.076200 0.797900 -0.067500 0.006000
-0.076100 0.797900 -0.067700 0.006100
-0.076000 0.798000 -0.067800 0.006100
-0.075900 0.798000 -0.068000 0.006100
-0.075800 0.798000 -0.068200 0.006100
-0.075700 0.798000 -0.068300 0.006100
-0.075700 0.798100 -0.068500 0.006100
-0.075600 0.798100 -0.068700 0.006100
-0.075500 0.798100 -0.068900 0.006200
-0.075400 0.798100 -0.069000 0.006200
-0.075300 0.798200 -0.069200 0.006200
-0.075200 0.798200 -0.069400 0.006200
-0.075200 0.798200 -0.069500 0.006200
-0.075100 0.798200 -0.069700 0.006200
-0.075000 0.798300 -0.069900 0.006200
-0.074900 0.798300 -0.070100 0.006300
-0.074800 0.798300 -0.070200 0.006300
-0.074700 0.798300 -0.070400 0.006300
-0.074600 0.798300 -0.070600 0.006300
-0.074600 0.798400 -0.070700 0.006300
-0.074500 0.798400 -0.070900 0.006300
-0.074400 0.798400 -0.071100 0.006300
-0.074300 0.798400 -0.071300 0.006400
-0.074200 0.798500 -0.071400 0.006400
-0.074100 0.798500 -0.071600 0.006400
-0.074000 0.798500 -0.071800 0.006400
-0.074000 0.798500 -0.071900 0.006400
-0.073900 0.798600 -0.072100 0.006400
-0.073800 0.798600 -0.072300 0.006400
-0.073700 0.798600 -0.072500 0.006500
-0.073600 0.798600 -0.072600 0.006500
-0.073500 0.798600 -0.072800 0.006500
-0.073400 0.798700 -0.073000 0.006500
-0.073400 0.798700 -0.073200 0.006500
-0.073300 0.798700 -0.073300 0.006500
-0.073200 0.798700 -0.073500 0.006500
-0.073100 0.798800 -0.073700 0.006600
-0.073000 0.798800 -0.073800 0.006600
-0.072900 0.798800 -0.074000 0.006600
-0.072900 0.798800 -0.074200 0.006600
-0.072800 0.798900 -0.074400 0.006600
-0.072700 0.798900 -0.074500 0.006600
-0.072600 0.798900 -0.074700 0.006700
-0.072500 0.798900 -0.074900 0.006700
-0.072400 0.799000 -0.075000 0.006700
-0.072300 0.799000 -0.075200 0.006700
-0.072300 0.799000 -0.075400 0.006700
-0.072200 0.799000 -0.075600 0.006700
-0.072100 0.799100 -0.075700 0.006700
-0.072000 0.799100 -0.075900 0.006700
-0.071900 0.799100 -0.076100 0.006800
-0.071800 0.799100 -0.076200 0.006800
-0.071700 0.799100 -0.076400 0.006800
-0.071700 0.799200 -0.076600 0.006800
-0.071600 0.799200 -0.076800 0.006800
-0.071500 0.799200 -0.076900 0.006800
-0.071400 0.799200 -0.077100 0.006800
-0.071300 0.799300 -0.077300 0.006900
-0.071200 0.799300 -0.077400 0.006900
-0.071100 0.799300 -0.077600 0.006900
-0.071100 0.799300 -0.077800 0.006900
-0.071000 0.799400 -0.078000 0.006900
-0.070900 0.799400 -0.078100 0.006900
-0.070800 0.799400 -0.078300 0.006900
-0.070700 0.799400 -0.078500 0.007000
-0.070600 0.799500 -0.078600 0.007000
-0.070600 0.799500 -0.078800 0.007000
-0.070500 0.799500 -0.079000 0.007000
-0.070400 0.799500 -0.079200 0.007000
-0.070300 0.799600 -0.079300 0.007000
-0.070200 0.799600 -0.079500 0.007000
-0.070100 0.799600 -0.079700 0.007100
-0.070000 0.799600 -0.079800 0.007100
-0.070000 0.799700 -0.080000 0.007100
-0.069900 0.799700 -0.080200 0.007100
-0.069800 0.799700 -0.080400 0.007100
-0.069700 0.799700 -0.080500 0.007100
-0.069600 0.799800 -0.080700 0.007100
-0.069500 0.799800 -0.080900 0.007200
-0.069400 0.799800 -0.081000 0.007200
-0.069400 0.799800 -0.081200 0.007200
-0.069300 0.799800 -0.081400 0.007200
-0.069200 0.799900 -0.081600 0.007200
-0.069100 0.799900 -0.081700 0.007200
-0.069000 0.799900 -0.081900 0.007200
-0.068900 0.799900 -0.082100 0.007300
-0.068900 0.800000 -0.082200 0.007300
-0.068800 0.800000 -0.082400 0.007300
-0.068700 0.800000 -0.082600 0.007300
-0.068600 0.800000 -0.082800 0.007300
-0.068500 0.800100 -0.082900 0.007300
-0.068400 0.800100 -0.083100 0.007300
-0.068300 0.800100 -0.083300 0.007400
-0.068300 0.800100 -0.083400 0.007400
-0.068200 0.800200 -0.083600 0.007400
-0.068100 0.800200 -0.083800 0.007400
-0.068000 0.800200 -0.084000 0.007400
-0.067900 0.800200 -0.084100 0.007400
-0.067800 0.800300 -0.084300 0.007400
-0.067700 0.800300 -0.084500 0.007500
-0.067700 0.800300 -0.084600 0.007500
-0.067600 0.800300 -0.084800 0.007500
-0.067500 0.800400 -0.085000 0.007500
-0.067400 0.800400 -0.085200 0.007500
-0.067300 0.800400 -0.085300 0.007500
-0.067200 0.800400 -0.085500 0.007500
-0.067200 0.800500 -0.085700 0.007600
-0.067100 0.800500 -0.085900 0.007600
-0.067000 0.800500 -0.086000 0.007600
-0.066900 0.800500 -0.086200 0.007600
-0.066800 0.800600 -0.086400 0.007600
-0.066700 0.800600 -0.086500 0.007600
-0.066600 0.800600 -0.086700 0.007600
-0.066600 0.800600 -0.086900 0.007700
-0.066500 0.800700 -0.087100 0.007700
-0.066400 0.800700 -0.087200 0.007700
-0.066300 0.800700 -0.087400 0.007700
-0.066200 0.800700 -0.087600 0.007700
-0.066100 0.800800 -0.087700 0.007700
-0.066100 0.800800 -0.087900 0.007700
-0.066000 0.800800 -0.088100 0.007800
-0.065900 0.800800 -0.088300 0.007800
-0.065800 0.800900 -0.088400 0.007800
-0.065700 0.800900 -0.088600 0.007800
-0.065600 0.800900 -0.088800 0.007800
-0.065500 0.800900 -0.088900 0.007800
-0.065500 0.801000 -0.089100 0.007800
-0.065400 0.801000 -0.089300 0.007800
-0.065300 0.801000 -0.089500 0.007900
-0.065200 0.801000 -0.089600 0.007900
-0.065100 0.801100 -0.089800 0.007900
-0.065000 0.801100 -0.090000 0.007900
-0.065000 0.801100 -0.090100 0.007900
-0.064900 0.801100 -0.090300 0.007900
-0.064800 0.801200 -0.090500 0.007900
-0.064700 0.801200 -0.090700 0.008000
-0.064600 0.801200 -0.090800 0.008000
-0.064500 0.801200 -0.091000 0.008000
-0.064400 0.801300 -0.091200 0.008000
-0.064400 0.801300 -0.091300 0.008000
-0.064300 0.801300 -0.091500 0.008000
-0.064200 0.801300 -0.091700 0.008000
-0.064100 0.801400 -0.091900 0.008100
-0.064000 0.801400 -0.092000 0.008100
-0.063900 0.801400 -0.092200 0.008100
-0.063900 0.801400 -0.092400 0.008100
-0.063800 0.801500 -0.092500 0.008100
-0.063700 0.801500 -0.092700 0.008100
-0.063600 0.801500 -0.092900 0.008100
-0.063500 0.801500 -0.093100 0.008200
-0.063400 0.801600 -0.093200 0.008200
-0.063300 0.801600 -0.093400 0.008200
-0.063300 0.801600 -0.093600 0.008200
-0.063200 0.801600 -0.093700 0.008200
-0.063100 0.801700 -0.093900 0.008200
-0.063000 0.801700 -0.094100 0.008200
-0.062900 0.801700 -0.094300 0.008200
-0.062800 0.801700 -0.094400 0.008300
-0.062700 0.801800 -0.094600 0.008300
-0.062700 0.801800 -0.094800 0.008300
-0.062600 0.801800 -0.094900 0.008300
-0.062500 0.801800 -0.095100 0.008300
-0.062400 0.801900 -0.095300 0.008300
-0.062300 0.801900 -0.095500 0.008300
-0.062200 0.801900 -0.095600 0.008400
-0.062200 0.801900 -0.095800 0.008400
-0.062100 0.802000 -0.096000 0.008400
-0.062000 0.802000 -0.096100 0.008400
-0.061900 0.802000 -0.096300 0.008400
-0.061800 0.802000 -0.096500 0.008400
-0.061700 0.802100 -0.096700 0.008400
-0.061700 0.802100 -0.096800 0.008500
-0.061600 0.802100 -0.097000 0.008500
-0.061500 0.802200 -0.097200 0.008500
-0.061400 0.802200 -0.097300 0.008500
-0.061300 0.802200 -0.097500 0.008500
-0.061200 0.802200 -0.097700 0.008500
-0.061100 0.802300 -0.097900 0.008500
-0.061100 0.802300 -0.098000 0.008500
-0.061000 0.802300 -0.098200 0.008600
-0.060900 0.802300 -0.098400 0.008600
-0.060800 0.802400 -0.098500 0.008600
-0.060700 0.802400 -0.098700 0.008600
-0.060600 0.802400 -0.098900 0.008600
-0.060600 0.802400 -0.099100 0.008600
-0.060500 0.802500 -0.099200 0.008600
-0.060400 0.802500 -0.099400 0.008700
-0.060300 0.802500 -0.099600 0.008700
-0.060200 0.802500 -0.099800 0.008700
-0.060100 0.802600 -0.099900 0.008700
-0.060000 0.802600 -0.100100 0.008700
-0.060000 0.802600 -0.100300 0.008700
-0.059900 0.802600 -0.100400 0.008700
-0.059800 0.802700 -0.100600 0.008800
-0.059700 0.802700 -0.100800 0.008800
-0.059600 0.802700 -0.101000 0.008800
-0.059500 0.802700 -0.101100 0.008800
-0.059500 0.802800 -0.101300 0.008800
-0.059400 0.802800 -0.101500 0.008800
-0.059300 0.802800 -0.101600 0.008800
-0.059200 0.802900 -0.101800 0.008800
-0.059100 0.802900 -0.102000 0.008900
-0.059000 0.802900 -0.102200 0.008900
-0.058900 0.802900 -0.102300 0.008900
-0.058900 0.803000 -0.102500 0.008900
-0.058800 0.803000 -0.102700 0.008900
-0.058700 0.803000 -0.102800 0.008900
-0.058600 0.803000 -0.103000 0.008900
-0.058500 0.803100 -0.103200 0.009000
-0.058400 0.803100 -0.103400 0.009000
-0.058400 0.803100 -0.103500 0.009000
-0.058300 0.803100 -0.103700 0.009000
-0.058200 0.803200 -0.103900 0.009000
-0.058100 0.803200 -0.104000 0.009000
-0.058000 0.803200 -0.104200 0.009000
-0.057900 0.803200 -0.104400 0.009100
-0.057900 0.803300 -0.104600 0.009100
-0.057800 0.803300 -0.104700 0.009100
-0.057700 0.803300 -0.104900 0.009100
-0.057600 0.803400 -0.105100 0.009100
-0.057500 0.803400 -0.105200 0.009100
-0.057400 0.803400 -0.105400 0.009100
-0.057300 0.803400 -0.105600 0.009100
-0.057300 0.803500 -0.105800 0.009200
-0.057200 0.803500 -0.105900 0.009200
-0.057100 0.803500 -0.106100 0.009200
-0.057000 0.803500 -0.106300 0.009200
-0.056900 0.803600 -0.106400 0.009200
-0.056800 0.803600 -0.106600 0.009200
-0.056800 0.803600 -0.106800 0.009200
-0.056700 0.803600 -0.107000 0.009300
-0.056600 0.803700 -0.107100 0.009300
-0.056500 0.803700 -0.107300 0.009300
-0.056400 0.803700 -0.107500 0.009300
-0.056300 0.803700 -0.107600 0.009300
-0.056200 0.803800 -0.107800 0.009300
-0.056200 0.803800 -0.108000 0.009300
-0.056100 0.803800 -0.108200 0.009300
-0.056000 0.803900 -0.108300 0.009400
-0.055900 0.803900 -0.108500 0.009400
-0.055800 0.803900 -0.108700 0.009400
-0.055700 0.803900 -0.108800 0.009400
-0.055700 0.804000 -0.109000 0.009400
-0.055600 0.804000 -0.109200 0.009400
-0.055500 0.804000 -0.109400 0.009400
-0.055400 0.804000 -0.109500 0.009500
-0.055300 0.804100 -0.109700 0.009500
-0.055200 0.804100 -0.109900 0.009500
-0.055200 0.804100 -0.110000 0.009500
-0.055100 0.804200 -0.110200 0.009500
-0.055000 0.804200 -0.110400 0.009500
-0.054900 0.804200 -0.110600 0.009500
-0.054800 0.804200 -0.110700 0.009500
-0.054700 0.804300 -0.110900 0.009600
-0.054600 0.804300 -0.111100 0.009600
-0.054600 0.804300 -0.111200 0.009600
-0.054500 0.804300 -0.111400 0.009600
-0.054400 0.804400 -0.111600 0.009600
-0.054300 0.804400 -0.111800 0.009600
-0.054200 0.804400 -0.111900 0.009600
-0.054100 0.804400 -0.112100 0.009700
-0.054100 0.804500 -0.112300 0.009700
-0.054000 0.804500 -0.112400 0.009700
-0.053900 0.804500 -0.112600 0.009700
-0.053800 0.804600 -0.112800 0.009700
-0.053700 0.804600 -0.113000 0.009700
-0.053600 0.804600 -0.113100 0.009700
-0.053600 0.804600 -0.113300 0.009700
-0.053500 0.804700 -0.113500 0.009800
-0.053400 0.804700 -0.113600 0.009800
-0.053300 0.804700 -0.113800 0.009800
-0.053200 0.804700 -0.114000 0.009800
-0.053100 0.804800 -0.114200 0.009800
-0.053100 0.804800 -0.114300 0.009800
-0.053000 0.804800 -0.114500 0.009800
-0.052900 0.804900 -0.114700 0.009900
-0.052800 0.804900 -0.114800 0.009900
-0.052700 0.804900 -0.115000 0.009900
-0.052600 0.804900 -0.115200 0.009900
-0.052500 0.805000 -0.115400 0.009900
-0.052500 0.805000 -0.115500 0.009900
-0.052400 0.805000 -0.115700 0.009900
-0.052300 0.805000 -0.115900 0.009900
-0.052200 0.805100 -0.116100 0.010000
-0.052100 0.805100 -0.116200 0.010000
-0.052000 0.805100 -0.116400 0.010000
-0.052000 0.805200 -0.116600 0.010000
-0.051900 0.805200 -0.116700 0.010000
-0.051800 0.805200 -0.116900 0.010000
-0.051700 0.805200 -0.117100 0.010000
-0.051600 0.805300 -0.117300 0.010000
-0.051500 0.805300 -0.117400 0.010100
-0.051500 0.805300 -0.117600 0.010100
-0.051400 0.805300 -0.117800 0.010100
-0.051300 0.805400 -0.117900 0.010100
-0.051200 0.805400 -0.118100 0.010100
-0.051100 0.805400 -0.118300 0.010100
-0.051000 0.805500 -0.118500 0.010100
-0.051000 0.805500 -0.118600 0.010200
-0.050900 0.805500 -0.118800 0.010200
-0.050800 0.805500 -0.119000 0.010200
-0.050700 0.805600 -0.119100 0.010200
-0.050600 0.805600 -0.119300 0.010200
-0.050500 0.805600 -0.119500 0.010200
-0.050400 0.805700 -0.119700 0.010200
-0.050400 0.805700 -0.119800 0.010200
-0.050300 0.805700 -0.120000 0.010300
-0.050200 0.805700 -0.120200 0.010300
-0.050100 0.805800 -0.120300 0.010300
-0.050000 0.805800 -0.120500 0.010300
-0.049900 0.805800 -0.120700 0.010300
-0.049900 0.805800 -0.120900 0.010300
-0.049800 0.805900 -0.121000 0.010300
-0.049700 0.805900 -0.121200 0.010300
-0.049600 0.805900 -0.121400 0.010400
-0.049500 0.806000 -0.121500 0.010400
-0.049400 0.806000 -0.121700 0.010400
-0.049400 0.806000 -0.121900 0.010400
-0.049300 0.806000 -0.122100 0.010400
-0.049200 0.806100 -0.122200 0.010400
-0.049100 0.806100 -0.122400 0.010400
-0.049000 0.806100 -0.122600 0.010500
-0.048900 0.806200 -0.122700 0.010500
-0.048900 0.806200 -0.122900 0.010500
-0.048800 0.806200 -0.123100 0.010500
-0.048700 0.806200 -0.123300 0.010500
-0.048600 0.806300 -0.123400 0.010500
-0.048500 0.806300 -0.123600 0.010500
-0.048400 0.806300 -0.123800 0.010500
-0.048400 0.806300 -0.123900 0.010600
-0.048300 0.806400 -0.124100 0.010600
-0.048200 0.806400 -0.124300 0.010600
-0.048100 0.806400 -0.124500 0.010600
-0.048000 0.806500 -0.124600 0.010600
-0.047900 0.806500 -0.124800 0.010600
-0.047800 0.806500 -0.125000 0.010600
-0.047800 0.806500 -0.125100 0.010600
-0.047700 0.806600 -0.125300 0.010700
-0.047600 0.806600 -0.125500 0.010700
-0.047500 0.806600 -0.125700 0.010700
-0.047400 0.806700 -0.125800 0.010700
-0.047300 0.806700 -0.126000 0.010700
-0.047300 0.806700 -0.126200 0.010700
-0.047200 0.806700 -0.126300 0.010700
-0.047100 0.806800 -0.126500 0.010700
-0.047000 0.806800 -0.126700 0.010800
-0.046900 0.806800 -0.126900 0.010800
-0.046800 0.806900 -0.127000 0.010800
-0.046800 0.806900 -0.127200 0.010800
-0.046700 0.806900 -0.127400 0.010800
-0.046600 0.806900 -0.127500 0.010800
-0.046500 0.807000 -0.127700 0.010800
-0.046400 0.807000 -0.127900 0.010900
-0.046300 0.807000 -0.128100 0.010900
-0.046300 0.807100 -0.128200 0.010900
-0.046200 0.807100 -0.128400 0.010900
-0.046100 0.807100 -0.128600 0.010900
-0.046000 0.807100 -0.128700 0.010900
-0.045900 0.807200 -0.128900 0.010900
-0.045800 0.807200 -0.129100 0.010900
-0.045800 0.807200 -0.129300 0.011000
-0.045700 0.807300 -0.129400 0.011000
-0.045600 0.807300 -0.129600 0.011000
-0.045500 0.807300 -0.129800 0.011000
-0.045400 0.807300 -0.129900 0.011000
-0.045300 0.807400 -0.130100 0.011000
-0.045300 0.807400 -0.130300 0.011000
-0.045200 0.807400 -0.130500 0.011000
-0.045100 0.807500 -0.130600 0.011100
-0.045000 0.807500 -0.130800 0.011100
-0.044900 0.807500 -0.131000 0.011100
-0.044800 0.807500 -0.131100 0.011100
-0.044800 0.807600 -0.131300 0.011100
-0.044700 0.807600 -0.131500 0.011100
-0.044600 0.807600 -0.131700 0.011100
-0.044500 0.807700 -0.131800 0.011100
-0.044400 0.807700 -0.132000 0.011200
-0.044300 0.807700 -0.132200 0.011200
-0.044300 0.807700 -0.132300 0.011200
-0.044200 0.807800 -0.132500 0.011200
-0.044100 0.807800 -0.132700 0.011200
-0.044000 0.807800 -0.132900 0.011200
-0.043900 0.807900 -0.133000 0.011200
-0.043800 0.807900 -0.133200 0.011200
-0.043800 0.807900 -0.133400 0.011300
-0.043700 0.807900 -0.133500 0.011300
-0.043600 0.808000 -0.133700 0.011300
-0.043500 0.808000 -0.133900 0.011300
-0.043400 0.808000 -0.134100 0.011300
-0.043300 0.808100 -0.134200 0.011300
-0.043300 0.808100 -0.134400 0.011300
-0.043200 0.808100 -0.134600 0.011300
-0.043100 0.808100 -0.134700 0.011400
-0.043000 0.808200 -0.134900 0.011400
-0.042900 0.808200 -0.135100 0.011400
-0.042800 0.808200 -0.135300 0.011400
-0.042700 0.808300 -0.135400 0.011400
-0.042700 0.808300 -0.135600 0.011400
-0.042600 0.808300 -0.135800 0.011400
-0.042500 0.808300 -0.135900 0.011400
-0.042400 0.808400 -0.136100 0.011500
-0.042300 0.808400 -0.136300 0.011500
-0.042200 0.808400 -0.136500 0.011500
-0.042200 0.808500 -0.136600 0.011500
-0.042100 0.808500 -0.136800 0.011500
-0.042000 0.808500 -0.137000 0.011500
-0.041900 0.808600 -0.137200 0.011500
-0.041800 0.808600 -0.137300 0.011500
-0.041700 0.808600 -0.137500 0.011600
-0.041700 0.808600 -0.137700 0.011600
-0.041600 0.808700 -0.137800 0.011600
-0.041500 0.808700 -0.138000 0.011600
-0.041400 0.808700 -0.138200 0.011600
-0.041300 0.808800 -0.138400 0.011600
-0.041200 0.808800 -0.138500 0.011600
-0.041200 0.808800 -0.138700 0.011600
-0.041100 0.808800 -0.138900 0.011700
-0.041000 0.808900 -0.139000 0.011700
-0.040900 0.808900 -0.139200 0.011700
-0.040800 0.808900 -0.139400 0.011700
-0.040700 0.809000 -0.139600 0.011700
-0.040700 0.809000 -0.139700 0.011700
-0.040600 0.809000 -0.139900 0.011700
-0.040500 0.809000 -0.140100 0.011700
-0.040400 0.809100 -0.140200 0.011800
-0.040300 0.809100 -0.140400 0.011800
-0.040200 0.809100 -0.140600 0.011800
-0.040200 0.809200 -0.140800 0.011800
-0.040100 0.809200 -0.140900 0.011800
-0.040000 0.809200 -0.141100 0.011800
-0.039900 0.809300 -0.141300 0.011800
-0.039800 0.809300 -0.141400 0.011800
-0.039700 0.809300 -0.141600 0.011900
-0.039700 0.809300 -0.141800 0.011900
-0.039600 0.809400 -0.142000 0.011900
-0.039500 0.809400 -0.142100 0.011900
-0.039400 0.809400 -0.142300 0.011900
-0.039300 0.809500 -0.142500 0.011900
-0.039300 0.809500 -0.142600 0.011900
-0.039200 0.809500 -0.142800 0.011900
-0.039100 0.809600 -0.143000 0.012000
-0.039000 0.809600 -0.143200 0.012000
-0.038900 0.809600 -0.143300 0.012000
-0.038800 0.809600 -0.143500 0.012000
-0.038800 0.809700 -0.143700 0.012000
-0.038700 0.809700 -0.143800 0.012000
-0.038600 0.809700 -0.144000 0.012000
-0.038500 0.809800 -0.144200 0.012000
-0.038400 0.809800 -0.144400 0.012100
-0.038300 0.809800 -0.144500 0.012100
-0.038300 0.809800 -0.144700 0.012100
-0.038200 0.809900 -0.144900 0.012100
-0.038100 0.809900 -0.145000 0.012100
-0.038000 0.809900 -0.145200 0.012100
-0.037900 0.810000 -0.145400 0.012100
-0.037800 0.810000 -0.145600 0.012100
-0.037800 0.810000 -0.145700 0.012200
-0.037700 0.810100 -0.145900 0.012200
-0.037600 0.810100 -0.146100 0.012200
-0.037500 0.810100 -0.146200 0.012200
-0.037400 0.810100 -0.146400 0.012200
-0.037300 0.810200 -0.146600 0.012200
-0.037300 0.810200 -0.146800 0.012200
-0.037200 0.810200 -0.146900 0.012200
-0.037100 0.810300 -0.147100 0.012300
-0.037000 0.810300 -0.147300 0.012300
-0.036900 0.810300 -0.147400 0.012300
-0.036800 0.810400 -0.147600 0.012300
-0.036800 0.810400 -0.147800 0.012300
-0.036700 0.810400 -0.148000 0.012300
-0.036600 0.810400 -0.148100 0.012300
-0.036500 0.810500 -0.148300 0.012300
-0.036400 0.810500 -0.148500 0.012400
-0.036300 0.810500 -0.148600 0.012400
-0.036300 0.810600 -0.148800 0.012400
-0.036200 0.810600 -0.149000 0.012400
-0.036100 0.810600 -0.149200 0.012400
-0.036000 0.810700 -0.149300 0.012400
-0.035900 0.810700 -0.149500 0.012400
-0.035800 0.810700 -0.149700 0.012400
-0.035800 0.810800 -0.149800 0.012500
-0.035700 0.810800 -0.150000 0.012500
-0.035600 0.810800 -0.150200 0.012500
-0.035500 0.810800 -0.150400 0.012500
-0.035400 0.810900 -0.150500 0.012500
-0.035300 0.810900 -0.150700 0.012500
-0.035300 0.810900 -0.150900 0.012500
-0.035200 0.811000 -0.151000 0.012500
-0.035100 0.811000 -0.151200 0.012600
-0.035000 0.811000 -0.151400 0.012600
-0.034900 0.811100 -0.151600 0.012600
-0.034800 0.811100 -0.151700 0.012600
-0.034800 0.811100 -0.151900 0.012600
-0.034700 0.811100 -0.152100 0.012600
-0.034600 0.811200 -0.152200 0.012600
-0.034500 0.811200 -0.152400 0.012600
-0.034400 0.811200 -0.152600 0.012600
-0.034400 0.811300 -0.152800 0.012700
-0.034300 0.811300 -0.152900 0.012700
-0.034200 0.811300 -0.153100 0.012700
-0.034100 0.811400 -0.153300 0.012700
-0.034000 0.811400 -0.153400 0.012700
-0.033900 0.811400 -0.153600 0.012700
-0.033900 0.811500 -0.153800 0.012700
-0.033800 0.811500 -0.154000 0.012700
-0.033700 0.811500 -0.154100 0.012800
-0.033600 0.811500 -0.154300 0.012800
-0.033500 0.811600 -0.154500 0.012800
-0.033400 0.811600 -0.154600 0.012800
-0.033400 0.811600 -0.154800 0.012800
-0.033300 0.811700 -0.155000 0.012800
-0.033200 0.811700 -0.155200 0.012800
-0.033100 0.811700 -0.155300 0.012800
-0.033000 0.811800 -0.155500 0.012900
-0.032900 0.811800 -0.155700 0.012900
-0.032900 0.811800 -0.155800 0.012900
-0.032800 0.811900 -0.156000 0.012900
-0.032700 0.811900 -0.156200 0.012900
-0.032600 0.811900 -0.156400 0.012900
-0.032500 0.811900 -0.156500 0.012900
-0.032400 0.812000 -0.156700 0.012900
-0.032400 0.812000 -0.156900 0.012900
-0.032300 0.812000 -0.157000 0.013000
-0.032200 0.812100 -0.157200 0.013000
-0.032100 0.812100 -0.157400 0.013000
-0.032000 0.812100 -0.157600 0.013000
-0.031900 0.812200 -0.157700 0.013000
-0.031900 0.812200 -0.157900 0.013000
-0.031800 0.812200 -0.158100 0.013000
-0.031700 0.812300 -0.158200 0.013000
-0.031600 0.812300 -0.158400 0.013100
-0.031500 0.812300 -0.158600 0.013100
-0.031500 0.812300 -0.158800 0.013100
-0.031400 0.812400 -0.158900 0.013100
-0.031300 0.812400 -0.159100 0.013100
-0.031200 0.812400 -0.159300 0.013100
-0.031100 0.812500 -0.159400 0.013100
-0.031000 0.812500 -0.159600 0.013100
-0.031000 0.812500 -0.159800 0.013200
-0.030900 0.812600 -0.160000 0.013200
-0.030800 0.812600 -0.160100 0.013200
-0.030700 0.812600 -0.160300 0.013200
-0.030600 0.812700 -0.160500 0.013200
-0.030500 0.812700 -0.160600 0.013200
-0.030500 0.812700 -0.160800 0.013200
-0.030400 0.812800 -0.161000 0.013200
-0.030300 0.812800 -0.161200 0.013200
-0.030200 0.812800 -0.161300 0.013300
-0.030100 0.812800 -0.161500 0.013300
-0.030000 0.812900 -0.161700 0.013300
-0.030000 0.812900 -0.161800 0.013300
-0.029900 0.812900 -0.162000 0.013300
-0.029800 0.813000 -0.162200 0.013300
-0.029700 0.813000 -0.162400 0.013300
-0.029600 0.813000 -0.162500 0.013300
-0.029600 0.813100 -0.162700 0.013400
-0.029500 0.813100 -0.162900 0.013400
-0.029400 0.813100 -0.163000 0.013400
-0.029300 0.813200 -0.163200 0.013400
-0.029200 0.813200 -0.163400 0.013400
-0.029100 0.813200 -0.163600 0.013400
-0.029100 0.813300 -0.163700 0.013400
-0.029000 0.813300 -0.163900 0.013400
-0.028900 0.813300 -0.164100 0.013400
-0.028800 0.813300 -0.164200 0.013500
-0.028700 0.813400 -0.164400 0.013500
-0.028600 0.813400 -0.164600 0.013500
-0.028600 0.813400 -0.164800 0.013500
-0.028500 0.813500 -0.164900 0.013500
-0.028400 0.813500 -0.165100 0.013500
-0.028300 0.813500 -0.165300 0.013500
-0.028200 0.813600 -0.165400 0.013500
-0.028100 0.813600 -0.165600 0.013600
-0.028100 0.813600 -0.165800 0.013600
-0.028000 0.813700 -0.166000 0.013600
-0.027900 0.813700 -0.166100 0.013600
-0.027800 0.813700 -0.166300 0.013600
-0.027700 0.813800 -0.166500 0.013600
-0.027700 0.813800 -0.166600 0.013600
-0.027600 0.813800 -0.166800 0.013600
-0.027500 0.813900 -0.167000 0.013600
-0.027400 0.813900 -0.167200 0.013700
-0.027300 0.813900 -0.167300 0.013700
-0.027200 0.813900 -0.167500 0.013700
-0.027200 0.814000 -0.167700 0.013700
-0.027100 0.814000 -0.167900 0.013700
-0.027000 0.814000 -0.168000 0.013700
-0.026900 0.814100 -0.168200 0.013700
-0.026800 0.814100 -0.168400 0.013700
-0.026700 0.814100 -0.168500 0.013800
-0.026700 0.814200 -0.168700 0.013800
-0.026600 0.814200 -0.168900 0.013800
-0.026500 0.814200 -0.169100 0.013800
-0.026400 0.814300 -0.169200 0.013800
-0.026300 0.814300 -0.169400 0.013800
-0.026300 0.814300 -0.169600 0.013800
-0.026200 0.814400 -0.169700 0.013800
-0.026100 0.814400 -0.169900 0.013800
-0.026000 0.814400 -0.170100 0.013900
-0.025900 0.814500 -0.170300 0.013900
-0.025800 0.814500 -0.170400 0.013900
-0.025800 0.814500 -0.170600 0.013900
-0.025700 0.814600 -0.170800 0.013900
-0.025600 0.814600 -0.170900 0.013900
-0.025500 0.814600 -0.171100 0.013900
-0.025400 0.814700 -0.171300 0.013900
-0.025300 0.814700 -0.171500 0.014000
-0.025300 0.814700 -0.171600 0.014000
-0.025200 0.814700 -0.171800 0.014000
-0.025100 0.814800 -0.172000 0.014000
-0.025000 0.814800 -0.172100 0.014000
-0.024900 0.814800 -0.172300 0.014000
-0.024900 0.814900 -0.172500 0.014000
-0.024800 0.814900 -0.172700 0.014000
-0.024700 0.814900 -0.172800 0.014000
-0.024600 0.815000 -0.173000 0.014100
-0.024500 0.815000 -0.173200 0.014100
-0.024400 0.815000 -0.173300 0.014100
-0.024400 0.815100 -0.173500 0.014100
-0.024300 0.815100 -0.173700 0.014100
-0.024200 0.815100 -0.173900 0.014100
-0.024100 0.815200 -0.174000 0.014100
-0.024000 0.815200 -0.174200 0.014100
-0.024000 0.815200 -0.174400 0.014100
-0.023900 0.815300 -0.174500 0.014200
-0.023800 0.815300 -0.174700 0.014200
-0.023700 0.815300 -0.174900 0.014200
-0.023600 0.815400 -0.175100 0.014200
-0.023500 0.815400 -0.175200 0.014200
-0.023500 0.815400 -0.175400 0.014200
-0.023400 0.815500 -0.175600 0.014200
-0.023300 0.815500 -0.175700 0.014200
-0.023200 0.815500 -0.175900 0.014300
-0.023100 0.815600 -0.176100 0.014300
-0.023000 0.815600 -0.176300 0.014300
-0.023000 0.815600 -0.176400 0.014300
-0.022900 0.815700 -0.176600 0.014300
-0.022800 0.815700 -0.176800 0.014300
-0.022700 0.815700 -0.176900 0.014300
-0.022600 0.815700 -0.177100 0.014300
-0.022600 0.815800 -0.177300 0.014300
-0.022500 0.815800 -0.177500 0.014400
-0.022400 0.815800 -0.177600 0.014400
-0.022300 0.815900 -0.177800 0.014400
-0.022200 0.815900 -0.178000 0.014400
-0.022100 0.815900 -0.178100 0.014400
-0.022100 0.816000 -0.178300 0.014400
-0.022000 0.816000 -0.178500 0.014400
-0.021900 0.816000 -0.178700 0.014400
-0.021800 0.816100 -0.178800 0.014400
-0.021700 0.816100 -0.179000 0.014500
-0.021700 0.816100 -0.179200 0.014500
-0.021600 0.816200 -0.179300 0.014500
-0.021500 0.816200 -0.179500 0.014500
-0.021400 0.816200 -0.179700 0.014500
-0.021300 0.816300 -0.179900 0.014500
-0.021200 0.816300 -0.180000 0.014500
-0.021200 0.816300 -0.180200 0.014500
-0.021100 0.816400 -0.180400 0.014500
-0.021000 0.816400 -0.180500 0.014600
-0.020900 0.816400 -0.180700 0.014600
-0.020800 0.816500 -0.180900 0.014600
-0.020700 0.816500 -0.181100 0.014600
-0.020700 0.816500 -0.181200 0.014600
-0.020600 0.816600 -0.181400 0.014600
-0.020500 0.816600 -0.181600 0.014600
-0.020400 0.816600 -0.181700 0.014600
-0.020300 0.816700 -0.181900 0.014600
-0.020300 0.816700 -0.182100 0.014700
-0.020200 0.816700 -0.182300 0.014700
-0.020100 0.816800 -0.182400 0.014700
-0.020000 0.816800 -0.182600 0.014700
-0.019900 0.816800 -0.182800 0.014700
-0.019800 0.816900 -0.182900 0.014700
-0.019800 0.816900 -0.183100 0.014700
-0.019700 0.816900 -0.183300 0.014700
-0.019600 0.817000 -0.183500 0.014800
-0.019500 0.817000 -0.183600 0.014800
-0.019400 0.817000 -0.183800 0.014800
-0.019400 0.817100 -0.184000 0.014800
-0.019300 0.817100 -0.184100 0.014800
-0.019200 0.817100 -0.184300 0.014800
-0.019100 0.817200 -0.184500 0.014800
-0.019000 0.817200 -0.184700 0.014800
-0.018900 0.817200 -0.184800 0.014800
-0.018900 0.817300 -0.185000 0.014900
-0.018800 0.817300 -0.185200 0.014900
-0.018700 0.817300 -0.185300 0.014900
-0.018600 0.817400 -0.185500 0.014900
-0.018500 0.817400 -0.185700 0.014900
-0.018500 0.817400 -0.185900 0.014900
-0.018400 0.817500 -0.186000 0.014900
-0.018300 0.817500 -0.186200 0.014900
-0.018200 0.817500 -0.186400 0.014900
-0.018100 0.817600 -0.186500 0.015000
-0.018000 0.817600 -0.186700 0.015000
-0.018000 0.817600 -0.186900 0.015000
-0.017900 0.817700 -0.187100 0.015000
-0.017800 0.817700 -0.187200 0.015000
-0.017700 0.817700 -0.187400 0.015000
-0.017600 0.817800 -0.187600 0.015000
-0.017600 0.817800 -0.187700 0.015000
-0.017500 0.817800 -0.187900 0.015000
-0.017400 0.817900 -0.188100 0.015100
-0.017300 0.817900 -0.188300 0.015100
-0.017200 0.817900 -0.188400 0.015100
-0.017100 0.818000 -0.188600 0.015100
-0.017100 0.818000 -0.188800 0.015100
-0.017000 0.818000 -0.188900 0.015100
-0.016900 0.818100 -0.189100 0.015100
-0.016800 0.818100 -0.189300 0.015100
-0.016700 0.818100 -0.189500 0.015100
-0.016700 0.818200 -0.189600 0.015200
-0.016600 0.818200 -0.189800 0.015200
-0.016500 0.818200 -0.190000 0.015200
-0.016400 0.818300 -0.190100 0.015200
-0.016300 0.818300 -0.190300 0.015200
-0.016300 0.818300 -0.190500 0.015200
-0.016200 0.818400 -0.190700 0.015200
-0.016100 0.818400 -0.190800 0.015200
-0.016000 0.818400 -0.191000 0.015200
-0.015900 0.818500 -0.191200 0.015300
-0.015800 0.818500 -0.191300 0.015300
-0.015800 0.818500 -0.191500 0.015300
-0.015700 0.818600 -0.191700 0.015300
-0.015600 0.818600 -0.191900 0.015300
-0.015500 0.818600 -0.192000 0.015300
-0.015400 0.818700 -0.192200 0.015300
-0.015400 0.818700 -0.192400 0.015300
-0.015300 0.818700 -0.192500 0.015300
-0.015200 0.818800 -0.192700 0.015400
-0.015100 0.818800 -0.192900 0.015400
-0.015000 0.818800 -0.193100 0.015400
-0.014900 0.818900 -0.193200 0.015400
-0.014900 0.818900 -0.193400 0.015400
-0.014800 0.818900 -0.193600 0.015400
-0.014700 0.819000 -0.193700 0.015400
-0.014600 0.819000 -0.193900 0.015400
-0.014500 0.819000 -0.194100 0.015400
-0.014500 0.819100 -0.194300 0.015400
-0.014400 0.819100 -0.194400 0.015500
-0.014300 0.819100 -0.194600 0.015500
-0.014200 0.819200 -0.194800 0.015500
-0.014100 0.819200 -0.194900 0.015500
-0.014100 0.819300 -0.195100 0.015500
-0.014000 0.819300 -0.195300 0.015500
-0.013900 0.819300 -0.195500 0.015500
-0.013800 0.819400 -0.195600 0.015500
-0.013700 0.819400 -0.195800 0.015500
-0.013600 0.819400 -0.196000 0.015600
-0.013600 0.819500 -0.196100 0.015600
-0.013500 0.819500 -0.196300 0.015600
-0.013400 0.819500 -0.196500 0.015600
-0.013300 0.819600 -0.196700 0.015600
-0.013200 0.819600 -0.196800 0.015600
-0.013200 0.819600 -0.197000 0.015600
-0.013100 0.819700 -0.197200 0.015600
-0.013000 0.819700 -0.197300 0.015600
-0.012900 0.819700 -0.197500 0.015700
-0.012800 0.819800 -0.197700 0.015700
-0.012700 0.819800 -0.197900 0.015700
-0.012700 0.819800 -0.198000 0.015700
-0.012600 0.819900 -0.198200 0.015700
-0.012500 0.819900 -0.198400 0.015700
-0.012400 0.819900 -0.198500 0.015700
-0.012300 0.820000 -0.198700 0.015700
-0.012300 0.820000 -0.198900 0.015700
-0.012200 0.820000 -0.199100 0.015800
-0.012100 0.820100 -0.199200 0.015800
-0.012000 0.820100 -0.199400 0.015800
-0.011900 0.820100 -0.199600 0.015800
-0.011900 0.820200 -0.199700 0.015800
-0.011800 0.820200 -0.199900 0.015800
-0.011700 0.820200 -0.200100 0.015800
-0.011600 0.820300 -0.200300 0.015800
-0.011500 0.820300 -0.200400 0.015800
-0.011400 0.820400 -0.200600 0.015900
-0.011400 0.820400 -0.200800 0.015900
-0.011300 0.820400 -0.200900 0.015900
-0.011200 0.820500 -0.201100 0.015900
-0.011100 0.820500 -0.201300 0.015900
-0.011000 0.820500 -0.201500 0.015900
-0.011000 0.820600 -0.201600 0.015900
-0.010900 0.820600 -0.201800 0.015900
-0.010800 0.820600 -0.202000 0.015900
-0.010700 0.820700 -0.202100 0.015900
-0.010600 0.820700 -0.202300 0.016000
-0.010600 0.820700 -0.202500 0.016000
-0.010500 0.820800 -0.202700 0.016000
-0.010400 0.820800 -0.202800 0.016000
-0.010300 0.820800 -0.203000 0.016000
-0.010200 0.820900 -0.203200 0.016000
-0.010100 0.820900 -0.203300 0.016000
-0.010100 0.820900 -0.203500 0.016000
-0.010000 0.821000 -0.203700 0.016000
-0.009900 0.821000 -0.203900 0.016100
-0.009800 0.821000 -0.204000 0.016100
-0.009700 0.821100 -0.204200 0.016100
-0.009700 0.821100 -0.204400 0.016100
-0.009600 0.821100 -0.204500 0.016100
-0.009500 0.821200 -0.204700 0.016100
-0.009400 0.821200 -0.204900 0.016100
-0.009300 0.821300 -0.205100 0.016100
-0.009300 0.821300 -0.205200 0.016100
-0.009200 0.821300 -0.205400 0.016200
-0.009100 0.821400 -0.205600 0.016200
-0.009000 0.821400 -0.205700 0.016200
-0.008900 0.821400 -0.205900 0.016200
-0.008800 0.821500 -0.206100 0.016200
-0.008800 0.821500 -0.206300 0.016200
-0.008700 0.821500 -0.206400 0.016200
-0.008600 0.821600 -0.206600 0.016200
-0.008500 0.821600 -0.206800 0.016200
-0.008400 0.821600 -0.206900 0.016200
-0.008400 0.821700 -0.207100 0.016300
-0.008300 0.821700 -0.207300 0.016300
-0.008200 0.821700 -0.207500 0.016300
-0.008100 0.821800 -0.207600 0.016300
-0.008000 0.821800 -0.207800 0.016300
-0.008000 0.821900 -0.208000 0.016300
-0.007900 0.821900 -0.208100 0.016300
-0.007800 0.821900 -0.208300 0.016300
-0.007700 0.822000 -0.208500 0.016300
-0.007600 0.822000 -0.208700 0.016400
-0.007600 0.822000 -0.208800 0.016400
-0.007500 0.822100 -0.209000 0.016400
-0.007400 0.822100 -0.209200 0.016400
-0.007300 0.822100 -0.209300 0.016400
-0.007200 0.822200 -0.209500 0.016400
-0.007100 0.822200 -0.209700 0.016400
-0.007100 0.822200 -0.209900 0.016400
-0.007000 0.822300 -0.210000 0.016400
-0.006900 0.822300 -0.210200 0.016400
-0.006800 0.822300 -0.210400 0.016500
-0.006700 0.822400 -0.210500 0.016500
-0.006700 0.822400 -0.210700 0.016500
-0.006600 0.822500 -0.210900 0.016500
-0.006500 0.822500 -0.211100 0.016500
-0.006400 0.822500 -0.211200 0.016500
-0.006300 0.822600 -0.211400 0.016500
-0.006300 0.822600 -0.211600 0.016500
-0.006200 0.822600 -0.211700 0.016500
-0.006100 0.822700 -0.211900 0.016600
-0.006000 0.822700 -0.212100 0.016600
-0.005900 0.822700 -0.212300 0.016600
-0.005900 0.822800 -0.212400 0.016600
-0.005800 0.822800 -0.212600 0.016600
-0.005700 0.822800 -0.212800 0.016600
-0.005600 0.822900 -0.212900 0.016600
-0.005500 0.822900 -0.213100 0.016600
-0.005500 0.822900 -0.213300 0.016600
-0.005400 0.823000 -0.213500 0.016600
-0.005300 0.823000 -0.213600 0.016700
-0.005200 0.823100 -0.213800 0.016700
-0.005100 0.823100 -0.214000 0.016700
-0.005000 0.823100 -0.214100 0.016700
-0.005000 0.823200 -0.214300 0.016700
-0.004900 0.823200 -0.214500 0.016700
-0.004800 0.823200 -0.214700 0.016700
-0.004700 0.823300 -0.214800 0.016700
-0.004600 0.823300 -0.215000 0.016700
-0.004600 0.823300 -0.215200 0.016700
-0.004500 0.823400 -0.215300 0.016800
-0.004400 0.823400 -0.215500 0.016800
-0.004300 0.823400 -0.215700 0.016800
-0.004200 0.823500 -0.215900 0.016800
-0.004200 0.823500 -0.216000 0.016800
-0.004100 0.823600 -0.216200 0.016800
-0.004000 0.823600 -0.216400 0.016800
-0.003900 0.823600 -0.216500 0.016800
-0.003800 0.823700 -0.216700 0.016800
-0.003800 0.823700 -0.216900 0.016900
-0.003700 0.823700 -0.217100 0.016900
-0.003600 0.823800 -0.217200 0.016900
-0.003500 0.823800 -0.217400 0.016900
-0.003400 0.823800 -0.217600 0.016900
-0.003400 0.823900 -0.217700 0.016900
-0.003300 0.823900 -0.217900 0.016900
-0.003200 0.824000 -0.218100 0.016900
-0.003100 0.824000 -0.218300 0.016900
-0.003000 0.824000 -0.218400 0.016900
-0.002900 0.824100 -0.218600 0.017000
-0.002900 0.824100 -0.218800 0.017000
-0.002800 0.824100 -0.218900 0.017000
-0.002700 0.824200 -0.219100 0.017000
-0.002600 0.824200 -0.219300 0.017000
-0.002500 0.824200 -0.219500 0.017000
-0.002500 0.824300 -0.219600 0.017000
-0.002400 0.824300 -0.219800 0.017000
-0.002300 0.824300 -0.220000 0.017000
-0.002200 0.824400 -0.220100 0.017000
-0.002100 0.824400 -0.220300 0.017100
-0.002100 0.824500 -0.220500 0.017100
-0.002000 0.824500 -0.220700 0.017100
-0.001900 0.824500 -0.220800 0.017100
-0.001800 0.824600 -0.221000 0.017100
-0.001700 0.824600 -0.221200 0.017100
-0.001700 0.824600 -0.221300 0.017100
-0.001600 0.824700 -0.221500 0.017100
-0.001500 0.824700 -0.221700 0.017100
-0.001400 0.824700 -0.221900 0.017100
-0.001300 0.824800 -0.222000 0.017200
-0.001300 0.824800 -0.222200 0.017200
-0.001200 0.824900 -0.222400 0.017200
-0.001100 0.824900 -0.222500 0.017200
-0.001000 0.824900 -0.222700 0.017200
-0.000900 0.825000 -0.222900 0.017200
-0.000900 0.825000 -0.223100 0.017200
-0.000800 0.825000 -0.223200 0.017200
-0.000700 0.825100 -0.223400 0.017200
-0.000600 0.825100 -0.223600 0.017200
-0.000500 0.825100 -0.223700 0.017300
-0.000500 0.825200 -0.223900 0.017300
-0.000400 0.825200 -0.224100 0.017300
-0.000300 0.825300 -0.224300 0.017300
-0.000200 0.825300 -0.224400 0.017300
-0.000100 0.825300 -0.224600 0.017300
-0.000100 0.825400 -0.224800 0.017300
0.000000 0.825400 -0.224900 0.017300
0.000100 0.825400 -0.225100 0.017300
0.000200 0.825500 -0.225300 0.017300
0.000300 0.825500 -0.225500 0.017400
0.000400 0.825600 -0.225600 0.017400
0.000400 0.825600 -0.225800 0.017400
0.000500 0.825600 -0.226000 0.017400
0.000600 0.825700 -0.226100 0.017400
0.000700 0.825700 -0.226300 0.017400
0.000800 0.825700 -0.226500 0.017400
0.000800 0.825800 -0.226700 0.017400
0.000900 0.825800 -0.226800 0.017400
0.001000 0.825800 -0.227000 0.017400
0.001100 0.825900 -0.227200 0.017500
0.001200 0.825900 -0.227300 0.017500
0.001200 0.826000 -0.227500 0.017500
0.001300 0.826000 -0.227700 0.017500
0.001400 0.826000 -0.227900 0.017500
0.001500 0.826100 -0.228000 0.017500
0.001600 0.826100 -0.228200 0.017500
0.001600 0.826100 -0.228400 0.017500
0.001700 0.826200 -0.228500 0.017500
0.001800 0.826200 -0.228700 0.017500
0.001900 0.826300 -0.228900 0.017600
0.002000 0.826300 -0.229100 0.017600
0.002000 0.826300 -0.229200 0.017600
0.002100 0.826400 -0.229400 0.017600
0.002200 0.826400 -0.229600 0.017600
0.002300 0.826400 -0.229700 0.017600
0.002400 0.826500 -0.229900 0.017600
0.002400 0.826500 -0.230100 0.017600
0.002500 0.826500 -0.230300 0.017600
0.002600 0.826600 -0.230400 0.017600
0.002700 0.826600 -0.230600 0.017700
0.002800 0.826700 -0.230800 0.017700
0.002800 0.826700 -0.230900 0.017700
0.002900 0.826700 -0.231100 0.017700
0.003000 0.826800 -0.231300 0.017700
0.003100 0.826800 -0.231500 0.017700
0.003200 0.826800 -0.231600 0.017700
0.003200 0.826900 -0.231800 0.017700
0.003300 0.826900 -0.232000 0.017700
0.003400 0.827000 -0.232100 0.017700
0.003500 0.827000 -0.232300 0.017800
0.003600 0.827000 -0.232500 0.017800
0.003600 0.827100 -0.232700 0.017800
0.003700 0.827100 -0.232800 0.017800
0.003800 0.827100 -0.233000 0.017800
0.003900 0.827200 -0.233200 0.017800
0.004000 0.827200 -0.233300 0.017800
0.004000 0.827300 -0.233500 0.017800
0.004100 0.827300 -0.233700 0.017800
0.004200 0.827300 -0.233900 0.017800
0.004300 0.827400 -0.234000 0.017900
0.004400 0.827400 -0.234200 0.017900
0.004400 0.827400 -0.234400 0.017900
0.004500 0.827500 -0.234500 0.017900
0.004600 0.827500 -0.234700 0.017900
0.004700 0.827600 -0.234900 0.017900
0.004800 0.827600 -0.235100 0.017900
0.004800 0.827600 -0.235200 0.017900
0.004900 0.827700 -0.235400 0.017900
0.005000 0.827700 -0.235600 0.017900
0.005100 0.827700 -0.235700 0.018000
0.005200 0.827800 -0.235900 0.018000
0.005200 0.827800 -0.236100 0.018000
0.005300 0.827900 -0.236300 0.018000
0.005400 0.827900 -0.236400 0.018000
0.005500 0.827900 -0.236600 0.018000
0.005600 0.828000 -0.236800 0.018000
0.005600 0.828000 -0.236900 0.018000
0.005700 0.828000 -0.237100 0.018000
0.005800 0.828100 -0.237300 0.018000
0.005900 0.828100 -0.237500 0.018000
0.006000 0.828200 -0.237600 0.018100
0.006000 0.828200 -0.237800 0.018100
0.006100 0.828200 -0.238000 0.018100
0.006200 0.828300 -0.238100 0.018100
0.006300 0.828300 -0.238300 0.018100
0.006400 0.828300 -0.238500 0.018100
0.006400 0.828400 -0.238700 0.018100
0.006500 0.828400 -0.238800 0.018100
0.006600 0.828500 -0.239000 0.018100
0.006700 0.828500 -0.239200 0.018100
0.006800 0.828500 -0.239300 0.018200
0.006800 0.828600 -0.239500 0.018200
0.006900 0.828600 -0.239700 0.018200
0.007000 0.828600 -0.239900 0.018200
0.007100 0.828700 -0.240000 0.018200
0.007200 0.828700 -0.240200 0.018200
0.007200 0.828800 -0.240400 0.018200
0.007300 0.828800 -0.240500 0.018200
0.007400 0.828800 -0.240700 0.018200
0.007500 0.828900 -0.240900 0.018200
0.007600 0.828900 -0.241100 0.018300
0.007600 0.828900 -0.241200 0.018300
0.007700 0.829000 -0.241400 0.018300
0.007800 0.829000 -0.241600 0.018300
0.007900 0.829100 -0.241700 0.018300
0.008000 0.829100 -0.241900 0.018300
0.008000 0.829100 -0.242100 0.018300
0.008100 0.829200 -0.242300 0.018300
0.008200 0.829200 -0.242400 0.018300
0.008300 0.829200 -0.242600 0.018300
0.008400 0.829300 -0.242800 0.018300
0.008400 0.829300 -0.242900 0.018400
0.008500 0.829400 -0.243100 0.018400
0.008600 0.829400 -0.243300 0.018400
0.008700 0.829400 -0.243500 0.018400
0.008700 0.829500 -0.243600 0.018400
0.008800 0.829500 -0.243800 0.018400
0.008900 0.829600 -0.244000 0.018400
0.009000 0.829600 -0.244100 0.018400
0.009100 0.829600 -0.244300 0.018400
0.009100 0.829700 -0.244500 0.018400
0.009200 0.829700 -0.244700 0.018500
0.009300 0.829700 -0.244800 0.018500
0.009400 0.829800 -0.245000 0.018500
0.009500 0.829800 -0.245200 0.018500
0.009500 0.829900 -0.245300 0.018500
0.009600 0.829900 -0.245500 0.018500
0.009700 0.829900 -0.245700 0.018500
0.009800 0.830000 -0.245900 0.018500
0.009900 0.830000 -0.246000 0.018500
0.009900 0.830100 -0.246200 0.018500
0.010000 0.830100 -0.246400 0.018500
0.010100 0.830100 -0.246500 0.018600
0.010200 0.830200 -0.246700 0.018600
0.010300 0.830200 -0.246900 0.018600
0.010300 0.830200 -0.247100 0.018600
0.010400 0.830300 -0.247200 0.018600
0.010500 0.830300 -0.247400 0.018600
0.010600 0.830400 -0.247600 0.018600
0.010700 0.830400 -0.247700 0.018600
0.010700 0.830400 -0.247900 0.018600
0.010800 0.830500 -0.248100 0.018600
0.010900 0.830500 -0.248300 0.018600
0.011000 0.830600 -0.248400 0.018700
0.011100 0.830600 -0.248600 0.018700
0.011100 0.830600 -0.248800 0.018700
0.011200 0.830700 -0.248900 0.018700
0.011300 0.830700 -0.249100 0.018700
0.011400 0.830700 -0.249300 0.018700
0.011500 0.830800 -0.249500 0.018700
0.011500 0.830800 -0.249600 0.018700
0.011600 0.830900 -0.249800 0.018700
0.011700 0.830900 -0.250000 0.018700
0.011800 0.830900 -0.250100 0.018800
0.011800 0.831000 -0.250300 0.018800
0.011900 0.831000 -0.250500 0.018800
0.012000 0.831100 -0.250700 0.018800
0.012100 0.831100 -0.250800 0.018800
0.012200 0.831100 -0.251000 0.018800
0.012200 0.831200 -0.251200 0.018800
0.012300 0.831200 -0.251300 0.018800
0.012400 0.831200 -0.251500 0.018800
0.012500 0.831300 -0.251700 0.018800
0.012600 0.831300 -0.251900 0.018800
0.012600 0.831400 -0.252000 0.018900
0.012700 0.831400 -0.252200 0.018900
0.012800 0.831400 -0.252400 0.018900
0.012900 0.831500 -0.252500 0.018900
0.013000 0.831500 -0.252700 0.018900
0.013000 0.831600 -0.252900 0.018900
0.013100 0.831600 -0.253100 0.018900
0.013200 0.831600 -0.253200 0.018900
0.013300 0.831700 -0.253400 0.018900
0.013400 0.831700 -0.253600 0.018900
0.013400 0.831800 -0.253700 0.018900
0.013500 0.831800 -0.253900 0.019000
0.013600 0.831800 -0.254100 0.019000
0.013700 0.831900 -0.254300 0.019000
0.013800 0.831900 -0.254400 0.019000
0.013800 0.831900 -0.254600 0.019000
0.013900 0.832000 -0.254800 0.019000
0.014000 0.832000 -0.254900 0.019000
0.014100 0.832100 -0.255100 0.019000
0.014100 0.832100 -0.255300 0.019000
0.014200 0.832100 -0.255500 0.019000
0.014300 0.832200 -0.255600 0.019000
0.014400 0.832200 -0.255800 0.019100
0.014500 0.832300 -0.256000 0.019100
0.014500 0.832300 -0.256100 0.019100
0.014600 0.832300 -0.256300 0.019100
0.014700 0.832400 -0.256500 0.019100
0.014800 0.832400 -0.256700 0.019100
0.014900 0.832500 -0.256800 0.019100
0.014900 0.832500 -0.257000 0.019100
0.015000 0.832500 -0.257200 0.019100
0.015100 0.832600 -0.257300 0.019100
0.015200 0.832600 -0.257500 0.019100
0.015300 0.832700 -0.257700 0.019200
0.015300 0.832700 -0.257900 0.019200
0.015400 0.832700 -0.258000 0.019200
0.015500 0.832800 -0.258200 0.019200
0.015600 0.832800 -0.258400 0.019200
0.015600 0.832900 -0.258500 0.019200
0.015700 0.832900 -0.258700 0.019200
0.015800 0.832900 -0.258900 0.019200
0.015900 0.833000 -0.259100 0.019200
0.016000 0.833000 -0.259200 0.019200
0.016000 0.833000 -0.259400 0.019200
0.016100 0.833100 -0.259600 0.019300
0.016200 0.833100 -0.259700 0.019300
0.016300 0.833200 -0.259900 0.019300
0.016400 0.833200 -0.260100 0.019300
0.016400 0.833200 -0.260300 0.019300
0.016500 0.833300 -0.260400 0.019300
0.016600 0.833300 -0.260600 0.019300
0.016700 0.833400 -0.260800 0.019300
0.016800 0.833400 -0.260900 0.019300
0.016800 0.833400 -0.261100 0.019300
0.016900 0.833500 -0.261300 0.019300
0.017000 0.833500 -0.261500 0.019400
0.017100 0.833600 -0.261600 0.019400
0.017200 0.833600 -0.261800 0.019400
0.017200 0.833600 -0.262000 0.019400
0.017300 0.833700 -0.262100 0.019400
0.017400 0.833700 -0.262300 0.019400
0.017500 0.833800 -0.262500 0.019400
0.017500 0.833800 -0.262700 0.019400
0.017600 0.833800 -0.262800 0.019400
0.017700 0.833900 -0.263000 0.019400
0.017800 0.833900 -0.263200 0.019400
0.017900 0.834000 -0.263300 0.019500
0.017900 0.834000 -0.263500 0.019500
0.018000 0.834000 -0.263700 0.019500
0.018100 0.834100 -0.263900 0.019500
0.018200 0.834100 -0.264000 0.019500
0.018300 0.834200 -0.264200 0.019500
0.018300 0.834200 -0.264400 0.019500
0.018400 0.834200 -0.264500 0.019500
0.018500 0.834300 -0.264700 0.019500
0.018600 0.834300 -0.264900 0.019500
0.018600 0.834400 -0.265100 0.019500
0.018700 0.834400 -0.265200 0.019600
0.018800 0.834400 -0.265400 0.019600
0.018900 0.834500 -0.265600 0.019600
0.019000 0.834500 -0.265700 0.019600
0.019000 0.834600 -0.265900 0.019600
0.019100 0.834600 -0.266100 0.019600
0.019200 0.834600 -0.266300 0.019600
0.019300 0.834700 -0.266400 0.019600
0.019400 0.834700 -0.266600 0.019600
0.019400 0.834800 -0.266800 0.019600
0.019500 0.834800 -0.266900 0.019600
0.019600 0.834800 -0.267100 0.019600
0.019700 0.834900 -0.267300 0.019700
0.019700 0.834900 -0.267500 0.019700
0.019800 0.835000 -0.267600 0.019700
0.019900 0.835000 -0.267800 0.019700
0.020000 0.835000 -0.268000 0.019700
0.020100 0.835100 -0.268100 0.019700
0.020100 0.835100 -0.268300 0.019700
0.020200 0.835200 -0.268500 0.019700
0.020300 0.835200 -0.268700 0.019700
0.020400 0.835200 -0.268800 0.019700
0.020500 0.835300 -0.269000 0.019700
0.020500 0.835300 -0.269200 0.019800
0.020600 0.835400 -0.269300 0.019800
0.020700 0.835400 -0.269500 0.019800
0.020800 0.835400 -0.269700 0.019800
0.020900 0.835500 -0.269900 0.019800
0.020900 0.835500 -0.270000 0.019800
0.021000 0.835600 -0.270200 0.019800
0.021100 0.835600 -0.270400 0.019800
0.021200 0.835600 -0.270500 0.019800
0.021200 0.835700 -0.270700 0.019800
0.021300 0.835700 -0.270900 0.019800
0.021400 0.835800 -0.271100 0.019900
0.021500 0.835800 -0.271200 0.019900
0.021600 0.835800 -0.271400 0.019900
0.021600 0.835900 -0.271600 0.019900
0.021700 0.835900 -0.271700 0.019900
0.021800 0.836000 -0.271900 0.019900
0.021900 0.836000 -0.272100 0.019900
0.021900 0.836000 -0.272300 0.019900
0.022000 0.836100 -0.272400 0.019900
0.022100 0.836100 -0.272600 0.019900
0.022200 0.836200 -0.272800 0.019900
0.022300 0.836200 -0.272900 0.019900
0.022300 0.836200 -0.273100 0.020000
0.022400 0.836300 -0.273300 0.020000
0.022500 0.836300 -0.273500 0.020000
0.022600 0.836400 -0.273600 0.020000
0.022700 0.836400 -0.273800 0.020000
0.022700 0.836400 -0.274000 0.020000
0.022800 0.836500 -0.274100 0.020000
0.022900 0.836500 -0.274300 0.020000
0.023000 0.836600 -0.274500 0.020000
0.023000 0.836600 -0.274700 0.020000
0.023100 0.836700 -0.274800 0.020000
0.023200 0.836700 -0.275000 0.020000
0.023300 0.836700 -0.275200 0.020100
0.023400 0.836800 -0.275300 0.020100
0.023400 0.836800 -0.275500 0.020100
0.023500 0.836900 -0.275700 0.020100
0.023600 0.836900 -0.275900 0.020100
0.023700 0.836900 -0.276000 0.020100
0.023800 0.837000 -0.276200 0.020100
0.023800 0.837000 -0.276400 0.020100
0.023900 0.837100 -0.276500 0.020100
0.024000 0.837100 -0.276700 0.020100
0.024100 0.837100 -0.276900 0.020100
0.024100 0.837200 -0.277100 0.020200
0.024200 0.837200 -0.277200 0.020200
0.024300 0.837300 -0.277400 0.020200
0.024400 0.837300 -0.277600 0.020200
0.024500 0.837300 -0.277700 0.020200
0.024500 0.837400 -0.277900 0.020200
0.024600 0.837400 -0.278100 0.020200
0.024700 0.837500 -0.278300 0.020200
0.024800 0.837500 -0.278400 0.020200
0.024800 0.837600 -0.278600 0.020200
0.024900 0.837600 -0.278800 0.020200
0.025000 0.837600 -0.278900 0.020200
0.025100 0.837700 -0.279100 0.020300
0.025200 0.837700 -0.279300 0.020300
0.025200 0.837800 -0.279500 0.020300
0.025300 0.837800 -0.279600 0.020300
0.025400 0.837800 -0.279800 0.020300
0.025500 0.837900 -0.280000 0.020300
0.025600 0.837900 -0.280100 0.020300
0.025600 0.838000 -0.280300 0.020300
0.025700 0.838000 -0.280500 0.020300
0.025800 0.838000 -0.280700 0.020300
0.025900 0.838100 -0.280800 0.020300
0.025900 0.838100 -0.281000 0.020300
0.026000 0.838200 -0.281200 0.020400
0.026100 0.838200 -0.281300 0.020400
0.026200 0.838300 -0.281500 0.020400
0.026300 0.838300 -0.281700 0.020400
0.026300 0.838300 -0.281900 0.020400
0.026400 0.838400 -0.282000 0.020400
0.026500 0.838400 -0.282200 0.020400
0.026600 0.838500 -0.282400 0.020400
0.026600 0.838500 -0.282500 0.020400
0.026700 0.838500 -0.282700 0.020400
0.026800 0.838600 -0.282900 0.020400
0.026900 0.838600 -0.283100 0.020400
0.027000 0.838700 -0.283200 0.020500
0.027000 0.838700 -0.283400 0.020500
0.027100 0.838700 -0.283600 0.020500
0.027200 0.838800 -0.283700 0.020500
0.027300 0.838800 -0.283900 0.020500
0.027300 0.838900 -0.284100 0.020500
0.027400 0.838900 -0.284300 0.020500
0.027500 0.839000 -0.284400 0.020500
0.027600 0.839000 -0.284600 0.020500
0.027700 0.839000 -0.284800 0.020500
0.027700 0.839100 -0.284900 0.020500
0.027800 0.839100 -0.285100 0.020500
0.027900 0.839200 -0.285300 0.020600
0.028000 0.839200 -0.285500 0.020600
0.028000 0.839200 -0.285600 0.020600
0.028100 0.839300 -0.285800 0.020600
0.028200 0.839300 -0.286000 0.020600
0.028300 0.839400 -0.286100 0.020600
0.028400 0.839400 -0.286300 0.020600
0.028400 0.839500 -0.286500 0.020600
0.028500 0.839500 -0.286700 0.020600
0.028600 0.839500 -0.286800 0.020600
0.028700 0.839600 -0.287000 0.020600
0.028700 0.839600 -0.287200 0.020600
0.028800 0.839700 -0.287300 0.020700
0.028900 0.839700 -0.287500 0.020700
0.029000 0.839700 -0.287700 0.020700
0.029100 0.839800 -0.287900 0.020700
0.029100 0.839800 -0.288000 0.020700
0.029200 0.839900 -0.288200 0.020700
0.029300 0.839900 -0.288400 0.020700
0.029400 0.840000 -0.288500 0.020700
0.029400 0.840000 -0.288700 0.020700
0.029500 0.840000 -0.288900 0.020700
0.029600 0.840100 -0.289100 0.020700
0.029700 0.840100 -0.289200 0.020700
0.029800 0.840200 -0.289400 0.020800
0.029800 0.840200 -0.289600 0.020800
0.029900 0.840200 -0.289700 0.020800
0.030000 0.840300 -0.289900 0.020800
0.030100 0.840300 -0.290100 0.020800
0.030100 0.840400 -0.290300 0.020800
0.030200 0.840400 -0.290400 0.020800
0.030300 0.840500 -0.290600 0.020800
0.030400 0.840500 -0.290800 0.020800
0.030500 0.840500 -0.290900 0.020800
0.030500 0.840600 -0.291100 0.020800
0.030600 0.840600 -0.291300 0.020800
0.030700 0.840700 -0.291500 0.020900
0.030800 0.840700 -0.291600 0.020900
0.030800 0.840700 -0.291800 0.020900
0.030900 0.840800 -0.292000 0.020900
0.031000 0.840800 -0.292100 0.020900
0.031100 0.840900 -0.292300 0.020900
0.031200 0.840900 -0.292500 0.020900
0.031200 0.841000 -0.292700 0.020900
0.031300 0.841000 -0.292800 0.020900
0.031400 0.841000 -0.293000 0.020900
0.031500 0.841100 -0.293200 0.020900
0.031500 0.841100 -0.293300 0.020900
0.031600 0.841200 -0.293500 0.020900
0.031700 0.841200 -0.293700 0.021000
0.031800 0.841300 -0.293900 0.021000
0.031900 0.841300 -0.294000 0.021000
0.031900 0.841300 -0.294200 0.021000
0.032000 0.841400 -0.294400 0.021000
0.032100 0.841400 -0.294500 0.021000
0.032200 0.841500 -0.294700 0.021000
0.032200 0.841500 -0.294900 0.021000
0.032300 0.841600 -0.295100 0.021000
0.032400 0.841600 -0.295200 0.021000
0.032500 0.841600 -0.295400 0.021000
0.032600 0.841700 -0.295600 0.021000
0.032600 0.841700 -0.295700 0.021100
0.032700 0.841800 -0.295900 0.021100
0.032800 0.841800 -0.296100 0.021100
0.032900 0.841800 -0.296300 0.021100
0.032900 0.841900 -0.296400 0.021100
0.033000 0.841900 -0.296600 0.021100
0.033100 0.842000 -0.296800 0.021100
0.033200 0.842000 -0.296900 0.021100
0.033200 0.842100 -0.297100 0.021100
0.033300 0.842100 -0.297300 0.021100
0.033400 0.842100 -0.297500 0.021100
0.033500 0.842200 -0.297600 0.021100
0.033600 0.842200 -0.297800 0.021100
0.033600 0.842300 -0.298000 0.021200
0.033700 0.842300 -0.298100 0.021200
0.033800 0.842400 -0.298300 0.021200
0.033900 0.842400 -0.298500 0.021200
0.033900 0.842400 -0.298700 0.021200
0.034000 0.842500 -0.298800 0.021200
0.034100 0.842500 -0.299000 0.021200
0.034200 0.842600 -0.299200 0.021200
0.034300 0.842600 -0.299300 0.021200
0.034300 0.842700 -0.299500 0.021200
0.034400 0.842700 -0.299700 0.021200
0.034500 0.842700 -0.299900 0.021200
0.034600 0.842800 -0.300000 0.021200
0.034600 0.842800 -0.300200 0.021300
0.034700 0.842900 -0.300400 0.021300
0.034800 0.842900 -0.300500 0.021300
0.034900 0.843000 -0.300700 0.021300
0.034900 0.843000 -0.300900 0.021300
0.035000 0.843000 -0.301100 0.021300
0.035100 0.843100 -0.301200 0.021300
0.035200 0.843100 -0.301400 0.021300
0.035300 0.843200 -0.301600 0.021300
0.035300 0.843200 -0.301700 0.021300
0.035400 0.843300 -0.301900 0.021300
0.035500 0.843300 -0.302100 0.021300
0.035600 0.843300 -0.302300 0.021400
0.035600 0.843400 -0.302400 0.021400
0.035700 0.843400 -0.302600 0.021400
0.035800 0.843500 -0.302800 0.021400
0.035900 0.843500 -0.302900 0.021400
0.036000 0.843600 -0.303100 0.021400
0.036000 0.843600 -0.303300 0.021400
0.036100 0.843600 -0.303500 0.021400
0.036200 0.843700 -0.303600 0.021400
0.036300 0.843700 -0.303800 0.021400
0.036300 0.843800 -0.304000 0.021400
0.036400 0.843800 -0.304100 0.021400
0.036500 0.843900 -0.304300 0.021400
0.036600 0.843900 -0.304500 0.021500
0.036600 0.843900 -0.304700 0.021500
0.036700 0.844000 -0.304800 0.021500
0.036800 0.844000 -0.305000 0.021500
0.036900 0.844100 -0.305200 0.021500
0.037000 0.844100 -0.305300 0.021500
0.037000 0.844200 -0.305500 0.021500
0.037100 0.844200 -0.305700 0.021500
0.037200 0.844200 -0.305900 0.021500
0.037300 0.844300 -0.306000 0.021500
0.037300 0.844300 -0.306200 0.021500
0.037400 0.844400 -0.306400 0.021500
0.037500 0.844400 -0.306500 0.021500
0.037600 0.844500 -0.306700 0.021600
0.037600 0.844500 -0.306900 0.021600
0.037700 0.844500 -0.307100 0.021600
0.037800 0.844600 -0.307200 0.021600
0.037900 0.844600 -0.307400 0.021600
0.038000 0.844700 -0.307600 0.021600
0.038000 0.844700 -0.307700 0.021600
0.038100 0.844800 -0.307900 0.021600
0.038200 0.844800 -0.308100 0.021600
0.038300 0.844800 -0.308300 0.021600
0.038300 0.844900 -0.308400 0.021600
0.038400 0.844900 -0.308600 0.021600
0.038500 0.845000 -0.308800 0.021600
0.038600 0.845000 -0.308900 0.021700
0.038600 0.845100 -0.309100 0.021700
0.038700 0.845100 -0.309300 0.021700
0.038800 0.845200 -0.309500 0.021700
0.038900 0.845200 -0.309600 0.021700
0.039000 0.845200 -0.309800 0.021700
0.039000 0.845300 -0.310000 0.021700
0.039100 0.845300 -0.310100 0.021700
0.039200 0.845400 -0.310300 0.021700
0.039300 0.845400 -0.310500 0.021700
0.039300 0.845500 -0.310700 0.021700
0.039400 0.845500 -0.310800 0.021700
0.039500 0.845500 -0.311000 0.021700
0.039600 0.845600 -0.311200 0.021700
0.039600 0.845600 -0.311300 0.021800
0.039700 0.845700 -0.311500 0.021800
0.039800 0.845700 -0.311700 0.021800
0.039900 0.845800 -0.311900 0.021800
0.040000 0.845800 -0.312000 0.021800
0.040000 0.845900 -0.312200 0.021800
0.040100 0.845900 -0.312400 0.021800
0.040200 0.845900 -0.312500 0.021800
0.040300 0.846000 -0.312700 0.021800
0.040300 0.846000 -0.312900 0.021800
0.040400 0.846100 -0.313100 0.021800
0.040500 0.846100 -0.313200 0.021800
0.040600 0.846200 -0.313400 0.021800
0.040600 0.846200 -0.313600 0.021900
0.040700 0.846200 -0.313700 0.021900
0.040800 0.846300 -0.313900 0.021900
0.040900 0.846300 -0.314100 0.021900
0.040900 0.846400 -0.314300 0.021900
0.041000 0.846400 -0.314400 0.021900
0.041100 0.846500 -0.314600 0.021900
0.041200 0.846500 -0.314800 0.021900
0.041300 0.846600 -0.314900 0.021900
0.041300 0.846600 -0.315100 0.021900
0.041400 0.846600 -0.315300 0.021900
0.041500 0.846700 -0.315500 0.021900
0.041600 0.846700 -0.315600 0.021900
0.041600 0.846800 -0.315800 0.021900
0.041700 0.846800 -0.316000 0.022000
0.041800 0.846900 -0.316100 0.022000
0.041900 0.846900 -0.316300 0.022000
0.041900 0.846900 -0.316500 0.022000
0.042000 0.847000 -0.316700 0.022000
0.042100 0.847000 -0.316800 0.022000
0.042200 0.847100 -0.317000 0.022000
0.042300 0.847100 -0.317200 0.022000
0.042300 0.847200 -0.317300 0.022000
0.042400 0.847200 -0.317500 0.022000
0.042500 0.847300 -0.317700 0.022000
0.042600 0.847300 -0.317900 0.022000
0.042600 0.847300 -0.318000 0.022000
0.042700 0.847400 -0.318200 0.022100
0.042800 0.847400 -0.318400 0.022100
0.042900 0.847500 -0.318500 0.022100
0.042900 0.847500 -0.318700 0.022100
0.043000 0.847600 -0.318900 0.022100
0.043100 0.847600 -0.319100 0.022100
0.043200 0.847700 -0.319200 0.022100
0.043200 0.847700 -0.319400 0.022100
0.043300 0.847700 -0.319600 0.022100
0.043400 0.847800 -0.319700 0.022100
0.043500 0.847800 -0.319900 0.022100
0.043500 0.847900 -0.320100 0.022100
0.043600 0.847900 -0.320300 0.022100
0.043700 0.848000 -0.320400 0.022100
0.043800 0.848000 -0.320600 0.022200
0.043900 0.848100 -0.320800 0.022200
0.043900 0.848100 -0.320900 0.022200
0.044000 0.848100 -0.321100 0.022200
0.044100 0.848200 -0.321300 0.022200
0.044200 0.848200 -0.321500 0.022200
0.044200 0.848300 -0.321600 0.022200
0.044300 0.848300 -0.321800 0.022200
0.044400 0.848400 -0.322000 0.022200
0.044500 0.848400 -0.322100 0.022200
0.044500 0.848500 -0.322300 0.022200
0.044600 0.848500 -0.322500 0.022200
0.044700 0.848500 -0.322700 0.022200
0.044800 0.848600 -0.322800 0.022200
0.044800 0.848600 -0.323000 0.022300
0.044900 0.848700 -0.323200 0.022300
0.045000 0.848700 -0.323300 0.022300
0.045100 0.848800 -0.323500 0.022300
0.045200 0.848800 -0.323700 0.022300
0.045200 0.848900 -0.323900 0.022300
0.045300 0.848900 -0.324000 0.022300
0.045400 0.848900 -0.324200 0.022300
0.045500 0.849000 -0.324400 0.022300
0.045500 0.849000 -0.324500 0.022300
0.045600 0.849100 -0.324700 0.022300
0.045700 0.849100 -0.324900 0.022300
0.045800 0.849200 -0.325100 0.022300
0.045800 0.849200 -0.325200 0.022300
0.045900 0.849300 -0.325400 0.022400
0.046000 0.849300 -0.325600 0.022400
0.046100 0.849300 -0.325700 0.022400
0.046100 0.849400 -0.325900 0.022400
0.046200 0.849400 -0.326100 0.022400
0.046300 0.849500 -0.326300 0.022400
0.046400 0.849500 -0.326400 0.022400
0.046400 0.849600 -0.326600 0.022400
0.046500 0.849600 -0.326800 0.022400
0.046600 0.849700 -0.326900 0.022400
0.046700 0.849700 -0.327100 0.022400
0.046700 0.849700 -0.327300 0.022400
0.046800 0.849800 -0.327500 0.022400
0.046900 0.849800 -0.327600 0.022400
0.047000 0.849900 -0.327800 0.022500
0.047100 0.849900 -0.328000 0.022500
0.047100 0.850000 -0.328100 0.022500
0.047200 0.850000 -0.328300 0.022500
0.047300 0.850100 -0.328500 0.022500
0.047400 0.850100 -0.328700 0.022500
0.047400 0.850200 -0.328800 0.022500
0.047500 0.850200 -0.329000 0.022500
0.047600 0.850200 -0.329200 0.022500
0.047700 0.850300 -0.329300 0.022500
0.047700 0.850300 -0.329500 0.022500
0.047800 0.850400 -0.329700 0.022500
0.047900 0.850400 -0.329900 0.022500
0.048000 0.850500 -0.330000 0.022500
0.048000 0.850500 -0.330200 0.022600
0.048100 0.850600 -0.330400 0.022600
0.048200 0.850600 -0.330500 0.022600
0.048300 0.850600 -0.330700 0.022600
0.048300 0.850700 -0.330900 0.022600
0.048400 0.850700 -0.331100 0.022600
0.048500 0.850800 -0.331200 0.022600
0.048600 0.850800 -0.331400 0.022600
0.048600 0.850900 -0.331600 0.022600
0.048700 0.850900 -0.331700 0.022600
0.048800 0.851000 -0.331900 0.022600
0.048900 0.851000 -0.332100 0.022600
0.049000 0.851100 -0.332300 0.022600
0.049000 0.851100 -0.332400 0.022600
0.049100 0.851100 -0.332600 0.022600
0.049200 0.851200 -0.332800 0.022700
0.049300 0.851200 -0.332900 0.022700
0.049300 0.851300 -0.333100 0.022700
0.049400 0.851300 -0.333300 0.022700
0.049500 0.851400 -0.333500 0.022700
0.049600 0.851400 -0.333600 0.022700
0.049600 0.851500 -0.333800 0.022700
0.049700 0.851500 -0.334000 0.022700
0.049800 0.851600 -0.334100 0.022700
0.049900 0.851600 -0.334300 0.022700
0.049900 0.851600 -0.334500 0.022700
0.050000 0.851700 -0.334700 0.022700
0.050100 0.851700 -0.334800 0.022700
0.050200 0.851800 -0.335000 0.022700
0.050200 0.851800 -0.335200 0.022800
0.050300 0.851900 -0.335300 0.022800
0.050400 0.851900 -0.335500 0.022800
0.050500 0.852000 -0.335700 0.022800
0.050500 0.852000 -0.335900 0.022800
0.050600 0.852100 -0.336000 0.022800
0.050700 0.852100 -0.336200 0.022800
0.050800 0.852100 -0.336400 0.022800
0.050800 0.852200 -0.336500 0.022800
0.050900 0.852200 -0.336700 0.022800
0.051000 0.852300 -0.336900 0.022800
0.051100 0.852300 -0.337100 0.022800
0.051100 0.852400 -0.337200 0.022800
0.051200 0.852400 -0.337400 0.022800
0.051300 0.852500 -0.337600 0.022800
0.051400 0.852500 -0.337700 0.022900
0.051400 0.852600 -0.337900 0.022900
0.051500 0.852600 -0.338100 0.022900
0.051600 0.852600 -0.338300 0.022900
0.051700 0.852700 -0.338400 0.022900
0.051700 0.852700 -0.338600 0.022900
0.051800 0.852800 -0.338800 0.022900
0.051900 0.852800 -0.338900 0.022900
0.052000 0.852900 -0.339100 0.022900
0.052100 0.852900 -0.339300 0.022900
0.052100 0.853000 -0.339500 0.022900
0.052200 0.853000 -0.339600 0.022900
0.052300 0.853100 -0.339800 0.022900
0.052400 0.853100 -0.340000 0.022900
0.052400 0.853200 -0.340100 0.022900
0.052500 0.853200 -0.340300 0.023000
0.052600 0.853200 -0.340500 0.023000
0.052700 0.853300 -0.340700 0.023000
0.052700 0.853300 -0.340800 0.023000
0.052800 0.853400 -0.341000 0.023000
0.052900 0.853400 -0.341200 0.023000
0.053000 0.853500 -0.341300 0.023000
0.053000 0.853500 -0.341500 0.023000
0.053100 0.853600 -0.341700 0.023000
0.053200 0.853600 -0.341900 0.023000
0.053300 0.853700 -0.342000 0.023000
0.053300 0.853700 -0.342200 0.023000
0.053400 0.853700 -0.342400 0.023000
0.053500 0.853800 -0.342500 0.023000
0.053600 0.853800 -0.342700 0.023000
0.053600 0.853900 -0.342900 0.023100
0.053700 0.853900 -0.343100 0.023100
0.053800 0.854000 -0.343200 0.023100
0.053900 0.854000 -0.343400 0.023100
0.053900 0.854100 -0.343600 0.023100
0.054000 0.854100 -0.343700 0.023100
0.054100 0.854200 -0.343900 0.023100
0.054200 0.854200 -0.344100 0.023100
0.054200 0.854300 -0.344300 0.023100
0.054300 0.854300 -0.344400 0.023100
0.054400 0.854300 -0.344600 0.023100
0.054500 0.854400 -0.344800 0.023100
0.054500 0.854400 -0.344900 0.023100
0.054600 0.854500 -0.345100 0.023100
0.054700 0.854500 -0.345300 0.023100
0.054800 0.854600 -0.345500 0.023100
0.054800 0.854600 -0.345600 0.023200
0.054900 0.854700 -0.345800 0.023200
0.055000 0.854700 -0.346000 0.023200
0.055100 0.854800 -0.346100 0.023200
0.055100 0.854800 -0.346300 0.023200
0.055200 0.854900 -0.346500 0.023200
0.055300 0.854900 -0.346700 0.023200
0.055400 0.854900 -0.346800 0.023200
0.055400 0.855000 -0.347000 0.023200
0.055500 0.855000 -0.347200 0.023200
0.055600 0.855100 -0.347300 0.023200
0.055700 0.855100 -0.347500 0.023200
0.055700 0.855200 -0.347700 0.023200
0.055800 0.855200 -0.347900 0.023200
0.055900 0.855300 -0.348000 0.023200
0.056000 0.855300 -0.348200 0.023300
0.056000 0.855400 -0.348400 0.023300
0.056100 0.855400 -0.348500 0.023300
0.056200 0.855500 -0.348700 0.023300
0.056300 0.855500 -0.348900 0.023300
0.056300 0.855600 -0.349100 0.023300
0.056400 0.855600 -0.349200 0.023300
0.056500 0.855600 -0.349400 0.023300
0.056600 0.855700 -0.349600 0.023300
0.056600 0.855700 -0.349700 0.023300
0.056700 0.855800 -0.349900 0.023300
0.056800 0.855800 -0.350100 0.023300
0.056900 0.855900 -0.350300 0.023300
0.056900 0.855900 -0.350400 0.023300
0.057000 0.856000 -0.350600 0.023300
0.057100 0.856000 -0.350800 0.023300
0.057200 0.856100 -0.350900 0.023400
0.057200 0.856100 -0.351100 0.023400
0.057300 0.856200 -0.351300 0.023400
0.057400 0.856200 -0.351500 0.023400
0.057500 0.856300 -0.351600 0.023400
0.057500 0.856300 -0.351800 0.023400
0.057600 0.856300 -0.352000 0.023400
0.057700 0.856400 -0.352100 0.023400
0.057800 0.856400 -0.352300 0.023400
0.057800 0.856500 -0.352500 0.023400
0.057900 0.856500 -0.352700 0.023400
0.058000 0.856600 -0.352800 0.023400
0.058100 0.856600 -0.353000 0.023400
0.058100 0.856700 -0.353200 0.023400
0.058200 0.856700 -0.353300 0.023400
0.058300 0.856800 -0.353500 0.023400
0.058400 0.856800 -0.353700 0.023500
0.058400 0.856900 -0.353900 0.023500
0.058500 0.856900 -0.354000 0.023500
0.058600 0.857000 -0.354200 0.023500
0.058700 0.857000 -0.354400 0.023500
0.058700 0.857100 -0.354500 0.023500
0.058800 0.857100 -0.354700 0.023500
0.058900 0.857100 -0.354900 0.023500
0.059000 0.857200 -0.355100 0.023500
0.059000 0.857200 -0.355200 0.023500
0.059100 0.857300 -0.355400 0.023500
0.059200 0.857300 -0.355600 0.023500
0.059300 0.857400 -0.355700 0.023500
0.059300 0.857400 -0.355900 0.023500
0.059400 0.857500 -0.356100 0.023500
0.059500 0.857500 -0.356300 0.023500
0.059600 0.857600 -0.356400 0.023600
0.059600 0.857600 -0.356600 0.023600
0.059700 0.857700 -0.356800 0.023600
0.059800 0.857700 -0.356900 0.023600
0.059900 0.857800 -0.357100 0.023600
0.059900 0.857800 -0.357300 0.023600
0.060000 0.857900 -0.357500 0.023600
0.060100 0.857900 -0.357600 0.023600
0.060200 0.857900 -0.357800 0.023600
0.060200 0.858000 -0.358000 0.023600
0.060300 0.858000 -0.358100 0.023600
0.060400 0.858100 -0.358300 0.023600
0.060500 0.858100 -0.358500 0.023600
0.060500 0.858200 -0.358700 0.023600
0.060600 0.858200 -0.358800 0.023600
0.060700 0.858300 -0.359000 0.023600
0.060700 0.858300 -0.359200 0.023700
0.060800 0.858400 -0.359300 0.023700
0.060900 0.858400 -0.359500 0.023700
0.061000 0.858500 -0.359700 0.023700
0.061000 0.858500 -0.359900 0.023700
0.061100 0.858600 -0.360000 0.023700
0.061200 0.858600 -0.360200 0.023700
0.061300 0.858700 -0.360400 0.023700
0.061300 0.858700 -0.360500 0.023700
0.061400 0.858800 -0.360700 0.023700
0.061500 0.858800 -0.360900 0.023700
0.061600 0.858800 -0.361100 0.023700
0.061600 0.858900 -0.361200 0.023700
0.061700 0.858900 -0.361400 0.023700
0.061800 0.859000 -0.361600 0.023700
0.061900 0.859000 -0.361700 0.023700
0.061900 0.859100 -0.361900 0.023700
0.062000 0.859100 -0.362100 0.023800
0.062100 0.859200 -0.362300 0.023800
0.062200 0.859200 -0.362400 0.023800
0.062200 0.859300 -0.362600 0.023800
0.062300 0.859300 -0.362800 0.023800
0.062400 0.859400 -0.362900 0.023800
0.062500 0.859400 -0.363100 0.023800
0.062500 0.859500 -0.363300 0.023800
0.062600 0.859500 -0.363500 0.023800
0.062700 0.859600 -0.363600 0.023800
0.062800 0.859600 -0.363800 0.023800
0.062800 0.859700 -0.364000 0.023800
0.062900 0.859700 -0.364100 0.023800
0.063000 0.859800 -0.364300 0.023800
0.063100 0.859800 -0.364500 0.023800
0.063100 0.859800 -0.364700 0.023800
0.063200 0.859900 -0.364800 0.023800
0.063300 0.859900 -0.365000 0.023900
0.063400 0.860000 -0.365200 0.023900
0.063400 0.860000 -0.365300 0.023900
0.063500 0.860100 -0.365500 0.023900
0.063600 0.860100 -0.365700 0.023900
0.063600 0.860200 -0.365900 0.023900
0.063700 0.860200 -0.366000 0.023900
0.063800 0.860300 -0.366200 0.023900
0.063900 0.860300 -0.366400 0.023900
0.063900 0.860400 -0.366500 0.023900
0.064000 0.860400 -0.366700 0.023900
0.064100 0.860500 -0.366900 0.023900
0.064200 0.860500 -0.367100 0.023900
0.064200 0.860600 -0.367200 0.023900
0.064300 0.860600 -0.367400 0.023900
0.064400 0.860700 -0.367600 0.023900
0.064500 0.860700 -0.367700 0.023900
0.064500 0.860800 -0.367900 0.024000
0.064600 0.860800 -0.368100 0.024000
0.064700 0.860900 -0.368300 0.024000
0.064800 0.860900 -0.368400 0.024000
0.064800 0.860900 -0.368600 0.024000
0.064900 0.861000 -0.368800 0.024000
0.065000 0.861000 -0.368900 0.024000
0.065100 0.861100 -0.369100 0.024000
0.065100 0.861100 -0.369300 0.024000
0.065200 0.861200 -0.369500 0.024000
0.065300 0.861200 -0.369600 0.024000
0.065400 0.861300 -0.369800 0.024000
0.065400 0.861300 -0.370000 0.024000
0.065500 0.861400 -0.370100 0.024000
