0.018316
0.028232
0.038148
0.048064
0.057980
0.067896
0.077812
0.087728
0.097644
0.107560
0.117476
0.127392
0.137308
0.147224
0.157140
0.167056
0.176972
0.186888
0.196804
0.206720
0.216636
0.226552
0.236468
0.246384
0.256300
0.266216
0.276132
0.286048
0.295964
0.305880
0.315796
0.325712
0.335628
0.345544
0.355460
0.365376
0.375292
0.385208
0.395124
0.405040
0.414956
0.424872
0.434788
0.444704
0.454620
0.464536
0.474452
0.484368
0.494284
0.504200
0.514116
0.524032
0.533948
0.543864
0.553780
0.563696
0.573612
0.583528
0.593444
0.603360
0.613276
0.623192
0.633108
0.643024
0.652940
0.662856
0.672772
0.682688
0.692604
0.702520
0.712436
0.722352
0.732268
0.742184
0.752100
0.762016
0.771932
0.781848
0.791764
0.801680
0.811596
0.821512
0.831428
0.841344
0.851260
0.861176
0.871092
0.881008
0.890924
0.900840
0.910756
0.920672
0.930588
0.940504
0.950420
0.960336
0.970252
0.980168
0.990084
1.000000