  -0.000000
  48.915225
  36.200307
-542.777173
   4.736682
  15.440358
  22.004190
  26.218652
  28.934313
  44.813386
  62.927108
  87.029679
  80.436282
  72.626464
  65.997139
  60.320214
  55.333203
  50.948326
  47.121623
  43.680468
  40.645141
  37.884617
  35.424621
  33.166015
  31.140115
  29.269852
  27.582230
  32.774687
-477.003794
  79.513667
 431.181617
  17.084656
   3.968369
   3.996680
   3.884991
   3.779767
   3.679812
   3.584969
   3.495146
   3.409640
   3.328074
   3.250305
   3.176171
   3.105403
   3.037725
   2.972917
   2.910801
   2.851218
   2.794020
   2.739068
   2.686231
   2.635385
   2.586414
   2.539216
   2.493708
   2.449826
   2.407509
   2.366663
   2.327165
   2.291593
   3.396750
  21.274526
-122.920572
-238.609284
 -19.167174
  15.449925
 304.519500
 192.908983
 -25.180057
  -2.960327
  -0.227441
  -0.000964
  -0.000000
  -0.000000
  -0.000000
  -0.000000
  -0.000000
  -0.000000
  -0.000000
  -0.000000
  -0.000000
  -0.000000
  -0.000000
  -0.000000
  -0.000000
  -0.000000
  -0.000000
  -0.000000
  -0.000000
  -0.000000
  -0.000000
  -0.000000
   0.000000
   0.000000
   0.000000
   0.000000
   0.000000
   0.000000
   0.000000
   0.000000