     0.000000
     0.000000
     0.000000
     0.000000
     0.000000
     0.000000
     0.000000
     0.000000
     0.000000
     0.000000
     0.000000
     0.000000
     0.000000
     0.000000
     0.000000
     0.000000
     0.000000
     0.000000
     0.000000
     0.000000
     0.000000
     0.000000
     0.000000
     0.000000
     0.000000
     0.000000
     0.000000
     0.000000
     0.000000
     0.000000
     0.000000
     0.000000
     0.000000
     0.000000
     0.000000
     0.000000
     0.000000
     0.000000
     0.000000
     0.000000
     0.000000
     0.000000
     0.000000
     0.000000
     0.000000
     0.000000
     0.000000
     0.000000
     0.000000
     0.000000
     0.000000
     0.000000
     0.000000
     0.000000
     0.000000
     0.000000
     0.000000
     0.000000
     0.000000
     0.000000
     0.000000
     0.000000
     0.000000
     0.000000
     0.000000
     0.000000
     0.000000
     0.000000
     0.000000
     0.000000
     0.000000
     0.000000
     0.000000
     0.000000
     0.000000
     0.000000
     0.000000
     0.000000
     0.000000
     0.000000
     0.000000
     0.000000
     0.000000
     0.000000
     0.000000
     0.000000
     0.000000
     0.000000
     0.000000
     0.000000
     0.000000
     0.000000
     0.000000
     0.000000
     0.000000
     0.000000
     0.000000
     0.000000
     0.000000
     0.000000
     0.000000
     0.000000
     0.000000
    -0.000000
    -0.000000
    -0.000000
    -0.000000
    -0.000000
    -0.000000
    -0.000000
    -0.000000
    -0.000000
    -0.000000
    -0.000000
    -0.000000
    -0.000000
    -0.000000
    -0.000000
    -0.000000
    -0.000000
    -0.000000
    -0.000000
    -0.000000
    -0.000000
    -0.000000
    -0.000000
    -0.000000
    -0.000000
    -0.000000
    -0.000000
    -0.000000
    -0.000000
    -0.000000
    -0.000000
    -0.000000
    -0.000000
    -0.000000
    -0.000000
    -0.000000
    -0.000000
    -0.000000
    -0.000000
    -0.000000
    -0.000000
    -0.000000
    -0.000000
    -0.000000
    -0.000000
    -0.000000
    -0.000000
    -0.000000
    -0.000000
    -0.000000
    -0.000000
    -0.000000
    -0.000000
    -0.000000
    -0.000000
    -0.000000
    -0.000000
    -0.000000
    -0.000000
    -0.000000
    -0.000000
    -0.000000
    -0.000000
    -0.000000
    -0.000000
    -0.000000
    -0.000000
    -0.000000
    -0.000000
    -0.000000
    -0.000000
    -0.000000
    -0.000000
    -0.000000
    -0.000000
    -0.000000
    -0.000000
    -0.000000
    -0.000000
    -0.000000
    -0.000000
    -0.000000
    -0.000000
    -0.000000
    -0.000000
    -0.000000
    -0.000000
    -0.000000
    -0.000000
    -0.000000
    -0.000000
    -0.000000
    -0.000000
    -0.000000
    -0.000000
    -0.000000
    -0.000000
    -0.000000
    -0.000000
    -0.000000
    -0.000000
    -0.000000
    -0.000000
    -0.000000
    -0.000000
    -0.000000
    -0.000000
    -0.000000
    -0.000000
    -0.000000
    -0.000000
    -0.000000
    -0.000000
    -0.000000
    -0.000000
    -0.000000
    -0.000000
    -0.000000
    -0.000000
    -0.000000
    -0.000000
    -0.000000
    -0.000000
    -0.000000
    -0.000000
    -0.000000
    -0.000000
    -0.000000
    -0.000000
    -0.000000
    -0.000000
    -0.000000
    -0.000000
    -0.000000
    -0.000000
    -0.000000
    -0.000000
    -0.000000
    -0.000000
    -0.000000
    -0.000000
    -0.000000
    -0.000000
    -0.000000
    -0.000000
    -0.000000
    -0.000000
    -0.000000
    -0.000000
    -0.000000
    -0.000000
    -0.000000
    -0.000000
    -0.000000
    -0.000000
    -0.000000
    -0.000000
    -0.000000
    -0.000000
    -0.000000
    -0.000000
    -0.000000
    -0.000000
    -0.000000
    -0.000000
    -0.000000
    -0.000000
    -0.000000
    -0.000000
    -0.000000
    -0.000000
    -0.000000
    -0.000000
    -0.000000
    -0.000000
    -0.000000
    -0.000000
    -0.000000
    -0.000000
    -0.000000
    -0.000000
    -0.000000
    -0.000000
    -0.000000
    -0.000000
    -0.000000
    -0.000000
    -0.000000
    -0.000000
    -0.000000
    -0.000000
    -0.000000
    -0.000000
    -0.000000
    -0.000000
    -0.000000
    -0.000000
    -0.000000
    -0.000000
    -0.000000
    -0.000000
    -0.000000
    -0.000000
    -0.000000
    -0.000000
    -0.000000
    -0.000000
    -0.000000
    -0.000000
    -0.000000
    -0.000000
    -0.000000
    -0.000000
    -0.000000
    -0.000000
    -0.000000
    -0.000000
    -0.000000
    -0.000000
    -0.000000
    -0.000000
    -0.000000
    -0.000000
    -0.000000
    -0.000000
    -0.000000
    -0.000000
    -0.000000
    -0.000000
    -0.000000
    -0.000000
    -0.000000
    -0.000000
    -0.000000
    -0.000000
    -0.000000
    -0.000000
    -0.000000
    -0.000000
    -0.000000
    -0.000000
    -0.000000
    -0.000000
    -0.000000
    -0.000000
    -0.000000
    -0.000000
    -0.000000
    -0.000000
    -0.000000
    -0.000000
    -0.000000
    -0.000000
    -0.000000
    -0.000000
    -0.000000
    -0.000000
    -0.000000
    -0.000000
    -0.000000
    -0.000000
    -0.000000
    -0.000000
    -0.000000
    -0.000000
    -0.000000
    -0.000000
    -0.000000
    -0.000000
    -0.000000
    -0.000000
    -0.000000
    -0.000000
    -0.000000
    -0.000000
    -0.000000
    -0.000000
    -0.000000
    -0.000000
    -0.000000
    -0.000000
    -0.000000
    -0.000000
    -0.000000
    -0.000000
    -0.000000
    -0.000000
    -0.000000
    -0.000000
    -0.000000
    -0.000000
    -0.000000
    -0.000000
    -0.000000
    -0.000000
    -0.000000
    -0.000000
    -0.000000
    -0.000000
    -0.000001
    -0.000001
    -0.000002
    -0.000003
    -0.000005
    -0.000008
    -0.000013
    -0.000021
    -0.000034
    -0.000054
    -0.000085
    -0.000133
    -0.000207
    -0.000320
    -0.000491
    -0.000748
    -0.001130
    -0.001692
    -0.002510
    -0.003683
    -0.005344
    -0.007659
    -0.010837
    -0.015128
    -0.020827
    -0.028278
    -0.037873
    -0.050058
    -0.065335
    -0.084274
    -0.107520
    -0.135802
    -0.169943
    -0.210862
    -0.259576
    -0.317184
    -0.384846
    -0.463740
    -0.555002
    -0.659646
    -0.778456
    -0.911867
    -1.059849
    -1.221813
    -1.396581
    -1.582470
    -1.777529
    -1.979965
    -2.188746
    -2.404324
    -2.629381
    -2.869469
    -3.133419
    -3.433459
    -3.785038
    -4.206395
    -4.717940
    -5.341494
    -6.099395
    -7.013394
    -8.103240
    -9.384796
   -10.867509
   -12.551065
   -14.421102
   -16.443968
   -18.560686
   -20.680618
   -22.675668
   -24.376390
   -25.571700
   -26.014056
   -25.431492
   -23.546793
   -20.102213
   -14.886132
    -7.756585
     1.343458
    12.382486
    25.248993
    39.769633
    55.732399
    72.909835
    91.078325
   110.031201
   129.585095
   149.580150
   169.875291
   190.339834
   210.842596
   231.239484
   251.360495
   270.997223
   289.892362
   307.733212
   324.151724
   338.733756
   351.039630
   360.636371
   367.139252
   370.256829
   369.831000
   365.862927
   358.518066
   348.108486
   335.056427
   319.847429
   302.982755
   284.939230
   266.141230
   246.945896
   227.639932
   208.444971
   189.528255
   171.015868
   153.006486
   135.584295
   118.830220
   102.830826
    87.684308
    73.502922
    60.411180
    48.539296
    38.011892
    28.932874
    21.368594
    15.332483
    10.774777
     7.580319
     5.575620
     4.543986
     4.245465
     4.437426
     4.891967
     5.407794
     5.815867
     5.979525
     5.790575
     5.162982
     4.025655
     2.315414
    -0.029064
    -3.071783
    -6.882010
   -11.534507
   -17.107035
   -23.674844
   -31.302147
   -40.031103
   -49.869567
   -60.779723
   -72.670283
   -85.394912
   -98.758544
  -112.531432
  -126.468684
  -140.331441
  -153.905527
  -167.014307
  -179.524262
  -191.343655
  -202.415877
  -212.709615
  -222.207769
  -230.896602
  -238.755988
  -245.751239
  -251.826748
  -256.901700
  -260.868223
  -263.592590
  -264.920268
  -264.685625
  -262.726786
  -258.905312
  -253.129088
  -245.375213
  -235.708337
  -224.289564
  -211.372237
  -197.283759
  -182.396187
  -167.091334
  -151.727274
  -136.612121
  -121.988374
  -108.028159
   -94.837434
   -82.466112
   -70.921036
   -60.179381
   -50.200929
   -40.938425
   -32.345809
   -24.384389
   -17.027153
   -10.261322
    -4.089177
     1.472962
     6.397766
    10.651981
    14.203355
    17.028685
    19.121802
    20.499903
    21.206738
    21.311718
    20.904989
    20.089533
    18.972043
    17.654380
    16.226994
    14.764945
    13.326463
    11.953544
    10.673852
     9.503285
     8.448662
     7.510219
     6.683724
     5.962160
     5.337008
     4.799147
     4.339477
     3.949291
     3.620487
     3.345637
     3.117984
     2.931381
     2.780221
     2.659364
     2.564101
     2.490138
     2.433607
     2.391089
     2.359630
     2.336742
     2.320385
     2.308929
     2.301100
     2.295927
     2.292680
     2.290821
     2.289958
     2.289807
     2.290167
     2.290892
     2.291882
     2.293063
     2.294386
     2.295813
     2.297320
     2.298888
     2.300506
     2.302164
     2.303855
     2.305573
     2.307315
     2.309077
     2.310855
     2.312645
     2.314446
     2.316253
     2.318066
     2.319882
     2.321700
     2.323518
     2.325335
     2.327151
     2.328965
     2.330777
     2.332588
     2.334396
     2.336203
     2.338008
     2.339813
     2.341619
     2.343426
     2.345235
     2.347048
     2.348866
     2.350690
     2.352519
     2.354355
     2.356196
     2.358043
     2.359895
     2.361750
     2.363607
     2.365466
     2.367326
     2.369184
     2.371042
     2.372898
     2.374752
     2.376604
     2.378453
     2.380300
     2.382145
     2.383988
     2.385830
     2.387672
     2.389515
     2.391359
     2.393206
     2.395056
     2.396912
     2.398774
     2.400641
     2.402515
     2.404395
     2.406281
     2.408171
     2.410064
     2.411960
     2.413857
     2.415754
     2.417650
     2.419545
     2.421438
     2.423330
     2.425218
     2.427105
     2.428989
     2.430871
     2.432751
     2.434631
     2.436510
     2.438390
     2.440272
     2.442157
     2.444046
     2.445941
     2.447841
     2.449748
     2.451662
     2.453581
     2.455506
     2.457435
     2.459367
     2.461301
     2.463237
     2.465172
     2.467107
     2.469040
     2.470972
     2.472901
     2.474827
     2.476752
     2.478673
     2.480593
     2.482512
     2.484429
     2.486347
     2.488265
     2.490186
     2.492110
     2.494039
     2.495973
     2.497913
     2.499860
     2.501813
     2.503773
     2.505737
     2.507706
     2.509679
     2.511652
     2.513627
     2.515602
     2.517576
     2.519548
     2.521518
     2.523486
     2.525451
     2.527414
     2.529374
     2.531333
     2.533290
     2.535246
     2.537203
     2.539161
     2.541121
     2.543085
     2.545054
     2.547028
     2.549009
     2.550997
     2.552991
     2.554991
     2.556997
     2.559007
     2.561019
     2.563034
     2.565048
     2.567063
     2.569077
     2.571089
     2.573098
     2.575105
     2.577110
     2.579112
     2.581112
     2.583110
     2.585107
     2.587103
     2.589099
     2.591097
     2.593098
     2.595103
     2.597112
     2.599128
     2.601151
     2.603180
     2.605216
     2.607258
     2.609305
     2.611356
     2.613410
     2.615466
     2.617521
     2.619577
     2.621631
     2.623683
     2.625733
     2.627781
     2.629826
     2.631868
     2.633908
     2.635946
     2.637983
     2.640020
     2.642057
     2.644096
     2.646138
     2.648184
     2.650236
     2.652294
     2.654359
     2.656431
     2.658509
     2.660594
     2.662684
     2.664777
     2.666873
     2.668970
     2.671068
     2.673165
     2.675260
     2.677354
     2.679445
     2.681534
     2.683619
     2.685703
     2.687784
     2.689863
     2.691941
     2.694019
     2.696098
     2.698179
     2.700263
     2.702352
     2.704447
     2.706548
     2.708656
     2.710771
     2.712893
     2.715021
     2.717154
     2.719290
     2.721429
     2.723569
     2.725709
     2.727849
     2.729987
     2.732122
     2.734255
     2.736386
     2.738513
     2.740639
     2.742762
     2.744883
     2.747003
     2.749123
     2.751245
     2.753368
     2.755496
     2.757628
     2.759766
     2.761911
     2.764064
     2.766223
     2.768390
     2.770562
     2.772739
     2.774919
     2.777102
     2.779285
     2.781469
     2.783651
     2.785832
     2.788011
     2.790187
     2.792360
     2.794530
     2.796698
     2.798864
     2.801028
     2.803191
     2.805354
     2.807519
     2.809687
     2.811858
     2.814035
     2.816218
     2.818408
     2.820605
     2.822810
     2.825021
     2.827239
     2.829461
     2.831686
     2.833913
     2.836141
     2.838369
     2.840595
     2.842820
     2.845042
     2.847262
     2.849479
     2.851692
     2.853904
     2.856113
     2.858321
     2.860528
     2.862736
     2.864945
     2.867157
     2.869373
     2.871595
     2.873824
     2.876060
     2.878303
     2.880554
     2.882812
     2.885075
     2.887343
     2.889614
     2.891887
     2.894160
     2.896433
     2.898704
     2.900973
     2.903240
     2.905504
     2.907766
     2.910024
     2.912280
     2.914534
     2.916786
     2.919038
     2.921291
     2.923545
     2.925803
     2.928065
     2.930333
     2.932609
     2.934891
     2.937182
     2.939480
     2.941785
     2.944095
     2.946410
     2.948727
     2.951046
     2.953365
     2.955684
     2.958001
     2.960316
     2.962629
     2.964938
     2.967245
     2.969548
     2.971850
     2.974149
     2.976447
     2.978745
     2.981043
     2.983344
     2.985648
     2.987958
     2.990273
     2.992596
     2.994927
     2.997265
     2.999611
     3.001964
     3.004322
     3.006684
     3.009049
     3.011416
     3.013782
     3.016148
     3.018511
     3.020873
     3.023232
     3.025587
     3.027940
     3.030290
     3.032638
     3.034983
     3.037328
     3.039672
     3.042018
     3.044366
     3.046718
     3.049075
     3.051439
     3.053811
     3.056190
     3.058578
     3.060973
     3.063375
     3.065782
     3.068192
     3.070606
     3.073020
     3.075434
     3.077848
     3.080259
     3.082668
     3.085074
     3.087477
     3.089877
     3.092275
     3.094669
     3.097062
     3.099454
     3.101846
     3.104240
     3.106636
     3.109037
     3.111443
     3.113857
     3.116278
     3.118708
     3.121145
     3.123590
     3.126042
     3.128498
     3.130959
     3.133421
     3.135885
     3.138348
     3.140810
     3.143270
     3.145727
     3.148182
     3.150633
     3.153081
     3.155526
     3.157969
     3.160411
     3.162851
     3.165292
     3.167735
     3.170180
     3.172631
     3.175087
     3.177551
     3.180023
     3.182504
     3.184992
     3.187488
     3.189991
     3.192498
     3.195009
     3.197522
     3.200035
     3.202548
     3.205060
     3.207569
     3.210076
     3.212580
     3.215080
     3.217577
     3.220072
     3.222564
     3.225055
     3.227545
     3.230035
     3.232528
     3.235024
     3.237526
     3.240033
     3.242549
     3.245073
     3.247605
     3.250146
     3.252694
     3.255248
     3.257807
     3.260369
     3.262934
     3.265498
     3.268062
     3.270624
     3.273184
     3.275741
     3.278295
     3.280846
     3.283393
     3.285938
     3.288480
     3.291021
     3.293562
     3.296103
     3.298647
     3.301195
     3.303748
     3.306308
     3.308876
     3.311453
     3.314038
     3.316632
     3.319233
     3.321840
     3.324452
     3.327067
     3.329683
     3.332300
     3.334916
     3.337530
     3.340141
     3.342749
     3.345354
     3.347956
     3.350555
     3.353150
     3.355744
     3.358337
     3.360929
     3.363522
     3.366118
     3.368719
     3.371325
     3.373939
     3.376561
     3.379191
     3.381831
     3.384479
     3.387134
     3.389795
     3.392461
     3.395129
     3.397799
     3.400468
     3.403137
     3.405803
     3.408467
     3.411128
     3.413785
     3.416439
     3.419090
     3.421738
     3.424384
     3.427029
     3.429674
     3.432320
     3.434970
     3.437624
     3.440285
     3.442953
     3.445630
     3.448316
     3.451010
     3.453714
     3.456424
     3.459140
     3.461860
     3.464583
     3.467307
     3.470031
     3.472753
     3.475474
     3.478191
     3.480905
     3.483616
     3.486323
     3.489027
     3.491728
     3.494428
     3.497126
     3.499825
     3.502526
     3.505230
     3.507939
     3.510655
     3.513379
     3.516112
     3.518854
     3.521605
     3.524365
     3.527132
     3.529904
     3.532680
     3.535459
     3.538238
     3.541017
     3.543794
     3.546569
     3.549341
     3.552109
     3.554874
     3.557636
     3.560394
     3.563150
     3.565904
     3.568657
     3.571411
     3.574167
     3.576927
     3.579692
     3.582465
     3.585246
     3.588036
     3.590836
     3.593645
     3.596462
     3.599286
     3.602115
     3.604948
     3.607784
     3.610619
     3.613454
     3.616288
     3.619118
     3.621946
     3.624770
     3.627590
     3.630407
     3.633221
     3.636032
     3.638842
     3.641651
     3.644461
     3.647274
     3.650091
     3.652914
     3.655744
     3.658583
     3.661432
     3.664290
     3.667158
     3.670034
     3.672916
     3.675804
     3.678695
     3.681588
     3.684481
     3.687374
     3.690264
     3.693152
     3.696036
     3.698916
     3.701793
     3.704667
     3.707537
     3.710405
     3.713272
     3.716138
     3.719006
     3.721876
     3.724751
     3.727633
     3.730522
     3.733421
     3.736329
     3.739248
     3.742175
     3.745111
     3.748053
     3.751000
     3.753950
     3.756902
     3.759854
     3.762805
     3.765754
     3.768699
     3.771641
     3.774580
     3.777514
     3.780445
     3.783374
     3.786299
     3.789224
     3.792149
     3.795075
     3.798004
     3.800939
     3.803880
     3.806830
     3.809790
     3.812759
     3.815738
     3.818727
     3.821724
     3.824727
     3.827734
     3.830745
     3.833757
     3.836769
     3.839779
     3.842787
     3.845792
     3.848793
     3.851790
     3.854784
     3.857774
     3.860761
     3.863746
     3.866730
     3.869714
     3.872700
     3.875690
     3.878685
     3.881688
     3.884700
     3.887721
     3.890753
     3.893794
     3.896845
     3.899904
     3.902969
     3.906039
     3.909111
     3.912184
     3.915257
     3.918328
     3.921396
     3.924461
     3.927523
     3.930580
     3.933634
     3.936684
     3.939731
     3.942776
     3.945821
     3.948866
     3.951913
     3.954964
     3.958022
     3.961087
     3.964162
     3.967247
     3.970342
     3.973447
     3.976562
     3.979684
     3.982812
     3.985945
     3.989080
     3.992215
     3.995350
     3.998482
     4.001612
     4.004737
     4.007859
     4.010975
     4.014087
     4.017193
     4.020295
     4.023390
     4.026480
     4.029564
     4.032640
     4.035706
     4.038759
     4.041796
     4.044810
     4.047792
     4.050732
     4.053618
     4.056432
     4.059156
     4.061765
     4.064230
     4.066515
     4.068571
     4.070339
     4.071737
     4.072654
     4.072938
     4.072378
     4.070679
     4.067422
     4.062022
     4.053653
     4.041173
     4.023011
     3.997043
     3.960457
     3.909608
     3.839879
     3.745574
     3.619828
     3.454552
     3.240385
     2.966649
     2.621271
     2.190672
     1.659625
     1.011110
     0.226212
    -0.715871
    -1.837630
    -3.162755
    -4.715227
    -6.517848
    -8.590052
   -10.944822
   -13.584626
   -16.496318
   -19.645212
   -22.968794
   -26.370959
   -29.718067
   -32.838447
   -35.526905
   -37.555209
   -38.688268
   -38.704069
   -37.413890
   -34.678613
   -30.417580
   -24.608238
   -17.277161
    -8.484944
     1.691598
    13.176694
    25.910064
    39.857346
    55.016257
    71.418696
    89.129160
   108.239606
   128.860676
   151.108886
   175.089319
   200.873616
   228.473754
   257.813384
   288.700214
   320.804772
   353.652082
   386.632416
   419.034576
   450.100141
   479.091067
   505.358274
   528.397661
   547.883095
   563.672248
   575.787946
   584.382602
   589.695016
   592.007719
   591.610437
   588.772337
   583.723493
   576.644679
   567.664134
   556.860053
   544.267920
   529.892240
   513.722447
   495.752664
   476.004451
   454.550644
   431.537100
   407.198031
   381.860256
   355.932865
   329.881571
   304.190928
   279.321173
   255.668235
   233.534483
   213.114571
   194.496640
   177.675690
   162.574260
   149.065511
   136.994962
   126.198695
   116.517208
   107.805092
    99.937190
    92.812036
    86.353289
    80.509661
    75.253566
    70.578521
    66.495176
    63.025868
    60.197776
    58.035134
    56.551421
    55.742829
    55.584367
    56.029609
    57.014259
    58.462798
    60.296728
    62.442711
    64.839177
    67.440585
    70.219156
    73.164379
    76.280777
    79.584413
    83.098466
    86.847994
    90.853879
    95.125847
    99.654514
   104.402637
   109.296074
   114.215523
   118.990673
   123.398872
   127.170451
   130.002173
   131.578721
   131.599893
   129.809005
   126.016811
   120.115755
   112.081708
   101.963497
    89.863438
    75.913582
    60.252353
    43.005057
    24.270137
     4.111678
   -17.442181
   -40.395581
   -64.776549
   -90.624168
  -117.971335
  -146.823151
  -177.131348
  -208.766019
  -241.487367
  -274.921882
  -308.549026
  -341.705114
  -373.609855
  -403.417160
  -430.285836
  -453.459308
  -472.339214
  -486.537924
  -495.900131
  -500.491787
  -500.562560
  -496.492844
  -488.737166
  -477.773438
  -464.063588
  -448.027415
  -430.028820
  -410.372269
  -389.306942
  -367.036341
  -343.731590
  -319.547086
  -294.637356
  -269.173843
  -243.359957
  -217.442166
  -191.714513
  -166.514054
  -142.205751
  -119.157413
   -97.708005
   -78.135051
   -60.627941
   -45.272827
   -32.051853
   -20.855733
   -11.505682
    -3.779375
     2.563998
     7.762976
    12.038903
    15.586816
    18.571230
    21.125466
    23.353252
    25.331543
    27.113842
    28.733590
    30.207462
    31.538586
    32.719800
    33.737091
    34.573299
    35.212009
    35.641340
    35.857177
    35.865296
    35.681937
    35.332707
    34.850055
    34.269910
    33.628209
    32.957951
    32.287169
    31.637918
    31.026160
    30.462274
    29.951949
    29.497196
    29.097334
    28.749860
    28.451151
    28.197005
    27.983025
    27.804888
    27.658508
    27.540122
    27.446320
    27.374041
    27.320535
    27.283323
    27.260150
    27.248952
    27.247839
    27.255085
    27.269139
    27.288629
    27.312377
    27.339391
    27.368863
    27.400147
    27.432744
    27.466272
    27.500446
    27.535058
    27.569956
    27.605035
    27.640219
    27.675458
    27.710720
    27.745988
    27.781253
    27.816517
    27.851787
    27.887077
    27.922403
    27.957780
    27.993225
    28.028751
    28.064362
    28.100062
    28.135844
    28.171699
    28.207612
    28.243567
    28.279546
    28.315534
    28.351514
    28.387472
    28.423399
    28.459285
    28.495125
    28.530915
    28.566657
    28.602354
    28.638016
    28.673656
    28.709294
    28.744955
    28.780666
    28.816461
    28.852373
    28.888432
    28.924664
    28.961086
    28.997705
    29.034518
    29.071509
    29.108659
    29.145940
    29.183326
    29.220789
    29.258305
    29.295853
    29.333420
    29.370995
    29.408573
    29.446155
    29.483744
    29.521352
    29.558991
    29.596681
    29.634442
    29.672298
    29.710274
    29.748392
    29.786672
    29.825126
    29.863756
    29.902556
    29.941506
    29.980579
    30.019741
    30.058954
    30.098179
    30.137383
    30.176536
    30.215614
    30.254600
    30.293482
    30.332253
    30.370909
    30.409451
    30.447882
    30.486206
    30.524431
    30.562568
    30.600630
    30.638635
    30.676604
    30.714563
    30.752540
    30.790567
    30.828675
    30.866891
    30.905238
    30.943732
    30.982376
    31.021167
    31.060090
    31.099128
    31.138254
    31.177444
    31.216672
    31.255915
    31.295151
    31.334363
    31.373538
    31.412665
    31.451739
    31.490758
    31.529724
    31.568647
    31.607537
    31.646416
    31.685308
    31.724244
    31.763259
    31.802391
    31.841675
    31.881142
    31.920814
    31.960704
    32.000811
    32.041121
    32.081611
    32.122252
    32.163010
    32.203850
    32.244740
    32.285649
    32.326553
    32.367429
    32.408261
    32.449035
    32.489741
    32.530373
    32.570927
    32.611404
    32.651808
    32.692146
    32.732432
    32.772682
    32.812917
    32.853163
    32.893443
    32.933784
    32.974207
    33.014728
    33.055355
    33.096091
    33.136930
    33.177861
    33.218870
    33.259939
    33.301053
    33.342196
    33.383355
    33.424522
    33.465690
    33.506860
    33.548035
    33.589225
    33.630446
    33.671717
    33.713068
    33.754530
    33.796140
    33.837938
    33.879960
    33.922238
    33.964795
    34.007640
    34.050769
    34.094159
    34.137776
    34.181577
    34.225512
    34.269534
    34.313596
    34.357659
    34.401692
    34.445671
    34.489581
    34.533411
    34.577158
    34.620822
    34.664407
    34.707921
    34.751374
    34.794778
    34.838150
    34.881504
    34.924859
    34.968234
    35.011644
    35.055105
    35.098628
    35.142216
    35.185869
    35.229579
    35.273334
    35.317117
    35.360908
    35.404687
    35.448435
    35.492136
    35.535773
    35.579335
    35.622812
    35.666197
    35.709487
    35.752680
    35.795779
    35.838793
    35.881732
    35.924618
    35.967476
    36.010341
    36.053256
    36.096271
    36.139438
    36.182812
    36.226439
    36.270359
    36.314594
    36.359151
    36.404019
    36.449171
    36.494570
    36.540171
    36.585926
    36.631791
    36.677723
    36.723685
    36.769646
    36.815583
    36.861475
    36.907308
    36.953072
    36.998759
    37.044368
    37.089899
    37.135356
    37.180750
    37.226091
    37.271398
    37.316688
    37.361983
    37.407305
    37.452670
    37.498095
    37.543588
    37.589151
    37.634783
    37.680473
    37.726210
    37.771979
    37.817765
    37.863552
    37.909328
    37.955082
    38.000806
    38.046495
    38.092150
    38.137775
    38.183382
    38.228986
    38.274612
    38.320291
    38.366062
    38.411967
    38.458053
    38.504367
    38.550948
    38.597827
    38.645020
    38.692527
    38.740332
    38.788405
    38.836704
    38.885183
    38.933795
    38.982496
    39.031247
    39.080017
    39.128782
    39.177529
    39.226247
    39.274934
    39.323596
    39.372239
    39.420877
    39.469528
    39.518211
    39.566949
    39.615763
    39.664675
    39.713702
    39.762855
    39.812138
    39.861545
    39.911058
    39.960654
    40.010301
    40.059965
    40.109611
    40.159206
    40.208722
    40.258138
    40.307436
    40.356603
    40.405632
    40.454519
    40.503262
    40.551865
    40.600331
    40.648671
    40.696896
    40.745027
    40.793088
    40.841112
    40.889141
    40.937220
    40.985403
    41.033745
    41.082295
    41.131097
    41.180182
    41.229564
    41.279240
    41.329192
    41.379389
    41.429791
    41.480353
    41.531032
    41.581786
    41.632577
    41.683375
    41.734154
    41.784894
    41.835581
    41.886206
    41.936767
    41.987264
    42.037706
    42.088105
    42.138481
    42.188857
    42.239262
    42.289729
    42.340288
    42.390969
    42.441796
    42.492783
    42.543933
    42.595242
    42.646692
    42.698261
    42.749920
    42.801640
    42.853391
    42.905147
    42.956883
    43.008580
    43.060221
    43.111794
    43.163290
    43.214707
    43.266044
    43.317310
    43.368515
    43.419679
    43.470828
    43.521995
    43.573218
    43.624540
    43.676001
    43.727642
    43.779491
    43.831570
    43.883883
    43.936424
    43.989175
    44.042107
    44.095188
    44.148386
    44.201667
    44.255004
    44.308374
    44.361760
    44.415152
    44.468547
    44.521947
    44.575363
    44.628812
    44.682315
    44.735904
    44.789611
    44.843474
    44.897531
    44.951819
    45.006366
    45.061189
    45.116293
    45.171664
    45.227274
    45.283080
    45.339031
    45.395071
    45.451146
    45.507205
    45.563207
    45.619118
    45.674914
    45.730579
    45.786103
    45.841481
    45.896715
    45.951809
    46.006771
    46.061614
    46.116352
    46.171007
    46.225603
    46.280169
    46.334738
    46.389347
    46.444033
    46.498828
    46.553763
    46.608856
    46.664117
    46.719543
    46.775119
    46.830823
    46.886627
    46.942499
    46.998406
    47.054320
    47.110212
    47.166061
    47.221849
    47.277561
    47.333190
    47.388733
    47.444192
    47.499577
    47.554905
    47.610203
    47.665504
    47.720853
    47.776300
    47.831901
    47.887714
    47.943789
    48.000170
    48.056881
    48.113933
    48.171314
    48.228997
    48.286941
    48.345096
    48.403411
    48.461834
    48.520317
    48.578819
    48.637303
    48.695743
    48.754114
    48.812399
    48.870587
    48.928669
    48.986644
    49.044512
    49.102281
    49.159963
    49.217577
    49.275147
    49.332702
    49.390274
    49.447896
    49.505597
    49.563401
    49.621326
    49.679379
    49.737557
    49.795850
    49.854242
    49.912711
    49.971236
    50.029796
    50.088373
    50.146952
    50.205522
    50.264078
    50.322621
    50.381160
    50.439711
    50.498296
    50.556948
    50.615709
    50.674627
    50.733757
    50.793154
    50.852873
    50.912956
    50.973436
    51.034322
    51.095604
    51.157250
    51.219212
    51.281427
    51.343830
    51.406356
    51.468943
    51.531541
    51.594110
    51.656619
    51.719048
    51.781387
    51.843631
    51.905783
    51.967851
    52.029848
    52.091789
    52.153695
    52.215589
    52.277496
    52.339439
    52.401444
    52.463530
    52.525712
    52.587995
    52.650377
    52.712847
    52.775384
    52.837961
    52.900550
    52.963118
    53.025637
    53.088081
    53.150427
    53.212657
    53.274757
    53.336717
    53.398532
    53.460200
    53.521723
    53.583109
    53.644373
    53.705536
    53.766631
    53.827700
    53.888797
    53.949984
    54.011332
    54.072917
    54.134810
    54.197070
    54.259743
    54.322849
    54.386388
    54.450335
    54.514646
    54.579264
    54.644128
    54.709173
    54.774339
    54.839571
    54.904825
    54.970062
    55.035253
    55.100375
    55.165412
    55.230353
    55.295196
    55.359940
    55.424594
    55.489169
    55.553684
    55.618163
    55.682634
    55.747128
    55.811675
    55.876303
    55.941034
    56.005880
    56.070847
    56.135927
    56.201108
    56.266369
    56.331686
    56.397034
    56.462388
    56.527726
    56.593029
    56.658281
    56.723472
    56.788597
    56.853656
    56.918657
    56.983616
    57.048556
    57.113512
    57.178528
    57.243656
    57.308956
    57.374490
    57.440319
    57.506495
    57.573054
    57.640015
    57.707374
    57.775106
    57.843170
    57.911513
    57.980076
    58.048800
    58.117630
    58.186520
    58.255434
    58.324345
    58.393235
    58.462097
    58.530932
    58.599748
    58.668561
    58.737394
    58.806274
    58.875235
    58.944310
    59.013537
    59.082948
    59.152567
    59.222412
    59.292482
    59.362764
    59.433229
    59.503835
    59.574532
    59.645263
    59.715977
    59.786625
    59.857165
    59.927565
    59.997800
    60.067854
    60.137716
    60.207382
    60.276852
    60.346131
    60.415227
    60.484157
    60.552939
    60.621603
    60.690186
    60.758734
    60.827304
    60.895958
    60.964764
    61.033788
    61.103089
    61.172714
    61.242692
    61.313027
    61.383708
    61.454702
    61.525964
    61.597439
    61.669073
    61.740810
    61.812602
    61.884404
    61.956182
    62.027908
    62.099562
    62.171130
    62.242609
    62.313998
    62.385311
    62.456565
    62.527788
    62.599017
    62.670298
    62.741679
    62.813212
    62.884949
    62.956929
    63.029182
    63.101721
    63.174540
    63.247620
    63.320925
    63.394411
    63.468030
    63.541733
    63.615473
    63.689211
    63.762910
    63.836542
    63.910084
    63.983519
    64.056837
    64.130034
    64.203111
    64.276078
    64.348952
    64.421761
    64.494537
    64.567327
    64.640179
    64.713147
    64.786284
    64.859637
    64.933241
    65.007116
    65.081267
    65.155681
    65.230333
    65.305187
    65.380203
    65.455341
    65.530563
    65.605837
    65.681135
    65.756442
    65.831747
    65.907049
    65.982358
    66.057691
    66.133075
    66.208548
    66.284155
    66.359950
    66.435990
    66.512335
    66.589037
    66.666138
    66.743663
    66.821615
    66.899972
    66.978690
    67.057704
    67.136939
    67.216316
    67.295758
    67.375194
    67.454568
    67.533834
    67.612958
    67.691920
    67.770705
    67.849311
    67.927740
    68.005999
    68.084103
    68.162069
    68.239921
    68.317690
    68.395408
    68.473117
    68.550858
    68.628675
    68.706609
    68.784695
    68.862958
    68.941410
    69.020047
    69.098856
    69.177807
    69.256865
    69.335991
    69.415144
    69.494284
    69.573378
    69.652395
    69.731312
    69.810111
    69.888779
    69.967312
    70.045713
    70.123991
    70.202169
    70.280278
    70.358365
    70.436486
    70.514712
    70.593124
    70.671804
    70.750834
    70.830286
    70.910210
    70.990636
    71.071561
    71.152959
    71.234780
    71.316957
    71.399416
    71.482080
    71.564876
    71.647739
    71.730613
    71.813450
    71.896215
    71.978878
    72.061418
    72.143822
    72.226082
    72.308197
    72.390175
    72.472027
    72.553774
    72.635446
    72.717076
    72.798706
    72.880376
    72.962129
    73.043999
    73.126012
    73.208182
    73.290510
    73.372987
    73.455592
    73.538300
    73.621082
    73.703907
    73.786748
    73.869582
    73.952390
    74.035162
    74.117892
    74.200585
    74.283255
    74.365925
    74.448634
    74.531427
    74.614367
    74.697524
    74.780975
    74.864801
    74.949074
    75.033854
    75.119180
    75.205061
    75.291479
    75.378388
    75.465717
    75.553384
    75.641300
    75.729380
    75.817547
    75.905735
    75.993894
    76.081986
    76.169990
    76.257891
    76.345688
    76.433389
    76.521007
    76.608564
    76.696085
    76.783604
    76.871155
    76.958775
    77.046499
    77.134358
    77.222376
    77.310564
    77.398922
    77.487432
    77.576067
    77.664785
    77.753540
    77.842284
    77.930971
    78.019557
    78.108008
    78.196296
    78.284398
    78.372301
    78.459997
    78.547486
    78.634773
    78.721873
    78.808814
    78.895635
    78.982396
    79.069175
    79.156081
    79.243250
    79.330848
    79.419070
    79.508139
    79.598292
    79.689781
    79.782859
    79.877779
    79.974798
    80.074177
    80.176200
    80.281184
    80.389495
    80.501562
    80.617889
    80.739057
    80.865732
    80.998649
    81.138609
    81.286450
    81.443018
    81.609131
    81.785537
    81.972879
    82.171680
    82.382369
    82.605369
    82.841281
    83.091169
    83.356950
    83.641860
    83.950946
    84.291492
    84.673348
    85.109077
    85.613946
    86.205755
    86.904540
    87.732161
    88.711757
    89.866994
    91.221005
    92.794874
    94.605488
    96.662574
    98.964756
   101.494551
   104.212333
   107.049593
   109.902139
   112.624397
   115.026417
   116.875525
   117.904419
   117.826755
   116.359618
   113.250253
   108.302475
   101.397346
    92.503566
    81.675489
    69.039838
    54.774829
    39.086651
    22.187849
     4.280764
   -14.452593
   -33.854217
   -53.788233
   -74.134608
   -94.779581
  -115.603766
  -136.468755
  -157.203126
  -177.589097
  -197.351567
  -216.151984
  -233.589960
  -249.215545
  -262.554058
  -273.143100
  -280.578064
  -284.558901
  -284.928734
  -281.695361
  -275.030279
  -265.245490
  -252.753883
  -238.022282
  -221.526452
  -203.714957
  -184.985259
  -165.672156
  -146.046584
  -126.321844
  -106.664399
   -87.206908
   -68.061799
   -49.334244
   -31.133682
   -13.583114
     3.174704
    18.975221
    33.635267
    46.962248
    58.769326
    68.895243
    77.225844
    83.713058
    88.386843
    91.356759
    92.802320
    92.954121
    92.069938
    90.410683
    88.220255
    85.711622
    83.059576
    80.399224
    77.828610
    75.413732
    73.194559
    71.191014
    69.408357
    67.841680
    66.479462
    65.306254
    64.304624
    63.456501
    62.744064
    62.150299
    61.659323
    61.256559
    60.928817
    60.664326
    60.452726
    60.285041
    60.153610
    60.052001
    59.974890
    59.917917
    59.877544
    59.850908
    59.835692
    59.830016
    59.832342
    59.841406
    59.856159
    59.875728
    59.899384
    59.926513
    59.956605
    59.989232
    60.024039
    60.060734
    60.099073
    60.138856
    60.179916
    60.222107
    60.265302
    60.309380
    60.354226
    60.399728
    60.445776
    60.492266
    60.539102
    60.586196
    60.633472
    60.680869
    60.728333
    60.775826
    60.823317
    60.870783
    60.918211
    60.965593
    61.012925
    61.060210
    61.107457
    61.154677
    61.201889
    61.249115
    61.296381
    61.343716
    61.391150
    61.438709
    61.486414
    61.534278
    61.582307
    61.630493
    61.678822
    61.727271
    61.775815
    61.824426
    61.873079
    61.921751
    61.970424
    62.019089
    62.067742
    62.116389
    62.165049
    62.213755
    62.262560
    62.311543
    62.360820
    62.410556
    62.460976
    62.512386
    62.565187
    62.619894
    62.677151
    62.737742
    62.802600
    62.872807
    62.949605
    63.034394
    63.128753
    63.234455
    63.353497
    63.488127
    63.640871
    63.814549
    64.012266
    64.237370
    64.493363
    64.783747
    65.111779
    65.480127
    65.890401
    66.342557
    66.834203
    67.359840
    67.910166
    68.471582
    69.026110
    69.551918
    70.024584
    70.419096
    70.712355
    70.885772
    70.927433
    70.833361
    70.607613
    70.261225
    69.810263
    69.273352
    68.669049
    68.013265
    67.316851
    66.583262
    65.806200
    64.967079
    64.032219
    62.949795
    61.646690
    60.025659
    57.963461
    55.310880
    51.895758
    47.530119
    42.022087
    35.192364
    26.893744
    17.030687
     5.575004
    -7.426178
   -21.852530
   -37.522628
   -54.213366
   -71.682347
   -89.688704
  -108.008913
  -126.445908
  -144.831471
  -163.023018
  -180.896333
  -198.335819
  -215.223547
  -231.428108
  -246.794141
  -261.133423
  -274.218664
  -285.781485
  -295.516374
  -303.092438
  -308.174247
  -310.451666
  -309.676355
  -305.699828
  -298.505733
  -288.228339
  -275.151235
  -259.684631
  -242.325178
  -223.606582
  -204.050932
  -184.129145
  -164.235317
  -144.675787
  -125.670670
  -107.364082
   -89.839194
   -73.134924
   -57.262109
   -42.217933
   -27.998052
   -14.606208
    -2.061222
     9.598816
    20.315530
    30.012846
    38.603550
    45.999750
    52.126425
    56.936212
    60.422746
    62.629509
    63.651772
    63.630782
    62.741255
    61.174949
    59.123737
    56.765213
    54.252695
    51.710096
    49.231087
    46.881348
    44.702639
    42.717571
    40.934316
    39.350793
    37.958126
    36.743338
    35.691342
    34.786345
    34.012765
    33.355783
    32.801620
    32.337617
    31.952206
    31.634812
    31.375752
    31.166158
    30.997948
    30.863829
    30.757333
    30.672839
    30.605583
    30.551626
    30.507788
    30.471564
    30.441013
    30.414662
    30.391401
    30.370403
    30.351056
    30.332903
    30.315602
    30.298895
    30.282584
    30.266519
    30.250582
    30.234684
    30.218765
    30.202787
    30.186734
    30.170613
    30.154453
    30.138293
    30.122183
    30.106177
    30.090322
    30.074660
    30.059219
    30.044017
    30.029062
    30.014353
    29.999881
    29.985635
    29.971601
    29.957766
    29.944116
    29.930639
    29.917322
    29.904155
    29.891123
    29.878212
    29.865406
    29.852681
    29.840010
    29.827364
    29.814705
    29.801998
    29.789207
    29.776300
    29.763253
    29.750052
    29.736692
    29.723178
    29.709522
    29.695743
    29.681863
    29.667906
    29.653894
    29.639849
    29.625791
    29.611736
    29.597699
    29.583687
    29.569708
    29.555762
    29.541845
    29.527944
    29.514043
    29.500117
    29.486135
    29.472062
    29.457861
    29.443496
    29.428936
    29.414159
    29.399153
    29.383921
    29.368475
    29.352836
    29.337033
    29.321098
    29.305062
    29.288959
    29.272818
    29.256665
    29.240526
    29.224423
    29.208377
    29.192405
    29.176528
    29.160760
    29.145118
    29.129612
    29.114253
    29.099045
    29.083983
    29.069059
    29.054253
    29.039539
    29.024885
    29.010254
    28.995613
    28.980926
    28.966169
    28.951320
    28.936366
    28.921301
    28.906123
    28.890833
    28.875432
    28.859921
    28.844299
    28.828560
    28.812692
    28.796678
    28.780493
    28.764106
    28.747478
    28.730567
    28.713326
    28.695711
    28.677685
    28.659222
    28.640312
    28.620968
    28.601224
    28.581134
    28.560767
    28.540201
    28.519513
    28.498778
    28.478055
    28.457393
    28.436827
    28.416377
    28.396054
    28.375860
    28.355789
    28.335833
    28.315980
    28.296219
    28.276538
    28.256929
    28.237383
    28.217898
    28.198473
    28.179112
    28.159825
    28.140621
    28.121516
    28.102522
    28.083654
    28.064921
    28.046333
    28.027891
    28.009596
    27.991445
    27.973433
    27.955554
    27.937803
    27.920177
    27.902671
    27.885284
    27.868014
    27.850858
    27.833812
    27.816869
    27.800015
    27.783229
    27.766481
    27.749728
    27.732917
    27.715982
    27.698849
    27.681438
    27.663676
    27.645494
    27.626846
    27.607706
    27.588071
    27.567963
    27.547425
    27.526512
    27.505284
    27.483807
    27.462141
    27.440343
    27.418461
    27.396538
    27.374612
    27.352715
    27.330877
    27.309123
    27.287480
    27.265973
    27.244628
    27.223468
    27.202514
    27.181784
    27.161287
    27.141027
    27.120996
    27.101175
    27.081536
    27.062047
    27.042667
    27.023362
    27.004094
    26.984838
    26.965570
    26.946275
    26.926946
    26.907578
    26.888169
    26.868718
    26.849226
    26.829686
    26.810090
    26.790423
    26.770663
    26.750776
    26.730723
    26.710453
    26.689911
    26.669036
    26.647771
    26.626066
    26.603887
    26.581217
    26.558064
    26.534456
    26.510441
    26.486079
    26.461436
    26.436577
    26.411563
    26.386442
    26.361253
    26.336021
    26.310762
    26.285479
    26.260171
    26.234826
    26.209429
    26.183962
    26.158407
    26.132747
    26.106967
    26.081063
    26.055037
    26.028905
    26.002695
    25.976449
    25.950219
    25.924064
    25.898045
    25.872218
    25.846629
    25.821315
    25.796298
    25.771586
    25.747180
    25.723071
    25.699248
    25.675695
    25.652398
    25.629342
    25.606513
    25.583898
    25.561482
    25.539249
    25.517175
    25.495232
    25.473380
    25.451568
    25.429734
    25.407804
    25.385699
    25.363336
    25.340638
    25.317544
    25.294008
    25.270011
    25.245555
    25.220668
    25.195390
    25.169776
    25.143883
    25.117771
    25.091495
    25.065106
    25.038646
    25.012152
    24.985657
    24.959185
    24.932757
    24.906388
    24.880093
    24.853878
    24.827748
    24.801702
    24.775735
    24.749837
    24.723991
    24.698181
    24.672383
    24.646578
    24.620745
    24.594869
    24.568941
    24.542956
    24.516918
    24.490832
    24.464710
    24.438566
    24.412414
    24.386271
    24.360151
    24.334070
    24.308038
    24.282067
    24.256162
    24.230325
    24.204552
    24.178830
    24.153141
    24.127455
    24.101734
    24.075935
    24.050006
    24.023898
    23.997565
    23.970970
    23.944088
    23.916909
    23.889437
    23.861688
    23.833686
    23.805460
    23.777038
    23.748447
    23.719707
    23.690833
    23.661831
    23.632698
    23.603423
    23.573989
    23.544368
    23.514526
    23.484425
    23.454024
    23.423283
    23.392169
    23.360658
    23.328745
    23.296445
    23.263794
    23.230854
    23.197703
    23.164430
    23.131128
    23.097886
    23.064777
    23.031862
    22.999182
    22.966765
    22.934621
    22.902753
    22.871154
    22.839812
    22.808716
    22.777848
    22.747195
    22.716740
    22.686468
    22.656361
    22.626400
    22.596563
    22.566822
    22.537147
    22.507504
    22.477857
    22.448170
    22.418411
    22.388555
    22.358582
    22.328486
    22.298268
    22.267939
    22.237516
    22.207022
    22.176481
    22.145917
    22.115355
    22.084815
    22.054316
    22.023874
    21.993497
    21.963191
    21.932951
    21.902766
    21.872614
    21.842462
    21.812265
    21.781966
    21.751499
    21.720795
    21.689784
    21.658407
    21.626615
    21.594385
    21.561712
    21.528617
    21.495137
    21.461323
    21.427236
    21.392938
    21.358489
    21.323944
    21.289353
    21.254762
    21.220207
    21.185722
    21.151339
    21.117083
    21.082982
    21.049056
    21.015329
    20.981815
    20.948526
    20.915467
    20.882632
    20.850005
    20.817559
    20.785257
    20.753055
    20.720905
    20.688760
    20.656580
    20.624330
    20.591986
    20.559534
    20.526966
    20.494281
    20.461482
    20.428572
    20.395551
    20.362416
    20.329160
    20.295763
    20.262201
    20.228435
    20.194417
    20.160090
    20.125384
    20.090229
    20.054554
    20.018297
    19.981412
    19.943880
    19.905708
    19.866939
    19.827640
    19.787905
    19.747836
    19.707540
    19.667113
    19.626643
    19.586195
    19.545819
    19.505548
    19.465397
    19.425371
    19.385466
    19.345671
    19.305970
    19.266346
    19.226782
    19.187262
    19.147775
    19.108314
    19.068878
    19.029476
    18.990122
    18.950839
    18.911656
    18.872606
    18.833720
    18.795026
    18.756550
    18.718308
    18.680308
    18.642555
    18.605047
    18.567778
    18.530742
    18.493933
    18.457344
    18.420969
    18.384802
    18.348835
    18.313057
    18.277448
    18.241984
    18.206624
    18.171315
    18.135986
    18.100548
    18.064899
    18.028925
    17.992513
    17.955557
    17.917972
    17.879701
    17.840724
    17.801054
    17.760738
    17.719844
    17.678459
    17.636674
    17.594579
    17.552259
    17.509790
    17.467236
    17.424653
    17.382089
    17.339583
    17.297170
    17.254882
    17.212745
    17.170787
    17.129029
    17.087493
    17.046192
    17.005135
    16.964320
    16.923739
    16.883371
    16.843186
    16.803150
    16.763223
    16.723368
    16.683551
    16.643746
    16.603933
    16.564102
    16.524247
    16.484371
    16.444478
    16.404573
    16.364662
    16.324746
    16.284822
    16.244880
    16.204901
    16.164853
    16.124693
    16.084364
    16.043799
    16.002917
    15.961636
    15.919876
    15.877568
    15.834660
    15.791129
    15.746980
    15.702248
    15.656988
    15.611275
    15.565190
    15.518813
    15.472215
    15.425459
    15.378589
    15.331636
    15.284618
    15.237539
    15.190389
    15.143153
    15.095803
    15.048311
    15.000644
    14.952768
    14.904656
    14.856289
    14.807664
    14.758792
    14.709707
    14.660464
    14.611135
    14.561804
    14.512562
    14.463496
    14.414683
    14.366184
    14.318042
    14.270283
    14.222917
    14.175945
    14.129357
    14.083139
    14.037277
    13.991751
    13.946545
    13.901640
    13.857014
    13.812641
    13.768487
    13.724508
    13.680648
    13.636836
    13.592986
    13.549003
    13.504786
    13.460236
    13.415265
    13.369804
    13.323814
    13.277284
    13.230230
    13.182695
    13.134738
    13.086430
    13.037841
    12.989045
    12.940106
    12.891083
    12.842023
    12.792969
    12.743952
    12.694995
    12.646115
    12.597319
    12.548608
    12.499971
    12.451391
    12.402840
    12.354283
    12.305676
    12.256975
    12.208136
    12.159121
    12.109901
    12.060461
    12.010800
    11.960931
    11.910879
    11.860675
    11.810357
    11.759965
    11.709537
    11.659110
    11.608718
    11.558391
    11.508155
    11.458032
    11.408038
    11.358187
    11.308483
    11.258923
    11.209496
    11.160176
    11.110928
    11.061704
    11.012446
    10.963088
    10.913564
    10.863814
    10.813787
    10.763447
    10.712778
    10.661780
    10.610467
    10.558866
    10.507007
    10.454922
    10.402639
    10.350182
    10.297564
    10.244789
    10.191849
    10.138726
    10.085388
    10.031790
     9.977879
     9.923590
     9.868854
     9.813603
     9.757774
     9.701322
     9.644222
     9.586484
     9.528152
     9.469302
     9.410041
     9.350493
     9.290791
     9.231059
     9.171410
     9.111935
     9.052700
     8.993751
     8.935113
     8.876797
     8.818800
     8.761111
     8.703715
     8.646593
     8.589725
     8.533089
     8.476663
     8.420421
     8.364338
     8.308386
     8.252536
     8.196754
     8.141009
     8.085270
     8.029509
     7.973706
     7.917846
     7.861925
     7.805948
     7.749926
     7.693878
     7.637827
     7.581799
     7.525818
     7.469909
     7.414095
     7.358396
     7.302826
     7.247396
     7.192108
     7.136954
     7.081915
     7.026958
     6.972032
     6.917066
     6.861972
     6.806646
     6.750971
     6.694829
     6.638111
     6.580727
     6.522618
     6.463763
     6.404178
     6.343914
     6.283050
     6.221680
     6.159907
     6.097834
     6.035556
     5.973158
     5.910716
     5.848293
     5.785943
     5.723715
     5.661647
     5.599778
     5.538140
     5.476762
     5.415668
     5.354877
     5.294400
     5.234237
     5.174375
     5.114787
     5.055434
     4.996265
     4.937221
     4.878243
     4.819276
     4.760271
     4.701193
     4.642019
     4.582737
     4.523344
     4.463842
     4.404239
     4.344541
     4.284749
     4.224861
     4.164861
     4.104726
     4.044416
     3.983875
     3.923031
     3.861797
     3.800071
     3.737746
     3.674713
     3.610880
     3.546175
     3.480562
     3.414048
     3.346684
     3.278561
     3.209800
     3.140536
     3.070910
     3.001052
     2.931076
     2.861070
     2.791102
     2.721215
     2.651432
     2.581759
     2.512190
     2.442709
     2.373292
     2.303911
     2.234538
     2.165147
     2.095717
     2.026232
     1.956691
     1.887104
     1.817497
     1.747909
     1.678392
     1.609005
     1.539809
     1.470864
     1.402218
     1.333911
     1.265968
     1.198405
     1.131225
     1.064427
     0.998004
     0.931949
     0.866250
     0.800898
     0.735878
     0.671176
     0.606768
     0.542621
     0.478688
     0.414904
     0.351181
     0.287409
     0.223453
     0.159164
     0.094381
     0.028949
    -0.037266
    -0.104367
    -0.172409
    -0.241402
    -0.311305
    -0.382040
    -0.453499
    -0.525560
    -0.598098
    -0.670992
    -0.744131
    -0.817420
    -0.890776
    -0.964133
    -1.037432
    -1.110630
    -1.183687
    -1.256575
    -1.329267
    -1.401746
    -1.474000
    -1.546025
    -1.617824
    -1.689411
    -1.760809
    -1.832049
    -1.903168
    -1.974208
    -2.045207
    -2.116200
    -2.187213
    -2.258262
    -2.329355
    -2.400487
    -2.471649
    -2.542825
    -2.613996
    -2.685143
    -2.756247
    -2.827295
    -2.898277
    -2.969192
    -3.040049
    -3.110868
    -3.181683
    -3.252545
    -3.323517
    -3.394679
    -3.466114
    -3.537909
    -3.610138
    -3.682855
    -3.756077
    -3.829780
    -3.903890
    -3.978286
    -4.052801
    -4.127227
    -4.201321
    -4.274800
    -4.347341
    -4.418561
    -4.487988
    -4.555028
    -4.618893
    -4.678514
    -4.732415
    -4.778528
    -4.813945
    -4.834581
    -4.834737
    -4.806548
    -4.739322
    -4.618792
    -4.426332
    -4.138198
    -3.724866
    -3.150526
    -2.372731
    -1.342157
    -0.002358
     1.710583
     3.868607
     6.552395
     9.852161
    13.868277
    18.711398
    24.501667
    31.366467
    39.436074
    48.836445
    59.678293
    72.041543
    85.954478
   101.367303
   118.120801
   135.912258
   154.262896
   172.493392
   189.715992
   204.852029
   216.681235
   223.923192
   225.342570
   219.860912
   206.652559
   185.203852
   155.323327
   117.103078
    70.842915
    16.955380
   -44.130046
  -112.049608
  -186.566967
  -267.611463
  -355.293799
  -449.901032
  -551.872200
  -661.754422
  -780.137852
  -907.567190
 -1044.428352
 -1190.812203
 -1346.363376
 -1510.131034
 -1680.448255
 -1854.874108
 -2030.232479
 -2202.769717
 -2368.428397
 -2523.202325
 -2663.510074
 -2786.513432
 -2890.319715
 -2974.038488
 -3037.700811
 -3082.078302
 -3108.452040
 -3118.377848
 -3113.481114
 -3095.298351
 -3065.169572
 -3024.177367
 -2973.125184
 -2912.547407
 -2842.745656
 -2763.848014
 -2675.889420
 -2578.911313
 -2473.076367
 -2358.789393
 -2236.809233
 -2108.330517
 -1975.011813
 -1838.931277
 -1702.464004
 -1568.094532
 -1438.197026
 -1314.826361
 -1199.560560
 -1093.419734
  -996.865515
  -909.866400
  -832.004082
  -762.594707
  -700.804498
  -645.747238
  -596.558739
  -552.448779
  -512.733987
  -476.856040
  -444.389204
  -415.040097
  -388.641274
  -365.138977
  -344.574556
  -327.058906
  -312.739928
  -301.764719
  -294.240417
  -290.199750
  -289.578196
  -292.208343
  -297.833526
  -306.138160
  -316.788131
  -329.472736
  -343.940478
  -360.023667
  -377.649994
  -396.841777
  -417.704797
  -440.408713
  -465.160295
  -492.169664
  -521.608894
  -553.561940
  -587.965298
  -624.540334
  -662.721001
  -701.584717
  -739.799026
  -775.600801
  -806.826199
  -831.005507
  -845.525818
  -847.847052
  -835.738018
  -807.486670
  -762.039519
  -699.040990
  -618.769110
  -521.989075
  -409.761949
  -283.248254
  -143.538057
     8.473826
   172.161077
   347.189274
   533.494616
   731.222979
   940.632345
  1161.959538
  1395.251628
  1640.164634
  1895.738311
  2160.166298
  2430.594602
  2702.995050
  2972.167723
  3231.919844
  3475.441900
  3695.856028
  3886.858339
  4043.336709
  4161.838703
  4240.798388
  4280.493923
  4282.774882
  4250.644262
  4187.793400
  4098.172538
  3985.649100
  3853.773984
  3705.652373
  3543.902338
  3370.680361
  3187.754377
  2996.608822
  2798.569840
  2594.940852
  2387.138291
  2176.814525
  1965.950902
  1756.900387
  1552.359539
  1355.256707
  1168.558684
   995.019418
   836.914907
   695.818972
   572.468492
   466.744388
   377.764493
   304.058269
   243.780051
   194.918901
   155.475063
   123.588383
    97.617459
    76.176840
    58.143270
    42.642040
    29.022560
    16.829634
     5.774291
    -4.294109
   -13.414378
   -21.539467
   -28.563140
   -34.348190
   -38.756076
   -41.676303
   -43.052370
   -42.900239
   -41.315749
   -38.469315
   -34.589139
   -29.936870
   -24.781077
   -19.373664
   -13.932682
    -8.632823
    -3.602971
     1.070926
     5.339740
     9.183667
    12.604693
    15.619845
    18.255615
    20.543635
    22.517520
    24.210690
    25.654992
    26.879934
    27.912375
    28.776527
    29.494162
    30.084916
    30.566602
    30.955463
    31.266322
    31.512633
    31.706446
    31.858352
    31.977435
    32.071293
    32.146105
    32.206773
    32.257090
    32.299928
    32.337422
    32.371131
    32.402179
    32.431367
    32.459261
    32.486258
    32.512639
    32.538599
    32.564279
    32.589778
    32.615173
    32.640519
    32.665860
    32.691228
    32.716650
    32.742139
    32.767704
    32.793347
    32.819060
    32.844835
    32.870657
    32.896511
    32.922385
    32.948262
    32.974133
    32.999988
    33.025818
    33.051620
    33.077390
    33.103127
    33.128832
    33.154509
    33.180163
    33.205802
    33.231437
    33.257080
    33.282747
    33.308452
    33.334212
    33.360042
    33.385951
    33.411946
    33.438030
    33.464198
    33.490440
    33.516745
    33.543097
    33.569480
    33.595879
    33.622282
    33.648675
    33.675050
    33.701400
    33.727719
    33.754006
    33.780259
    33.806480
    33.832674
    33.858845
    33.885003
    33.911159
    33.937326
    33.963520
    33.989757
    34.016053
    34.042421
    34.068873
    34.095414
    34.122044
    34.148758
    34.175547
    34.202396
    34.229290
    34.256213
    34.283150
    34.310088
    34.337014
    34.363920
    34.390799
    34.417647
    34.444461
    34.471241
    34.497988
    34.524709
    34.551408
    34.578096
    34.604784
    34.631486
    34.658219
    34.684999
    34.711842
    34.738761
    34.765767
    34.792864
    34.820052
    34.847324
    34.874669
    34.902074
    34.929521
    34.956995
    34.984480
    35.011963
    35.039433
    35.066880
    35.094299
    35.121686
    35.149037
    35.176354
    35.203639
    35.230897
    35.258136
    35.285364
    35.312596
    35.339845
    35.367129
    35.394463
    35.421865
    35.449347
    35.476919
    35.504584
    35.532341
    35.560182
    35.588096
    35.616066
    35.644077
    35.672112
    35.700156
    35.728195
    35.756219
    35.784219
    35.812188
    35.840124
    35.868024
    35.895889
    35.923722
    35.951529
    35.979318
    36.007099
    36.034886
    36.062694
    36.090540
    36.118441
    36.146414
    36.174471
    36.202621
    36.230866
    36.259204
    36.287625
    36.316117
    36.344665
    36.373250
    36.401858
    36.430471
    36.459077
    36.487666
    36.516229
    36.544760
    36.573256
    36.601715
    36.630140
    36.658533
    36.686900
    36.715251
    36.743596
    36.771950
    36.800328
    36.828749
    36.857230
    36.885786
    36.914430
    36.943170
    36.972007
    37.000937
    37.029951
    37.059034
    37.088169
    37.117341
    37.146531
    37.175725
    37.204910
    37.234074
    37.263211
    37.292315
    37.321382
    37.350413
    37.379408
    37.408372
    37.437311
    37.466235
    37.495156
    37.524089
    37.553051
    37.582059
    37.611132
    37.640284
    37.669528
    37.698870
    37.728311
    37.757846
    37.787464
    37.817149
    37.846884
    37.876653
    37.906438
    37.936224
    37.965998
    37.995750
    38.025472
    38.055160
    38.084810
    38.114423
    38.144000
    38.173547
    38.203070
    38.232580
    38.262089
    38.291614
    38.321171
    38.350779
    38.380456
    38.410218
    38.440074
    38.470032
    38.500090
    38.530241
    38.560474
    38.590773
    38.621121
    38.651498
    38.681889
    38.712278
    38.742653
    38.773004
    38.803324
    38.833607
    38.863852
    38.894059
    38.924230
    38.954371
    38.984490
    39.014598
    39.044708
    39.074837
    39.105003
    39.135225
    39.165520
    39.195903
    39.226386
    39.256971
    39.287658
    39.318439
    39.349300
    39.380225
    39.411196
    39.442194
    39.473203
    39.504207
    39.535195
    39.566156
    39.597085
    39.627976
    39.658827
    39.689640
    39.720418
    39.751166
    39.781893
    39.812612
    39.843335
    39.874082
    39.904870
    39.935718
    39.966644
    39.997663
    40.028784
    40.060011
    40.091340
    40.122763
    40.154264
    40.185827
    40.217434
    40.249065
    40.280703
    40.312335
    40.343947
    40.375531
    40.407081
    40.438591
    40.470061
    40.501493
    40.532889
    40.564257
    40.595605
    40.626947
    40.658298
    40.689675
    40.721098
    40.752587
    40.784158
    40.815826
    40.847599
    40.879481
    40.911465
    40.943542
    40.975697
    41.007911
    41.040165
    41.072441
    41.104722
    41.136992
    41.169242
    41.201461
    41.233643
    41.265786
    41.297887
    41.329950
    41.361977
    41.393977
    41.425960
    41.457939
    41.489929
    41.521951
    41.554024
    41.586166
    41.618396
    41.650727
    41.683167
    41.715716
    41.748369
    41.781114
    41.813934
    41.846812
    41.879727
    41.912660
    41.945595
    41.978518
    42.011417
    42.044284
    42.077112
    42.109899
    42.142644
    42.175351
    42.208022
    42.240668
    42.273298
    42.305927
    42.338572
    42.371252
    42.403988
    42.436799
    42.469702
    42.502710
    42.535830
    42.569061
    42.602396
    42.635822
    42.669321
    42.702875
    42.736463
    42.770067
    42.803669
    42.837257
    42.870818
    42.904345
    42.937832
    42.971276
    43.004679
    43.038042
    43.071371
    43.104675
    43.137966
    43.171260
    43.204573
    43.237926
    43.271339
    43.304833
    43.338424
    43.372124
    43.405938
    43.439865
    43.473895
    43.508016
    43.542208
    43.576451
    43.610726
    43.645013
    43.679295
    43.713560
    43.747797
    43.781997
    43.816156
    43.850271
    43.884344
    43.918377
    43.952377
    43.986354
    44.020320
    44.054292
    44.088288
    44.122328
    44.156434
    44.190626
    44.224919
    44.259325
    44.293848
    44.328485
    44.363225
    44.398054
    44.432952
    44.467898
    44.502872
    44.537856
    44.572832
    44.607788
    44.642713
    44.677600
    44.712444
    44.747243
    44.782000
    44.816717
    44.851402
    44.886066
    44.920721
    44.955386
    44.990079
    45.024821
    45.059635
    45.094540
    45.129551
    45.164678
    45.199925
    45.235286
    45.270750
    45.306301
    45.341918
    45.377581
    45.413269
    45.448962
    45.484646
    45.520306
    45.555933
    45.591520
    45.627063
    45.662561
    45.698015
    45.733430
    45.768814
    45.804179
    45.839539
    45.874911
    45.910316
    45.945776
    45.981313
    46.016946
    46.052690
    46.088554
    46.124539
    46.160639
    46.196842
    46.233129
    46.269480
    46.305874
    46.342289
    46.378706
    46.415111
    46.451489
    46.487832
    46.524134
    46.560389
    46.596599
    46.632765
    46.668892
    46.704990
    46.741071
    46.777149
    46.813244
    46.849377
    46.885571
    46.921847
    46.958224
    46.994716
    47.031332
    47.068071
    47.104925
    47.141881
    47.178919
    47.216018
    47.253156
    47.290312
    47.327468
    47.364608
    47.401718
    47.438792
    47.475821
    47.512804
    47.549740
    47.586632
    47.623487
    47.660313
    47.697124
    47.733937
    47.770771
    47.807648
    47.844590
    47.881621
    47.918758
    47.956015
    47.993399
    48.030907
    48.068531
    48.106254
    48.144058
    48.181920
    48.219817
    48.257729
    48.295637
    48.333526
    48.371383
    48.409201
    48.446974
    48.484698
    48.522375
    48.560009
    48.597605
    48.635175
    48.672733
    48.710295
    48.747883
    48.785520
    48.823228
    48.861030
    48.898944
    48.936982
    48.975149
    49.013442
    49.051851
    49.090358
    49.128942
    49.167581
    49.206252
    49.244934
    49.283609
    49.322262
    49.360882
    49.399459
    49.437989
    49.476470
    49.514903
    49.553293
    49.591646
    49.629976
    49.668295
    49.706624
    49.744983
    49.783396
    49.821886
    49.860476
    49.899183
    49.938018
    49.976986
    50.016080
    50.055289
    50.094594
    50.133975
    50.173406
    50.212866
    50.252334
    50.291791
    50.331223
    50.370619
    50.409970
    50.449273
    50.488526
    50.527730
    50.566892
    50.606018
    50.645123
    50.684221
    50.723331
    50.762478
    50.801684
    50.840974
    50.880369
    50.919886
    50.959536
    50.999319
    51.039231
    51.079256
    51.119376
    51.159568
    51.199807
    51.240072
    51.280340
    51.320594
    51.360821
    51.401008
    51.441149
    51.481241
    51.521281
    51.561272
    51.601221
    51.641137
    51.681033
    51.720925
    51.760835
    51.800786
    51.840803
    51.880909
    51.921127
    51.961472
    52.001952
    52.042570
    52.083315
    52.124173
    52.165123
    52.206142
    52.247206
    52.288290
    52.329374
    52.370441
    52.411477
    52.452472
    52.493419
    52.534314
    52.575158
    52.615953
    52.656705
    52.697426
    52.738130
    52.778834
    52.819561
    52.860334
    52.901178
    52.942119
    52.983177
    53.024367
    53.065697
    53.107164
    53.148760
    53.190468
    53.232265
    53.274127
    53.316030
    53.357950
    53.399866
    53.441762
    53.483624
    53.525443
    53.567211
    53.608926
    53.650589
    53.692203
    53.733776
    53.775320
    53.816848
    53.858381
    53.899942
    53.941555
    53.983246
    54.025039
    54.066955
    54.109009
    54.151205
    54.193540
    54.236004
    54.278578
    54.321238
    54.363960
    54.406719
    54.449491
    54.492255
    54.534996
    54.577701
    54.620359
    54.662965
    54.705517
    54.748016
    54.790466
    54.832876
    54.875259
    54.917630
    54.960010
    55.002422
    55.044893
    55.087449
    55.130113
    55.172906
    55.215841
    55.258922
    55.302143
    55.345492
    55.388949
    55.432489
    55.476088
    55.519719
    55.563359
    55.606989
    55.650592
    55.694155
    55.737669
    55.781130
    55.824535
    55.867887
    55.911191
    55.954456
    55.997695
    56.040926
    56.084171
    56.127454
    56.170802
    56.214241
    56.257796
    56.301485
    56.345320
    56.389305
    56.433432
    56.477687
    56.522050
    56.566497
    56.611003
    56.655547
    56.700110
    56.744680
    56.789253
    56.833837
    56.878450
    56.923130
    56.967940
    57.012975
    57.058379
    57.104357
    57.151202
    57.199320
    57.249259
    57.301745
    57.357715
    57.418346
    57.485081
    57.559646
    57.644063
    57.740665
    57.852119
    57.981465
    58.132170
    58.308216
    58.514194
    58.755427
    59.038105
    59.369431
    59.757784
    60.212910
    60.746139
    61.370684
    62.102033
    62.958527
    63.962203
    65.140050
    66.525819
    68.162603
    70.106307
    72.430135
    75.230020
    78.630753
    82.792382
    87.916306
    94.250559
   102.093925
   111.798876
   123.773510
   138.482709
   156.448480
   178.248903
   204.514415
   235.919399
   273.166193
   316.957891
   367.955484
   426.714376
   493.595133
   568.644114
   651.442082
   740.923684
   835.178881
   931.258919
  1025.023322
  1111.077146
  1182.853251
  1232.884975
  1253.284269
  1236.390183
  1175.494834
  1065.510957
   903.439637
   688.538268
   422.164768
   107.354982
  -251.754302
  -650.529784
 -1084.368396
 -1549.082083
 -2041.117499
 -2557.617156
 -3096.343377
 -3655.489282
 -4233.397355
 -4828.201435
 -5437.406658
 -6057.427273
 -6683.116034
 -7307.340746
 -7920.689619
 -8511.408601
 -9065.676875
 -9568.295642
-10003.790850
-10357.820567
-10618.663833
-10778.498202
-10834.189853
-10787.430758
-10644.224356
-10413.879092
-10107.760481
 -9738.056643
 -9316.748374
 -8854.882606
 -8362.163882
 -7846.822344
 -7315.691358
 -6774.425763
 -6227.801988
 -5680.054946
 -5135.217612
 -4597.434863
 -4071.223049
 -3561.642804
 -3074.348499
 -2615.479196
 -2191.369274
 -1808.086263
 -1470.846957
 -1183.409472
  -947.569263
  -762.882236
  -626.690995
  -534.453849
  -480.299395
  -457.681566
  -460.005190
  -481.123999
  -515.662093
  -559.155757
  -608.043050
  -659.541375
  -711.452518
  -761.926928
  -809.209986
  -851.386396
  -886.136664
  -910.522177
  -920.822044
  -912.453182
  -880.011214
  -817.467913
  -718.545060
  -577.251593
  -388.524321
  -148.865923
   143.152105
   486.641048
   878.465135
  1313.613299
  1785.780107
  2288.021820
  2813.356474
  3355.214458
  3907.697184
  4465.646419
  5024.555075
  5580.361230
  6129.166021
  6666.909840
  7189.035789
  7690.168145
  8163.838234
  8602.299918
  8996.488844
  9336.187913
  9610.457382
  9808.361839
  9919.971414
  9937.534644
  9856.635049
  9677.087668
  9403.342285
  9044.253288
  8612.230289
  8121.942547
  7588.851442
  7027.854083
  6452.247553
  5873.109332
  5299.082339
  4736.482788
  4189.622037
  3661.239852
  3152.970047
  2665.786701
  2200.401716
  1757.598816
  1338.495265
   944.722161
   578.510127
   242.663331
   -59.594574
  -324.909122
  -550.203115
  -733.157114
  -872.682093
  -969.283851
 -1025.226200
 -1044.440134
 -1032.188981
  -994.561579
  -937.902677
  -868.290109
  -791.137465
  -710.956077
  -631.269357
  -554.646480
  -482.813056
  -416.799413
  -357.096538
  -303.800514
  -256.735578
  -215.552573
  -179.803657
  -148.996195
  -122.629508
  -100.218139
   -81.304929
   -65.466770
   -52.315494
   -41.496001
   -32.683408
   -25.580527
   -19.916429
   -15.446247
   -11.951806
    -9.242409
    -7.155079
    -5.553818
    -4.327807
    -3.388716
    -2.667513
    -2.111129
    -1.679299
    -1.341760
    -1.075906
    -0.864897
    -0.696187
    -0.560404
    -0.450513
    -0.361199
    -0.288411
    -0.229034
    -0.180645
    -0.141330
    -0.109553
    -0.084058
    -0.063794
    -0.047866
    -0.035501
    -0.026031
    -0.018878
    -0.013549
    -0.009631
    -0.006786
    -0.004744
    -0.003293
    -0.002272
    -0.001559
    -0.001064
    -0.000723
    -0.000489
    -0.000329
    -0.000220
    -0.000147
    -0.000098
    -0.000064
    -0.000042
    -0.000027
    -0.000018
    -0.000011
    -0.000007
    -0.000004
    -0.000003
    -0.000002
    -0.000001
    -0.000001
    -0.000000
    -0.000000
    -0.000000
    -0.000000
    -0.000000
    -0.000000
    -0.000000
    -0.000000
    -0.000000
    -0.000000
    -0.000000
    -0.000000
    -0.000000
    -0.000000
    -0.000000
    -0.000000
    -0.000000
    -0.000000
    -0.000000
    -0.000000
    -0.000000
    -0.000000
    -0.000000
    -0.000000
    -0.000000
    -0.000000
    -0.000000
    -0.000000
    -0.000000
    -0.000000
    -0.000000
    -0.000000
    -0.000000
    -0.000000
    -0.000000
    -0.000000
    -0.000000
    -0.000000
    -0.000000
    -0.000000
    -0.000000
    -0.000000
    -0.000000
    -0.000000
    -0.000000
    -0.000000
    -0.000000
    -0.000000
    -0.000000
    -0.000000
    -0.000000
    -0.000000
    -0.000000
    -0.000000
    -0.000000
    -0.000000
    -0.000000
    -0.000000
    -0.000000
    -0.000000
    -0.000000
    -0.000000
    -0.000000
    -0.000000
    -0.000000
    -0.000000
    -0.000000
    -0.000000
    -0.000000
    -0.000000
    -0.000000
    -0.000000
    -0.000000
    -0.000000
    -0.000000
    -0.000000
    -0.000000
    -0.000000
    -0.000000
    -0.000000
    -0.000000
    -0.000000
    -0.000000
    -0.000000
    -0.000000
    -0.000000
    -0.000000
    -0.000000