0 0 0 0 0 0 
0.0500161 0.00987355 -0.0373886 -0.00589201 0.000726817 0.039156 
0.100032 0.012009 -0.199759 0.00292645 0.000375604 0.200902 
0.150048 -0.0521942 0.0217637 0.000181694 -0.00314807 0.0566649 
0.200065 -0.010082 -0.0870566 -0.0089438 -0.00354658 0.087442 
0.250081 -0.0515215 -0.142868 -0.00183134 -0.00402289 0.151759 
0.300097 0.0248588 -0.181556 0.00923593 -0.00448252 0.18356 
0.350113 0.110377 -0.218536 0.0121568 -0.0060462 0.245181 
0.400129 0.108531 -0.411398 0.0104437 -0.00850325 0.425646 
0.450145 0.217908 -0.402008 0.0166632 -0.00739322 0.457577 
0.500161 0.320826 -0.629764 0.0264171 -0.00899961 0.707334 
0.550177 0.203184 -0.461285 0.0125664 -0.0124718 0.504355 
0.600194 0.235611 -0.599719 0.0115762 -0.0102044 0.644599 
0.65021 0.268812 -0.636214 0.0120049 -0.0123378 0.690926 
0.700226 0.260004 -0.684596 0.0175258 -0.0124593 0.732646 
0.750242 0.30337 -0.728249 0.0198695 -0.0138205 0.789273 
0.800258 0.310574 -0.841913 0.0146021 -0.012757 0.897641 
0.850274 0.252859 -0.684843 0.00855569 -0.012981 0.730148 
0.90029 0.30467 -0.791681 0.0123651 -0.0111299 0.848574 
0.950306 0.21175 -0.682213 0.00688782 -0.014453 0.714333 
1.00032 0.17716 -0.619969 0.00299183 -0.017703 0.645258 
1.05034 0.231307 -0.62552 0.000545394 -0.026741 0.667428 
1.10035 0.169665 -0.614584 -0.00540415 -0.0267042 0.638254 
1.15037 0.217958 -0.66833 0.00217038 -0.0291274 0.703575 
1.20039 0.161871 -0.611446 0.00274749 -0.0404722 0.635153 
1.2504 0.0944331 -0.526573 -0.0036494 -0.0368016 0.536451 
1.30042 0.188283 -0.545563 0.00382259 -0.0328939 0.577762 
1.35044 0.27235 -0.638763 0.0122411 -0.0315266 0.695183 
1.40045 0.0949614 -0.345439 -0.00434699 -0.0310231 0.359983 
1.45047 -0.125065 -0.185771 -0.0269059 -0.0366732 0.230439 
1.50048 -0.135368 -0.238751 -0.0326853 -0.038258 0.281329 
1.5505 -0.0725168 -0.198128 -0.0200599 -0.0341411 0.214676 
1.60052 -0.100187 -0.0338067 -0.0110131 -0.0336692 0.113257 
1.65053 -0.0758106 -0.0484912 -0.0142335 -0.0407744 0.102016 
1.70055 -0.146767 -0.0675757 -0.0247789 -0.0369255 0.171212 
1.75056 -0.163573 -0.00209449 -0.0231674 -0.0372028 0.174151 
1.80058 -0.109949 -0.0750029 -0.0208676 -0.0400091 0.140019 
1.8506 -0.181962 -0.020981 -0.0263202 -0.0394339 0.187554 
1.90061 -0.217799 -0.119882 -0.0261489 -0.0396079 0.253065 
1.95063 -0.151114 -0.0909924 -0.0255993 -0.0421205 0.183091 
2.00065 -0.259399 0.0168866 -0.0276631 -0.0419457 0.263564 
2.05066 -0.14359 -0.0232813 -0.0267992 -0.0411461 0.167811 
2.10068 -0.147835 -0.0921243 -0.0262497 -0.0408326 0.197183 
2.15069 -0.177141 -0.0283896 -0.031104 -0.0433595 0.197952 
2.20071 -0.0563194 -0.212006 -0.0219566 -0.0434642 0.22581 
2.25073 -0.13315 0.0732764 -0.0259668 -0.0428268 0.148453 
2.30074 -0.307473 0.10582 -0.0370549 -0.0399919 0.329138 
2.35076 -0.268853 0.132862 -0.0376343 -0.0439199 0.315402 
2.40077 -0.230584 0.135906 -0.029245 -0.0451654 0.273736 
2.45079 -0.213248 0.102944 -0.021535 -0.0430813 0.241271 
2.50081 -0.131863 -0.0408076 -0.0183445 -0.0427839 0.144827 
2.55082 -0.180974 0.0245261 -0.0278752 -0.0442796 0.186047 
2.60084 -0.192396 -0.00128515 -0.0236774 -0.0435123 0.199541 
2.65085 -0.174405 0.0548158 -0.0154788 -0.0462467 0.189997 
2.70087 -0.208384 0.0933583 -0.018646 -0.0432334 0.234651 
2.75089 -0.186794 0.0365873 -0.0212161 -0.0430769 0.196819 
2.8009 -0.0989531 0.0225374 -0.0147654 -0.0425792 0.128724 
2.85092 -0.232422 0.0695669 -0.0202345 -0.0467409 0.247352 
2.90094 -0.23726 0.171229 -0.0195586 -0.049754 0.302698 
2.95095 -0.224316 0.00713774 -0.0250326 -0.050495 0.23807 
3.00097 -0.154356 -0.00284623 -0.0232528 -0.0432396 0.172146 
3.05098 -0.0322634 -0.110757 -0.0107702 -0.044822 0.125466 
3.101 -0.0877742 -0.055593 -0.0172454 -0.0425768 0.117985 
3.15102 -0.355447 0.285356 -0.0374371 -0.0441842 0.460018 
3.20103 -0.343093 0.311085 -0.0446171 -0.0463477 0.467539 
3.25105 -0.0507029 -0.239085 -0.0167304 -0.0436512 0.248723 
3.30106 -0.0409236 -0.215689 -0.0206002 -0.0223861 0.217269 
3.35108 -0.0920366 -0.205445 -0.0291968 -0.017052 0.227816 
3.4011 -0.157796 -0.155961 -0.0354532 -0.02376 0.239025 
3.45111 -0.142564 -0.0450403 -0.0387276 -0.0282729 0.181013 
3.50113 -0.0906279 -0.157364 -0.0267009 -0.027401 0.189767 
3.55115 -0.0762895 -0.105375 -0.0166659 -0.0274113 0.140384 
3.60116 -0.103647 -0.0951 -0.0218839 -0.0322054 0.155616 
3.65118 -0.0828476 -0.289297 -0.0225259 -0.0298895 0.315114 
3.70119 -0.139505 -0.235674 -0.0238141 -0.0269708 0.276983 
3.75121 -0.0643069 -0.209737 -0.0206098 -0.0292623 0.230498 
3.80123 -0.121684 -0.0576574 -0.0276102 -0.0339458 0.143811 
3.85124 -0.109193 -0.217238 -0.0225659 -0.0327794 0.246635 
3.90126 -0.0511072 -0.283805 -0.0158078 -0.0316842 0.289922 
3.95127 0.00440617 -0.186848 -0.00944635 -0.0340127 0.190731 
4.00129 -0.0927068 -0.031755 -0.0244865 -0.0368674 0.13589 
4.05131 -0.226197 0.0529585 -0.0364703 -0.0347632 0.238445 
4.10132 -0.167129 -0.0839593 -0.0263113 -0.0381599 0.194823 
4.15134 -0.0776415 -0.0722134 -0.0140271 -0.0429224 0.136358 
4.20135 -0.0264713 -0.162897 -0.0126028 -0.0437734 0.169784 
4.25137 -0.00301925 -0.347744 -0.0160572 -0.0393581 0.350186 
4.30139 -0.0664358 -0.252218 -0.0203196 -0.03921 0.264714 
4.3514 -0.0383788 -0.323819 -0.0183166 -0.0408617 0.329267 
4.40142 -0.0474917 -0.280471 -0.0158204 -0.0415724 0.287643 
4.45144 -0.107429 -0.106489 -0.0140539 -0.0389655 0.157612 
4.50145 0.0744404 -0.297649 -0.00454139 -0.0477503 0.311219 
4.55147 0.000814376 -0.324381 -0.00518062 -0.0424214 0.328856 
4.60148 -0.00773187 -0.307523 -0.0104462 -0.0426041 0.310647 
4.6515 -0.0237556 -0.3763 -0.021634 -0.0445569 0.379055 
4.70152 -0.034668 -0.376589 -0.02376 -0.0449823 0.381256 
4.75153 -0.040522 -0.381094 -0.0232293 -0.0459372 0.38745 
4.80155 0.0969078 -0.35794 -0.00378378 -0.0489397 0.37414 
4.85156 0.0845874 -0.422872 -0.00628521 -0.0505751 0.434132 
4.90158 -0.0980907 -0.21401 -0.0266415 -0.0527275 0.242594 
4.9516 -0.0789023 -0.439691 -0.0283861 -0.0569689 0.451503 
5.00161 -0.00157666 -0.289507 -0.0178752 -0.0626278 0.296653 
5.05163 0.0445045 -0.307987 -0.00850719 -0.0646672 0.318044 
5.10164 0.268274 -0.42269 0.0052648 -0.0700144 0.506182 
5.15166 0.580813 -0.777806 0.0420496 -0.0823603 0.97486 
5.20168 1.13772 -1.49059 0.161056 -0.0816033 1.88385 
5.25169 1.18825 -1.49024 0.249518 -0.0475061 1.92282 
5.30171 1.70275 -1.95945 0.338759 -0.028572 2.61807 
5.35173 2.03628 -2.1818 0.36425 -0.0322703 3.00676 
5.40174 2.22717 -2.2111 0.419917 -0.0265569 3.1666 
5.45176 2.62767 -2.61687 0.482993 -0.0268017 3.73989 
5.50177 2.5567 -2.31365 0.504478 -0.0250679 3.48485 
5.55179 2.90923 -2.87672 0.554897 -0.02526 4.12888 
5.60181 3.08767 -2.73936 0.582928 -0.0197088 4.16887 
5.65182 3.31372 -3.04086 0.614541 -0.0198883 4.53933 
5.70184 3.22797 -3.16694 0.631218 -0.0271383 4.56608 
5.75185 3.23648 -3.17304 0.637796 -0.0354573 4.5772 
5.80187 4.20443 -3.79022 0.735249 -0.0155089 5.70802 
5.85189 4.16868 -3.85699 0.763733 -0.00273792 5.73042 
5.9019 4.04694 -4.00312 0.796491 0.0120178 5.74779 
5.95192 3.70876 -3.84088 0.797366 0.0257156 5.39853 
6.00194 3.79211 -4.11271 0.83339 0.0297902 5.65596 
6.05195 3.38996 -4.10961 0.815034 0.0328062 5.38945 
6.10197 3.43203 -4.20075 0.83246 0.0336322 5.4881 
6.15198 3.24542 -4.26539 0.8309 0.0249806 5.42377 
6.202 3.0797 -4.29104 0.829275 0.0126734 5.34654 
6.25202 2.67711 -4.33954 0.81147 0.0318485 5.16313 
6.30203 2.71012 -4.36019 0.819231 0.032117 5.19886 
6.35205 2.54954 -4.55962 0.813987 0.0354291 5.28716 
6.40206 2.08295 -4.25145 0.787288 0.0303601 4.79938 
6.45208 2.19963 -4.635 0.812939 0.0379454 5.19458 
6.5021 1.8623 -4.63513 0.78837 0.0424912 5.05739 
6.55211 1.66475 -4.60577 0.781806 0.0509598 4.95963 
6.60213 1.33812 -4.55996 0.762076 0.0560813 4.81327 
6.65214 0.967806 -4.315 0.739982 0.057326 4.48405 
6.70216 1.14393 -4.67818 0.762266 0.0793515 4.87661 
6.75218 0.754775 -4.46993 0.736467 0.0828354 4.59361 
6.80219 0.304846 -4.47503 0.707227 0.0865284 4.54173 
6.85221 0.325779 -4.76397 0.718981 0.081552 4.82959 
6.90223 0.0650052 -4.62814 0.702703 0.0879807 4.68245 
6.95224 0.159588 -4.84602 0.720231 0.0887141 4.90267 
7.00226 -0.405074 -4.67647 0.682705 0.0820515 4.74406 
7.05227 -0.656533 -4.55308 0.670318 0.0706251 4.64922 
7.10229 -0.48526 -4.64972 0.682819 0.0763331 4.72519 
7.15231 -0.918133 -4.4492 0.653494 0.0756532 4.59056 
7.20232 -1.27613 -4.54212 0.640791 0.0817515 4.76214 
7.25234 -1.3188 -4.79136 0.635819 0.0845304 5.01077 
7.30235 -1.28483 -4.70625 0.638959 0.0771807 4.92071 
7.35237 -1.45609 -4.89361 0.636411 0.0713618 5.14546 
7.40239 -1.98919 -4.59315 0.587335 0.0563071 5.04029 
7.4524 -1.9719 -4.82393 0.601005 0.0700713 5.24638 
7.50242 -1.99467 -4.7669 0.602009 0.0863478 5.20306 
7.55244 -2.3782 -4.78613 0.586289 0.0870152 5.37706 
7.60245 -2.42034 -4.88919 0.58814 0.0774772 5.48755 
7.65247 -2.87137 -4.55264 0.557889 0.0812822 5.41052 
7.70248 -2.96649 -4.69227 0.543212 0.0950341 5.57855 
7.7525 -3.09785 -4.70383 0.545094 0.105659 5.65928 
7.80252 -3.24445 -4.83908 0.539929 0.103809 5.85172 
7.85253 -3.49119 -4.55817 0.524339 0.103098 5.76617 
7.90255 -3.47915 -4.87253 0.527227 0.102482 6.01124 
7.95256 -3.67466 -4.76537 0.515066 0.113539 6.04081 
8.00258 -3.70321 -5.11686 0.528629 0.128135 6.34036 
8.0526 -4.11357 -4.66072 0.490195 0.129093 6.23691 
8.10261 -4.04921 -5.20315 0.504514 0.120874 6.61331 
8.15263 -4.69115 -4.74201 0.450806 0.106032 6.68667 
8.20265 -4.40942 -5.02143 0.467353 0.107957 6.69978 
8.25266 -4.62785 -5.06888 0.448329 0.11243 6.87911 
8.30268 -4.99829 -4.82963 0.424056 0.112309 6.96426 
8.35269 -4.85407 -5.19164 0.446903 0.0986445 7.12193 
8.40271 -5.03526 -4.99212 0.424273 0.097998 7.10351 
8.45273 -5.18838 -5.2081 0.42443 0.0937576 7.36492 
8.50274 -5.62662 -4.86637 0.399075 0.108862 7.4506 
8.55276 -5.77026 -4.96331 0.392407 0.122612 7.62214 
8.60277 -6.04849 -4.99676 0.380237 0.140233 7.8557 
8.65279 -6.04248 -4.94793 0.382298 0.15666 7.82076 
8.70281 -6.33081 -4.87066 0.361776 0.162207 7.99749 
8.75282 -6.32322 -4.928 0.364447 0.171819 8.02695 
8.80284 -6.47583 -5.04095 0.353553 0.173036 8.2158 
8.85285 -6.67945 -4.97886 0.343621 0.167239 8.34069 
8.90287 -6.96438 -4.85746 0.313352 0.15493 8.49927 
8.95289 -6.50391 -5.51309 0.352661 0.133249 8.53432 
9.0029 -7.33512 -4.80978 0.28727 0.121522 8.77693 
9.05292 -7.13362 -5.30496 0.302845 0.10452 8.89587 
9.10293 -7.72692 -4.83246 0.248929 0.105021 9.11792 
9.15295 -7.6459 -5.01363 0.265323 0.108827 9.14804 
9.20297 -7.47717 -5.25177 0.28078 0.117832 9.14299 
9.25298 -7.65891 -5.20207 0.275394 0.115576 9.26352 
9.303 -8.05798 -5.04061 0.249711 0.11602 9.5093 
9.35302 -8.1867 -5.00028 0.24807 0.124598 9.59677 
9.40303 -8.54433 -4.67471 0.228816 0.153753 9.74342 
9.45305 -8.70864 -4.6498 0.22324 0.163865 9.87709 
9.50306 -8.7944 -4.64059 0.217684 0.172266 9.94769 
9.55308 -8.95413 -4.79285 0.208713 0.166174 10.1597 
9.6031 -9.05622 -4.67221 0.203005 0.170771 10.1941 
9.65311 -9.24098 -4.47696 0.186535 0.171894 10.271 
9.70313 -9.32936 -4.65293 0.18282 0.163832 10.4282 
9.75315 -9.49487 -4.65316 0.175295 0.146751 10.5755 
9.80316 -9.79702 -4.36535 0.14296 0.126297 10.7271 
9.85318 -9.88502 -4.69943 0.142511 0.117468 10.9467 
9.90319 -10.0599 -4.40426 0.117085 0.107589 10.983 
9.95321 -10.0444 -4.66129 0.124717 0.091909 11.0746 
10.0032 -10.2452 -4.65879 0.115804 0.0938062 11.2557 
10.0532 -10.3515 -4.73513 0.112525 0.0924212 11.3839 
10.1033 -10.4885 -4.51685 0.108261 0.0955941 11.4207 
10.1533 -10.7602 -4.45497 0.0996095 0.107827 11.6468 
10.2033 -11.0103 -4.24205 0.084042 0.123711 11.8001 
10.2533 -11.1478 -4.27372 0.0820986 0.139448 11.94 
10.3033 -11.2098 -4.24538 0.077748 0.146396 11.9879 
10.3533 -11.2308 -4.35193 0.0862677 0.156169 12.0462 
10.4034 -11.4307 -4.16736 0.0713507 0.156624 12.1679 
10.4534 -11.4879 -4.31495 0.0750901 0.153303 12.2727 
10.5034 -11.6875 -4.33222 0.0581357 0.145175 12.4654 
10.5534 -11.9445 -4.1719 0.0396496 0.124721 12.6527 
10.6034 -12.1318 -4.00367 0.0242928 0.109912 12.7758 
10.6534 -12.1756 -4.00978 0.0193334 0.103472 12.8194 
10.7035 -12.2422 -4.12871 0.0189326 0.0921371 12.92 
10.7535 -12.8938 -3.61333 -0.0335593 0.0781038 13.3907 
10.8035 -12.0961 -4.46404 0.026406 0.0877153 12.8945 
10.8535 -12.7507 -3.67068 -0.0172494 0.0835355 13.2687 
10.9035 -12.7662 -3.62372 -0.00111917 0.0886442 13.2706 
10.9535 -13.2786 -3.61696 -0.0222843 0.102169 13.7628 
11.0035 -13.3403 -3.33607 -0.0239436 0.123484 13.7517 
11.0536 -13.6116 -3.08291 -0.0341449 0.1411 13.9574 
11.1036 -13.4551 -3.36989 -0.028828 0.150194 13.8719 
11.1536 -13.6482 -3.29866 -0.0383221 0.149555 14.0421 
11.2036 -13.5682 -3.4037 -0.0294194 0.140019 13.9893 
11.2536 -13.8525 -3.26193 -0.037477 0.134359 14.232 
11.3036 -14.0333 -3.55709 -0.0479168 0.114823 14.4778 
11.3537 -13.8808 -3.71572 -0.0362289 0.108785 14.37 
11.4037 -14.1626 -3.724 -0.0532386 0.098571 14.6444 
11.4537 -14.1832 -3.86647 -0.0502058 0.0833732 14.7011 
11.5037 -14.4157 -3.82883 -0.0584076 0.0719729 14.9158 
11.5537 -14.6192 -3.80018 -0.0670829 0.0753699 15.1054 
11.6037 -14.2291 -4.24822 -0.0365348 0.0769791 14.85 
11.6538 -14.7071 -3.50271 -0.0564113 0.0771589 15.1188 
11.7038 -14.7939 -3.68329 -0.0499421 0.0870499 15.2458 
11.7538 -15.1323 -3.48302 -0.0559595 0.105562 15.5284 
11.8038 -15.224 -3.28521 -0.059225 0.120909 15.5751 
11.8538 -15.2396 -3.32178 -0.0584818 0.132138 15.5981 
11.9038 -15.4315 -3.32319 -0.0644562 0.137472 15.786 
11.9539 -15.4127 -3.57013 -0.0564543 0.125333 15.8214 
12.0039 -15.5487 -3.55843 -0.0608948 0.110867 15.9512 
12.0539 -15.7147 -3.53779 -0.0715152 0.0917888 16.1084 
12.1039 -15.8919 -3.55928 -0.0801123 0.0819191 16.286 
12.1539 -15.6119 -4.03221 -0.0672073 0.0714372 16.1245 
12.2039 -16.0756 -3.41083 -0.0933944 0.0681076 16.4338 
12.254 -16.0231 -3.85795 -0.0843819 0.0619038 16.4814 
12.304 -16.2849 -3.69683 -0.0857775 0.0652304 16.6996 
12.354 -16.2639 -3.78736 -0.0778678 0.0682056 16.6994 
12.404 -16.3794 -3.73004 -0.0756409 0.0704771 16.7991 
12.454 -16.6672 -3.40801 -0.0855278 0.0840651 17.0125 
12.504 -16.8178 -3.45957 -0.0864969 0.107542 17.1705 
12.554 -16.8419 -3.58067 -0.0912552 0.126569 17.2191 
12.6041 -16.874 -3.50931 -0.0889601 0.124416 17.2357 
12.6541 -16.9374 -3.65248 -0.090763 0.116134 17.3274 
12.7041 -17.1766 -3.66181 -0.0920672 0.0973593 17.5631 
12.7541 -17.3082 -3.98336 -0.102205 0.0921632 17.7612 
12.8041 -17.2818 -4.27358 -0.106164 0.081867 17.8028 
12.8541 -17.296 -4.24073 -0.111017 0.067752 17.8088 
12.9042 -17.6571 -4.07482 -0.129671 0.0598491 18.1218 
12.9542 -17.4967 -4.28846 -0.125966 0.0552025 18.0151 
13.0042 -17.6353 -4.49964 -0.121023 0.0535234 18.2007 
13.0542 -17.9084 -4.11858 -0.136665 0.0613523 18.3765 
13.1042 -18.0228 -3.9842 -0.138275 0.0729764 18.4586 
13.1542 -18.049 -4.05995 -0.126107 0.085854 18.5006 
13.2043 -18.2804 -4.21915 -0.125877 0.0941445 18.7616 
13.2543 -18.1826 -4.54167 -0.122416 0.0996737 18.7419 
13.3043 -18.1783 -4.47747 -0.125107 0.0910454 18.7222 
13.3543 -18.4154 -4.42575 -0.134895 0.0856814 18.9405 
13.4043 -18.5535 -4.56761 -0.136613 0.0814551 19.108 
13.4543 -18.5968 -4.86036 -0.129435 0.070973 19.2221 
13.5044 -18.8915 -4.82106 -0.144858 0.0574381 19.4976 
13.5544 -18.9085 -4.81818 -0.154533 0.0465415 19.5136 
13.6044 -18.8092 -4.91439 -0.148044 0.0510026 19.4413 
13.6544 -18.9348 -4.89593 -0.145445 0.0533138 19.5581 
13.7044 -19.1267 -5.03191 -0.144185 0.0529633 19.7781 
13.7544 -19.1669 -5.09103 -0.133491 0.0609003 19.8322 
13.8045 -19.4825 -4.82435 -0.143149 0.0738386 20.0716 
13.8545 -19.4554 -4.99361 -0.137267 0.0908116 20.0867 
13.9045 -19.5853 -4.93723 -0.139122 0.0923994 20.1987 
13.9545 -19.6523 -4.94045 -0.142605 0.0868367 20.2645 
14.0045 -19.8083 -4.88912 -0.138984 0.0739309 20.4033 
14.0545 -19.698 -5.00462 -0.128021 0.0731669 20.3244 
14.1045 -20.058 -5.44521 -0.138398 0.0595009 20.7845 
14.1546 -20.0868 -5.56838 -0.139345 0.0512904 20.8448 
14.2046 -20.0716 -5.39321 -0.142065 0.0463269 20.7844 
14.2546 -20.2295 -5.36332 -0.147418 0.0521011 20.9288 
14.3046 -20.2634 -5.38448 -0.126805 0.0422519 20.9671 
14.3546 -20.4842 -5.67244 -0.125175 0.0420145 21.2555 
14.4046 -20.627 -5.47515 -0.125318 0.0450601 21.3417 
14.4547 -20.7703 -5.32767 -0.122613 0.0609223 21.4432 
14.5047 -20.8315 -5.47161 -0.114065 0.078553 21.5385 
14.5547 -20.9059 -5.53702 -0.115507 0.0797182 21.6272 
14.6047 -20.8418 -5.82293 -0.100308 0.0755047 21.6405 
14.6547 -20.9374 -6.35146 -0.088265 0.0675823 21.8798 
14.7047 -21.0416 -6.51991 -0.0798165 0.0718381 22.0288 
14.7548 -21.1782 -6.60605 -0.0820567 0.0730938 22.1849 
14.8048 -21.373 -6.52569 -0.0893208 0.0592865 22.3472 
14.8548 -21.3747 -6.38706 -0.0832109 0.0615668 22.3091 
14.9048 -21.4226 -6.82245 -0.0718869 0.0525291 22.4832 
14.9548 -21.5312 -6.5945 -0.0657339 0.0481124 22.5188 
15.0048 -21.652 -6.95637 -0.0556121 0.0533189 22.7421 
15.0549 -22.2034 -6.62314 -0.0880774 0.0669354 23.1707 
15.1049 -22.3 -6.36395 -0.119562 0.075915 23.1908 
15.1549 -21.921 -6.29518 -0.135328 0.0739314 22.8075 
15.2049 -22.0341 -6.48774 -0.141955 0.0695251 22.9699 
15.2549 -22.2131 -6.46857 -0.160106 0.0634979 23.1364 
15.3049 -21.9742 -6.31301 -0.16117 0.0678529 22.8637 
15.355 -22.2658 -6.25791 -0.167426 0.0722724 23.1292 
15.405 -22.1772 -6.46108 -0.172741 0.0690649 23.1 
15.455 -22.1293 -6.41597 -0.179053 0.0683119 23.0414 
15.505 -22.3274 -6.44893 -0.188334 0.0685784 23.2409 
15.555 -22.0983 -6.28267 -0.185904 0.0660441 22.9748 
15.605 -22.1957 -6.36845 -0.183386 0.0632706 23.092 
15.655 -22.2033 -6.15054 -0.192578 0.0606727 23.0403 
15.7051 -22.1906 -5.97327 -0.198001 0.0595595 22.9814 
15.7551 -22.3449 -6.07634 -0.202181 0.058288 23.1573 
15.8051 -22.1594 -6.07528 -0.196224 0.0543369 22.9781 
15.8551 -22.2309 -6.23833 -0.192379 0.0516604 23.0906 
15.9051 -22.2659 -6.08612 -0.198019 0.0577701 23.0836 
15.9551 -22.1973 -6.26435 -0.192725 0.0597717 23.0652 
16.0052 -22.3129 -6.12442 -0.200375 0.0600036 23.1391 
16.0552 -22.2632 -6.10674 -0.20232 0.0610007 23.0865 
16.1052 -22.3164 -6.11782 -0.206101 0.0578204 23.1408 
16.1552 -6.24444 -2.13077 -0.0371363 0.0575554 7.19758 
16.2052 -22.2869 -5.98045 -0.207179 0.0561838 23.0763 
16.2552 -22.3633 -6.03536 -0.210943 0.0541197 23.1645 
16.3053 -22.3138 -6.02779 -0.209865 0.0561056 23.1147 
16.3553 -22.2904 -6.22804 -0.206666 0.0571935 23.1451 
16.4053 -22.3056 -6.0995 -0.209032 0.0562605 23.1256 
16.4553 -22.3422 -5.90861 -0.216372 0.0498387 23.1114 
16.5053 -22.451 -5.79796 -0.226607 0.0540381 23.1887 
16.5553 -22.3722 -5.7252 -0.234368 0.058284 23.0944 
16.6054 -22.3206 -5.76347 -0.226024 0.0570604 23.0538 
16.6554 -22.4512 -5.81957 -0.224771 0.0569418 23.1944 
16.7054 -22.3714 -5.77072 -0.229583 0.0547454 23.1049 
16.7554 -22.4612 -5.70366 -0.235245 0.0539872 23.1754 
16.8054 -22.4657 -5.5784 -0.24181 0.0580329 23.1493 
16.8554 -22.398 -5.6942 -0.235875 0.058817 23.1119 
16.9055 -22.5109 -5.6732 -0.236084 0.0556066 23.2161 
16.9555 -22.4428 -5.65949 -0.239539 0.0565903 23.1467 
17.0055 -22.4931 -5.73732 -0.236239 0.0553464 23.2146 
17.0555 -22.5126 -5.72801 -0.244212 0.0579547 23.2312 
17.1055 -22.4379 -5.6365 -0.239524 0.0542994 23.1363 
17.1555 -22.4444 -5.99145 -0.232936 0.0513058 23.2317 
17.2055 -22.4857 -5.71126 -0.236717 0.0625815 23.2011 
17.2556 -22.4867 -5.63231 -0.24282 0.0650912 23.1827 
17.3056 -22.5503 -5.61751 -0.248582 0.0608937 23.2409 
17.3556 -22.5464 -5.59654 -0.246263 0.0621511 23.232 
17.4056 -22.4952 -5.71697 -0.240936 0.0562371 23.2116 
17.4556 -22.5188 -5.70705 -0.241678 0.0609473 23.2321 
17.5056 -22.5157 -5.57006 -0.244524 0.056547 23.1958 
17.5557 -22.5599 -5.5425 -0.250968 0.0585914 23.2321 
17.6057 -22.4912 -5.49105 -0.254049 0.0579745 23.1533 
17.6557 -22.5476 -5.52906 -0.25161 0.0603997 23.2171 
17.7057 -22.5261 -5.43879 -0.254752 0.0580643 23.1749 
17.7557 -22.5782 -5.41551 -0.258216 0.0576114 23.2201 
17.8057 -22.5715 -5.42566 -0.258859 0.0584061 23.2159 
17.8558 -22.5268 -5.68203 -0.254309 0.0564058 23.2338 
17.9058 -22.4946 -5.70055 -0.248676 0.0576012 23.2071 
17.9558 -22.4716 -5.93997 -0.246348 0.0592386 23.2448 
18.0058 -22.5362 -5.80947 -0.247976 0.056012 23.2743 
18.0558 -22.5776 -5.69547 -0.255177 0.0557923 23.2864 
18.1058 -22.5908 -5.62084 -0.25997 0.0510714 23.2811 
18.1559 -22.579 -5.70257 -0.252095 0.0572413 23.2894 
18.2059 -22.5253 -5.70199 -0.250374 0.0552183 23.2372 
18.2559 -22.5169 -5.66659 -0.262107 0.0584913 23.2205 
18.3059 -22.6515 -5.23869 -0.281852 0.0561733 23.2511 
18.3559 -23.4641 -4.92681 -0.38364 0.0551294 23.9789 
18.4059 -23.3373 -4.2101 -0.49044 0.0561407 23.7191 
18.456 -23.2505 -3.61374 -0.576504 0.0541188 23.5367 
18.506 -23.5809 -2.94592 -0.683405 0.0518604 23.7741 
18.556 -23.3614 -2.29803 -0.748568 0.0518185 23.4861 
18.606 -23.7491 -1.87282 -0.816593 0.0524408 23.8369 
18.656 -23.7672 -1.60215 -0.853326 0.0682797 23.8365 
18.706 -23.6786 -1.56922 -0.881101 0.0843927 23.7471 
18.756 -23.5706 -1.20526 -0.914502 0.0871251 23.6193 
18.8061 -23.7801 -0.830024 -0.958803 0.0937834 23.8141 
18.8561 -23.8628 -0.442687 -0.98469 0.0937221 23.8874 
18.9061 -23.5951 -0.365132 -0.991455 0.0925814 23.619 
18.9561 -23.7086 -0.0402375 -1.01752 0.0977106 23.7307 
19.0061 -23.5954 0.160397 -1.03373 0.0964324 23.6188 
19.0561 -23.596 0.410374 -1.05558 0.0935108 23.6234 
19.1062 -23.3407 0.300562 -1.04893 0.085544 23.3663 
19.1562 -23.272 0.236581 -1.05824 0.0833349 23.2975 
19.2062 -23.2737 0.562624 -1.06176 0.0920775 23.3049 
19.2562 -23.1065 0.781297 -1.05872 0.106296 23.1441 
19.3062 -23.164 0.808048 -1.05346 0.117262 23.2024 
19.3562 -23.1365 1.05498 -1.06133 0.111831 23.1852 
19.4063 -23.0317 1.01229 -1.06439 0.115173 23.0787 
19.4563 -22.8467 1.04185 -1.06365 0.113576 22.8955 
19.5063 -22.9069 1.42622 -1.07628 0.116046 22.9768 
19.5563 -22.765 1.50634 -1.08294 0.11547 22.8408 
19.6063 -22.8274 1.4523 -1.10337 0.112491 22.9005 
19.6563 -22.5007 1.58209 -1.10342 0.0948882 22.5835 
19.7064 -22.3321 1.30694 -1.09624 0.0859746 22.3973 
19.7564 -22.4672 1.59431 -1.11109 0.0861305 22.5513 
19.8064 -22.2973 1.75896 -1.10964 0.100519 22.3943 
19.8564 -22.3183 2.27995 -1.11289 0.113472 22.4625 
19.9064 -22.1888 2.01818 -1.0915 0.126461 22.3076 
19.9564 -22.3111 2.33369 -1.11188 0.136887 22.4608 
20.0065 -21.9581 2.47743 -1.09616 0.137511 22.1249 
20.0565 -22.1779 2.32887 -1.10424 0.139393 22.3276 
20.1065 -21.9044 2.64009 -1.11025 0.133019 22.0912 
20.1565 -21.8514 2.35846 -1.10534 0.131835 22.0065 
20.2065 -21.962 2.55005 -1.11827 0.12798 22.1382 
20.2565 -21.6388 2.27683 -1.11425 0.129353 21.7873 
20.3065 -21.3275 2.36486 -1.10735 0.114934 21.4872 
20.3566 -21.4716 2.63105 -1.12465 0.105333 21.6617 
20.4066 -21.3404 2.53463 -1.10791 0.116357 21.5192 
20.4566 -21.4859 3.0465 -1.12666 0.125331 21.7303 
20.5066 -21.1502 2.93946 -1.09909 0.134107 21.3822 
20.5566 -21.2176 2.92269 -1.09439 0.14056 21.4463 
20.6066 -21.0315 3.19674 -1.09561 0.158504 21.3019 
20.6567 -21.0276 3.09033 -1.09515 0.17035 21.2823 
20.7067 -21.043 3.34569 -1.09814 0.180639 21.3364 
20.7567 -20.9409 3.1861 -1.09712 0.177304 21.2111 
20.8067 -20.9768 3.45075 -1.11011 0.173023 21.2885 
20.8567 -20.5847 3.07737 -1.09524 0.166007 20.8431 
20.9067 -20.697 3.29514 -1.10635 0.164196 20.9878 
20.9568 -20.3311 2.90605 -1.08278 0.160177 20.5669 
21.0068 -20.5929 3.32605 -1.11305 0.154638 20.8901 
21.0568 -20.067 3.16267 -1.07667 0.150018 20.3437 
21.1068 -20.259 3.47677 -1.08825 0.169359 20.5847 
21.1568 -19.9017 3.24984 -1.05736 0.17816 20.1938 
21.2068 -20.1965 3.42177 -1.07326 0.183791 20.5133 
21.2569 -19.9047 3.75032 -1.05666 0.203981 20.2835 
21.3069 -20.0207 3.75893 -1.06507 0.203564 20.3994 
21.3569 -19.8271 3.74346 -1.05847 0.184126 20.2059 
21.4069 -19.7515 3.75104 -1.06355 0.189226 20.1334 
21.4569 -19.6066 3.59026 -1.04955 0.19027 19.9611 
21.5069 -19.5003 3.80511 -1.05268 0.188 19.8968 
21.557 -19.5703 3.80767 -1.05853 0.180434 19.9663 
21.607 -19.3012 3.8823 -1.06235 0.184417 19.7173 
21.657 -19.2205 3.5784 -1.05158 0.173129 19.5797 
21.707 -19.0976 3.6939 -1.0418 0.162077 19.4802 
21.757 -18.9832 3.82573 -1.04421 0.162531 19.3936 
21.807 -18.913 3.80566 -1.03018 0.178868 19.3204 
21.857 -18.9215 3.85933 -1.0272 0.188905 19.3392 
21.9071 -18.8706 4.34349 -1.0239 0.194389 19.3919 
21.9571 -18.6809 4.0183 -1.00592 0.205281 19.1358 
22.0071 -18.7581 4.47008 -1.01931 0.21848 19.3114 
22.0571 -18.4081 4.24 -0.990363 0.220388 18.9172 
22.1071 -18.4514 3.80536 -0.987346 0.226295 18.867 
22.1571 -17.995 3.07787 -0.950339 0.223565 18.2821 
22.2072 -17.742 2.96308 -0.939072 0.216976 18.0135 
22.2572 -17.621 2.574 -0.924773 0.212523 17.8333 
22.3072 -17.6147 2.64081 -0.93707 0.20954 17.8374 
22.3572 -17.3716 2.42406 -0.934477 0.193603 17.5659 
22.4072 -17.1859 2.58147 -0.92707 0.189213 17.4044 
22.4572 -16.9055 2.32967 -0.902922 0.183959 17.0905 
22.5073 -16.98 2.55393 -0.907092 0.183124 17.1959 
22.5573 -17.0577 2.93579 -0.91855 0.195559 17.3339 
22.6073 -17.2197 3.14779 -0.919573 0.19722 17.5305 
22.6573 -16.7369 3.11334 -0.886967 0.214876 17.0485 
22.7073 -16.9108 3.25196 -0.89534 0.228447 17.2454 
22.7573 -16.9323 3.61024 -0.897807 0.23695 17.3378 
22.8074 -16.9456 3.589 -0.885425 0.241507 17.3458 
22.8574 -16.7853 3.80011 -0.894813 0.246349 17.2356 
22.9074 -16.5027 3.56711 -0.884106 0.24043 16.9087 
22.9574 -16.506 3.78671 -0.890729 0.240102 16.9598 
23.0074 -16.3951 3.93371 -0.882179 0.231836 16.8857 
23.0574 -16.2459 3.5126 -0.872525 0.22759 16.6457 
23.1075 -16.0469 3.52496 -0.868931 0.205711 16.4537 
23.1575 -16.0123 3.68007 -0.893528 0.205006 16.4557 
23.2075 -15.7582 3.46098 -0.863865 0.204782 16.1582 
23.2575 -15.7683 3.53206 -0.863964 0.206545 16.1833 
23.3075 -15.7173 3.79956 -0.8677 0.202826 16.1946 
23.3575 -15.6081 3.68365 -0.852465 0.206822 16.0609 
23.4075 -15.7906 4.17806 -0.872926 0.214168 16.3587 
23.4576 -15.3729 3.90099 -0.834181 0.225058 15.8836 
23.5076 -15.5954 4.47687 -0.853763 0.243115 16.2494 
23.5576 -15.2497 4.16445 -0.82855 0.248191 15.8318 
23.6076 -15.3087 4.5839 -0.832609 0.250022 16.0039 
23.6576 -15.1937 4.37917 -0.829301 0.253156 15.836 
23.7076 -15.4241 4.63845 -0.853011 0.25512 16.131 
23.7577 -14.8321 4.13116 -0.816166 0.243163 15.4203 
23.8077 -14.9903 4.53798 -0.836468 0.231961 15.6862 
23.8577 -14.6985 4.28899 -0.820662 0.222651 15.3351 
23.9077 -14.8522 4.49276 -0.842561 0.210369 15.5412 
23.9577 -14.7739 4.48925 -0.849972 0.206689 15.4659 
24.0077 -14.475 4.47331 -0.829958 0.204181 15.1747 
24.0578 -14.4148 4.61892 -0.837947 0.200709 15.1612 
24.1078 -14.0383 4.42752 -0.80843 0.193856 14.7434 
24.1578 -14.2957 4.89993 -0.842293 0.184078 15.1368 
24.2078 -13.9682 4.55575 -0.805262 0.198278 14.7158 
24.2578 -14.1374 4.81772 -0.821103 0.206811 14.9597 
24.3078 -13.8581 4.55108 -0.803126 0.209061 14.6099 
24.3579 -13.8792 4.69185 -0.797712 0.228653 14.6742 
24.4079 -13.638 4.91257 -0.787954 0.247953 14.5193 
24.4579 -13.554 4.70506 -0.781969 0.238804 14.3707 
24.5079 -13.6652 4.99571 -0.794293 0.223597 14.5732 
24.5579 -13.5559 5.05964 -0.794571 0.224279 14.4929 
24.6079 -13.4772 5.25668 -0.80249 0.237394 14.4902 
24.658 -13.2099 4.92166 -0.782595 0.24201 14.1207 
24.708 -13.0621 5.0119 -0.790187 0.213669 14.0145 
24.758 -13.0799 4.86846 -0.791318 0.201414 13.9804 
24.808 -12.7333 4.65858 -0.785151 0.210294 13.5831 
24.858 -12.5707 4.46967 -0.760901 0.198398 13.3649 
24.908 -12.2612 4.23805 -0.742245 0.187135 12.9955 
24.958 -12.412 4.70871 -0.767329 0.171599 13.2985 
25.0081 -12.0365 4.27355 -0.745932 0.171822 12.7956 
25.0581 -11.9923 4.34846 -0.75006 0.183151 12.7797 
25.1081 -12.0448 4.64314 -0.756228 0.180786 12.9321 
25.1581 -11.8979 4.52407 -0.750616 0.191204 12.7526 
25.2081 -12.0889 5.12576 -0.776105 0.197357 13.155 
25.2581 -11.7809 4.88093 -0.746258 0.209912 12.7756 
25.3082 -11.6652 5.19805 -0.749029 0.197145 12.7944 
25.3582 -11.5583 4.92716 -0.739189 0.199716 12.588 
25.4082 -11.5639 5.0322 -0.756297 0.195655 12.6355 
25.4582 -11.3346 4.90061 -0.745046 0.203535 12.3728 
25.5082 -11.226 4.87515 -0.740677 0.193901 12.2628 
25.5582 -11.2206 4.97498 -0.746078 0.183688 12.2981 
25.6083 -10.9978 4.6803 -0.73781 0.174705 11.9764 
25.6583 -10.9029 4.88271 -0.747427 0.168897 11.9708 
25.7083 -10.7039 4.94244 -0.73697 0.161712 11.814 
25.7583 -10.6789 4.96626 -0.748283 0.156982 11.802 
25.8083 -10.6825 5.26767 -0.765892 0.144144 11.9363 
25.8583 -10.5368 4.94133 -0.763076 0.146867 11.6638 
25.9084 -10.4769 5.11026 -0.77381 0.156572 11.6835 
25.9584 -10.2998 5.005 -0.764739 0.149374 11.4779 
26.0084 -10.1692 5.15333 -0.764623 0.140996 11.4269 
26.0584 -10.0162 5.17983 -0.771493 0.145915 11.3036 
26.1084 -10.0942 5.46725 -0.775729 0.147103 11.5068 
26.1584 -9.95983 5.49461 -0.770782 0.145067 11.4019 
26.2085 -9.90843 5.50509 -0.77107 0.130345 11.362 
26.2585 -9.67171 5.61213 -0.77076 0.125406 11.2093 
26.3085 -9.63168 5.39099 -0.771956 0.136578 11.0659 
26.3585 -9.77571 5.77322 -0.794899 0.140728 11.3819 
26.4085 -9.33278 5.17685 -0.762565 0.140792 10.7005 
26.4585 -9.29997 5.69623 -0.777825 0.13742 10.9343 
26.5085 -9.17324 5.63679 -0.765867 0.127575 10.7946 
26.5586 -9.41775 5.96087 -0.802814 0.129083 11.1753 
26.6086 -9.11697 5.81642 -0.792564 0.131494 10.8443 
26.6586 -8.97685 5.77247 -0.795901 0.133528 10.7031 
26.7086 -8.86312 5.72519 -0.807683 0.116698 10.583 
26.7586 -8.5613 5.54642 -0.801889 0.109179 10.233 
26.8086 -8.86395 5.99835 -0.839788 0.0978729 10.7361 
26.8587 -8.55257 5.86719 -0.838409 0.0889677 10.4058 
26.9087 -8.34748 5.73689 -0.839045 0.0867213 10.1638 
26.9587 -8.20592 5.75207 -0.842234 0.0799011 10.0568 
27.0087 -8.14367 5.8549 -0.857203 0.0776704 10.0667 
27.0587 -8.05218 5.79105 -0.864865 0.0706879 9.9563 
27.1087 -7.84868 5.65112 -0.867548 0.0678316 9.71042 
27.1588 -7.83306 5.90963 -0.888935 0.0691146 9.85261 
27.2088 -7.54583 5.85234 -0.866953 0.0538468 9.58865 
27.2588 -7.41565 5.69606 -0.864817 0.0576794 9.39085 
27.3088 -7.35763 5.78578 -0.876203 0.0520682 9.40114 
27.3588 -7.32756 5.89866 -0.889768 0.0517954 9.44895 
27.4088 -7.2251 5.82186 -0.899739 0.0496933 9.32232 
27.4589 -7.36874 6.20611 -0.92662 0.0515301 9.67863 
27.5089 -7.18452 6.03993 -0.923652 0.0515958 9.4316 
27.5589 -6.83691 5.9373 -0.920526 0.0378209 9.10186 
27.6089 -6.84701 5.943 -0.945897 0.0348254 9.11572 
27.6589 -6.84911 6.19795 -0.964442 0.0297769 9.28743 
27.7089 -6.91928 6.31244 -0.985377 0.0289804 9.41773 
27.759 -6.54234 6.00859 -0.970432 0.0195366 8.93583 
27.809 -6.81148 6.41886 -1.01332 0.00463834 9.41406 
27.859 -6.40796 6.40171 -1.01911 -0.0125801 9.11502 
27.909 -6.31499 6.27467 -1.02577 -0.0154701 8.96139 
27.959 -6.4467 6.57616 -1.06262 -0.0303552 9.27022 
28.009 -6.01979 6.39908 -1.06659 -0.0425075 8.85022 
28.059 -4.32654 4.56838 -0.928469 -0.0571525 6.36015 
28.1091 -5.45816 5.6032 -0.984198 -0.0558937 7.88439 
28.1591 -5.76924 6.10472 -1.00589 -0.0480091 8.45963 
28.2091 -5.06886 5.23159 -0.94101 -0.0385748 7.34515 
28.2591 -5.22789 5.41386 -0.938748 -0.0379125 7.58503 
28.3091 -5.22851 5.55125 -0.931629 -0.0301292 7.68266 
28.3591 -4.66747 4.81507 -0.88155 0.00228795 6.76391 
28.4092 -4.84683 5.02961 -0.893614 0.0298228 7.04192 
28.4592 -4.61939 4.73291 -0.874385 0.0484309 6.67125 
28.5092 -4.36952 4.3835 -0.846105 0.0630329 6.24724 
28.5592 -4.26439 4.13639 -0.825955 0.0739998 5.99858 
28.6092 -4.05831 3.91905 -0.797263 0.0651257 5.69813 
28.6592 -4.02085 3.9902 -0.791741 0.0448258 5.71994 
28.7093 -4.1844 4.2126 -0.797819 0.0385004 5.99111 
28.7593 -4.06533 3.86481 -0.781272 0.0388441 5.66399 
28.8093 -4.08785 3.88155 -0.780055 0.0429791 5.69082 
28.8593 -4.05448 3.9098 -0.779892 0.04382 5.6865 
28.9093 -3.83132 3.70036 -0.764777 0.0507284 5.38146 
28.9593 -3.99359 3.97146 -0.769148 0.0544286 5.68469 
29.0094 -4.04119 3.95371 -0.775364 0.0551461 5.70683 
29.0594 -3.94838 3.83418 -0.770026 0.0565045 5.55758 
29.1094 -3.98039 3.84153 -0.764477 0.0594004 5.58473 
29.1594 -3.84215 3.80396 -0.749417 0.0577314 5.45875 
29.2094 -3.8138 3.86484 -0.746682 0.0566634 5.48109 
29.2594 -3.87563 3.8061 -0.758448 0.0586423 5.48501 
29.3095 -3.93736 3.74221 -0.769758 0.0631223 5.48684 
29.3595 -3.88516 3.66631 -0.758298 0.0647529 5.39587 
29.4095 -3.92715 3.7353 -0.765401 0.070278 5.47409 
29.4595 -4.00531 3.77017 -0.769349 0.0745569 5.55471 
29.5095 -3.85861 3.53814 -0.751685 0.0772814 5.28938 
29.5595 -3.91925 3.69998 -0.746774 0.0729745 5.44181 
29.6095 -3.81001 3.67743 -0.740036 0.0718046 5.3472 
29.6596 -3.76426 3.58661 -0.72788 0.0742214 5.25064 
29.7096 -3.71978 3.54731 -0.725703 0.0720486 5.19153 
29.7596 -3.67518 3.49827 -0.720308 0.0711188 5.12531 
29.8096 -3.79077 3.62996 -0.740043 0.0723113 5.30089 
29.8596 -3.91816 3.75237 -0.752752 0.0753604 5.47764 
29.9096 -3.93986 3.76437 -0.751589 0.0743996 5.50117 
29.9597 -3.95044 3.89576 -0.744948 0.0655762 5.59842 
30.0097 -3.76928 3.61288 -0.72697 0.070725 5.27201 
30.0597 -3.78894 3.67502 -0.721605 0.0739209 5.32807 
30.1097 -3.88154 3.81576 -0.741473 0.0672256 5.4937 
30.1597 -3.7992 3.63044 -0.738061 0.0699166 5.30692 
30.2097 -3.97568 3.84707 -0.741683 0.0763281 5.58231 
30.2598 -3.92463 3.88046 -0.735929 0.073668 5.56849 
30.3098 -3.78006 3.51516 -0.730054 0.0758066 5.21389 
30.3598 -3.80707 3.44112 -0.724665 0.0840608 5.18337 
30.4098 -3.71764 3.49298 -0.719505 0.0889134 5.15242 
30.4598 -3.82751 3.60869 -0.718116 0.0808387 5.30986 
30.5098 -3.83115 3.56414 -0.724161 0.0785812 5.28316 
30.5599 -3.74537 3.40254 -0.71733 0.0822599 5.11142 
30.6099 -3.63051 3.31454 -0.704094 0.0826092 4.9668 
30.6599 -3.61617 3.42513 -0.706071 0.0775112 5.03118 
30.7099 -3.78356 3.51932 -0.714618 0.0810128 5.21716 
30.7599 -3.89428 3.70094 -0.728909 0.0823891 5.42222 
30.8099 -3.85188 3.83127 -0.724671 0.0796449 5.48153 
30.86 -3.92485 3.85251 -0.727284 0.0755643 5.54805 
30.91 -3.97893 3.94078 -0.737303 0.0792707 5.64903 
30.96 -4.01241 3.93375 -0.747855 0.0822265 5.6692 
