6  10
0.165827  0.053832  0.0784649  0.0893037  0.100668  0.105644  0.0861626  0.129017  0.0901552  0.100926  
2.54975  -0.0995052  0.110285  -0.00933252  -0.0176954  0.310103  
5.95435  2.66519  -3.35998  0.714992  0.030644  4.44841  
8.04874  -3.70096  -5.06983  0.575183  0.139581  6.64998  
11.4146  -13.0994  -6.00783  0.201137  0.121909  14.4288  
12.8006  -17.0322  -5.21671  0.00709795  0.0761944  17.8281  
16.7405  -22.2743  -6.32104  -0.12745  0.0251943  23.1702  
19.7638  -22.0419  0.533802  -0.922603  0.0801881  22.1385  
23.0896  -16.2623  4.25857  -0.840242  0.180984  16.8851  
26.3777  -10.327  6.68967  -0.862077  0.0150864  12.4002  
29.4141  -5.06175  5.38303  -0.768354  -0.0307216  7.44675  
2.26128  -0.0215932  -0.0289435  0.000893585  -0.00811978  0.00519209  
-0.0215932  0.0370692  -0.0432206  0.00140096  0.000407887  -0.0364929  
-0.0289435  -0.0432206  0.11769  -0.00168704  -0.000180542  0.046287  
0.000893585  0.00140096  -0.00168704  0.00015684  4.78904e-05  -0.000755647  
-0.00811978  0.000407887  -0.000180542  4.78904e-05  0.000176141  -0.000776707  
0.00519209  -0.0364929  0.046287  -0.000755647  -0.000776707  0.0844137  
0.267706  -0.104709  -0.45727  0.088588  0.0161151  0.364379  
-0.104709  1.12784  -0.294892  0.108154  -0.00171328  0.850529  
-0.45727  -0.294892  1.16611  -0.227581  -0.0343006  -1.1542  
0.088588  0.108154  -0.227581  0.05578  0.00631357  0.253525  
0.0161151  -0.00171328  -0.0343006  0.00631357  0.00178734  0.0287153  
0.364379  0.850529  -1.1542  0.253525  0.0287153  1.47089  
0.617087  -1.99383  -0.278933  -0.117379  0.0248841  1.30219  
-1.99383  6.774  0.72659  0.387753  -0.0779132  -4.21469  
-0.278933  0.72659  0.853692  0.0732548  -0.0369343  -1.05763  
-0.117379  0.387753  0.0732548  0.0271081  -0.00533275  -0.269173  
0.0248841  -0.0779132  -0.0369343  -0.00533275  0.00310423  0.0724922  
1.30219  -4.21469  -1.05763  -0.269173  0.0724922  3.19116  
2.79588  -6.27307  -1.966  -0.139125  -0.0868255  6.51545  
-6.27307  14.2716  4.43357  0.328495  0.189211  -14.8011  
-1.966  4.43357  1.53271  0.105722  0.0534014  -4.66451  
-0.139125  0.328495  0.105722  0.0132807  0.00311773  -0.342059  
-0.0868255  0.189211  0.0534014  0.00311773  0.0053492  -0.194115  
6.51545  -14.8011  -4.66451  -0.342059  -0.194115  15.3791  
2.35905  -5.18566  -1.31553  -0.124948  -0.0581243  5.33521  
-5.18566  11.706  2.89102  0.335165  0.114878  -12.0182  
-1.31553  2.89102  1.15738  0.0523759  0.0334141  -3.09238  
-0.124948  0.335165  0.0523759  0.0301429  -0.00153136  -0.335857  
-0.0581243  0.114878  0.0334141  -0.00153136  0.00340288  -0.119312  
5.33521  -12.0182  -3.09238  -0.335857  -0.119312  12.3738  
0.934045  -0.160352  0.147043  -0.0376742  0.000150783  0.114378  
-0.160352  0.50557  -0.18233  0.098707  -0.0219501  -0.431015  
0.147043  -0.18233  0.617563  -0.0406875  0.0101487  -0.00421405  
-0.0376742  0.098707  -0.0406875  0.0251662  -0.0060482  -0.0835075  
0.000150783  -0.0219501  0.0101487  -0.0060482  0.00205321  0.0182792  
0.114378  -0.431015  -0.00421405  -0.0835075  0.0182792  0.414021  
0.704786  1.13135  1.25812  -0.0444694  0.0232181  -1.12227  
1.13135  2.35988  1.63031  0.0383402  0.0282694  -2.32824  
1.25812  1.63031  3.02734  -0.198575  0.056271  -1.64777  
-0.0444694  0.0383402  -0.198575  0.0372757  -0.00403923  -0.0335362  
0.0232181  0.0282694  0.056271  -0.00403923  0.0018363  -0.0278629  
-1.12227  -2.32824  -1.64777  -0.0335362  -0.0278629  2.30363  
1.64405  3.41296  0.704442  0.172881  -0.00454823  -3.11857  
3.41296  7.79726  1.02788  0.462794  0.00947631  -7.26202  
0.704442  1.02788  0.721863  0.0080743  -0.0178321  -0.811734  
0.172881  0.462794  0.0080743  0.0437994  0.00731332  -0.44567  
-0.00454823  0.00947631  -0.0178321  0.00731332  0.00601835  -0.0147709  
-3.11857  -7.26202  -0.811734  -0.44567  -0.0147709  6.80298  
0.953656  2.52987  -0.350126  0.0500282  -0.0125293  -2.31782  
2.52987  11.1908  -4.97558  0.708972  0.130213  -12.1178  
-0.350126  -4.97558  4.01744  -0.555846  -0.161403  6.38944  
0.0500282  0.708972  -0.555846  0.0860424  0.0233032  -0.904167  
-0.0125293  0.130213  -0.161403  0.0233032  0.0103569  -0.200567  
-2.31782  -12.1178  6.38944  -0.904167  -0.200567  13.6848  
0.878916  0.63873  -0.667158  0.0839862  0.0349654  -0.947861  
0.63873  6.54693  -5.67306  0.728592  0.239778  -8.64319  
-0.667158  -5.67306  5.13887  -0.616283  -0.22334  7.64215  
0.0839862  0.728592  -0.616283  0.0857329  0.0253063  -0.949747  
0.0349654  0.239778  -0.22334  0.0253063  0.0112067  -0.328016  
-0.947861  -8.64319  7.64215  -0.949747  -0.328016  11.5212  
