0 -0.0751573 0.142921 -0.0103401 -0.00853979 0.304249 
0.0500161 -0.0756349 0.142281 -0.0103203 -0.00871939 0.304363 
0.100032 -0.0761125 0.141641 -0.0103006 -0.00889899 0.304478 
0.150048 -0.0765901 0.141001 -0.0102808 -0.00907858 0.304593 
0.200065 -0.0770678 0.14036 -0.010261 -0.00925818 0.304708 
0.250081 -0.0775454 0.13972 -0.0102413 -0.00943778 0.304823 
0.300097 -0.078023 0.13908 -0.0102215 -0.00961738 0.304938 
0.350113 -0.0785006 0.13844 -0.0102017 -0.00979697 0.305052 
0.400129 -0.0789782 0.1378 -0.010182 -0.00997657 0.305167 
0.450145 -0.0794558 0.13716 -0.0101622 -0.0101562 0.305282 
0.500161 -0.0799334 0.136519 -0.0101425 -0.0103358 0.305397 
0.550177 -0.080411 0.135879 -0.0101227 -0.0105154 0.305512 
0.600194 -0.0808886 0.135239 -0.0101029 -0.010695 0.305627 
0.65021 -0.0813662 0.134599 -0.0100832 -0.0108746 0.305741 
0.700226 -0.0818438 0.133959 -0.0100634 -0.0110542 0.305856 
0.750242 -0.0823214 0.133318 -0.0100436 -0.0112337 0.305971 
0.800258 -0.082799 0.132678 -0.0100239 -0.0114133 0.306086 
0.850274 -0.0832766 0.132038 -0.0100041 -0.0115929 0.306201 
0.90029 -0.0837543 0.131398 -0.00998433 -0.0117725 0.306316 
0.950306 -0.0842319 0.130758 -0.00996457 -0.0119521 0.30643 
1.00032 -0.0847095 0.130117 -0.0099448 -0.0121317 0.306545 
1.05034 -0.0851871 0.129477 -0.00992504 -0.0123113 0.30666 
1.10035 -0.0856647 0.128837 -0.00990527 -0.0124909 0.306775 
1.15037 -0.0861423 0.128197 -0.00988551 -0.0126705 0.30689 
1.20039 -0.0866199 0.127557 -0.00986574 -0.0128501 0.307005 
1.2504 -0.0870975 0.126917 -0.00984597 -0.0130297 0.307119 
1.30042 -0.0875751 0.126276 -0.00982621 -0.0132093 0.307234 
1.35044 -0.0880527 0.125636 -0.00980644 -0.0133889 0.307349 
1.40045 -0.0885303 0.124996 -0.00978668 -0.0135685 0.307464 
1.45047 -0.0890079 0.124356 -0.00976691 -0.0137481 0.307579 
1.50048 -0.0894855 0.123716 -0.00974715 -0.0139277 0.307694 
1.5505 -0.089963 0.123075 -0.00972738 -0.0141073 0.307808 
1.60052 -0.0904406 0.122435 -0.00970761 -0.0142869 0.307923 
1.65053 -0.0909182 0.121795 -0.00968785 -0.0144665 0.308038 
1.70055 -0.0913958 0.121155 -0.00966808 -0.0146461 0.308153 
1.75056 -0.0918734 0.120515 -0.00964831 -0.0148257 0.308268 
1.80058 -0.0923509 0.119875 -0.00962854 -0.0150053 0.308383 
1.8506 -0.0928285 0.119234 -0.00960877 -0.0151849 0.308497 
1.90061 -0.093306 0.118594 -0.009589 -0.0153645 0.308612 
1.95063 -0.0937836 0.117954 -0.00956923 -0.0155441 0.308727 
2.00065 -0.0942611 0.117314 -0.00954946 -0.0157236 0.308842 
2.05066 -0.0947386 0.116674 -0.00952969 -0.0159032 0.308956 
2.10068 -0.0952162 0.116033 -0.00950992 -0.0160828 0.309071 
2.15069 -0.0956937 0.115393 -0.00949014 -0.0162624 0.309186 
2.20071 -0.0961711 0.114753 -0.00947037 -0.016442 0.309301 
2.25073 -0.0966486 0.114113 -0.00945058 -0.0166216 0.309415 
2.30074 -0.097126 0.113473 -0.0094308 -0.0168012 0.30953 
2.35076 -0.0976034 0.112832 -0.00941102 -0.0169808 0.309645 
2.40077 -0.0980808 0.112192 -0.00939123 -0.0171604 0.309759 
2.45079 -0.0985582 0.111552 -0.00937144 -0.0173399 0.309874 
2.50081 -0.0990355 0.110912 -0.00935165 -0.0175195 0.309988 
2.55082 -0.0995127 0.110272 -0.00933185 -0.0176991 0.310103 
2.60084 -0.0999899 0.109632 -0.00931204 -0.0178787 0.310217 
2.65085 -0.100467 0.108991 -0.00929223 -0.0180582 0.310332 
2.70087 -0.100944 0.108351 -0.00927241 -0.0182378 0.310446 
2.75089 -0.101421 0.107711 -0.00925258 -0.0184173 0.31056 
2.8009 -0.101898 0.107071 -0.00923273 -0.0185969 0.310675 
2.85092 -0.102375 0.10643 -0.00921288 -0.0187764 0.310789 
2.90094 -0.102851 0.10579 -0.00919301 -0.018956 0.310903 
2.95095 -0.103328 0.10515 -0.00917312 -0.0191355 0.311016 
3.00097 -0.103804 0.10451 -0.00915322 -0.019315 0.31113 
3.05098 -0.10428 0.10387 -0.00913329 -0.0194945 0.311244 
3.101 -0.104755 0.103229 -0.00911335 -0.019674 0.311357 
3.15102 -0.10523 0.102589 -0.00909338 -0.0198534 0.31147 
3.20103 -0.105705 0.101949 -0.00907339 -0.0200329 0.311583 
3.25105 -0.106178 0.101309 -0.00905337 -0.0202123 0.311696 
3.30106 -0.106649 0.100669 -0.00903333 -0.0203918 0.311809 
3.35108 -0.107118 0.10003 -0.00901327 -0.0205712 0.311922 
3.4011 -0.107584 0.0993908 -0.00899318 -0.0207507 0.312035 
3.45111 -0.108043 0.0987523 -0.00897307 -0.0209302 0.312149 
3.50113 -0.108494 0.0981146 -0.00895292 -0.0211099 0.312264 
3.55115 -0.108932 0.0974779 -0.00893268 -0.0212898 0.312383 
3.60116 -0.109349 0.0968423 -0.00891226 -0.0214699 0.312507 
3.65118 -0.109736 0.0962078 -0.00889148 -0.0216506 0.31264 
3.70119 -0.110078 0.0955738 -0.00886998 -0.021832 0.312789 
3.75121 -0.110351 0.0949391 -0.00884714 -0.0220146 0.312963 
3.80123 -0.110524 0.0943008 -0.00882185 -0.0221987 0.313176 
3.85124 -0.110548 0.0936534 -0.00879228 -0.0223852 0.313451 
3.90126 -0.110357 0.0929872 -0.00875543 -0.0225749 0.313823 
3.95127 -0.109854 0.0922856 -0.00870646 -0.0227691 0.314342 
4.00129 -0.108907 0.0915213 -0.00863783 -0.0229694 0.315084 
4.05131 -0.10733 0.0906502 -0.00853789 -0.0231777 0.316159 
4.10132 -0.10487 0.0896042 -0.0083891 -0.0233967 0.317723 
4.15134 -0.101183 0.088279 -0.00816541 -0.0236292 0.320001 
4.20135 -0.095811 0.0865197 -0.00782886 -0.0238789 0.323305 
4.25137 -0.0881525 0.0841001 -0.00732511 -0.0241497 0.328068 
4.30139 -0.0774282 0.0806971 -0.00657785 -0.0244455 0.334874 
4.3514 -0.0626492 0.075859 -0.00548197 -0.0247702 0.344504 
4.40142 -0.042589 0.0689696 -0.00389596 -0.0251265 0.357976 
4.45144 -0.0157664 0.0592086 -0.0016339 -0.0255154 0.376586 
4.50145 0.019545 0.0455168 0.00154141 -0.0259346 0.401937 
4.55147 0.0652722 0.0265722 0.00592249 -0.0263767 0.435942 
4.60148 0.12344 0.000791288 0.0118552 -0.0268277 0.480783 
4.6515 0.196 -0.0336259 0.0197274 -0.0272651 0.538804 
4.70152 0.284583 -0.0785974 0.0299453 -0.0276563 0.612332 
4.75153 0.390198 -0.135988 0.0428949 -0.0279585 0.703404 
4.80155 0.512913 -0.207385 0.0588926 -0.0281205 0.813448 
4.85156 0.651585 -0.293835 0.0781283 -0.0280859 0.942944 
4.90158 0.80375 -0.395606 0.100618 -0.0277988 1.09117 
4.9516 0.965712 -0.512046 0.126174 -0.0272109 1.25612 
5.00161 1.13286 -0.641561 0.154409 -0.0262871 1.43458 
5.05163 1.30019 -0.781787 0.184777 -0.0250107 1.62251 
5.10164 1.46284 -0.929852 0.216632 -0.0233846 1.81549 
5.15166 1.61664 -1.08273 0.249311 -0.0214292 2.00921 
5.20168 1.75838 -1.23757 0.282194 -0.0191789 2.19987 
5.25169 1.88602 -1.39189 0.314763 -0.0166758 2.38448 
5.30171 1.99856 -1.54379 0.346621 -0.0139652 2.56094 
5.35173 2.09595 -1.69187 0.377494 -0.0110909 2.72796 
5.40174 2.17875 -1.8353 0.407223 -0.00809219 2.885 
5.45176 2.24802 -1.97364 0.43574 -0.00500277 3.03205 
5.50177 2.30501 -2.1068 0.463046 -0.00184997 3.16945 
5.55179 2.3511 -2.2349 0.489188 0.00134484 3.29782 
5.60181 2.38761 -2.35823 0.514242 0.00456549 3.41786 
5.65182 2.41579 -2.47715 0.538301 0.0078004 3.53031 
5.70184 2.43676 -2.59204 0.561458 0.0110415 3.63588 
5.75185 2.45148 -2.70332 0.58381 0.0142837 3.73523 
5.80187 2.46077 -2.81137 0.605442 0.017524 3.82891 
5.85189 2.46528 -2.91654 0.626434 0.0207614 3.91741 
5.9019 2.46552 -3.01916 0.646851 0.0239961 4.00107 
5.95192 2.46184 -3.11948 0.666747 0.0272294 4.08017 
6.00194 2.45446 -3.21776 0.686163 0.0304638 4.15486 
6.05195 2.44341 -3.31416 0.705121 0.0337021 4.22517 
6.10197 2.42857 -3.40883 0.723627 0.0369484 4.29107 
6.15198 2.40962 -3.50185 0.741665 0.040207 4.35238 
6.202 2.38603 -3.59324 0.759194 0.043483 4.40883 
6.25202 2.35699 -3.68294 0.776143 0.0467821 4.46009 
6.30203 2.32142 -3.77085 0.7924 0.0501099 4.5057 
6.35205 2.27789 -3.85672 0.807814 0.0534725 4.54519 
6.40206 2.22462 -3.94025 0.822179 0.0568751 4.57804 
6.45208 2.15946 -4.02098 0.835234 0.0603217 4.60382 
6.5021 2.07993 -4.09834 0.846661 0.063814 4.62226 
6.55211 1.98336 -4.17165 0.856091 0.0673501 4.63338 
6.60213 1.86711 -4.24014 0.863129 0.0709229 4.63763 
6.65214 1.72889 -4.30304 0.867383 0.0745189 4.63606 
6.70216 1.56719 -4.35963 0.868525 0.0781175 4.63041 
6.75218 1.38174 -4.40942 0.866343 0.0816914 4.62313 
6.80219 1.17385 -4.4522 0.860809 0.0852086 4.61722 
6.85221 0.946542 -4.4882 0.85211 0.0886361 4.61594 
6.90223 0.704312 -4.51806 0.840652 0.0919436 4.62242 
6.95224 0.452614 -4.54277 0.827011 0.0951088 4.63922 
7.00226 0.197123 -4.56353 0.81186 0.0981193 4.66801 
7.05227 -0.057014 -4.58163 0.795869 0.100974 4.70945 
7.10229 -0.305692 -4.59821 0.779631 0.103681 4.76326 
7.15231 -0.546125 -4.61423 0.763612 0.106255 4.82841 
7.20232 -0.776824 -4.63035 0.748126 0.108717 4.90343 
7.25234 -0.997376 -4.64702 0.733355 0.111086 4.98667 
7.30235 -1.20818 -4.66444 0.719365 0.113382 5.07648 
7.35237 -1.41011 -4.68267 0.706146 0.115621 5.17137 
7.40239 -1.60434 -4.70165 0.693634 0.117819 5.27009 
7.4524 -1.79208 -4.72127 0.681739 0.119986 5.37159 
7.50242 -1.9745 -4.74138 0.670362 0.122131 5.47508 
7.55244 -2.15268 -4.76183 0.659406 0.124263 5.57994 
7.60245 -2.32755 -4.78245 0.648781 0.126385 5.68572 
7.65247 -2.49989 -4.80313 0.638408 0.128502 5.79209 
7.70248 -2.67034 -4.82374 0.628222 0.130617 5.89883 
7.7525 -2.83942 -4.84418 0.61817 0.132731 6.00577 
7.80252 -3.00755 -4.86437 0.608207 0.134848 6.11282 
7.85253 -3.17506 -4.88421 0.598299 0.136967 6.21991 
7.90255 -3.34221 -4.90366 0.58842 0.139089 6.32701 
7.95256 -3.5092 -4.92263 0.578549 0.141215 6.4341 
8.00258 -3.67619 -4.94108 0.568671 0.143346 6.54119 
8.0526 -3.84331 -4.95895 0.558775 0.14548 6.64827 
8.10261 -4.01067 -4.97617 0.548851 0.147617 6.75536 
8.15263 -4.17835 -4.99269 0.538894 0.149757 6.86248 
8.20265 -4.34642 -5.00843 0.528898 0.151899 6.96966 
8.25266 -4.51494 -5.02332 0.518863 0.154042 7.07692 
8.30268 -4.68396 -5.03728 0.508784 0.156182 7.1843 
8.35269 -4.85354 -5.05022 0.498663 0.158318 7.29182 
8.40271 -5.0237 -5.06203 0.488499 0.160447 7.39953 
8.45273 -5.19448 -5.07263 0.478295 0.162565 7.50747 
8.50274 -5.36591 -5.08188 0.468054 0.164666 7.61568 
8.55276 -5.53801 -5.08966 0.45778 0.166744 7.72422 
8.60277 -5.71078 -5.09584 0.447479 0.168794 7.83314 
8.65279 -5.88421 -5.1003 0.437161 0.170805 7.94251 
8.70281 -6.05829 -5.10288 0.426836 0.172767 8.0524 
8.75282 -6.23296 -5.10345 0.416518 0.174669 8.16287 
8.80284 -6.40816 -5.10188 0.406225 0.176497 8.27401 
8.85285 -6.58379 -5.09805 0.395979 0.178236 8.3859 
8.90287 -6.7597 -5.09186 0.385804 0.179867 8.49862 
8.95289 -6.93572 -5.08326 0.37573 0.181372 8.61226 
9.0029 -7.11164 -5.07221 0.365791 0.18273 8.72691 
9.05292 -7.28719 -5.05874 0.356026 0.18392 8.84264 
9.10293 -7.46204 -5.04294 0.346474 0.184919 8.9595 
9.15295 -7.63587 -5.02498 0.337181 0.185706 9.07755 
9.20297 -7.80827 -5.0051 0.32819 0.186261 9.19681 
9.25298 -7.97885 -4.98363 0.319546 0.186568 9.31728 
9.303 -8.14717 -4.96096 0.311289 0.186614 9.43892 
9.35302 -8.31284 -4.93757 0.303455 0.18639 9.56168 
9.40303 -8.47549 -4.914 0.296072 0.185894 9.68545 
9.45305 -8.63479 -4.89081 0.289157 0.185132 9.81011 
9.50306 -8.79051 -4.86856 0.282718 0.184114 9.93549 
9.55308 -8.94247 -4.84781 0.276751 0.182858 10.0614 
9.6031 -9.09062 -4.82906 0.271239 0.181387 10.1877 
9.65311 -9.23498 -4.81272 0.266156 0.17973 10.3142 
9.70313 -9.37568 -4.79914 0.261466 0.177915 10.4407 
9.75315 -9.51291 -4.78854 0.257126 0.175975 10.567 
9.80316 -9.64695 -4.78106 0.253093 0.173939 10.6931 
9.85318 -9.7781 -4.77672 0.249317 0.171838 10.8187 
9.90319 -9.90669 -4.77546 0.245752 0.169697 10.9438 
9.95321 -10.0331 -4.77717 0.242354 0.167539 11.0684 
10.0032 -10.1575 -4.78165 0.239084 0.165382 11.1923 
10.0532 -10.2805 -4.78867 0.235905 0.163243 11.3157 
10.1033 -10.4021 -4.798 0.232787 0.161132 11.4385 
10.1533 -10.5227 -4.80938 0.229706 0.159056 11.5606 
10.2033 -10.6425 -4.82254 0.226642 0.157022 11.6823 
10.2533 -10.7616 -4.83725 0.223579 0.155032 11.8034 
10.3033 -10.8803 -4.85328 0.220506 0.153086 11.9241 
10.3533 -10.9987 -4.87042 0.217415 0.151184 12.0443 
10.4034 -11.1168 -4.88847 0.2143 0.149324 12.1642 
10.4534 -11.2347 -4.90728 0.211158 0.147503 12.2837 
10.5034 -11.3525 -4.92669 0.207987 0.14572 12.4029 
10.5534 -11.4703 -4.94658 0.204788 0.14397 12.5218 
10.6034 -11.5881 -4.96684 0.201562 0.142251 12.6405 
10.6534 -11.7058 -4.98739 0.198308 0.140559 12.759 
10.7035 -11.8235 -5.00814 0.19503 0.138892 12.8773 
10.7535 -11.9413 -5.02904 0.19173 0.137246 12.9955 
10.8035 -12.059 -5.05003 0.188409 0.13562 13.1135 
10.8535 -12.1768 -5.07107 0.185069 0.134012 13.2313 
10.9035 -12.2946 -5.09214 0.181714 0.132418 13.3491 
10.9535 -12.4124 -5.11319 0.178344 0.130839 13.4668 
11.0035 -12.5302 -5.13422 0.174961 0.129271 13.5843 
11.0536 -12.648 -5.15521 0.171568 0.127714 13.7018 
11.1036 -12.7658 -5.17615 0.168166 0.126168 13.8192 
11.1536 -12.8836 -5.19702 0.164756 0.12463 13.9366 
11.2036 -13.0014 -5.21783 0.16134 0.1231 14.0538 
11.2536 -13.1191 -5.23857 0.157919 0.121578 14.171 
11.3036 -13.2369 -5.25924 0.154493 0.120063 14.2881 
11.3537 -13.3545 -5.27984 0.151065 0.118555 14.4052 
11.4037 -13.4722 -5.30037 0.147633 0.117053 14.5222 
11.4537 -13.5898 -5.32084 0.144201 0.115557 14.6392 
11.5037 -13.7073 -5.34124 0.140767 0.114067 14.756 
11.5537 -13.8248 -5.36159 0.137334 0.112583 14.8729 
11.6037 -13.9423 -5.38188 0.1339 0.111104 14.9896 
11.6538 -14.0597 -5.40213 0.130468 0.109631 15.1063 
11.7038 -14.177 -5.42232 0.127037 0.108162 15.223 
11.7538 -14.2943 -5.44248 0.123609 0.106699 15.3395 
11.8038 -14.4115 -5.4626 0.120182 0.105242 15.4561 
11.8538 -14.5286 -5.48269 0.116758 0.103789 15.5725 
11.9038 -14.6457 -5.50276 0.113338 0.102341 15.6889 
11.9539 -14.7627 -5.5228 0.109921 0.100898 15.8053 
12.0039 -14.8796 -5.54284 0.106509 0.0994598 15.9216 
12.0539 -14.9964 -5.56286 0.1031 0.0980266 16.0378 
12.1039 -15.1132 -5.58287 0.0996962 0.0965982 16.154 
12.1539 -15.2299 -5.60289 0.0962972 0.0951745 16.2701 
12.2039 -15.3465 -5.62291 0.0929034 0.0937554 16.3862 
12.254 -15.4631 -5.64294 0.0895151 0.0923409 16.5022 
12.304 -15.5795 -5.66298 0.0861325 0.090931 16.6182 
12.354 -15.6959 -5.68304 0.0827558 0.0895255 16.7341 
12.404 -15.8122 -5.70313 0.0793855 0.0881245 16.8499 
12.454 -15.9284 -5.72324 0.0760214 0.0867277 16.9657 
12.504 -16.0446 -5.74338 0.0726639 0.0853352 17.0815 
12.554 -16.1607 -5.76356 0.0693133 0.0839468 17.1973 
12.6041 -16.2767 -5.78378 0.0659696 0.0825624 17.313 
12.6541 -16.3926 -5.80404 0.0626331 0.081182 17.4286 
12.7041 -16.5085 -5.82436 0.0593037 0.0798053 17.5443 
12.7541 -16.6244 -5.84472 0.0559819 0.0784324 17.6599 
12.8041 -16.7402 -5.86515 0.0526675 0.077063 17.7755 
12.8541 -16.8559 -5.88563 0.0493607 0.075697 17.8911 
12.9042 -16.9716 -5.90618 0.0460617 0.0743343 18.0067 
12.9542 -17.0873 -5.9268 0.0427705 0.0729747 18.1223 
13.0042 -17.203 -5.9475 0.0394872 0.0716179 18.238 
13.0542 -17.3187 -5.96828 0.0362119 0.0702638 18.3537 
13.1042 -17.4344 -5.98914 0.0329448 0.0689121 18.4694 
13.1542 -17.5501 -6.01009 0.0296858 0.0675627 18.5853 
13.2043 -17.6659 -6.03114 0.026435 0.0662152 18.7012 
13.2543 -17.7818 -6.05229 0.0231927 0.0648694 18.8173 
13.3043 -17.8978 -6.07355 0.0199589 0.0635249 18.9335 
13.3543 -18.0139 -6.09492 0.0167338 0.0621815 19.0499 
13.4043 -18.1302 -6.11641 0.0135175 0.0608387 19.1665 
13.4543 -18.2467 -6.13803 0.0103105 0.0594963 19.2833 
13.5044 -18.3635 -6.15977 0.00711279 0.0581537 19.4005 
13.5544 -18.4806 -6.18166 0.00392496 0.0568108 19.518 
13.6044 -18.598 -6.20369 0.000747555 0.055467 19.6358 
13.6544 -18.7158 -6.22587 -0.00241892 0.054122 19.7541 
13.7044 -18.8341 -6.24819 -0.00557361 0.0527754 19.8729 
13.7544 -18.9528 -6.27067 -0.00871552 0.0514269 19.9922 
13.8045 -19.0722 -6.2933 -0.0118434 0.0500763 20.1121 
13.8545 -19.1921 -6.31607 -0.0149559 0.0487234 20.2327 
13.9045 -19.3126 -6.33899 -0.0180511 0.0473683 20.3538 
13.9545 -19.4339 -6.36202 -0.0211268 0.046011 20.4757 
14.0045 -19.5558 -6.38516 -0.0241807 0.044652 20.5983 
14.0545 -19.6785 -6.40838 -0.0272096 0.043292 20.7216 
14.1045 -19.8019 -6.43163 -0.0302099 0.0419319 20.8456 
14.1546 -19.9259 -6.45487 -0.0331776 0.0405732 20.9703 
14.2046 -20.0506 -6.47804 -0.0361082 0.0392179 21.0955 
14.2546 -20.1757 -6.50105 -0.0389962 0.0378685 21.2211 
14.3046 -20.3011 -6.52381 -0.041836 0.0365283 21.3468 
14.3546 -20.4265 -6.5462 -0.0446213 0.035201 21.4726 
14.4046 -20.5518 -6.56811 -0.0473453 0.0338914 21.598 
14.4547 -20.6764 -6.58938 -0.050001 0.032605 21.7226 
14.5047 -20.7999 -6.60983 -0.0525813 0.0313479 21.846 
14.5547 -20.9219 -6.62929 -0.0550792 0.0301271 21.9677 
14.6047 -21.0418 -6.64757 -0.0574884 0.0289499 22.0869 
14.6547 -21.1589 -6.66447 -0.059803 0.0278242 22.2031 
14.7047 -21.2725 -6.67979 -0.0620186 0.0267579 22.3156 
14.7548 -21.3819 -6.69335 -0.0641322 0.0257587 22.4236 
14.8048 -21.4864 -6.70497 -0.0661424 0.0248338 22.5264 
14.8548 -21.5854 -6.71453 -0.0680502 0.0239894 22.6233 
14.9048 -21.6783 -6.7219 -0.0698587 0.0232306 22.7138 
14.9548 -21.7646 -6.72703 -0.0715729 0.0225608 22.7973 
15.0048 -21.8439 -6.72989 -0.0732003 0.0219821 22.8736 
15.0549 -21.916 -6.73052 -0.0747501 0.0214941 22.9424 
15.1049 -21.9808 -6.72899 -0.0762328 0.0210952 23.0036 
15.1549 -22.0383 -6.72542 -0.0776599 0.0207817 23.0573 
15.2049 -22.0888 -6.71995 -0.0790435 0.0205486 23.1038 
15.2549 -22.1325 -6.71278 -0.0803958 0.0203895 23.1434 
15.3049 -22.1699 -6.70408 -0.0817283 0.0202974 23.1765 
15.355 -22.2016 -6.69408 -0.0830519 0.0202643 23.2038 
15.405 -22.2279 -6.68298 -0.0843764 0.0202825 23.2258 
15.455 -22.2496 -6.67098 -0.0857101 0.020344 23.2431 
15.505 -22.2673 -6.65827 -0.0870603 0.0204412 23.2563 
15.555 -22.2814 -6.64503 -0.0884327 0.0205672 23.266 
15.605 -22.2925 -6.63142 -0.0898317 0.0207155 23.2728 
15.655 -22.3011 -6.61756 -0.0912606 0.0208803 23.2771 
15.7051 -22.3077 -6.60359 -0.0927215 0.0210567 23.2795 
15.7551 -22.3126 -6.58959 -0.0942157 0.0212404 23.2803 
15.8051 -22.3163 -6.57565 -0.0957438 0.0214277 23.28 
15.8551 -22.319 -6.56182 -0.0973054 0.0216157 23.2787 
15.9051 -22.321 -6.54816 -0.0989003 0.0218021 23.2769 
15.9551 -22.3226 -6.53471 -0.100527 0.0219848 23.2746 
16.0052 -22.3238 -6.52149 -0.102186 0.0221626 23.2722 
16.0552 -22.3249 -6.50851 -0.103874 0.0223342 23.2697 
16.1052 -22.326 -6.49579 -0.105591 0.0224989 23.2672 
16.1552 -22.3272 -6.48333 -0.107336 0.0226562 23.265 
16.2052 -22.3285 -6.47112 -0.109107 0.0228058 23.2629 
16.2552 -22.3301 -6.45916 -0.110904 0.0229474 23.2611 
16.3053 -22.3319 -6.44745 -0.112725 0.023081 23.2597 
16.3553 -22.3341 -6.43595 -0.114572 0.0232068 23.2586 
16.4053 -22.3365 -6.42467 -0.116443 0.0233247 23.2579 
16.4553 -22.3394 -6.41359 -0.118339 0.0234349 23.2576 
16.5053 -22.3426 -6.40268 -0.120261 0.0235377 23.2577 
16.5553 -22.3462 -6.39192 -0.122211 0.0236332 23.2582 
16.6054 -22.3503 -6.38129 -0.124191 0.0237215 23.2592 
16.6554 -22.3547 -6.37077 -0.126205 0.0238029 23.2606 
16.7054 -22.3597 -6.3603 -0.128256 0.0238774 23.2625 
16.7554 -22.3651 -6.34987 -0.130351 0.0239452 23.2648 
16.8054 -22.3711 -6.33943 -0.132495 0.0240064 23.2677 
16.8554 -22.3775 -6.32892 -0.134699 0.0240609 23.271 
16.9055 -22.3846 -6.31828 -0.136974 0.0241087 23.2749 
16.9555 -22.3924 -6.30744 -0.139332 0.0241499 23.2794 
17.0055 -22.4009 -6.2963 -0.141792 0.0241842 23.2844 
17.0555 -22.4102 -6.28475 -0.144374 0.0242116 23.2902 
17.1055 -22.4204 -6.27265 -0.147102 0.024232 23.2967 
17.1555 -22.4316 -6.25984 -0.150008 0.0242452 23.3041 
17.2055 -22.444 -6.24611 -0.153129 0.024251 23.3123 
17.2556 -22.4577 -6.2312 -0.156508 0.0242495 23.3216 
17.3056 -22.4729 -6.21481 -0.1602 0.0242406 23.332 
17.3556 -22.4898 -6.19657 -0.164268 0.0242247 23.3437 
17.4056 -22.5087 -6.17603 -0.168786 0.0242022 23.3569 
17.4556 -22.5299 -6.15264 -0.173843 0.0241739 23.3716 
17.5056 -22.5535 -6.12575 -0.179541 0.0241412 23.388 
17.5557 -22.5799 -6.0946 -0.185998 0.0241059 23.4064 
17.6057 -22.6095 -6.0583 -0.19335 0.0240709 23.4268 
17.6557 -22.6425 -6.0158 -0.201746 0.02404 23.4495 
17.7057 -22.6793 -5.96592 -0.211353 0.0240183 23.4745 
17.7557 -22.7201 -5.90734 -0.222349 0.0240122 23.5019 
17.8057 -22.765 -5.83862 -0.234919 0.0240302 23.5317 
17.8558 -22.8142 -5.75825 -0.249247 0.0240822 23.5638 
17.9058 -22.8676 -5.66467 -0.26551 0.0241806 23.5979 
17.9558 -22.925 -5.55638 -0.283856 0.0243392 23.6336 
18.0058 -22.9858 -5.43207 -0.304393 0.0245737 23.6704 
18.0558 -23.0493 -5.29068 -0.327173 0.0249008 23.7074 
18.1058 -23.1144 -5.1316 -0.35217 0.0253375 23.7438 
18.1559 -23.1799 -4.95477 -0.379266 0.0259002 23.7784 
18.2059 -23.2442 -4.76079 -0.408243 0.026603 23.8099 
18.2559 -23.3055 -4.55097 -0.438789 0.0274572 23.837 
18.3059 -23.3621 -4.32736 -0.470497 0.0284694 23.8585 
18.3559 -23.4123 -4.09261 -0.502894 0.0296411 23.8732 
18.4059 -23.4545 -3.84984 -0.535468 0.0309684 23.88 
18.456 -23.4874 -3.60244 -0.567705 0.0324422 23.8784 
18.506 -23.5101 -3.35382 -0.599122 0.0340487 23.868 
18.556 -23.5222 -3.10719 -0.629295 0.0357708 23.8487 
18.606 -23.5234 -2.86537 -0.657888 0.0375896 23.8207 
18.656 -23.5141 -2.63066 -0.684654 0.0394857 23.7845 
18.706 -23.4948 -2.4048 -0.709441 0.04144 23.7409 
18.756 -23.4663 -2.18896 -0.732188 0.0434355 23.6906 
18.8061 -23.4294 -1.98374 -0.752904 0.045457 23.6344 
18.8561 -23.3851 -1.78934 -0.771661 0.0474922 23.5733 
18.9061 -23.3345 -1.60556 -0.78857 0.0495312 23.5079 
18.9561 -23.2784 -1.43194 -0.803776 0.0515667 23.4391 
19.0061 -23.2176 -1.26782 -0.817432 0.0535937 23.3675 
19.0561 -23.1531 -1.11245 -0.829702 0.0556088 23.2937 
19.1062 -23.0854 -0.965021 -0.840744 0.0576104 23.2182 
19.1562 -23.0151 -0.8247 -0.850709 0.0595982 23.1414 
19.2062 -22.9428 -0.690684 -0.859739 0.0615726 23.0636 
19.2562 -22.869 -0.562215 -0.867962 0.0635349 22.9851 
19.3062 -22.7938 -0.438574 -0.875493 0.0654872 22.9062 
19.3562 -22.7177 -0.319118 -0.882435 0.0674317 22.827 
19.4063 -22.6409 -0.203262 -0.888877 0.0693708 22.7476 
19.4563 -22.5635 -0.09048 -0.894899 0.0713074 22.6682 
19.5063 -22.4859 0.019694 -0.900569 0.0732445 22.5889 
19.5563 -22.4079 0.127674 -0.905945 0.0751851 22.5097 
19.6063 -22.3299 0.23382 -0.91108 0.0771324 22.4308 
19.6563 -22.2519 0.338464 -0.916018 0.0790898 22.352 
19.7064 -22.1739 0.441883 -0.920796 0.0810607 22.2736 
19.7564 -22.0961 0.544326 -0.925448 0.0830488 22.1955 
19.8064 -22.0185 0.646015 -0.930001 0.0850577 22.1178 
19.8564 -21.9411 0.74714 -0.934481 0.0870916 22.0404 
19.9064 -21.8639 0.847874 -0.938908 0.0891544 21.9635 
19.9564 -21.7872 0.948359 -0.943301 0.0912505 21.8871 
20.0065 -21.7107 1.04874 -0.947673 0.0933848 21.8112 
20.0565 -21.6347 1.14911 -0.952038 0.0955619 21.7358 
20.1065 -21.5592 1.24958 -0.956407 0.097787 21.661 
20.1565 -21.4841 1.35021 -0.960786 0.100065 21.5869 
20.2065 -21.4096 1.45108 -0.965181 0.102402 21.5134 
20.2565 -21.3356 1.55221 -0.969595 0.104804 21.4407 
20.3065 -21.2622 1.65362 -0.974026 0.107275 21.3688 
20.3566 -21.1895 1.7553 -0.978471 0.109822 21.2977 
20.4066 -21.1173 1.85721 -0.982923 0.112448 21.2276 
20.4566 -21.0458 1.95927 -0.987367 0.11516 21.1584 
20.5066 -20.975 2.06136 -0.991788 0.117959 21.0902 
20.5566 -20.9047 2.16332 -0.996162 0.120848 21.023 
20.6066 -20.8351 2.26493 -1.00046 0.123828 20.9569 
20.6567 -20.7659 2.36592 -1.00465 0.126895 20.8918 
20.7067 -20.6972 2.46597 -1.00868 0.130046 20.8277 
20.7567 -20.6287 2.56468 -1.01251 0.133271 20.7645 
20.8067 -20.5604 2.66161 -1.01608 0.13656 20.7021 
20.8567 -20.492 2.75627 -1.01933 0.139895 20.6403 
20.9067 -20.4234 2.84813 -1.0222 0.143256 20.5791 
20.9568 -20.3541 2.93666 -1.02463 0.14662 20.5181 
21.0068 -20.2841 3.02131 -1.02655 0.149958 20.4571 
21.0568 -20.213 3.1016 -1.02791 0.153239 20.3957 
21.1068 -20.1404 3.1771 -1.02866 0.156433 20.3337 
21.1568 -20.0662 3.24745 -1.02876 0.159507 20.2708 
21.2068 -19.9901 3.31245 -1.02821 0.162432 20.2065 
21.2569 -19.9119 3.37198 -1.02699 0.16518 20.1407 
21.3069 -19.8314 3.4261 -1.02512 0.16773 20.073 
21.3569 -19.7487 3.47496 -1.02263 0.170066 20.0034 
21.4069 -19.6636 3.51888 -1.01956 0.172177 19.9316 
21.4569 -19.5762 3.55824 -1.01596 0.174059 19.8576 
21.5069 -19.4866 3.59349 -1.0119 0.175715 19.7814 
21.557 -19.3949 3.62514 -1.00743 0.177153 19.7031 
21.607 -19.3013 3.65371 -1.00263 0.178384 19.6227 
21.657 -19.2061 3.67972 -0.997556 0.179423 19.5404 
21.707 -19.1093 3.70363 -0.992264 0.180287 19.4563 
21.757 -19.0112 3.72589 -0.986808 0.180995 19.3706 
21.807 -18.912 3.7469 -0.981234 0.181564 19.2835 
21.857 -18.8118 3.76698 -0.975579 0.182013 19.1951 
21.9071 -18.7109 3.78642 -0.969876 0.182358 19.1057 
21.9571 -18.6093 3.80546 -0.96415 0.182614 19.0153 
22.0071 -18.5071 3.82427 -0.958421 0.182795 18.9241 
22.0571 -18.4046 3.843 -0.952702 0.182913 18.8323 
22.1071 -18.3017 3.86175 -0.947004 0.18298 18.7399 
22.1571 -18.1985 3.88061 -0.941334 0.183004 18.647 
22.2072 -18.0952 3.89963 -0.935697 0.182993 18.5538 
22.2572 -17.9917 3.91885 -0.930095 0.182954 18.4603 
22.3072 -17.8881 3.93828 -0.924528 0.182891 18.3665 
22.3572 -17.7845 3.95795 -0.918996 0.182809 18.2726 
22.4072 -17.6808 3.97784 -0.913498 0.182713 18.1785 
22.4572 -17.5771 3.99797 -0.908031 0.182604 18.0843 
22.5073 -17.4734 4.01832 -0.902594 0.182484 17.9901 
22.5573 -17.3698 4.03889 -0.897186 0.182357 17.8958 
22.6073 -17.2661 4.05967 -0.891802 0.182222 17.8015 
22.6573 -17.1626 4.08065 -0.886443 0.18208 17.7072 
22.7073 -17.0591 4.10184 -0.881106 0.181933 17.613 
22.7573 -16.9556 4.12323 -0.87579 0.181781 17.5188 
22.8074 -16.8522 4.14482 -0.870493 0.181622 17.4246 
22.8574 -16.749 4.16662 -0.865216 0.181458 17.3306 
22.9074 -16.6458 4.18864 -0.859958 0.181288 17.2367 
22.9574 -16.5428 4.21088 -0.85472 0.181111 17.143 
23.0074 -16.44 4.23337 -0.849502 0.180925 17.0494 
23.0574 -16.3373 4.25613 -0.844305 0.180731 16.9561 
23.1075 -16.2348 4.27919 -0.839132 0.180526 16.863 
23.1575 -16.1326 4.30257 -0.833985 0.180308 16.7702 
23.2075 -16.0306 4.32633 -0.828867 0.180076 16.6778 
23.2575 -15.929 4.35051 -0.823782 0.179827 16.5857 
23.3075 -15.8277 4.37515 -0.818735 0.179559 16.4942 
23.3575 -15.7268 4.40033 -0.813733 0.179267 16.4031 
23.4075 -15.6263 4.42612 -0.808781 0.178949 16.3127 
23.4576 -15.5264 4.45259 -0.803888 0.178599 16.223 
23.5076 -15.4271 4.47984 -0.799063 0.178213 16.1341 
23.5576 -15.3285 4.50796 -0.794318 0.177786 16.046 
23.6076 -15.2306 4.53708 -0.789665 0.17731 15.9591 
23.6576 -15.1336 4.5673 -0.785119 0.176779 15.8733 
23.7076 -15.0376 4.59878 -0.780695 0.176183 15.7889 
23.7577 -14.9427 4.63164 -0.776414 0.175515 15.7059 
23.8077 -14.8489 4.66606 -0.772295 0.174763 15.6247 
23.8577 -14.7566 4.7022 -0.768362 0.173917 15.5453 
23.9077 -14.6657 4.74023 -0.764641 0.172964 15.468 
23.9577 -14.5764 4.78034 -0.76116 0.17189 15.3931 
24.0077 -14.4889 4.8227 -0.75795 0.170681 15.3207 
24.0578 -14.4034 4.86751 -0.755045 0.169322 15.251 
24.1078 -14.3199 4.91493 -0.752479 0.167797 15.1844 
24.1578 -14.2387 4.96512 -0.750288 0.16609 15.121 
24.2078 -14.1597 5.01823 -0.748509 0.164183 15.0611 
24.2578 -14.0832 5.07437 -0.747181 0.162063 15.0047 
24.3078 -14.0091 5.13359 -0.746337 0.159713 14.9521 
24.3579 -13.9376 5.19591 -0.746011 0.157121 14.9034 
24.4079 -13.8685 5.2613 -0.746231 0.154276 14.8586 
24.4579 -13.8018 5.32962 -0.747021 0.151171 14.8176 
24.5079 -13.7374 5.4007 -0.748395 0.147802 14.7803 
24.5579 -13.675 5.47423 -0.75036 0.14417 14.7465 
24.6079 -13.6143 5.54986 -0.75291 0.140283 14.7159 
24.658 -13.5551 5.62712 -0.75603 0.136152 14.6881 
24.708 -13.4969 5.70548 -0.75969 0.131796 14.6625 
24.758 -13.4392 5.78435 -0.763848 0.127239 14.6385 
24.808 -13.3816 5.86306 -0.76845 0.12251 14.6155 
24.858 -13.3235 5.94094 -0.773432 0.117644 14.5927 
24.908 -13.2643 6.0173 -0.778721 0.112676 14.5694 
24.958 -13.2036 6.09147 -0.784236 0.107649 14.5449 
25.0081 -13.1408 6.16283 -0.789895 0.102601 14.5183 
25.0581 -13.0755 6.2308 -0.795614 0.0975729 14.4891 
25.1081 -13.0073 6.29491 -0.801311 0.0926031 14.4565 
25.1581 -12.9358 6.35474 -0.806909 0.0877267 14.4202 
25.2081 -12.8609 6.41002 -0.812339 0.0829742 14.3797 
25.2581 -12.7823 6.46054 -0.81754 0.0783722 14.3346 
25.3082 -12.7 6.50621 -0.82246 0.073942 14.2847 
25.3582 -12.6139 6.54701 -0.827058 0.0696997 14.23 
25.4082 -12.524 6.58301 -0.831303 0.0656565 14.1705 
25.4582 -12.4305 6.61435 -0.835174 0.0618188 14.1061 
25.5082 -12.3335 6.64121 -0.838659 0.0581892 14.037 
25.5582 -12.2332 6.66382 -0.841752 0.054766 13.9633 
25.6083 -12.1297 6.68244 -0.844458 0.0515451 13.8854 
25.6583 -12.0232 6.69735 -0.846782 0.0485198 13.8034 
25.7083 -11.914 6.70883 -0.848737 0.0456814 13.7175 
25.7583 -11.8022 6.71716 -0.85034 0.0430199 13.6282 
25.8083 -11.6881 6.72263 -0.851608 0.0405243 13.5355 
25.8583 -11.5718 6.7255 -0.852561 0.0381831 13.4399 
25.9084 -11.4536 6.72603 -0.85322 0.0359845 13.3415 
25.9584 -11.3335 6.72447 -0.853607 0.0339166 13.2406 
26.0084 -11.2119 6.72105 -0.853743 0.0319677 13.1374 
26.0584 -11.0887 6.71596 -0.853649 0.0301264 13.0321 
26.1084 -10.9642 6.70941 -0.853347 0.0283813 12.9249 
26.1584 -10.8384 6.70157 -0.852855 0.0267219 12.8161 
26.2085 -10.7115 6.69261 -0.852194 0.0251376 12.7056 
26.2585 -10.5835 6.68267 -0.851382 0.0236182 12.5938 
26.3085 -10.4545 6.67188 -0.850438 0.0221541 12.4807 
26.3585 -10.3245 6.66038 -0.849378 0.0207357 12.3664 
26.4085 -10.1936 6.64828 -0.84822 0.0193536 12.251 
26.4585 -10.0618 6.63568 -0.846981 0.0179986 12.1347 
26.5085 -9.92919 6.62269 -0.845675 0.0166612 12.0174 
26.5586 -9.79568 6.60939 -0.84432 0.0153324 11.8993 
26.6086 -9.66132 6.59587 -0.842932 0.0140022 11.7805 
26.6586 -9.52609 6.58222 -0.841527 0.0126611 11.6609 
26.7086 -9.38998 6.56852 -0.840123 0.0112987 11.5406 
26.7586 -9.25298 6.55484 -0.838736 0.00990442 11.4198 
26.8086 -9.11508 6.54127 -0.837384 0.00846702 11.2984 
26.8587 -8.97627 6.52787 -0.836088 0.00697482 11.1764 
26.9087 -8.83654 6.51473 -0.834866 0.0054154 11.0541 
26.9587 -8.6959 6.50192 -0.83374 0.00377595 10.9314 
27.0087 -8.55437 6.48951 -0.832732 0.00204322 10.8084 
27.0587 -8.41202 6.47757 -0.831864 0.000203724 10.6854 
27.1087 -8.26894 6.46617 -0.831161 -0.001756 10.5624 
27.1588 -8.12526 6.45536 -0.830645 -0.0038489 10.4396 
27.2088 -7.98118 6.44518 -0.830339 -0.00608684 10.3173 
27.2588 -7.83694 6.43568 -0.830266 -0.00848017 10.1957 
27.3088 -7.6929 6.42687 -0.830443 -0.0110364 10.0752 
27.3588 -7.54947 6.41873 -0.830887 -0.0137594 9.95616 
27.4088 -7.40719 6.41123 -0.831607 -0.0166483 9.83904 
27.4589 -7.26665 6.40428 -0.832605 -0.0196965 9.72433 
27.5089 -7.12857 6.39779 -0.833873 -0.02289 9.61254 
27.5589 -6.99374 6.39158 -0.835396 -0.0262072 9.50423 
27.6089 -6.86298 6.38546 -0.837142 -0.0296184 9.39994 
27.6589 -6.73715 6.3792 -0.839071 -0.0330853 9.30019 
27.7089 -6.61708 6.37253 -0.841128 -0.0365623 9.20543 
27.759 -6.50353 6.36514 -0.84325 -0.039998 9.11604 
27.809 -6.39715 6.35676 -0.845362 -0.043337 9.03224 
27.859 -6.29841 6.34708 -0.847389 -0.0465234 8.95413 
27.909 -6.20761 6.33584 -0.849252 -0.0495032 8.88165 
27.959 -6.1248 6.32282 -0.850878 -0.0522278 8.81459 
28.009 -6.04984 6.30784 -0.8522 -0.0546564 8.75257 
28.059 -5.98236 6.2908 -0.853162 -0.0567577 8.69512 
28.1091 -5.92185 6.27164 -0.853723 -0.0585115 8.64168 
28.1591 -5.86766 6.25036 -0.853855 -0.0599082 8.59162 
28.2091 -5.81902 6.22705 -0.853544 -0.0609487 8.54432 
28.2591 -5.77517 6.20179 -0.85279 -0.0616426 8.49916 
28.3091 -5.73532 6.17473 -0.851603 -0.0620067 8.45555 
28.3591 -5.69873 6.14602 -0.850003 -0.0620632 8.413 
28.4092 -5.66469 6.11584 -0.848016 -0.0618378 8.37104 
28.4592 -5.63261 6.08435 -0.845671 -0.0613577 8.32931 
28.5092 -5.60193 6.05173 -0.843003 -0.0606509 8.28751 
28.5592 -5.57221 6.01814 -0.840043 -0.0597444 8.24539 
28.6092 -5.54309 5.98371 -0.836825 -0.0586642 8.2028 
28.6592 -5.51425 5.94858 -0.833379 -0.0574339 8.15961 
28.7093 -5.48547 5.91287 -0.829734 -0.0560752 8.11573 
28.7593 -5.45657 5.87668 -0.825917 -0.0546074 8.07114 
28.8093 -5.42741 5.84008 -0.821952 -0.0530473 8.02581 
28.8593 -5.39792 5.80317 -0.81786 -0.05141 7.97974 
28.9093 -5.36803 5.76599 -0.813658 -0.0497079 7.93297 
28.9593 -5.3377 5.72861 -0.809365 -0.0479522 7.88552 
29.0094 -5.30693 5.69106 -0.804993 -0.0461518 7.83744 
29.0594 -5.2757 5.65338 -0.800555 -0.0443148 7.78875 
29.1094 -5.24403 5.6156 -0.796061 -0.0424476 7.73952 
29.1594 -5.21194 5.57774 -0.79152 -0.0405557 7.68978 
29.2094 -5.17944 5.53982 -0.786939 -0.0386437 7.63959 
29.2594 -5.14656 5.50186 -0.782325 -0.0367153 7.58897 
29.3095 -5.11334 5.46387 -0.777684 -0.0347737 7.53799 
29.3595 -5.07979 5.42585 -0.77302 -0.0328213 7.48666 
29.4095 -5.04594 5.38781 -0.768336 -0.0308603 7.43503 
29.4595 -5.01183 5.34977 -0.763636 -0.0288924 7.38313 
29.5095 -4.97747 5.31172 -0.758922 -0.0269191 7.33099 
29.5595 -4.94289 5.27367 -0.754197 -0.0249414 7.27863 
29.6095 -4.90811 5.23562 -0.749463 -0.0229603 7.22609 
29.6596 -4.87315 5.19758 -0.744721 -0.0209766 7.17337 
29.7096 -4.83803 5.15953 -0.739973 -0.0189907 7.12051 
29.7596 -4.80277 5.12149 -0.735219 -0.0170032 7.06751 
29.8096 -4.76738 5.08345 -0.730461 -0.0150145 7.0144 
29.8596 -4.73187 5.04542 -0.725699 -0.013025 6.96119 
29.9096 -4.69627 5.00739 -0.720934 -0.0110347 6.90788 
29.9597 -4.66058 4.96937 -0.716166 -0.00904399 6.8545 
30.0097 -4.62481 4.93136 -0.711397 -0.00705302 6.80105 
30.0597 -4.58896 4.89334 -0.706625 -0.00506177 6.74753 
30.1097 -4.55306 4.85533 -0.701853 -0.00307039 6.69397 
30.1597 -4.5171 4.81733 -0.697078 -0.00107896 6.64035 
30.2097 -4.4811 4.77933 -0.692303 0.000912479 6.5867 
30.2598 -4.44505 4.74133 -0.687528 0.00290388 6.53301 
30.3098 -4.40897 4.70334 -0.682751 0.00489523 6.47929 
30.3598 -4.37285 4.66535 -0.677974 0.00688643 6.42554 
30.4098 -4.33671 4.62736 -0.673197 0.00887762 6.37176 
30.4598 -4.30054 4.58938 -0.668419 0.0108687 6.31797 
30.5098 -4.26434 4.55139 -0.663641 0.0128597 6.26415 
30.5599 -4.22813 4.51341 -0.658862 0.0148506 6.21032 
30.6099 -4.1919 4.47543 -0.654084 0.0168414 6.15648 
30.6599 -4.15566 4.43745 -0.649305 0.0188322 6.10262 
30.7099 -4.1194 4.39948 -0.644526 0.0208227 6.04876 
30.7599 -4.08313 4.3615 -0.639747 0.0228133 5.99488 
30.8099 -4.04685 4.32353 -0.634968 0.0248038 5.941 
30.86 -4.01057 4.28555 -0.630189 0.0267942 5.88711 
30.91 -3.97427 4.24758 -0.62541 0.0287845 5.83321 
30.96 -3.93797 4.20961 -0.62063 0.0307748 5.77931 
