   0.000000    0.000000    0.000000    0.000000
   0.000000    0.000000    0.000000    0.000000
   0.000000   -0.000000    0.000000    0.000000
   0.000000   -0.000000    0.000000    0.000000
   0.000000   -0.000000    0.000000    0.000000
   0.000000   -0.000000    0.000000    0.000000
   0.000000   -0.000000    0.000000    0.000000
   0.000000   -0.000000    0.000000    0.000000
   0.000000   -0.000037    0.000000    0.000000
   0.000000   -5.855489   -0.000000    0.000000
   1.167358  144.854728   -0.000000    0.000000
-164.510121 -142.875153   -0.000000    0.000000
 -15.740340    7.136384   -0.000000    0.000000
 -22.518873    1.381033   -0.000000   -0.000000
 -23.546017    1.381027   -0.000000   -0.000000
 -24.573790    1.381025   -0.001119   -0.000000
 -23.064933    1.381023    4.423269   -0.000000
  46.120960    1.381021  126.971663   -0.000000
  -5.674771    1.381019   38.361591   -0.000003
  -5.660067    1.381016   46.340579   -6.160378
  -5.660057    1.381014 -331.502008  373.469493
  -5.660047    1.381011    7.262409   36.508574
  -5.660037    1.381009    5.934138   39.622967
  -5.660026    1.381006    5.934127   41.414723
  -5.660016    1.381004    5.934116   43.211497
  -5.660005    1.381001    5.934105   44.998037
  -5.659994    1.380999    5.934094   46.800070
  -5.659983    1.379966    5.934082   48.585347
  -5.659972   -2.519112    5.934071   57.188878
  -5.662915   64.170319    5.930378  -57.390936
 -11.195553   27.841155   -0.967194   22.963135
  31.363358   -5.568060   52.089397  -33.668221
  16.382216    7.590561   33.413240  -13.741516
  17.420810    7.774757   34.708850  -15.127712
  18.447896    7.974309   36.004427  -16.481850
  19.474981    8.167435   37.268773  -17.857404
  20.502066    8.367190   38.549187  -19.225739
  21.529153    8.560030   39.829607  -20.581577
  22.556241    8.758115   41.110027  -21.953538
  23.583332    8.951229   42.390451  -23.321012
  24.610426    9.147012   43.670870  -24.679658
  25.637523    9.341597   44.951300  -26.044308
  26.664625    9.535763   46.231746  -27.422216
  27.691733    9.732835   47.512199  -28.778008
  28.718846    9.926399   48.794320  -30.144799
  29.745966   10.125669   50.095437  -31.519085
  30.773093   10.319095   51.353513  -32.877722
  31.800228   10.518818   52.634044  -34.241131
  32.827372   10.712123   53.914548  -35.612273
  33.854525   10.910267   55.195066  -36.975915
  36.235378   11.361525   58.163589  -40.135055
-218.007115  -37.072647 -258.790801  297.939000
  16.424177    7.587341   33.464987  -13.798635
  15.339533    7.380773   32.113016  -12.356527
  19.314160    8.137552   37.066914  -17.640782
-198.022282  -33.262857 -233.896254  271.394561
  -5.765885    3.362990    5.801794   15.711209
  -7.393100    3.048898    3.773063   17.866089
  -8.420316    2.855440    2.492491   19.246557
  -9.447540    2.656610    1.211899   20.608027
 -10.474771    2.462911   -0.068874   21.968694
 -11.502010    2.266509   -1.332752   23.339045
 -12.529257    2.071938   -2.629670   24.706807
 -13.556511    1.877847   -3.910526   26.062178
 -14.583772    1.681399   -5.191152   27.436112
 -15.611041    1.488452   -6.471788   28.807529
 -16.638316    1.289746   -7.752441   30.161105
 -17.665598    1.096872   -9.033096   31.537305
 -18.692887    0.896937  -10.313765   32.905568
 -19.720182    0.703729  -11.594428   34.259164
 -20.747483    0.504554  -12.875103   35.624124
 -21.774789    0.310881  -14.155813   37.004557
 -22.802100    0.114054  -15.415380   38.360422
 -23.829416   -0.080587  -16.717383   39.725820
 -24.891052   -0.247116  -18.040625   41.151094
  56.335992  -67.031485   83.222170  -66.899399
  -6.700650  -17.095842    4.636788   17.071945
  -5.660202   95.842415    5.933910 -184.672607
  -5.660038   -0.622709    5.934140  -18.125704
  -5.660048    1.380955    5.934150  -23.403400
  -5.660058    1.381014    5.934161  -25.209193
  -5.660068    1.381017    5.934171  -26.986460
  -5.660077    1.381019    5.934181  -28.791785
  -5.660087    1.381021    5.934191  -30.588160
  -5.660095    1.381023    5.934203  -32.366853
  -5.660104    1.381025   12.794115  -41.032568
  -5.660112    1.381027 -321.575514  291.551199
  -5.660119    1.381029  -28.656433   -3.167099
  -5.756426    1.381031  -33.780996   -0.000000
 108.943489    1.381032  164.633576   -0.000000
  11.189038    1.381034   -7.792791   -0.000000
  16.680514    1.381035   -0.000154   -0.000000
  17.707878    1.381036   -0.000000   -0.000000
  18.735195    1.381082   -0.000000   -0.000000
  31.320870   12.948040   -0.000000   -0.000000
-116.521028 -136.869138   -0.000000   -0.000000
   0.234425  149.628704   -0.000000   -0.000000
   0.000000   -6.356969   -0.000000    0.000000
   0.000000   -0.000009   -0.000000    0.000000
   0.000000   -0.000000   -0.000000    0.000000
   0.000000   -0.000000    0.000000    0.000000
   0.000000   -0.000000    0.000000    0.000000
   0.000000   -0.000000    0.000000    0.000000
   0.000000   -0.000000    0.000000    0.000000
   0.000000   -0.000000    0.000000    0.000000
   0.000000   -0.000000    0.000000    0.000000
   0.000000   -0.000000    0.000000    0.000000
   0.000000    0.000000    0.000000    0.000000
   0.000000    0.000000    0.000000    0.000000
   0.000000    0.000000    0.000000    0.000000
   0.000000    0.000000    0.000000    0.000000
  -5.104397    5.973998  -14.205439   15.128797
  -4.897835    6.070453  -13.952332   14.728362
  -4.699866    6.137700  -13.685785   14.328806
  -4.510114    6.178840  -13.408120   13.931236
  -4.328223    6.196701  -13.121433   13.536625
  -4.153852    6.193862  -12.827608   13.145828
  -3.986676    6.172671  -12.528338   12.759593
  -3.826387    6.135268  -12.225141   12.378567
  -3.672687    6.083599  -11.919374   12.003310
  -3.525296    6.019433  -11.612251   11.634301
  -3.383944    5.944376  -11.304850   11.271946
  -3.248375    5.859886  -10.998130   10.916585
  -3.118343    5.767285  -10.692938   10.568499
  -2.993614    5.667768  -10.390021   10.227914
  -2.873965    5.562419  -10.090036    9.895008
  -2.759182    5.452214   -9.793555    9.569917
  -2.649061    5.338034   -9.501076    9.252737
  -2.543406    5.220673   -9.213028    8.943530
  -2.442031    5.100845   -8.929778    8.642327
  -2.344757    4.979190   -8.651638    8.349130
  -2.251415    4.856281   -8.378868    8.063917
  -2.161840    4.732630   -8.111683    7.786647
  -2.075877    4.608695   -7.850258    7.517256
  -1.993377    4.484880   -7.594729    7.255666
  -1.914197    4.361546   -7.345199    7.001783
  -1.838199    4.239010   -7.101743    6.755501
  -1.765254    4.117552   -6.864408    6.516703
  -1.695236    3.997414   -6.633216    6.285262
  -1.628025    3.878811   -6.408171    6.061045
  -1.563506    3.761927   -6.189255    5.843911
  -1.501570    3.646918   -5.976436    5.633712
  -1.442110    3.533921   -5.769665    5.430299
  -1.385027    3.423048   -5.568883    5.233517
  -1.330223    3.314393   -5.374016    5.043210
  -1.277607    3.208033   -5.184985    4.859220
  -1.227088    3.104029   -5.001697    4.681386
  -1.178583    3.002428   -4.824058    4.509549
  -1.132010    2.903265   -4.651963    4.343548
  -1.087291    2.806562   -4.485305    4.183224
  -1.044351    2.712334   -4.323970    4.028419