     0.000000      0.000000      0.000000      0.000000
     0.000000      0.000000      0.000000      0.000000
     0.000000     -0.000000      0.000000      0.000000
     0.000000     -0.000000      0.000000      0.000000
     0.000000     -0.000000      0.000000      0.000000
     0.000000     -0.000000      0.000000      0.000000
     0.000000     -0.000000      0.000000      0.000000
     0.000000     -0.000000      0.000000      0.000000
     0.000000     -0.000051      0.000000      0.000000
     0.000000     -8.392845     -0.000000      0.000000
     1.741493    216.097861     -0.000000      0.000000
  -255.436052   -221.843281     -0.000000      0.000000
   -25.437561     11.532927     -0.000000      0.000000
   -37.877368      2.322936     -0.000000     -0.000000
   -41.221364      2.417726     -0.000000     -0.000000
   -44.776365      2.516392     -0.002039     -0.000000
   -43.742205      2.619084      8.388644     -0.000000
    91.037136      2.725966    250.626539     -0.000000
   -11.658438      2.837210     78.811326     -0.000007
   -12.102786      2.952994     99.088959    -13.172591
   -12.596689      3.073503   -737.771287    831.171642
   -13.110746      3.198929     16.822404     84.567255
   -13.645781      3.329474     14.306613     95.527000
   -14.202649      3.465346     14.890449    103.921567
   -14.782243      3.606763     15.498111    112.855314
   -15.385488      3.753950     16.130570    122.317347
   -16.013351      3.907145     16.788839    132.407555
   -16.666836      4.063556     17.473971    143.068277
   -17.346990     -7.720710     18.187062    175.275575
   -18.064320    204.699035     18.917511   -183.073257
   -37.170546     92.435891     -3.211198     76.240292
   108.379642    -19.241062    180.000822   -116.344358
    58.920929     27.300514    120.175387    -49.423282
    65.213432     29.104193    129.929850    -56.629401
    71.876567     31.069450    140.280206    -64.216473
    78.974941     33.120583    151.132326    -72.415343
    86.532985     35.315365    162.704391    -81.145997
    94.576399     37.603746    174.969300    -90.413748
   103.132214     40.044073    187.964301   -100.376520
   112.228860     42.597297    201.728578   -110.980527
   121.896236     45.305446    216.303236   -122.239144
   132.165777     48.157514    231.731570   -134.262825
   143.070539     51.164670    248.059018   -147.135436
   154.645269     54.353295    265.333226   -160.711607
   166.926494     57.696570    283.613930   -175.214756
   179.952607     61.256730    303.059730   -190.679354
   193.763958     64.974577    323.349362   -207.015832
   208.402950     68.935126    344.937463   -224.399419
   223.914140     73.066948    367.748894   -242.909838
   240.344343     77.455553    391.847823   -262.504112
   267.745238     83.950946    429.774020   -296.560173
 -1676.607527   -285.111243  -1990.258914   2291.332415
   131.466815     60.732632    267.869448   -110.450744
   127.795757     61.490237    267.537954   -102.943928
   167.475744     70.561836    321.412311   -152.965645
 -1787.153765   -300.197736  -2110.916847   2449.339579
   -54.160872     31.589682     54.498176    147.580592
   -72.279975     29.808106     36.888030    174.671042
   -85.682395     29.056024     25.362772    195.846696
  -100.058437     28.136027     12.835160    218.258617
  -115.465252     27.149103     -0.759210    242.164788
  -131.963032     26.003745    -15.290716    267.769819
  -149.615167     24.741561    -31.401584    295.030517
  -168.488403     23.339001    -48.602346    323.916304
  -188.653011     21.750276    -67.151796    354.908529
  -210.182960     20.040124    -87.134455    387.857023
  -233.156112     18.073480   -108.636530    422.653711
  -257.654402     15.997986   -131.748545    459.974531
  -283.764052     13.615798   -156.566272    499.517128
  -311.575782     11.118805   -183.190138    541.289419
  -341.185028      8.297209   -211.726520    585.826142
  -372.692183      5.320971   -242.287581    633.361324
  -406.202839      2.031793   -274.613792    683.363032
  -441.828044     -1.494190   -309.961808    736.567844
  -480.346812     -4.768834   -348.147478    794.132650
  1131.538650  -1346.363376   1671.561976  -1343.710359
  -140.078712   -357.392740     96.933181    356.893173
  -123.156962   2085.377843    129.112400  -4018.180900
  -128.179363    -14.102111    134.386777   -410.481569
  -133.410705     32.549926    139.871460   -551.632077
  -138.855546     33.879772    145.579982   -618.445283
  -144.522599     35.262493    151.521476   -689.064755
  -150.420930     36.701644    157.705449   -765.163946
  -156.559977     38.199528    164.141795   -846.079237
  -162.949563     39.758542    170.840900   -931.815508
  -169.599912     41.381180    383.364157  -1229.503980
  -176.521663     43.070038 -10028.962096   9092.595033
  -183.725892     44.827819   -930.179851   -102.803153
  -194.477570     46.657335  -1141.271657     -0.000017
  3830.801384     48.561513   5789.042892     -0.000000
   409.499047     50.543400   -285.202402     -0.000000
   635.391424     52.606166     -0.005861     -0.000000
   702.053510     54.753112     -0.000000     -0.000000
   773.096452     56.989521     -0.000000     -0.000000
  1345.182046    556.097923     -0.000000     -0.000000
 -5208.627978  -6118.212579     -0.000000     -0.000000
    10.906727   6961.546444     -0.000000     -0.000000
     0.000000   -307.831232     -0.000000      0.000000
     0.000000     -0.000438     -0.000000      0.000000
     0.000000     -0.000000     -0.000000      0.000000
     0.000000     -0.000000      0.000000      0.000000
     0.000000     -0.000000      0.000000      0.000000
     0.000000     -0.000000      0.000000      0.000000
     0.000000     -0.000000      0.000000      0.000000
     0.000000     -0.000000      0.000000      0.000000
     0.000000     -0.000000      0.000000      0.000000
     0.000000     -0.000000      0.000000      0.000000
     0.000000      0.000000      0.000000      0.000000
     0.000000      0.000000      0.000000      0.000000
     0.000000      0.000000      0.000000      0.000000
     0.000000      0.000000      0.000000      0.000000
  -432.724997    506.445303  -1204.265294   1282.542918
  -432.158891    535.624400  -1231.079451   1299.552180
  -431.614981    563.659368  -1256.842211   1315.894500
  -431.092399    590.595070  -1281.594798   1331.596028
  -430.590307    616.474607  -1305.376822   1346.681891
  -430.107903    641.339393  -1328.226340   1361.176228
  -429.644414    665.229217  -1350.179916   1375.102235
  -429.199099    688.182308  -1371.272679   1388.482194
  -428.771245    710.235395  -1391.538383   1401.337518
  -428.360167    731.423768  -1411.009458   1413.688778
  -427.965208    751.781333  -1429.717061   1425.555738
  -427.585735    771.340667  -1447.691128   1436.957387
  -427.221142    790.133068  -1464.960422   1447.911972
  -426.870844    808.188608  -1481.552578   1458.437021
  -426.534282    825.536181  -1497.494146   1468.549377
  -426.210917    842.203545  -1512.810635   1478.265222
  -425.900231    858.217373  -1527.526557   1487.600103
  -425.601727    873.603290  -1541.665459   1496.568958
  -425.314928    888.385916  -1555.249967   1505.186140
  -425.039374    902.588908  -1568.301819   1513.465437
  -424.774625    916.234992  -1580.841900   1521.420098
  -424.520257    929.346005  -1592.890278   1529.062852
  -424.275863    941.942928  -1604.466232   1536.405930
  -424.041051    954.045919  -1615.588286   1543.461081
  -423.815447    965.674345  -1626.274238   1550.239596
  -423.598689    976.846813  -1636.541189   1556.752322
  -423.390430    987.581203  -1646.405566   1563.009680
  -423.190337    997.894692  -1655.883156   1569.021683
  -422.998090   1007.803782  -1664.989123   1574.797952
  -422.813380   1017.324332  -1673.738041   1580.347731
  -422.635914   1026.471576  -1682.143909   1585.679900
  -422.465406   1035.260151  -1690.220178   1590.802991
  -422.301583   1043.704121  -1697.979772   1595.725203
  -422.144185   1051.816998  -1705.435108   1600.454413
  -421.992958   1059.611765  -1712.598116   1604.998187
  -421.847660   1067.100895  -1719.480259   1609.363798
  -421.708060   1074.296372  -1726.092549   1613.558230
  -421.573934   1081.209710  -1732.445567   1617.588197
  -421.445066   1087.851972  -1738.549480   1621.460146
  -421.321252   1094.233787  -1744.414055   1625.180274