 0.000000  0.046600  0.646190  0.115192 -0.016057  0.000000  0.000000  0.000000  0.000000  0.046600  0.646190  0.115192 -0.016057  1.000000  1.000000  0.000000  0.000000  0.000000  0.000000  0.000000  0.000000  0.000000  0.000000  0.000000  0.000000  0.000000  0.000000 -0.077882 -0.077882
 0.513600  0.046600  0.646190  0.115192 -0.016057  0.000000  0.000000  0.000000  0.000000  0.046600  0.646190  0.115192 -0.016057  0.960789  0.960789  0.000000  0.000000  0.000000  0.000000  0.000000  0.000000  0.000000  0.000000  0.000000  0.000000  0.000000  0.000000 -0.074828 -0.074828
 1.027200  0.046600  0.646190  0.115192 -0.016057  0.000000  0.000000  0.000000  0.000000  0.046600  0.646190  0.115192 -0.016057  0.923116  0.923116  0.000000  0.000000  0.000000  0.000000  0.000000 -0.000000  0.000000  0.000000  0.000000  0.000000  0.000000  0.000000 -0.071894 -0.071894
 1.540800  0.046600  0.646190  0.115192 -0.016057  0.000000 -0.000000  0.000000  0.000000  0.046600  0.646190  0.115192 -0.016057  0.886920  0.886920  0.000000 -0.000000  0.000000  0.000000  0.000000 -0.000000  0.000000  0.000000  0.000000  0.000000  0.000000  0.000000 -0.069075 -0.069075
 2.054400  0.046600  0.646190  0.115192 -0.016057  0.000000 -0.000000  0.000000  0.000000  0.046600  0.646190  0.115192 -0.016057  0.852144  0.852144  0.000000 -0.000000  0.000000  0.000000  0.000000 -0.000000  0.000000  0.000000  0.000000  0.000000  0.000000  0.000000 -0.066366 -0.066366
 2.568000  0.046600  0.646190  0.115192 -0.016057  0.000000 -0.000000  0.000000  0.000000  0.046600  0.646190  0.115192 -0.016057  0.818731  0.818731  0.000000 -0.000000  0.000000  0.000000  0.000000 -0.000000  0.000000  0.000000  0.000000  0.000000  0.000000  0.000000 -0.063764 -0.063764
 3.081600  0.046600  0.646190  0.115192 -0.016057  0.000000 -0.000000  0.000000  0.000000  0.046600  0.646190  0.115192 -0.016057  0.786628  0.786628  0.000000 -0.000000  0.000000  0.000000  0.000000 -0.000000  0.000000  0.000000  0.000000  0.000000  0.000000  0.000000 -0.061264 -0.061264
 3.595200  0.046600  0.646190  0.115192 -0.016057  0.000000 -0.000000  0.000000  0.000000  0.046600  0.646190  0.115192 -0.016057  0.755784  0.755784  0.000000 -0.000000  0.000000  0.000000  0.000000 -0.000000  0.000000  0.000000  0.000000  0.000000  0.000000  0.000000 -0.058862 -0.058862
 4.108800  0.046600  0.646190  0.115192 -0.016057  0.000000 -0.000000  0.000000  0.000000  0.046600  0.646190  0.115192 -0.016057  0.726149  0.726149  0.000000 -0.000000  0.000000  0.000000  0.000000 -0.000001  0.000000  0.000000  0.000000  0.000000  0.000000  0.000000 -0.056554 -0.056554
 4.622400  0.046600  0.646190  0.115192 -0.016057  0.000000 -0.000000  0.000000  0.000000  0.046600  0.646190  0.115192 -0.016057  0.697676  0.697676  0.000000 -0.000000  0.000000  0.000000  0.000000 -0.114009 -0.000000  0.000000  0.000000  0.000000  0.000000  0.000000 -0.054336 -0.054336
 5.136000  0.046600  0.646190  0.115192 -0.016057  0.000000 -0.058555 -0.000000  0.000000  0.046600  0.646190  0.115192 -0.016057  0.670320  0.670320  0.000000 -0.001140 -0.000000  0.000000  0.022729  2.843182 -0.000000  0.000000  0.000000  0.000000  0.000000  0.000000 -0.052206 -0.052206
 5.649600  0.046600  0.645604  0.115192 -0.016057  0.011674  1.401703 -0.000000  0.000000  0.046600  0.646190  0.115192 -0.016057  0.644036  0.644036  0.000227  0.027292 -0.000000  0.000000 -3.207624 -3.326532 -0.000000  0.000000  0.000000  0.000000  0.000000  0.000000 -0.050159 -0.050159
 6.163200  0.046717  0.659621  0.115192 -0.016057 -1.635762 -0.306803 -0.000000  0.000000  0.046600  0.646190  0.115192 -0.016057  0.618783  0.618783 -0.031849 -0.005974 -0.000000  0.000000  0.330281  0.232268 -0.000000  0.000000  0.000000  0.000000  0.000000  0.000000 -0.048192 -0.048192
 6.676800  0.030359  0.656553  0.115192 -0.016057 -1.466130 -0.187510 -0.000000  0.000000  0.046600  0.646190  0.115192 -0.016057  0.594521  0.594521 -0.028546 -0.003651 -0.000000  0.000000  0.164093  0.079729 -0.000000 -0.000000  0.000000  0.000000  0.000000  0.000000 -0.046302 -0.046302
 7.190400  0.015698  0.654678  0.115192 -0.016057 -1.381852 -0.146561 -0.000000 -0.000000  0.046600  0.646190  0.115192 -0.016057  0.571209  0.571209 -0.026905 -0.002854 -0.000000 -0.000000  0.139822  0.067434 -0.000000 -0.000000  0.000000  0.000000  0.000000  0.000000 -0.044487 -0.044487
 7.704000  0.001879  0.653213  0.115192 -0.016057 -1.310039 -0.111927 -0.000000 -0.000000  0.046600  0.646190  0.115192 -0.016057  0.548812  0.548812 -0.025507 -0.002179 -0.000000 -0.000000  0.118751  0.056801 -0.000022 -0.000000  0.000000  0.000000  0.000000  0.000000 -0.042742 -0.042742
 8.217600 -0.011221  0.652093  0.115192 -0.016057 -1.249049 -0.082754 -0.000011 -0.000000  0.046600  0.646190  0.115192 -0.016057  0.527292  0.527292 -0.024319 -0.001611 -0.000000 -0.000000  0.149886  0.047620  0.086127 -0.000000  0.000000  0.000000  0.000000  0.000000 -0.041066 -0.041066
 8.731200 -0.023712  0.651266  0.115192 -0.016057 -1.172067 -0.058297  0.044224 -0.000000  0.046600  0.646190  0.115192 -0.016057  0.506617  0.506617 -0.022821 -0.001135  0.000861 -0.000000  1.491306  0.039707  2.454969 -0.000000  0.000000  0.000000  0.000000  0.000000 -0.039456 -0.039456
 9.244800 -0.035432  0.650683  0.115634 -0.016057 -0.406133 -0.037903  1.305096 -0.000000  0.046600  0.646190  0.115192 -0.016057  0.486752  0.486752 -0.007908 -0.000738  0.025411 -0.000000  0.207381  0.032901  0.237840 -0.000000  0.000000  0.000000  0.000000  0.000000 -0.037909 -0.037909
 9.758400 -0.039494  0.650304  0.128685 -0.016057 -0.299622 -0.021005  1.427250 -0.000000  0.046600  0.646190  0.115192 -0.016057  0.467666  0.467666 -0.005834 -0.000409  0.027789 -0.000000  0.174099  0.027059  0.320215 -0.119945  0.000000  0.000000  0.000000  0.000000 -0.036423 -0.036423
10.272000 -0.042490  0.650094  0.142958 -0.016057 -0.210204 -0.007108  1.591713 -0.061604  0.046600  0.646190  0.115192 -0.016057  0.449329  0.449329 -0.004093 -0.000138  0.030991 -0.001199  0.145113  0.022056 -7.128365  7.295591  0.000000  0.000000  0.000000  0.000000 -0.034994 -0.034994
10.785600 -0.044592  0.650023  0.158875 -0.016673 -0.135674  0.004220 -2.069415  3.685412  0.046600  0.646190  0.115192 -0.016057  0.431711  0.431711 -0.002642  0.000082 -0.040292  0.071756  0.120183  0.017783  0.862197 -0.723093  0.000000  0.000000  0.000000  0.000000 -0.033622 -0.033622
11.299200 -0.045949  0.650065  0.138181  0.020181 -0.073948  0.013353 -1.626591  3.314031  0.046600  0.646190  0.115192 -0.016057  0.414783  0.414783 -0.001440  0.000260 -0.031670  0.064526  0.098789  0.014144  0.704188 -0.589592  0.000000  0.000000  0.000000  0.000000 -0.032304 -0.032304
11.812800 -0.046688  0.650199  0.121915  0.053321 -0.023210  0.020618 -1.264920  3.011217  0.046600  0.646190  0.115192 -0.016057  0.398519  0.398519 -0.000452  0.000401 -0.024629  0.058630  0.080471  0.011055  0.595021 -0.501313  0.000000  0.000000  0.000000  0.000000 -0.031037 -0.031037
12.326400 -0.046920  0.650405  0.109265  0.083434  0.018120  0.026296 -0.959317  2.753742  0.046600  0.646190  0.115192 -0.016057  0.382893  0.382893  0.000353  0.000512 -0.018678  0.053616  0.064829  0.008443  0.500645 -0.424696  0.000000  0.000000  0.000000  0.000000 -0.029820 -0.029820
12.840000 -0.046739  0.650668  0.099672  0.110971  0.051416  0.030632 -0.702186  2.535618  0.046600  0.646190  0.115192 -0.016057  0.367879  0.367879  0.001001  0.000596 -0.013672  0.049370  0.051510  0.006242  0.419194 -0.358589  0.000000  0.000000  0.000000  0.000000 -0.028651 -0.028651
13.353600 -0.046225  0.650974  0.092650  0.136327  0.077872  0.033838 -0.486888  2.351447  0.046600  0.646190  0.115192 -0.016057  0.353455  0.353455  0.001516  0.000659 -0.009480  0.045784  0.040207  0.004397  0.349027 -0.301154  0.000000  0.000000  0.000000  0.000000 -0.027528 -0.027528
13.867200 -0.045446  0.651312  0.087782  0.159842  0.098522  0.036096 -0.307628  2.196774  0.046600  0.646190  0.115192 -0.016057  0.339596  0.339596  0.001918  0.000703 -0.005990  0.042772  0.030650  0.002839  0.288701 -0.251947  0.000000  0.000000  0.000000  0.000000 -0.026448 -0.026448
14.380800 -0.044461  0.651673  0.084705  0.181809  0.114264  0.037554 -0.159351  2.067374  0.046600  0.646190  0.115192 -0.016057  0.326280  0.326280  0.002225  0.000731 -0.003103  0.040253  0.022602 -0.074348  0.236950 -0.076815  0.000000  0.000000  0.000000  0.000000 -0.025411 -0.025411
14.894400 -0.043318  0.652049  0.083112  0.202483  0.125872 -0.000631 -0.037653  2.027922  0.046600  0.646190  0.115192 -0.016057  0.313486  0.313486  0.002451 -0.000012 -0.000733  0.039484  0.015800  1.238260  0.192591 -2.332620  0.000000  0.000000  0.000000  0.000000 -0.024415 -0.024415
15.408000 -0.042060  0.652043  0.082735  0.222762  0.133987  0.635340  0.061261  0.829888  0.046600  0.646190  0.115192 -0.016057  0.301194  0.301194  0.002609  0.012370  0.001193  0.016158 -0.097534  0.283277  0.020507 -0.341054  0.000000  0.000000  0.000000  0.000000 -0.023457 -0.023457
15.921600 -0.040720  0.658396  0.083348  0.231061  0.083894  0.780831  0.071794  0.654722  0.046600  0.646190  0.115192 -0.016057  0.289384  0.289384  0.001633  0.015203  0.001398  0.012748  0.748003 -0.436240  1.048246 -1.391637  0.000000  0.000000  0.000000  0.000000 -0.022538 -0.022538
16.435200 -0.039881  0.666204  0.084066  0.237608  0.468068  0.556778  0.610173 -0.060023  0.046600  0.646190  0.115192 -0.016057  0.278037  0.278037  0.009113  0.010841  0.011880 -0.001169  0.305080 -0.107991  0.473567 -0.738076  0.000000  0.000000  0.000000  0.000000 -0.021654 -0.021654
16.948800 -0.035200  0.671772  0.090168  0.237008  0.624757  0.501314  0.853397 -0.439099  0.046600  0.646190  0.115192 -0.016057  0.267135  0.267135  0.012164  0.009761  0.016616 -0.008549  0.255173 -0.093647  0.392199 -0.616282  0.000000  0.000000  0.000000  0.000000 -0.020805 -0.020805
17.462400 -0.028952  0.676785  0.098701  0.232617  0.755814  0.453217  1.054831 -0.755621  0.046600  0.646190  0.115192 -0.016057  0.256661  0.256661  0.014716  0.008824  0.020538 -0.014712  0.211972 -0.080793  0.322369 -0.510842  0.000000  0.000000  0.000000  0.000000 -0.019989 -0.019989
17.976000 -0.021394  0.681317  0.109250  0.225061  0.864683  0.411721  1.220399 -1.017990  0.046600  0.646190  0.115192 -0.016057  0.246597  0.246597  0.016836  0.008016  0.023762 -0.019821  0.174859 -0.069699  0.261974 -0.420744  0.000000  0.000000  0.000000  0.000000 -0.019205 -0.019205
18.489600 -0.012747  0.685435  0.121454  0.214881  0.954490  0.375924  1.354949 -1.234084  0.046600  0.646190  0.115192 -0.016057  0.236928  0.236928  0.018584  0.007319  0.026381 -0.024028  0.143049 -0.059886  0.210748 -0.343417  0.000000  0.000000  0.000000  0.000000 -0.018452 -0.018452
19.003200 -0.003203  0.689194  0.135003  0.202540  1.027960  0.345167  1.463190 -1.410463  0.046600  0.646190  0.115192 -0.016057  0.227638  0.227638  0.020015  0.006721  0.028489 -0.027462  0.115853 -0.051474  0.167147 -0.277104  0.000000  0.000000  0.000000  0.000000 -0.017729 -0.017729
19.516800  0.007077  0.692645  0.149635  0.188436  1.087462  0.318730  1.549037 -1.552783  0.046600  0.646190  0.115192 -0.016057  0.218712  0.218712  0.021173  0.006206  0.030160 -0.030233  0.092665 -0.044043  0.130159 -0.220933  0.000000  0.000000  0.000000  0.000000 -0.017034 -0.017034
20.030400  0.017952  0.695833  0.165126  0.172908  1.135055  0.296109  1.615886 -1.666254  0.046600  0.646190  0.115192 -0.016057  0.210136  0.210136  0.022100  0.005765  0.031462 -0.032443  0.072957 -0.037680  0.098897 -0.173139  0.000000  0.000000  0.000000  0.000000 -0.016366 -0.016366
20.544000  0.029302  0.698794  0.181284  0.156245  1.172526  0.276757  1.666680 -1.755179  0.046600  0.646190  0.115192 -0.016057  0.201897  0.201897  0.022830  0.005389  0.032451 -0.034174  0.056263 -0.032097  0.072586 -0.132522  0.000000  0.000000  0.000000  0.000000 -0.015724 -0.015724
21.057600  0.041027  0.701561  0.197951  0.138693  1.201423  0.260272  1.703960 -1.823242  0.046600  0.646190  0.115192 -0.016057  0.193980  0.193980  0.023392  0.005068  0.033177 -0.035499  0.042179 -0.027278  0.050549 -0.098414  0.000000  0.000000  0.000000  0.000000 -0.015107 -0.015107
21.571200  0.053042  0.704164  0.214991  0.120461  1.223086  0.246262  1.729922 -1.873787  0.046600  0.646190  0.115192 -0.016057  0.186374  0.186374  0.023814  0.004795  0.033682 -0.036483  0.030349 -0.023109  0.032193 -0.070060  0.000000  0.000000  0.000000  0.000000 -0.014515 -0.014515
22.084800  0.065273  0.706627  0.232290  0.101723  1.238673  0.234393  1.746456 -1.909770  0.046600  0.646190  0.115192 -0.016057  0.179066  0.179066  0.024117  0.004564  0.034004 -0.037184  0.020464 -0.019445  0.017003 -0.045962  0.000000  0.000000  0.000000  0.000000 -0.013946 -0.013946
22.598400  0.077659  0.708971  0.249755  0.082626  1.249184  0.224406  1.755189 -1.933376  0.046600  0.646190  0.115192 -0.016057  0.172045  0.172045  0.024322  0.004369  0.034174 -0.037644  0.012252 -0.016351  0.004562 -0.026198  0.000000  0.000000  0.000000  0.000000 -0.013399 -0.013399
23.112000  0.090151  0.711215  0.267306  0.063292  1.255476  0.216008  1.757532 -1.946831  0.046600  0.646190  0.115192 -0.016057  0.165299  0.165299  0.024445  0.004206  0.034220 -0.037906  0.005478 -0.013570 -0.005192 -0.010073  0.000000  0.000000  0.000000  0.000000 -0.012874 -0.012874
23.625600  0.102706  0.713375  0.284882  0.043823  1.258289  0.209039  1.754865 -1.952005  0.046600  0.646190  0.115192 -0.016057  0.158817  0.158817  0.024499  0.004070  0.034168 -0.038006 -0.000064 -0.011296 -0.013878  0.003394  0.000000  0.000000  0.000000  0.000000 -0.012369 -0.012369
24.139200  0.115289  0.715465  0.302430  0.024303  1.258257  0.203237  1.747738 -1.950261  0.046600  0.646190  0.115192 -0.016057  0.152590  0.152590  0.024499  0.003957  0.034029 -0.037972 -0.004552 -0.009218 -0.020338  0.014176  0.000000  0.000000  0.000000  0.000000 -0.011884 -0.011884
24.652800  0.127871  0.717498  0.319908  0.004801  1.255919  0.198503  1.737292 -1.942981  0.046600  0.646190  0.115192 -0.016057  0.146607  0.146607  0.024453  0.003865  0.033826 -0.037831 -0.008141 -0.007568 -0.025368  0.022616  0.000000  0.000000  0.000000  0.000000 -0.011418 -0.011418
25.166400  0.140431  0.719483  0.337281 -0.014629  1.251737  0.194616  1.724263 -1.931365  0.046600  0.646190  0.115192 -0.016057  0.140858  0.140858  0.024372  0.003789  0.033572 -0.037604 -0.010967 -0.006061 -0.029188  0.029373  0.000000  0.000000  0.000000  0.000000 -0.010970 -0.010970
25.680000  0.152948  0.721429  0.354523 -0.033943  1.246105  0.191503  1.709273 -1.916279  0.046600  0.646190  0.115192 -0.016057  0.135335  0.135335  0.024262  0.003729  0.033280 -0.037311  0.013211  0.000148  0.000876 -0.000407  0.000000  0.000000  0.000000  0.000000 -0.010540 -0.010540
26.193600  0.165409  0.723344  0.371616 -0.053105  1.252890  0.191579  1.709723 -1.916488  0.046600  0.646190  0.115192 -0.016057  0.130029  0.130029  0.024394  0.003730  0.033289 -0.037315 -4.963898 -0.946643 -6.203810  6.619424  0.000000  0.000000  0.000000  0.000000 -0.010127 -0.010127
26.707200  0.177938  0.725260  0.388713 -0.072270 -1.296568 -0.294617 -1.476554  1.483248  0.046600  0.646190  0.115192 -0.016057  0.124930  0.124930 -0.025245 -0.005736 -0.028749  0.028879  0.568960  0.108503  0.694002 -0.736804  0.000000  0.000000  0.000000  0.000000 -0.009730 -0.009730
27.220800  0.164972  0.722313  0.373948 -0.057438 -1.004351 -0.238890 -1.120115  1.104825  0.046600  0.646190  0.115192 -0.016057  0.120032  0.120032 -0.019555 -0.004651 -0.021809  0.021511  0.459294  0.088517  0.557627 -0.590244  0.000000  0.000000  0.000000  0.000000 -0.009348 -0.009348
27.734400  0.154929  0.719925  0.362747 -0.046390 -0.768457 -0.193428 -0.833717  0.801676  0.046600  0.646190  0.115192 -0.016057  0.115325  0.115325 -0.014962 -0.003766 -0.016233  0.015609  0.464378  0.090200  0.564365 -0.596593  0.000000  0.000000  0.000000  0.000000 -0.008982 -0.008982
28.248000  0.147244  0.717990  0.354409 -0.038373 -0.529953 -0.147101 -0.543859  0.495266  0.046600  0.646190  0.115192 -0.016057  0.110803  0.110803 -0.010318 -0.002864 -0.010589  0.009643 -3.845164 -0.730157 -4.808038  5.134752  0.000000  0.000000  0.000000  0.000000 -0.008630 -0.008630
28.761600  0.141945  0.716519  0.348971 -0.033420 -2.504829 -0.522110 -3.013268  3.132474  0.046600  0.646190  0.115192 -0.016057  0.106459  0.106459 -0.048770 -0.010166 -0.058670  0.060991  0.677497  0.131859  0.831177 -0.880100  0.000000  0.000000  0.000000  0.000000 -0.008291 -0.008291
29.275200  0.116896  0.711298  0.318838 -0.002095 -2.156867 -0.454387 -2.586375  2.680454  0.046600  0.646190  0.115192 -0.016057  0.102284  0.102284 -0.041995 -0.008847 -0.050358  0.052190  0.559085  0.109537  0.684111 -0.723114  0.000000  0.000000  0.000000  0.000000 -0.007966 -0.007966
29.788800  0.095328  0.706754  0.292974  0.024709 -1.869721 -0.398129 -2.235016  2.309063  0.046600  0.646190  0.115192 -0.016057  0.098274  0.098274 -0.036404 -0.007752 -0.043517  0.044958  0.469263  0.092710  0.572713 -0.603803  0.000000  0.000000  0.000000  0.000000 -0.007654 -0.007654
30.302400  0.076630  0.702773  0.270624  0.047800 -1.628707 -0.350513 -1.940870  1.998950  0.046600  0.646190  0.115192 -0.016057  0.094420  0.094420 -0.031712 -0.006825 -0.037790  0.038920  0.391814  0.078049  0.476754 -0.501492  0.000000  0.000000  0.000000  0.000000 -0.007354 -0.007354
30.816000  0.060343  0.699268  0.251216  0.067789 -1.427472 -0.310427 -1.696009  1.741383  0.046600  0.646190  0.115192 -0.016057  0.090718  0.090718 -0.027793 -0.006044 -0.033022  0.033905  0.325162  0.065492  0.394255 -0.413621  0.000000  0.000000  0.000000  0.000000 -0.007065 -0.007065
31.329600  0.046069  0.696164  0.234255  0.085203 -1.260468 -0.276790 -1.493520  1.528948  0.046600  0.646190  0.115192 -0.016057  0.087161  0.087161 -0.024542 -0.005389 -0.029079  0.029769  0.267922  0.054614  0.323818 -0.338121  0.000000  0.000000  0.000000  0.000000 -0.006788 -0.006788
31.843200  0.033464  0.693396  0.219320  0.100493 -1.122863 -0.248741 -1.327207  1.355288  0.046600  0.646190  0.115192 -0.016057  0.083743  0.083743 -0.021863 -0.004843 -0.025841  0.026388  0.218879  0.045292  0.262882 -0.273635  0.000000  0.000000  0.000000  0.000000 -0.006522 -0.006522
32.356800  0.022235  0.690908  0.206048  0.114045 -1.010447 -0.225479 -1.192190  1.214749  0.046600  0.646190  0.115192 -0.016057  0.080460  0.080460 -0.019674 -0.004390 -0.023212  0.023652  0.176965  0.037298  0.211208 -0.218907  0.000000  0.000000  0.000000  0.000000 -0.006266 -0.006266
32.870400  0.012131  0.688653  0.194126  0.126193 -0.919558 -0.206323 -1.083714  1.102319  0.046600  0.646190  0.115192 -0.016057  0.077305  0.077305 -0.017904 -0.004017 -0.021100  0.021463  0.141244  0.030403  0.167245 -0.172026  0.000000  0.000000  0.000000  0.000000 -0.006021 -0.006021
33.384000  0.002935  0.686590  0.183289  0.137216 -0.847015 -0.190708 -0.997817  1.013966  0.046600  0.646190  0.115192 -0.016057  0.074274  0.074274 -0.016492 -0.003713 -0.019428  0.019742  0.110898  0.024583  0.129962 -0.132381  0.000000  0.000000  0.000000  0.000000 -0.005785 -0.005785
33.897600 -0.005535  0.684683  0.173311  0.147356 -0.790058 -0.178082 -0.931069  0.945975  0.046600  0.646190  0.115192 -0.016057  0.071361  0.071361 -0.015383 -0.003467 -0.018128  0.018419  0.085209  0.019511  0.098462 -0.099293  0.000000  0.000000  0.000000  0.000000 -0.005558 -0.005558
34.411200 -0.013436  0.682902  0.164000  0.156815 -0.746294 -0.168061 -0.880498  0.894979  0.046600  0.646190  0.115192 -0.016057  0.068563  0.068563 -0.014531 -0.003272 -0.017144  0.017426  0.063548  0.015321  0.071963 -0.071058  0.000000  0.000000  0.000000  0.000000 -0.005340 -0.005340
34.924800 -0.020898  0.681222  0.155195  0.165765 -0.713656 -0.160193 -0.843538  0.858483  0.046600  0.646190  0.115192 -0.016057  0.065875  0.065875 -0.013895 -0.003119 -0.016424  0.016715  0.045368  0.011636  0.049779 -0.047631  0.000000  0.000000  0.000000  0.000000 -0.005130 -0.005130
35.438400 -0.028035  0.679620  0.146760  0.174350 -0.690355 -0.154216 -0.817971  0.834020  0.046600  0.646190  0.115192 -0.016057  0.063292  0.063292 -0.013441 -0.003003 -0.015926  0.016239  0.030187  0.008666  0.031312 -0.028465  0.000000  0.000000  0.000000  0.000000 -0.004929 -0.004929
35.952000 -0.034939  0.678078  0.138580  0.182690 -0.674851 -0.149766 -0.801889  0.819401  0.046600  0.646190  0.115192 -0.016057  0.060810  0.060810 -0.013140 -0.002916 -0.015613  0.015954  0.017589  0.006057  0.016041 -0.012434  0.000000  0.000000  0.000000  0.000000 -0.004736 -0.004736
36.465600 -0.041687  0.676580  0.130561  0.190884 -0.665817 -0.146655 -0.793651  0.813014  0.046600  0.646190  0.115192 -0.016057  0.058426  0.058426 -0.012964 -0.002855 -0.015453  0.015830  0.007209  0.003991  0.003510  0.000976  0.000000  0.000000  0.000000  0.000000 -0.004550 -0.004550
36.979200 -0.048345  0.675113  0.122625  0.199014 -0.662114 -0.144605 -0.791848  0.813516  0.046600  0.646190  0.115192 -0.016057  0.056135  0.056135 -0.012892 -0.002816 -0.015418  0.015839 -0.001271  0.002216 -0.006264  0.011350  0.000000  0.000000  0.000000  0.000000 -0.004372 -0.004372
37.492800 -0.054966  0.673667  0.114706  0.207150 -0.662767 -0.143467 -0.795065  0.819345  0.046600  0.646190  0.115192 -0.016057  0.053934  0.053934 -0.012904 -0.002793 -0.015480  0.015953 -0.008128  0.000798 -0.014944  0.019826  0.000000  0.000000  0.000000  0.000000 -0.004200 -0.004200
38.006400 -0.061594  0.672233  0.106756  0.215343 -0.666942 -0.143057 -0.802740  0.829528  0.046600  0.646190  0.115192 -0.016057  0.051819  0.051819 -0.012986 -0.002785 -0.015630  0.016151 -0.014268  0.000190 -0.022239  0.027658  0.000000  0.000000  0.000000  0.000000 -0.004036 -0.004036
38.520000 -0.068263  0.670802  0.098728  0.223638 -0.674270 -0.142959 -0.814162  0.843733  0.046600  0.646190  0.115192 -0.016057  0.049787  0.049787 -0.013128 -0.002783 -0.015852  0.016428  1.583095 -1.297382  1.969466 -2.097811  0.000000  0.000000  0.000000  0.000000 -0.003877 -0.003877
39.033600 -0.075006  0.669373  0.090587  0.232076  0.138808 -0.809294  0.197356 -0.233703  0.046600  0.646190  0.115192 -0.016057  0.047835  0.047835  0.002703 -0.015757  0.003843 -0.004550  0.052255 -0.062855  0.061336 -0.059721  0.000000  0.000000  0.000000  0.000000 -0.003725 -0.003725
39.547200 -0.073618  0.661280  0.092560  0.229739  0.165646 -0.841576  0.228858 -0.264375  0.046600  0.646190  0.115192 -0.016057  0.045959  0.045959  0.003225 -0.016386  0.004456 -0.005147  0.059359  2.164427  0.070482 -3.971275  0.000000  0.000000  0.000000  0.000000 -0.003579 -0.003579
40.060800 -0.071962  0.652864  0.094849  0.227095  0.196133  0.270073  0.265057 -2.304022  0.046600  0.646190  0.115192 -0.016057  0.044157  0.044157  0.003819  0.005258  0.005161 -0.044860  0.044265 -0.130287  0.051934  0.070863  0.000000  0.000000  0.000000  0.000000 -0.003439 -0.003439
40.574400 -0.070000  0.655565  0.097499  0.204055  0.218867  0.203158  0.291730 -2.267627  0.046600  0.646190  0.115192 -0.016057  0.042426  0.042426  0.004261  0.003956  0.005680 -0.044152  0.031593 -0.070476  0.036386 -0.001208  0.000000  0.000000  0.000000  0.000000 -0.003304 -0.003304
41.088000 -0.067812  0.657596  0.100417  0.181378  0.235094  0.166961  0.310418 -2.268247  0.046600  0.646190  0.115192 -0.016057  0.040762  0.040762  0.004577  0.003251  0.006044 -0.044164  0.021013 -0.060335  0.023429  0.008026  0.000000  0.000000  0.000000  0.000000 -0.003175 -0.003175
41.601600 -0.065461  0.659266  0.103521  0.158696  0.245886  0.135973  0.322451 -2.264125  0.046600  0.646190  0.115192 -0.016057  0.039164  0.039164  0.004788  0.002647  0.006278 -0.044083  0.012233 -0.051519  0.012700  0.015980  0.000000  0.000000  0.000000  0.000000 -0.003050 -0.003050
42.115200 -0.063002  0.660625  0.106745  0.136055  0.252169  0.109513  0.328974 -2.255917  0.046600  0.646190  0.115192 -0.016057  0.037628  0.037628  0.004910  0.002132  0.006405 -0.043924  0.004999 -0.043863  0.003882  0.021717  0.000000  0.000000  0.000000  0.000000 -0.002931 -0.002931
42.628800 -0.060480  0.661721  0.110035  0.113496  0.254736  0.086985  0.330968 -2.244764  0.046600  0.646190  0.115192 -0.016057  0.036153  0.036153  0.004960  0.001694  0.006444 -0.043706 -0.000911 -0.037222 -0.003300  0.026321  0.000000  0.000000  0.000000  0.000000 -0.002816 -0.002816
43.142400 -0.057933  0.662590  0.113345  0.091048  0.254268  0.067868  0.329273 -2.231245  0.046600  0.646190  0.115192 -0.016057  0.034735  0.034735  0.004951  0.001321  0.006411 -0.043443 -0.005689 -0.031471 -0.009084  0.030132  0.000000  0.000000  0.000000  0.000000 -0.002705 -0.002705
43.656000 -0.055390  0.663269  0.116638  0.068735  0.251346  0.051704  0.324608 -2.215769  0.046600  0.646190  0.115192 -0.016057  0.033373  0.033373  0.004894  0.001007  0.006320 -0.043142 -0.009502 -0.026499  0.119887 -0.101176  0.000000  0.000000  0.000000  0.000000 -0.002599 -0.002599
44.169600 -0.052877  0.663786  0.119884  0.046578  0.246466  0.038094  0.386182 -2.267734  0.046600  0.646190  0.115192 -0.016057  0.032065  0.032065  0.004799  0.000742  0.007519 -0.044154 -0.012496 -0.022205 -6.420723  6.437741  0.000000  0.000000  0.000000  0.000000 -0.002497 -0.002497
44.683200 -0.050412  0.664167  0.123745  0.023900  0.240049  0.026689 -2.911501  1.038690  0.046600  0.646190  0.115192 -0.016057  0.030807  0.030807  0.004674  0.000520 -0.056688  0.020224 -0.014795 -0.018506  0.559156 -0.543938  0.000000  0.000000  0.000000  0.000000 -0.002399 -0.002399
45.196800 -0.048011  0.664434  0.094630  0.034287  0.232450  0.017185 -2.624319  0.759324  0.046600  0.646190  0.115192 -0.016057  0.029599  0.029599  0.004526  0.000335 -0.051097  0.014784 -0.018385 -0.015324  0.404236 -0.393709  0.000000  0.000000  0.000000  0.000000 -0.002305 -0.002305
45.710400 -0.045687  0.664606  0.068387  0.041881  0.223007  0.009314 -2.416704  0.557115  0.046600  0.646190  0.115192 -0.016057  0.028439  0.028439  0.004342  0.000181 -0.047054  0.010847  2.214020 -0.012594  4.237697 -0.329752  0.000000  0.000000  0.000000  0.000000 -0.002215 -0.002215
46.224000 -0.043457  0.664699  0.044220  0.047452  1.360127  0.002846 -0.240222  0.387754  0.046600  0.646190  0.115192 -0.016057  0.027324  0.027324  0.026482  0.000055 -0.004677  0.007550 -0.136445 -0.010257  0.080001 -0.274649  0.000000  0.000000  0.000000  0.000000 -0.002128 -0.002128
46.737600 -0.029856  0.664727  0.041818  0.051329  1.290049 -0.002422 -0.199134  0.246695  0.046600  0.646190  0.115192 -0.016057  0.026252  0.026252  0.025118 -0.000047 -0.003877  0.004803 -0.028717 -0.008261  0.220404 -0.227269  0.000000  0.000000  0.000000  0.000000 -0.002045 -0.002045
47.251200 -0.016955  0.664703  0.039827  0.053796  1.275300 -0.006665 -0.085935  0.129970  0.046600  0.646190  0.115192 -0.016057  0.025223  0.025223  0.024831 -0.000130 -0.001673  0.002531 -0.028088 -0.006561  0.180203 -0.186618  0.000000  0.000000  0.000000  0.000000 -0.001964 -0.001964
47.764800 -0.004202  0.664637  0.038967  0.055096  1.260874 -0.010035  0.006618  0.034122  0.046600  0.646190  0.115192 -0.016057  0.024234  0.024234  0.024550 -0.000195  0.000129  0.000664 -0.027299 -0.005118  0.145836 -0.151825  0.000000  0.000000  0.000000  0.000000 -0.001887 -0.001887
48.278400  0.008407  0.664536  0.039033  0.055437  1.246853 -0.012664  0.081519 -0.043855  0.046600  0.646190  0.115192 -0.016057  0.023284  0.023284  0.024277 -0.000247  0.001587 -0.000854  0.198659  0.221314  0.116540 -0.122124  0.000000  0.000000  0.000000  0.000000 -0.001813 -0.001813
48.792000  0.020875  0.664410  0.039849  0.054999  1.348885  0.101003  0.141374 -0.106578  0.046600  0.646190  0.115192 -0.016057  0.022371  0.022371  0.026263  0.001967  0.002753 -0.002075 -2.743891 -2.739703  0.091645 -0.096846  0.000000  0.000000  0.000000  0.000000 -0.001742 -0.001742
49.305600  0.034364  0.665420  0.041262  0.053933 -0.060378 -1.306108  0.188442 -0.156318  0.046600  0.646190  0.115192 -0.016057  0.021494  0.021494 -0.001176 -0.025430  0.003669 -0.003044  0.051900  3.384500  0.070563 -0.075401  0.000000  0.000000  0.000000  0.000000 -0.001674 -0.001674
49.819200  0.033760  0.652359  0.043147  0.052370 -0.033722  0.432171  0.224683 -0.195044  0.046600  0.646190  0.115192 -0.016057  0.020651  0.020651 -0.000657  0.008415  0.004375 -0.003798  0.038131 -0.304074  0.052781 -0.057278  0.000000  0.000000  0.000000  0.000000 -0.001608 -0.001608
50.332800  0.033423  0.656680  0.045394  0.050419 -0.014138  0.275998  0.251792 -0.224462  0.046600  0.646190  0.115192 -0.016057  0.019841  0.019841 -0.000275  0.005374  0.004902 -0.004370  0.031162 -0.127901  0.037850 -0.042024  0.000000  0.000000  0.000000  0.000000 -0.001545 -0.001545
50.846400  0.033282  0.659440  0.047912  0.048175  0.001867  0.210308  0.271232 -0.246046  0.046600  0.646190  0.115192 -0.016057  0.019063  0.019063  0.000036  0.004095  0.005281 -0.004791  0.025204 -0.107695  0.025378 -0.029249  0.000000  0.000000  0.000000  0.000000 -0.001485 -0.001485
51.360000  0.033300  0.661543  0.050624  0.045714  0.014812  0.154996  0.284266 -0.261068  0.046600  0.646190  0.115192 -0.016057  0.018316  0.018316  0.000288  0.003018  0.005535 -0.005083  0.020127 -0.090250  0.015021 -0.018609  0.000000  0.000000  0.000000  0.000000 -0.001426 -0.001426
51.873600  0.033448  0.663093  0.053467  0.043103  0.025149  0.108644  0.291981 -0.270626  0.046600  0.646190  0.115192 -0.016057  0.017597  0.017597  0.000490  0.002115  0.005685 -0.005269  0.015813 -0.075218  0.006482 -0.009804  0.000000  0.000000  0.000000  0.000000 -0.001371 -0.001371
52.387200  0.033700  0.664180  0.056386  0.040397  0.033271  0.070012  0.295310 -0.275661  0.046600  0.646190  0.115192 -0.016057  0.016907  0.016907  0.000648  0.001363  0.005750 -0.005367  0.012161 -0.062290 -0.000499 -0.002574  0.000000  0.000000  0.000000  0.000000 -0.001317 -0.001317
52.900800  0.034033  0.664880  0.059339  0.037641  0.039517  0.038020  0.295054 -0.276983  0.046600  0.646190  0.115192 -0.016057  0.016245  0.016245  0.000769  0.000740  0.005745 -0.005393  0.009081 -0.051195 -0.006149  0.003308  0.000000  0.000000  0.000000  0.000000 -0.001265 -0.001265
53.414400  0.034428  0.665260  0.062290  0.034871  0.044181  0.011726  0.291896 -0.275284  0.046600  0.646190  0.115192 -0.016057  0.015608  0.015608  0.000860  0.000228  0.005683 -0.005360  0.006495 -0.041696 -0.010664  0.008039  0.000000  0.000000  0.000000  0.000000 -0.001216 -0.001216
53.928000  0.034870  0.665377  0.065209  0.032118  0.047517 -0.009689  0.286418 -0.271155  0.046600  0.646190  0.115192 -0.016057  0.014996  0.014996  0.000925 -0.000189  0.005577 -0.005279  0.004336 -0.033585 -0.014215  0.011791  0.000000  0.000000  0.000000  0.000000 -0.001168 -0.001168
54.441600  0.035345  0.665280  0.068073  0.029406  0.049744 -0.026939  0.279118 -0.265099  0.046600  0.646190  0.115192 -0.016057  0.014408  0.014408  0.000969 -0.000525  0.005435 -0.005162  0.002544 -0.026680 -0.016948  0.014713  0.000000  0.000000  0.000000  0.000000 -0.001122 -0.001122
54.955200  0.035842  0.665011  0.070864  0.026755  0.051051 -0.040641  0.270413 -0.257542  0.046600  0.646190  0.115192 -0.016057  0.013843  0.013843  0.000994 -0.000791  0.005265 -0.005014  0.001066 -0.020819 -0.018993  0.016932  0.000000  0.000000  0.000000  0.000000 -0.001078 -0.001078
55.468800  0.036353  0.664605  0.073568  0.024180  0.051598 -0.051334  0.260658 -0.248846  0.046600  0.646190  0.115192 -0.016057  0.013300  0.013300  0.001005 -0.000999  0.005075 -0.004845 -0.000141 -0.015864 -0.020460  0.018560  0.000000  0.000000  0.000000  0.000000 -0.001036 -0.001036
55.982400  0.036869  0.664091  0.076175  0.021691  0.051526 -0.059482  0.250150 -0.239314  0.046600  0.646190  0.115192 -0.016057  0.012778  0.012778  0.001003 -0.001158  0.004871 -0.004660 -0.001117 -0.011692 -0.021443  0.019693  0.000000  0.000000  0.000000  0.000000 -0.000995 -0.000995
56.496000  0.037384  0.663496  0.078677  0.019298  0.050952 -0.065487  0.239137 -0.229199  0.046600  0.646190  0.115192 -0.016057  0.012277  0.012277  0.000992 -0.001275  0.004656 -0.004463 -0.001897 -0.008195 -0.022025  0.020414  0.000000  0.000000  0.000000  0.000000 -0.000956 -0.000956
57.009600  0.037893  0.662842  0.081068  0.017006  0.049978 -0.069696  0.227825 -0.218715  0.046600  0.646190  0.115192 -0.016057  0.011796  0.011796  0.000973 -0.001357  0.004436 -0.004258 -0.101894  0.111035 -0.298862  0.315358  0.000000  0.000000  0.000000  0.000000 -0.000919 -0.000919
57.523200  0.038393  0.662145  0.083346  0.014819 -0.002355 -0.012668  0.074330 -0.056747  0.046600  0.646190  0.115192 -0.016057  0.011333  0.011333 -0.000046 -0.000247  0.001447 -0.001105 -0.078467  0.092063 -0.238597  0.248748  0.000000  0.000000  0.000000  0.000000 -0.000883 -0.000883
58.036800  0.038370  0.662018  0.084089  0.014252 -0.042656  0.034615 -0.048214  0.071010  0.046600  0.646190  0.115192 -0.016057  0.010889  0.010889 -0.000831  0.000674 -0.000939  0.001383 -0.058873  0.075206 -0.187135  0.192324  0.000000  0.000000  0.000000  0.000000 -0.000848 -0.000848
58.550400  0.037943  0.662364  0.083607  0.014962 -0.072893  0.073241 -0.144326  0.169787  0.046600  0.646190  0.115192 -0.016057  0.010462  0.010462 -0.001419  0.001426 -0.002810  0.003306 -0.042573  0.060292 -0.143363  0.144736  0.000000  0.000000  0.000000  0.000000 -0.000815 -0.000815
59.064000  0.037214  0.663097  0.082164  0.016660 -0.094759  0.104207 -0.217957  0.244123  0.046600  0.646190  0.115192 -0.016057  0.010052  0.010052 -0.001845  0.002029 -0.004244  0.004753 -0.029098  0.047155 -0.106298  0.104799  0.000000  0.000000  0.000000  0.000000 -0.000783 -0.000783
59.577600  0.036267  0.664139  0.079984  0.019101 -0.109703  0.128426 -0.272552  0.297948  0.046600  0.646190  0.115192 -0.016057  0.009658  0.009658 -0.002136  0.002501 -0.005307  0.005801 -0.018038  0.035640 -0.075074  0.071477  0.000000  0.000000  0.000000  0.000000 -0.000752 -0.000752
60.091200  0.035170  0.665423  0.077259  0.022080 -0.118968  0.146731 -0.311110  0.334659  0.046600  0.646190  0.115192 -0.016057  0.009279  0.009279 -0.002316  0.002857 -0.006057  0.006516 -0.009040  0.025599 -0.048926  0.043861  0.000000  0.000000  0.000000  0.000000 -0.000723 -0.000723
60.604800  0.033980  0.666890  0.074148  0.025427 -0.123611  0.159879 -0.336239  0.357186  0.046600  0.646190  0.115192 -0.016057  0.008915  0.008915 -0.002407  0.003113 -0.006547  0.006955 -0.001794  0.016894 -0.027180  0.021154  0.000000  0.000000  0.000000  0.000000 -0.000694 -0.000694
61.118400  0.032744  0.668489  0.070785  0.028999 -0.124532  0.168556 -0.350198  0.368050  0.046600  0.646190  0.115192 -0.016057  0.008566  0.008566 -0.002425  0.003282 -0.006819  0.007166  0.003964  0.009396 -0.009244  0.002662  0.000000  0.000000  0.000000  0.000000 -0.000667 -0.000667
61.632000  0.031498  0.670174  0.067283  0.032679 -0.122496  0.173381 -0.354946  0.369417  0.046600  0.646190  0.115192 -0.016057  0.008230  0.008230 -0.002385  0.003376 -0.006911  0.007193  0.008465  0.002986  0.005403 -0.012221  0.000000  0.000000  0.000000  0.000000 -0.000641 -0.000641
62.145600  0.030273  0.671908  0.063734  0.036373 -0.118149  0.174915 -0.352171  0.363141  0.046600  0.646190  0.115192 -0.016057  0.007907  0.007907 -0.002300  0.003406 -0.006857  0.007070  0.011910 -0.002449  0.017219 -0.024025  0.000000  0.000000  0.000000  0.000000 -0.000616 -0.000616
62.659200  0.029092  0.673657  0.060212  0.040005 -0.112032  0.173657 -0.343327  0.350802  0.046600  0.646190  0.115192 -0.016057  0.007597  0.007597 -0.002181  0.003381 -0.006685  0.006830  0.014468 -0.007010  0.026604 -0.033209  0.000000  0.000000  0.000000  0.000000 -0.000592 -0.000592
63.172800  0.027972  0.675394  0.056779  0.043513 -0.104601  0.170057 -0.329663  0.333745  0.046600  0.646190  0.115192 -0.016057  0.007299  0.007299 -0.002037  0.003311 -0.006419  0.006498  0.016287 -0.010792  0.033910 -0.040175  0.000000  0.000000  0.000000  0.000000 -0.000568 -0.000568
63.686400  0.026926  0.677095  0.053482  0.046850 -0.096236  0.164515 -0.312247  0.313111  0.046600  0.646190  0.115192 -0.016057  0.007013  0.007013 -0.001874  0.003203 -0.006080  0.006096  0.017495 -0.013882  0.039445 -0.045270  0.000000  0.000000  0.000000  0.000000 -0.000546 -0.000546
64.200000  0.025963  0.678740  0.050360  0.049981 -0.087251  0.157385 -0.291988  0.289861  0.046600  0.646190  0.115192 -0.016057  0.006738  0.006738 -0.001699  0.003064 -0.005685  0.005644  0.018199 -0.016360  0.043476 -0.048794  0.000000  0.000000  0.000000  0.000000 -0.000525 -0.000525
64.713600  0.025091  0.680314  0.047440  0.052880 -0.077904  0.148982 -0.269659  0.264800  0.046600  0.646190  0.115192 -0.016057  0.006474  0.006474 -0.001517  0.002901 -0.005250  0.005156  0.018493 -0.018298  0.046239 -0.051008  0.000000  0.000000  0.000000  0.000000 -0.000504 -0.000504
65.227200  0.024312  0.681803  0.044743  0.055528 -0.068405  0.139584 -0.245911  0.238602  0.046600  0.646190  0.115192 -0.016057  0.006220  0.006220 -0.001332  0.002718 -0.004788  0.004646  0.018455 -0.019762  0.047936 -0.052138  0.000000  0.000000  0.000000  0.000000 -0.000484 -0.000484
65.740800  0.023628  0.683199  0.042284  0.057914 -0.058927  0.129434 -0.221291  0.211824  0.046600  0.646190  0.115192 -0.016057  0.005976  0.005976 -0.001147  0.002520 -0.004309  0.004124  0.018153 -0.020813  0.048745 -0.052377  0.000000  0.000000  0.000000  0.000000 -0.000465 -0.000465
66.254400  0.023038  0.684494  0.040071  0.060032 -0.049603  0.118745 -0.196255  0.184923  0.046600  0.646190  0.115192 -0.016057  0.005742  0.005742 -0.000966  0.002312 -0.003821  0.003601  0.017644 -0.021503  0.048820 -0.051890  0.000000  0.000000  0.000000  0.000000 -0.000447 -0.000447
66.768000  0.022542  0.685681  0.038109  0.061882 -0.040541  0.107701 -0.171181  0.158273  0.046600  0.646190  0.115192 -0.016057  0.005517  0.005517 -0.000789  0.002097 -0.003333  0.003082  0.016975 -0.021883  0.048292 -0.050821  0.000000  0.000000  0.000000  0.000000 -0.000430 -0.000430
67.281600  0.022137  0.686758  0.036397  0.063464 -0.031823  0.096461 -0.146378  0.132171  0.046600  0.646190  0.115192 -0.016057  0.005300  0.005300 -0.000620  0.001878 -0.002850  0.002573  0.016187 -0.021997  0.047278 -0.049292  0.000000  0.000000  0.000000  0.000000 -0.000413 -0.000413
67.795200  0.021819  0.687723  0.034933  0.064786 -0.023510  0.085164 -0.122097  0.106855  0.046600  0.646190  0.115192 -0.016057  0.005092  0.005092 -0.000458  0.001658 -0.002377  0.002081  0.015313 -0.021883  0.045875 -0.047405  0.000000  0.000000  0.000000  0.000000 -0.000397 -0.000397
68.308800  0.021584  0.688574  0.033712  0.065855 -0.015645  0.073925 -0.098535  0.082507  0.046600  0.646190  0.115192 -0.016057  0.004893  0.004893 -0.000305  0.001439 -0.001919  0.001606  0.014382 -0.021578  0.044167 -0.045250  0.000000  0.000000  0.000000  0.000000 -0.000381 -0.000381
68.822400  0.021427  0.689314  0.032727  0.066680 -0.008258  0.062842 -0.075851  0.059267  0.046600  0.646190  0.115192 -0.016057  0.004701  0.004701 -0.000161  0.001224 -0.001477  0.001154  0.013416 -0.021112  0.042227 -0.042900  0.000000  0.000000  0.000000  0.000000 -0.000366 -0.000366
69.336000  0.021345  0.689942  0.031968  0.067272 -0.001368  0.051999 -0.054163  0.037233  0.046600  0.646190  0.115192 -0.016057  0.004517  0.004517 -0.000027  0.001012 -0.001055  0.000725  0.012436 -0.020515  0.040117 -0.040417  0.000000  0.000000  0.000000  0.000000 -0.000352 -0.000352
69.849600  0.021331  0.690462  0.031427  0.067645  0.005019  0.041463 -0.033559  0.016475  0.046600  0.646190  0.115192 -0.016057  0.004339  0.004339  0.000098  0.000807 -0.000653  0.000321  0.011455 -0.019810  0.037889 -0.037854  0.000000  0.000000  0.000000  0.000000 -0.000338 -0.000338
70.363200  0.021381  0.690877  0.031091  0.067809  0.010902  0.031288 -0.014100 -0.002966  0.046600  0.646190  0.115192 -0.016057  0.004169  0.004169  0.000212  0.000609 -0.000275 -0.000058  0.010486 -0.019020  0.035585 -0.035253  0.000000  0.000000  0.000000  0.000000 -0.000325 -0.000325
70.876800  0.021490  0.691190  0.030950  0.067780  0.016288  0.021520  0.004177 -0.021073  0.046600  0.646190  0.115192 -0.016057  0.004006  0.004006  0.000317  0.000419  0.000081 -0.000410  0.009540 -0.018164  0.033244 -0.032651  0.000000  0.000000  0.000000  0.000000 -0.000312 -0.000312
71.390400  0.021653  0.691405  0.030992  0.067569  0.021188  0.012190  0.021251 -0.037842  0.046600  0.646190  0.115192 -0.016057  0.003849  0.003849  0.000413  0.000237  0.000414 -0.000737  0.008624 -0.017260  0.030896 -0.030076  0.000000  0.000000  0.000000  0.000000 -0.000300 -0.000300
71.904000  0.021865  0.691527  0.031205  0.067191  0.025617  0.003326  0.037119 -0.053289  0.046600  0.646190  0.115192 -0.016057  0.003698  0.003698  0.000499  0.000065  0.000723 -0.001038  0.007743 -0.016321  0.028565 -0.027552  0.000000  0.000000  0.000000  0.000000 -0.000288 -0.000288
72.417600  0.022121  0.691560  0.031576  0.066658  0.029594 -0.005057  0.051790 -0.067440  0.046600  0.646190  0.115192 -0.016057  0.003553  0.003553  0.000576 -0.000098  0.001008 -0.001313  0.006901 -0.015361  0.026273 -0.025097  0.000000  0.000000  0.000000  0.000000 -0.000277 -0.000277
72.931200  0.022417  0.691509  0.032094  0.065983  0.033138 -0.012946  0.065284 -0.080329  0.046600  0.646190  0.115192 -0.016057  0.003414  0.003414  0.000645 -0.000252  0.001271 -0.001564  0.006102 -0.014390  0.024036 -0.022725  0.000000  0.000000  0.000000  0.000000 -0.000266 -0.000266
73.444800  0.022748  0.691380  0.032746  0.065180  0.036272 -0.020337  0.077629 -0.092001  0.046600  0.646190  0.115192 -0.016057  0.003280  0.003280  0.000706 -0.000396  0.001511 -0.001791  0.005348 -0.013419  0.021867 -0.020447  0.000000  0.000000  0.000000  0.000000 -0.000255 -0.000255
73.958400  0.023111  0.691176  0.033523  0.064260  0.039019 -0.027229  0.088860 -0.102503  0.046600  0.646190  0.115192 -0.016057  0.003151  0.003151  0.000760 -0.000530  0.001730 -0.001996  0.004639 -0.012455  0.019776 -0.018272  0.000000  0.000000  0.000000  0.000000 -0.000245 -0.000245
74.472000  0.023501  0.690904  0.034411  0.063235  0.041402 -0.033626  0.099017 -0.111887  0.046600  0.646190  0.115192 -0.016057  0.003028  0.003028  0.000806 -0.000655  0.001928 -0.002178  0.003976 -0.011504  0.017771 -0.016204  0.000000  0.000000  0.000000  0.000000 -0.000236 -0.000236
74.985600  0.023915  0.690568  0.035402  0.062116  0.043444 -0.039534  0.108144 -0.120209  0.046600  0.646190  0.115192 -0.016057  0.002909  0.002909  0.000846 -0.000770  0.002106 -0.002341  0.003358 -0.010574  0.015858 -0.014247  0.000000  0.000000  0.000000  0.000000 -0.000227 -0.000227
75.499200  0.024350  0.690173  0.036483  0.060914  0.045169 -0.044965  0.116289 -0.127527  0.046600  0.646190  0.115192 -0.016057  0.002795  0.002795  0.000879 -0.000875  0.002264 -0.002483  0.002785 -0.009668  0.014039 -0.012403  0.000000  0.000000  0.000000  0.000000 -0.000218 -0.000218
76.012800  0.024802  0.689723  0.037646  0.059639  0.046600 -0.049930  0.123500 -0.133897  0.046600  0.646190  0.115192 -0.016057  0.002685  0.002685  0.000907 -0.000972  0.002405 -0.002607  0.002256 -0.008789  0.012318 -0.010672  0.000000  0.000000  0.000000  0.000000 -0.000209 -0.000209
76.526400  0.025268  0.689224  0.038881  0.058300  0.047758 -0.054445  0.129826 -0.139378  0.046600  0.646190  0.115192 -0.016057  0.002580  0.002580  0.000930 -0.001060  0.002528 -0.002714  0.001768 -0.007942  0.010695 -0.009052  0.000000  0.000000  0.000000  0.000000 -0.000201 -0.000201
77.040000  0.025745  0.688679  0.040179  0.056906  0.048666 -0.058524  0.135319 -0.144027  0.046600  0.646190  0.115192 -0.016057  0.002479  0.002479  0.000948 -0.001139  0.002635 -0.002804  0.001320 -0.007128  0.009169 -0.007542  0.000000  0.000000  0.000000  0.000000 -0.000193 -0.000193