 0.000000  0.046600  0.646190  0.115192 -0.016057  0.000000  0.000000  0.000000  0.000000  0.000000  0.000000  0.000000  0.000000
 0.513600  0.046600  0.646190  0.115192 -0.016057  0.000000  0.000000  0.000000  0.000000  0.000000  0.000000  0.000000  0.000000
 1.027200  0.046600  0.646190  0.115192 -0.016057  0.000000  0.000000  0.000000  0.000000  0.000000 -0.000000  0.000000  0.000000
 1.540800  0.046600  0.646190  0.115192 -0.016057  0.000000 -0.000000  0.000000  0.000000  0.000000 -0.000000  0.000000  0.000000
 2.054400  0.046600  0.646190  0.115192 -0.016057  0.000000 -0.000000  0.000000  0.000000  0.000000 -0.000000  0.000000  0.000000
 2.568000  0.046600  0.646190  0.115192 -0.016057  0.000000 -0.000000  0.000000  0.000000  0.000000 -0.000000  0.000000  0.000000
 3.081600  0.046600  0.646190  0.115192 -0.016057  0.000000 -0.000000  0.000000  0.000000  0.000000 -0.000000  0.000000  0.000000
 3.595200  0.046600  0.646190  0.115192 -0.016057  0.000000 -0.000000  0.000000  0.000000  0.000000 -0.000000  0.000000  0.000000
 4.108800  0.046600  0.646190  0.115192 -0.016057  0.000000 -0.000000  0.000000  0.000000  0.000000 -0.000000  0.000000  0.000000
 4.622400  0.046600  0.646190  0.115192 -0.016057  0.000000 -0.000000  0.000000  0.000000  0.000000 -0.002220 -0.000000  0.000000
 5.136000  0.046600  0.646190  0.115192 -0.016057  0.000000 -0.001140 -0.000000  0.000000  0.000443  0.055358 -0.000000  0.000000
 5.649600  0.046600  0.645604  0.115192 -0.016057  0.000227  0.027292 -0.000000  0.000000 -0.062454 -0.064769 -0.000000  0.000000
 6.163200  0.046717  0.659621  0.115192 -0.016057 -0.031849 -0.005974 -0.000000  0.000000  0.006431  0.004522 -0.000000  0.000000
 6.676800  0.030359  0.656553  0.115192 -0.016057 -0.028546 -0.003651 -0.000000  0.000000  0.003195  0.001552 -0.000000 -0.000000
 7.190400  0.015698  0.654678  0.115192 -0.016057 -0.026905 -0.002854 -0.000000 -0.000000  0.002722  0.001313 -0.000000 -0.000000
 7.704000  0.001879  0.653213  0.115192 -0.016057 -0.025507 -0.002179 -0.000000 -0.000000  0.002312  0.001106 -0.000000 -0.000000
 8.217600 -0.011221  0.652093  0.115192 -0.016057 -0.024319 -0.001611 -0.000000 -0.000000  0.002918  0.000927  0.001677 -0.000000
 8.731200 -0.023712  0.651266  0.115192 -0.016057 -0.022821 -0.001135  0.000861 -0.000000  0.029036  0.000773  0.047799 -0.000000
 9.244800 -0.035432  0.650683  0.115634 -0.016057 -0.007908 -0.000738  0.025411 -0.000000  0.004038  0.000641  0.004631 -0.000000
 9.758400 -0.039494  0.650304  0.128685 -0.016057 -0.005834 -0.000409  0.027789 -0.000000  0.003390  0.000527  0.006235 -0.002335
10.272000 -0.042490  0.650094  0.142958 -0.016057 -0.004093 -0.000138  0.030991 -0.001199  0.002825  0.000429 -0.138792  0.142048
10.785600 -0.044592  0.650023  0.158875 -0.016673 -0.002642  0.000082 -0.040292  0.071756  0.002340  0.000346  0.016787 -0.014079
11.299200 -0.045949  0.650065  0.138181  0.020181 -0.001440  0.000260 -0.031670  0.064526  0.001923  0.000275  0.013711 -0.011480
11.812800 -0.046688  0.650199  0.121915  0.053321 -0.000452  0.000401 -0.024629  0.058630  0.001567  0.000215  0.011585 -0.009761
12.326400 -0.046920  0.650405  0.109265  0.083434  0.000353  0.000512 -0.018678  0.053616  0.001262  0.000164  0.009748 -0.008269
12.840000 -0.046739  0.650668  0.099672  0.110971  0.001001  0.000596 -0.013672  0.049370  0.001003  0.000122  0.008162 -0.006982
13.353600 -0.046225  0.650974  0.092650  0.136327  0.001516  0.000659 -0.009480  0.045784  0.000783  0.000086  0.006796 -0.005864
13.867200 -0.045446  0.651312  0.087782  0.159842  0.001918  0.000703 -0.005990  0.042772  0.000597  0.000055  0.005621 -0.004906
14.380800 -0.044461  0.651673  0.084705  0.181809  0.002225  0.000731 -0.003103  0.040253  0.000440 -0.001448  0.004614 -0.001496
14.894400 -0.043318  0.652049  0.083112  0.202483  0.002451 -0.000012 -0.000733  0.039484  0.000308  0.024109  0.003750 -0.045417
15.408000 -0.042060  0.652043  0.082735  0.222762  0.002609  0.012370  0.001193  0.016158 -0.001899  0.005516  0.000399 -0.006640
15.921600 -0.040720  0.658396  0.083348  0.231061  0.001633  0.015203  0.001398  0.012748  0.014564 -0.008494  0.020410 -0.027096
16.435200 -0.039881  0.666204  0.084066  0.237608  0.009113  0.010841  0.011880 -0.001169  0.005940 -0.002103  0.009221 -0.014371
16.948800 -0.035200  0.671772  0.090168  0.237008  0.012164  0.009761  0.016616 -0.008549  0.004968 -0.001823  0.007636 -0.011999
17.462400 -0.028952  0.676785  0.098701  0.232617  0.014716  0.008824  0.020538 -0.014712  0.004127 -0.001573  0.006277 -0.009946
17.976000 -0.021394  0.681317  0.109250  0.225061  0.016836  0.008016  0.023762 -0.019821  0.003405 -0.001357  0.005101 -0.008192
18.489600 -0.012747  0.685435  0.121454  0.214881  0.018584  0.007319  0.026381 -0.024028  0.002785 -0.001166  0.004103 -0.006686
19.003200 -0.003203  0.689194  0.135003  0.202540  0.020015  0.006721  0.028489 -0.027462  0.002256 -0.001002  0.003254 -0.005395
19.516800  0.007077  0.692645  0.149635  0.188436  0.021173  0.006206  0.030160 -0.030233  0.001804 -0.000858  0.002534 -0.004302
20.030400  0.017952  0.695833  0.165126  0.172908  0.022100  0.005765  0.031462 -0.032443  0.001420 -0.000734  0.001926 -0.003371
20.544000  0.029302  0.698794  0.181284  0.156245  0.022830  0.005389  0.032451 -0.034174  0.001095 -0.000625  0.001413 -0.002580
21.057600  0.041027  0.701561  0.197951  0.138693  0.023392  0.005068  0.033177 -0.035499  0.000821 -0.000531  0.000984 -0.001916
21.571200  0.053042  0.704164  0.214991  0.120461  0.023814  0.004795  0.033682 -0.036483  0.000591 -0.000450  0.000627 -0.001364
22.084800  0.065273  0.706627  0.232290  0.101723  0.024117  0.004564  0.034004 -0.037184  0.000398 -0.000379  0.000331 -0.000895
22.598400  0.077659  0.708971  0.249755  0.082626  0.024322  0.004369  0.034174 -0.037644  0.000239 -0.000318  0.000089 -0.000510
23.112000  0.090151  0.711215  0.267306  0.063292  0.024445  0.004206  0.034220 -0.037906  0.000107 -0.000264 -0.000101 -0.000196
23.625600  0.102706  0.713375  0.284882  0.043823  0.024499  0.004070  0.034168 -0.038006 -0.000001 -0.000220 -0.000270  0.000066
24.139200  0.115289  0.715465  0.302430  0.024303  0.024499  0.003957  0.034029 -0.037972 -0.000089 -0.000179 -0.000396  0.000276
24.652800  0.127871  0.717498  0.319908  0.004801  0.024453  0.003865  0.033826 -0.037831 -0.000159 -0.000147 -0.000494  0.000440
25.166400  0.140431  0.719483  0.337281 -0.014629  0.024372  0.003789  0.033572 -0.037604 -0.000214 -0.000118 -0.000568  0.000572
25.680000  0.152948  0.721429  0.354523 -0.033943  0.024262  0.003729  0.033280 -0.037311  0.000257  0.000003  0.000017 -0.000008
26.193600  0.165409  0.723344  0.371616 -0.053105  0.024394  0.003730  0.033289 -0.037315 -0.096649 -0.018432 -0.120791  0.128883
26.707200  0.177938  0.725260  0.388713 -0.072270 -0.025245 -0.005736 -0.028749  0.028879  0.011078  0.002113  0.013512 -0.014346
27.220800  0.164972  0.722313  0.373948 -0.057438 -0.019555 -0.004651 -0.021809  0.021511  0.008943  0.001723  0.010857 -0.011492
27.734400  0.154929  0.719925  0.362747 -0.046390 -0.014962 -0.003766 -0.016233  0.015609  0.009042  0.001756  0.010988 -0.011616
28.248000  0.147244  0.717990  0.354409 -0.038373 -0.010318 -0.002864 -0.010589  0.009643 -0.074867 -0.014216 -0.093614  0.099976
28.761600  0.141945  0.716519  0.348971 -0.033420 -0.048770 -0.010166 -0.058670  0.060991  0.013191  0.002567  0.016183 -0.017136
29.275200  0.116896  0.711298  0.318838 -0.002095 -0.041995 -0.008847 -0.050358  0.052190  0.010886  0.002133  0.013320 -0.014079
29.788800  0.095328  0.706754  0.292974  0.024709 -0.036404 -0.007752 -0.043517  0.044958  0.009137  0.001805  0.011151 -0.011756
30.302400  0.076630  0.702773  0.270624  0.047800 -0.031712 -0.006825 -0.037790  0.038920  0.007629  0.001520  0.009283 -0.009764
30.816000  0.060343  0.699268  0.251216  0.067789 -0.027793 -0.006044 -0.033022  0.033905  0.006331  0.001275  0.007676 -0.008053
31.329600  0.046069  0.696164  0.234255  0.085203 -0.024542 -0.005389 -0.029079  0.029769  0.005217  0.001063  0.006305 -0.006583
31.843200  0.033464  0.693396  0.219320  0.100493 -0.021863 -0.004843 -0.025841  0.026388  0.004262  0.000882  0.005118 -0.005328
32.356800  0.022235  0.690908  0.206048  0.114045 -0.019674 -0.004390 -0.023212  0.023652  0.003446  0.000726  0.004112 -0.004262
32.870400  0.012131  0.688653  0.194126  0.126193 -0.017904 -0.004017 -0.021100  0.021463  0.002750  0.000592  0.003256 -0.003349
33.384000  0.002935  0.686590  0.183289  0.137216 -0.016492 -0.003713 -0.019428  0.019742  0.002159  0.000479  0.002530 -0.002578
33.897600 -0.005535  0.684683  0.173311  0.147356 -0.015383 -0.003467 -0.018128  0.018419  0.001659  0.000380  0.001917 -0.001933
34.411200 -0.013436  0.682902  0.164000  0.156815 -0.014531 -0.003272 -0.017144  0.017426  0.001237  0.000298  0.001401 -0.001384
34.924800 -0.020898  0.681222  0.155195  0.165765 -0.013895 -0.003119 -0.016424  0.016715  0.000883  0.000227  0.000969 -0.000927
35.438400 -0.028035  0.679620  0.146760  0.174350 -0.013441 -0.003003 -0.015926  0.016239  0.000588  0.000169  0.000610 -0.000554
35.952000 -0.034939  0.678078  0.138580  0.182690 -0.013140 -0.002916 -0.015613  0.015954  0.000342  0.000118  0.000312 -0.000242
36.465600 -0.041687  0.676580  0.130561  0.190884 -0.012964 -0.002855 -0.015453  0.015830  0.000140  0.000078  0.000068  0.000019
36.979200 -0.048345  0.675113  0.122625  0.199014 -0.012892 -0.002816 -0.015418  0.015839 -0.000025  0.000043 -0.000122  0.000221
37.492800 -0.054966  0.673667  0.114706  0.207150 -0.012904 -0.002793 -0.015480  0.015953 -0.000158  0.000016 -0.000291  0.000386
38.006400 -0.061594  0.672233  0.106756  0.215343 -0.012986 -0.002785 -0.015630  0.016151 -0.000278  0.000004 -0.000433  0.000539
38.520000 -0.068263  0.670802  0.098728  0.223638 -0.013128 -0.002783 -0.015852  0.016428  0.030823 -0.025261  0.038346 -0.040845
39.033600 -0.075006  0.669373  0.090587  0.232076  0.002703 -0.015757  0.003843 -0.004550  0.001017 -0.001224  0.001194 -0.001163
39.547200 -0.073618  0.661280  0.092560  0.229739  0.003225 -0.016386  0.004456 -0.005147  0.001156  0.042142  0.001372 -0.077322
40.060800 -0.071962  0.652864  0.094849  0.227095  0.003819  0.005258  0.005161 -0.044860  0.000862 -0.002537  0.001011  0.001380
40.574400 -0.070000  0.655565  0.097499  0.204055  0.004261  0.003956  0.005680 -0.044152  0.000615 -0.001372  0.000708 -0.000024
41.088000 -0.067812  0.657596  0.100417  0.181378  0.004577  0.003251  0.006044 -0.044164  0.000409 -0.001175  0.000456  0.000156
41.601600 -0.065461  0.659266  0.103521  0.158696  0.004788  0.002647  0.006278 -0.044083  0.000238 -0.001003  0.000247  0.000311
42.115200 -0.063002  0.660625  0.106745  0.136055  0.004910  0.002132  0.006405 -0.043924  0.000097 -0.000854  0.000076  0.000423
42.628800 -0.060480  0.661721  0.110035  0.113496  0.004960  0.001694  0.006444 -0.043706 -0.000018 -0.000725 -0.000064  0.000512
43.142400 -0.057933  0.662590  0.113345  0.091048  0.004951  0.001321  0.006411 -0.043443 -0.000111 -0.000613 -0.000177  0.000587
43.656000 -0.055390  0.663269  0.116638  0.068735  0.004894  0.001007  0.006320 -0.043142 -0.000185 -0.000516  0.002334 -0.001970
44.169600 -0.052877  0.663786  0.119884  0.046578  0.004799  0.000742  0.007519 -0.044154 -0.000243 -0.000432 -0.125014  0.125345
44.683200 -0.050412  0.664167  0.123745  0.023900  0.004674  0.000520 -0.056688  0.020224 -0.000288 -0.000360  0.010887 -0.010591
45.196800 -0.048011  0.664434  0.094630  0.034287  0.004526  0.000335 -0.051097  0.014784 -0.000358 -0.000298  0.007871 -0.007666
45.710400 -0.045687  0.664606  0.068387  0.041881  0.004342  0.000181 -0.047054  0.010847  0.043108 -0.000245  0.082510 -0.006420
46.224000 -0.043457  0.664699  0.044220  0.047452  0.026482  0.000055 -0.004677  0.007550 -0.002657 -0.000200  0.001558 -0.005348
46.737600 -0.029856  0.664727  0.041818  0.051329  0.025118 -0.000047 -0.003877  0.004803 -0.000559 -0.000161  0.004291 -0.004425
47.251200 -0.016955  0.664703  0.039827  0.053796  0.024831 -0.000130 -0.001673  0.002531 -0.000547 -0.000128  0.003509 -0.003634
47.764800 -0.004202  0.664637  0.038967  0.055096  0.024550 -0.000195  0.000129  0.000664 -0.000532 -0.000100  0.002839 -0.002956
48.278400  0.008407  0.664536  0.039033  0.055437  0.024277 -0.000247  0.001587 -0.000854  0.003868  0.004309  0.002269 -0.002378
48.792000  0.020875  0.664410  0.039849  0.054999  0.026263  0.001967  0.002753 -0.002075 -0.053425 -0.053343  0.001784 -0.001886
49.305600  0.034364  0.665420  0.041262  0.053933 -0.001176 -0.025430  0.003669 -0.003044  0.001011  0.065898  0.001374 -0.001468
49.819200  0.033760  0.652359  0.043147  0.052370 -0.000657  0.008415  0.004375 -0.003798  0.000742 -0.005920  0.001028 -0.001115
50.332800  0.033423  0.656680  0.045394  0.050419 -0.000275  0.005374  0.004902 -0.004370  0.000607 -0.002490  0.000737 -0.000818
50.846400  0.033282  0.659440  0.047912  0.048175  0.000036  0.004095  0.005281 -0.004791  0.000491 -0.002097  0.000494 -0.000569
51.360000  0.033300  0.661543  0.050624  0.045714  0.000288  0.003018  0.005535 -0.005083  0.000392 -0.001757  0.000292 -0.000362
51.873600  0.033448  0.663093  0.053467  0.043103  0.000490  0.002115  0.005685 -0.005269  0.000308 -0.001465  0.000126 -0.000191
52.387200  0.033700  0.664180  0.056386  0.040397  0.000648  0.001363  0.005750 -0.005367  0.000237 -0.001213 -0.000010 -0.000050
52.900800  0.034033  0.664880  0.059339  0.037641  0.000769  0.000740  0.005745 -0.005393  0.000177 -0.000997 -0.000120  0.000064
53.414400  0.034428  0.665260  0.062290  0.034871  0.000860  0.000228  0.005683 -0.005360  0.000126 -0.000812 -0.000208  0.000157
53.928000  0.034870  0.665377  0.065209  0.032118  0.000925 -0.000189  0.005577 -0.005279  0.000084 -0.000654 -0.000277  0.000230
54.441600  0.035345  0.665280  0.068073  0.029406  0.000969 -0.000525  0.005435 -0.005162  0.000050 -0.000519 -0.000330  0.000286
54.955200  0.035842  0.665011  0.070864  0.026755  0.000994 -0.000791  0.005265 -0.005014  0.000021 -0.000405 -0.000370  0.000330
55.468800  0.036353  0.664605  0.073568  0.024180  0.001005 -0.000999  0.005075 -0.004845 -0.000003 -0.000309 -0.000398  0.000361
55.982400  0.036869  0.664091  0.076175  0.021691  0.001003 -0.001158  0.004871 -0.004660 -0.000022 -0.000228 -0.000418  0.000383
56.496000  0.037384  0.663496  0.078677  0.019298  0.000992 -0.001275  0.004656 -0.004463 -0.000037 -0.000160 -0.000429  0.000397
57.009600  0.037893  0.662842  0.081068  0.017006  0.000973 -0.001357  0.004436 -0.004258 -0.001984  0.002162 -0.005819  0.006140
57.523200  0.038393  0.662145  0.083346  0.014819 -0.000046 -0.000247  0.001447 -0.001105 -0.001528  0.001793 -0.004646  0.004843
58.036800  0.038370  0.662018  0.084089  0.014252 -0.000831  0.000674 -0.000939  0.001383 -0.001146  0.001464 -0.003644  0.003745
58.550400  0.037943  0.662364  0.083607  0.014962 -0.001419  0.001426 -0.002810  0.003306 -0.000829  0.001174 -0.002791  0.002818
59.064000  0.037214  0.663097  0.082164  0.016660 -0.001845  0.002029 -0.004244  0.004753 -0.000567  0.000918 -0.002070  0.002040
59.577600  0.036267  0.664139  0.079984  0.019101 -0.002136  0.002501 -0.005307  0.005801 -0.000351  0.000694 -0.001462  0.001392
60.091200  0.035170  0.665423  0.077259  0.022080 -0.002316  0.002857 -0.006057  0.006516 -0.000176  0.000498 -0.000953  0.000854
60.604800  0.033980  0.666890  0.074148  0.025427 -0.002407  0.003113 -0.006547  0.006955 -0.000035  0.000329 -0.000529  0.000412
61.118400  0.032744  0.668489  0.070785  0.028999 -0.002425  0.003282 -0.006819  0.007166  0.000077  0.000183 -0.000180  0.000052
61.632000  0.031498  0.670174  0.067283  0.032679 -0.002385  0.003376 -0.006911  0.007193  0.000165  0.000058  0.000105 -0.000238
62.145600  0.030273  0.671908  0.063734  0.036373 -0.002300  0.003406 -0.006857  0.007070  0.000232 -0.000048  0.000335 -0.000468
62.659200  0.029092  0.673657  0.060212  0.040005 -0.002181  0.003381 -0.006685  0.006830  0.000282 -0.000136  0.000518 -0.000647
63.172800  0.027972  0.675394  0.056779  0.043513 -0.002037  0.003311 -0.006419  0.006498  0.000317 -0.000210  0.000660 -0.000782
63.686400  0.026926  0.677095  0.053482  0.046850 -0.001874  0.003203 -0.006080  0.006096  0.000341 -0.000270  0.000768 -0.000881
64.200000  0.025963  0.678740  0.050360  0.049981 -0.001699  0.003064 -0.005685  0.005644  0.000354 -0.000319  0.000846 -0.000950
64.713600  0.025091  0.680314  0.047440  0.052880 -0.001517  0.002901 -0.005250  0.005156  0.000360 -0.000356  0.000900 -0.000993
65.227200  0.024312  0.681803  0.044743  0.055528 -0.001332  0.002718 -0.004788  0.004646  0.000359 -0.000385  0.000933 -0.001015
65.740800  0.023628  0.683199  0.042284  0.057914 -0.001147  0.002520 -0.004309  0.004124  0.000353 -0.000405  0.000949 -0.001020
66.254400  0.023038  0.684494  0.040071  0.060032 -0.000966  0.002312 -0.003821  0.003601  0.000344 -0.000419  0.000951 -0.001010
66.768000  0.022542  0.685681  0.038109  0.061882 -0.000789  0.002097 -0.003333  0.003082  0.000331 -0.000426  0.000940 -0.000990
67.281600  0.022137  0.686758  0.036397  0.063464 -0.000620  0.001878 -0.002850  0.002573  0.000315 -0.000428  0.000921 -0.000960
67.795200  0.021819  0.687723  0.034933  0.064786 -0.000458  0.001658 -0.002377  0.002081  0.000298 -0.000426  0.000893 -0.000923
68.308800  0.021584  0.688574  0.033712  0.065855 -0.000305  0.001439 -0.001919  0.001606  0.000280 -0.000420  0.000860 -0.000881
68.822400  0.021427  0.689314  0.032727  0.066680 -0.000161  0.001224 -0.001477  0.001154  0.000261 -0.000411  0.000822 -0.000835
69.336000  0.021345  0.689942  0.031968  0.067272 -0.000027  0.001012 -0.001055  0.000725  0.000242 -0.000399  0.000781 -0.000787
69.849600  0.021331  0.690462  0.031427  0.067645  0.000098  0.000807 -0.000653  0.000321  0.000223 -0.000386  0.000738 -0.000737
70.363200  0.021381  0.690877  0.031091  0.067809  0.000212  0.000609 -0.000275 -0.000058  0.000204 -0.000370  0.000693 -0.000686
70.876800  0.021490  0.691190  0.030950  0.067780  0.000317  0.000419  0.000081 -0.000410  0.000186 -0.000354  0.000647 -0.000636
71.390400  0.021653  0.691405  0.030992  0.067569  0.000413  0.000237  0.000414 -0.000737  0.000168 -0.000336  0.000602 -0.000586
71.904000  0.021865  0.691527  0.031205  0.067191  0.000499  0.000065  0.000723 -0.001038  0.000151 -0.000318  0.000556 -0.000536
72.417600  0.022121  0.691560  0.031576  0.066658  0.000576 -0.000098  0.001008 -0.001313  0.000134 -0.000299  0.000512 -0.000489
72.931200  0.022417  0.691509  0.032094  0.065983  0.000645 -0.000252  0.001271 -0.001564  0.000119 -0.000280  0.000468 -0.000442
73.444800  0.022748  0.691380  0.032746  0.065180  0.000706 -0.000396  0.001511 -0.001791  0.000104 -0.000261  0.000426 -0.000398
73.958400  0.023111  0.691176  0.033523  0.064260  0.000760 -0.000530  0.001730 -0.001996  0.000090 -0.000242  0.000385 -0.000356
74.472000  0.023501  0.690904  0.034411  0.063235  0.000806 -0.000655  0.001928 -0.002178  0.000077 -0.000224  0.000346 -0.000315
74.985600  0.023915  0.690568  0.035402  0.062116  0.000846 -0.000770  0.002106 -0.002341  0.000065 -0.000206  0.000309 -0.000277
75.499200  0.024350  0.690173  0.036483  0.060914  0.000879 -0.000875  0.002264 -0.002483  0.000054 -0.000188  0.000273 -0.000241
76.012800  0.024802  0.689723  0.037646  0.059639  0.000907 -0.000972  0.002405 -0.002607  0.000044 -0.000171  0.000240 -0.000208
76.526400  0.025268  0.689224  0.038881  0.058300  0.000930 -0.001060  0.002528 -0.002714  0.000034 -0.000155  0.000208 -0.000176
77.040000  0.025745  0.688679  0.040179  0.056906  0.000948 -0.001139  0.002635 -0.002804  0.000026 -0.000139  0.000179 -0.000147