0 0 0 0 0 0 
0.05 -0.250938 -0.0567474 -0.101393 0.810601 0.856474 
0.1 -0.11759 -0.0173709 -0.0405894 0.437468 0.455167 
0.15 -0.250872 -0.07917 -0.117366 0.82607 0.874869 
0.2 0.00990367 0.0470005 -0.00701851 0.277227 0.281171 
0.25 -0.010123 0.0185107 -0.0262422 0.268721 0.270802 
0.3 -0.102798 -0.010727 -0.0644864 0.556288 0.569444 
0.35 -0.178826 -0.0479336 -0.0961114 0.44866 0.494702 
0.4 -0.160764 -0.0488882 -0.0784053 0.484707 0.518974 
0.45 -0.15764 -0.0343226 -0.0732082 0.52217 0.551384 
0.5 -0.202326 -0.0526009 -0.117637 0.491431 0.546704 
0.55 -0.209028 -0.0475591 -0.104627 0.577118 0.624484 
0.6 -0.103177 -0.0249224 -0.0443884 0.389792 0.406399 
0.65 -0.0999758 -0.0196583 -0.0438851 0.350603 0.367757 
0.7 -0.0674484 -0.0194848 -0.0200254 -0.0137473 0.0718929 
0.75 0.0345063 0.0326581 0.0229295 -0.136299 0.146202 
0.8 0.206071 0.0902506 0.0899612 -0.484858 0.542206 
0.85 -0.00259546 0.016942 -0.01408 0.0594214 0.0538971 
0.9 -0.150307 -0.0106884 -0.0556301 0.463566 0.490622 
0.95 -0.220727 -0.0539422 -0.0723238 0.588883 0.635428 
1 -0.110441 -0.0143565 -0.0242032 0.348146 0.366345 
1.05 -0.119491 -0.0211842 -0.0431363 0.504287 0.520455 
1.1 -0.14319 -0.0199973 -0.0563039 0.508437 0.531583 
1.15 -0.172368 -0.0293368 -0.0659712 0.554649 0.585279 
1.2 -0.32718 -0.0840914 -0.138878 1.01721 1.08081 
1.25 -0.241505 -0.0486605 -0.110533 0.873339 0.914105 
1.3 -0.313475 -0.0967532 -0.13894 1.07775 1.13509 
1.35 -0.337297 -0.0841078 -0.158185 1.1612 1.22237 
1.4 -0.326039 -0.0759995 -0.168348 1.06896 1.13274 
1.45 -0.184522 -0.0446328 -0.0932996 0.652747 0.686289 
1.5 -0.127501 -0.024135 -0.0813737 0.598496 0.617865 
1.55 -0.239285 -0.0681824 -0.138223 0.659723 0.71828 
1.6 -0.0262333 0.0406805 -0.0421107 0.302095 0.308973 
1.65 0.114505 0.0631924 -0.00157405 -0.105709 0.171177 
1.7 0.158989 0.0957186 0.0186302 -0.29296 0.347297 
1.75 -0.194524 -0.0287538 -0.122924 0.653564 0.693912 
1.8 -0.258013 -0.0492865 -0.138445 0.725606 0.784017 
1.85 -0.154941 -0.0161065 -0.10277 0.484855 0.519547 
1.9 -0.0457383 0.0150042 -0.0714432 0.201757 0.221934 
1.95 0.0251166 0.0578039 -0.0371081 -0.00593357 0.0898871 
2 -0.0231685 0.0365208 -0.0432523 0.0518733 0.071903 
2.05 -0.0504697 0.0329911 -0.0553182 0.0942653 0.12633 
2.1 0.0296749 0.0637818 -0.023891 -0.13282 0.15582 
2.15 -0.0539781 0.0404591 -0.0532911 0.19205 0.213139 
2.2 -0.186062 -0.022921 -0.115621 0.274332 0.351291 
2.25 -0.11594 0.0150869 -0.0836958 0.177682 0.228407 
2.3 -0.0279278 0.0346935 -0.0536337 0.101444 0.123985 
2.35 -0.0215093 0.02953 -0.0642211 -0.022211 0.0781985 
2.4 -0.0678633 0.0164133 -0.0615757 0.139032 0.161952 
2.45 -0.0442774 0.0321222 -0.063942 0.103903 0.131089 
2.5 0.0650136 0.0668504 -0.022562 -0.219985 0.239417 
2.55 0.0856998 0.0689039 -0.0130521 -0.155041 0.192702 
2.6 -0.0742225 0.0278715 -0.0733916 0.336719 0.351064 
2.65 -0.24792 -0.0480543 -0.14864 0.724936 0.781842 
2.7 -0.19206 -0.0288179 -0.111352 0.518656 0.565038 
2.75 -0.0548241 0.0112221 -0.07052 0.281223 0.295256 
2.8 -0.0215354 0.0279951 -0.0521168 0.188968 0.198611 
2.85 0.00127558 0.0458977 -0.0305125 0.0808316 0.0995965 
2.9 -0.0433753 0.0264321 -0.0442805 0.131387 0.148259 
2.95 -0.00723873 0.0477949 -0.028867 0.0142877 0.0681972 
3 -0.0365808 0.0290646 -0.0362525 0.113393 0.130115 
3.05 -0.112602 0.000936018 -0.0836874 0.299867 0.331495 
3.1 -0.092352 0.0159517 -0.0764625 0.270386 0.29573 
3.15 -0.0301034 0.0313653 -0.0375582 0.155888 0.166243 
3.2 -0.00047862 0.0232882 -0.0271727 -0.02184 0.0423477 
3.25 -0.0153472 0.0261471 -0.0360313 0.00420254 0.0423654 
3.3 -0.0683905 0.00960467 -0.0579929 0.0467857 0.0933862 
3.35 0.0506796 0.0575329 -0.0173974 -0.0886421 0.141965 
3.4 0.171881 0.0817465 0.0304668 -0.431987 0.473042 
3.45 0.138237 0.0854869 0.0239893 -0.320434 0.360037 
3.5 -0.0578431 0.0319704 -0.0630554 0.308548 0.322872 
3.55 -0.157129 -0.0150493 -0.101664 0.523116 0.557102 
3.6 -0.0866715 0.00639359 -0.0773344 0.434237 0.450247 
3.65 -0.0425136 -0.00376139 -0.0661804 0.246141 0.258504 
3.7 0.0493767 0.050627 -0.0270655 0.105972 0.15063 
3.75 0.0262694 0.0462973 -0.042015 0.0154208 0.0634499 
3.8 -0.0602752 0.0134415 -0.0724262 0.209196 0.229547 
3.85 -0.000602788 0.0413982 -0.0407657 0.141166 0.151831 
3.9 -0.0856609 -0.0041178 -0.0854238 0.222199 0.251883 
3.95 -0.0295903 0.0311641 -0.0565318 0.125569 0.144865 
4 -0.0850339 0.0059414 -0.0774861 0.291913 0.313751 
4.05 -0.10879 0.00764503 -0.0859905 0.396985 0.42139 
4.1 -0.156624 -0.00945326 -0.108248 0.478313 0.514861 
4.15 -0.203769 -0.0127654 -0.123205 0.641907 0.684746 
4.2 -0.254816 -0.0392356 -0.148391 0.864653 0.915194 
4.25 -0.216686 -0.0295218 -0.148416 0.707265 0.755463 
4.3 0.0043307 0.061755 -0.0621326 0.258593 0.273807 
4.35 0.0765189 0.0833368 -0.0295221 0.05622 0.136674 
4.4 -0.062129 0.0298086 -0.0879505 0.473179 0.4842 
4.45 -0.278836 -0.0403394 -0.18223 0.97831 1.03429 
4.5 -0.346782 -0.0778221 -0.226375 0.930654 1.0216 
4.55 -0.228444 -0.0345522 -0.169806 0.822349 0.871015 
4.6 -0.0543134 0.0316333 -0.132943 0.36961 0.397758 
4.65 -0.00054982 0.0573987 -0.11002 0.226488 0.258248 
4.7 -0.102337 0.0129076 -0.145948 0.278512 0.332007 
4.75 -0.130226 0.016338 -0.134737 0.402598 0.443508 
4.8 -0.0388736 0.0467135 -0.0753709 0.0423222 0.100038 
4.85 0.0283424 0.093218 -0.0345198 -0.0742732 0.11582 
4.9 -0.00450783 0.0561099 -0.0655315 -0.130296 0.153654 
4.95 0.0123229 0.0639678 -0.0795458 -0.211296 0.234048 
5 0.18396 0.133824 -0.0109368 -0.553089 0.598295 
5.05 0.211218 0.160278 0.00492826 -0.584609 0.642054 
5.1 0.415496 0.241673 0.0996672 -1.1083 1.21222 
5.15 0.951664 0.454232 0.32035 -2.32845 2.57602 
5.2 2.0368 0.711422 0.704644 -4.84587 5.35119 
5.25 2.46243 0.703588 0.744607 -5.41756 6.03842 
5.3 2.92679 0.800291 0.891384 -6.5017 7.23011 
5.35 2.63119 0.64906 0.735345 -5.39691 6.08369 
5.4 3.42009 0.943207 1.0635 -7.18657 8.08499 
5.45 4.10644 1.16729 1.29346 -8.78955 9.85685 
5.5 3.77934 1.00255 1.08794 -7.63061 8.64288 
5.55 4.3375 1.14744 1.34873 -9.24348 10.363 
5.6 3.98576 0.948033 1.23859 -8.24589 9.29054 
5.65 4.47841 1.13082 1.43608 -9.42731 10.5959 
5.7 4.76515 1.20542 1.52493 -10.1512 11.3813 
5.75 4.44383 1.02025 1.37237 -9.35248 10.4949 
5.8 5.37122 1.36353 1.76418 -11.8292 13.1816 
5.85 6.22254 1.63333 2.09868 -14.1003 15.6399 
5.9 5.27862 1.18847 1.64738 -11.3655 12.6951 
5.95 4.74331 0.898838 1.36425 -10.3905 11.538 
6 3.99161 0.538563 1.03119 -9.00412 9.91769 
6.05 4.36574 0.660699 1.20501 -10.0907 11.0802 
6.1 4.56285 0.679377 1.2886 -10.6783 11.7034 
6.15 4.52766 0.641351 1.28076 -10.4904 11.5152 
6.2 4.18009 0.444891 1.08579 -9.95333 10.859 
6.25 3.44309 0.0963791 0.762797 -8.68772 9.37673 
6.3 3.27515 -0.0159215 0.668715 -8.22235 8.8759 
6.35 3.25452 -0.0210471 0.658684 -8.21177 8.85773 
6.4 3.23704 -0.112358 0.645167 -8.27474 8.9094 
6.45 2.14084 -0.668022 0.204568 -5.97545 6.38596 
6.5 2.23962 -0.691082 0.278637 -6.37719 6.80006 
6.55 1.79098 -0.863801 0.043381 -5.53559 5.88184 
6.6 1.66049 -0.939612 -0.0374965 -5.35388 5.68376 
6.65 1.5166 -1.05761 -0.085295 -5.17443 5.4957 
6.7 1.35429 -1.18563 -0.131785 -5.01223 5.32709 
6.75 0.671429 -1.49835 -0.434673 -3.58675 3.96883 
6.8 0.635093 -1.55066 -0.468848 -3.71012 4.09818 
6.85 0.476359 -1.66383 -0.534077 -3.6401 4.06554 
6.9 -0.310649 -1.99195 -0.876097 -1.65151 2.75112 
6.95 -0.950665 -2.32598 -1.14323 -0.432181 2.79344 
7 -0.436001 -2.12965 -0.907374 -2.04079 3.11449 
7.05 -0.482679 -2.19889 -0.943641 -2.25493 3.32295 
7.1 -0.656616 -2.21785 -1.08748 -1.84227 3.15136 
7.15 -1.35571 -2.52699 -1.41398 -0.517749 3.23946 
7.2 -1.43332 -2.63059 -1.38749 -0.495084 3.33897 
7.25 -1.56333 -2.74109 -1.47381 -0.512792 3.52056 
7.3 -1.873 -2.85294 -1.62237 0.205148 3.78441 
7.35 -1.91795 -2.87977 -1.63598 0.288808 3.83824 
7.4 -2.79892 -3.34369 -2.02468 1.9418 5.18512 
7.45 -3.05295 -3.48943 -2.08977 2.53955 5.68457 
7.5 -3.07264 -3.5256 -2.12011 2.21663 5.59275 
7.55 -3.25094 -3.59627 -2.24279 2.51543 5.90416 
7.6 -3.25223 -3.61479 -2.27226 2.14898 5.78139 
7.65 -3.61874 -3.78738 -2.41487 3.08233 6.54003 
7.7 -3.71806 -3.9136 -2.46001 2.73378 6.53188 
7.75 -4.05391 -4.07167 -2.62593 3.47294 7.20898 
7.8 -4.36975 -4.17761 -2.7873 4.14605 7.84257 
7.85 -4.51218 -4.3174 -2.81748 4.30941 8.09376 
7.9 -4.71444 -4.45697 -2.89281 4.3721 8.34113 
7.95 -5.04517 -4.56622 -3.0675 5.24461 9.12247 
8 -4.96526 -4.54695 -3.09935 4.56071 8.70258 
8.05 -5.6421 -4.83167 -3.37966 6.40424 10.3737 
8.1 -5.33837 -4.72218 -3.26131 5.36789 9.49983 
8.15 -5.81508 -4.99938 -3.46972 6.284 10.5042 
8.2 -5.91153 -5.06794 -3.51587 6.61126 10.8028 
8.25 -6.27309 -5.28648 -3.66699 7.29597 11.5749 
8.3 -6.78812 -5.54291 -3.88037 8.43922 12.7703 
8.35 -7.10676 -5.75208 -3.98122 9.04887 13.4657 
8.4 -7.55908 -5.97688 -4.13988 10.1936 14.6257 
8.45 -7.44138 -5.98986 -4.06908 9.71175 14.2172 
8.5 -7.76636 -6.14809 -4.17516 10.6646 15.142 
8.55 -7.74597 -6.16515 -4.18896 10.3017 14.8889 
8.6 -8.25419 -6.41434 -4.44769 11.3347 16.0479 
8.65 -8.56154 -6.52866 -4.58774 12.0953 16.8306 
8.7 -8.47012 -6.51556 -4.58808 11.5063 16.3598 
8.75 -8.99527 -6.70889 -4.8325 12.7808 17.6812 
8.8 -8.941 -6.61708 -4.9065 12.4385 17.3931 
8.85 -9.28136 -6.76646 -5.04894 13.3202 18.2989 
8.9 -9.62212 -6.92924 -5.20209 14.1198 19.1581 
8.95 -9.86756 -6.99541 -5.30742 14.9332 19.9368 
9 -9.50862 -6.87573 -5.20074 13.5968 18.698 
9.05 -10.3161 -7.20129 -5.55729 15.9073 21.0287 
9.1 -10.2748 -7.26683 -5.55817 15.4625 20.6969 
9.15 -10.8325 -7.55468 -5.76927 16.7911 22.128 
9.2 -10.9756 -7.6731 -5.79309 17.2841 22.6195 
9.25 -11.4075 -7.90307 -5.94917 18.399 23.8013 
9.3 -11.3549 -7.91358 -5.91727 18.2427 23.651 
9.35 -11.6024 -8.07559 -6.00123 18.7041 24.201 
9.4 -11.5847 -8.10611 -5.97751 18.7225 24.2111 
9.45 -12.1986 -8.42891 -6.24705 19.7967 25.5106 
9.5 -12.356 -8.45975 -6.3659 20.1175 25.8743 
9.55 -12.5763 -8.49234 -6.5005 20.6017 26.4002 
9.6 -12.8694 -8.56723 -6.70183 21.1975 27.0789 
9.65 -13.0547 -8.62627 -6.81853 21.3809 27.3583 
9.7 -13.3614 -8.69653 -6.96885 22.5262 28.4631 
9.75 -13.4956 -8.73638 -7.04543 22.8129 28.7841 
9.8 -13.3456 -8.68626 -7.01423 22.1556 28.1713 
9.85 -13.941 -8.9293 -7.29602 23.941 30.0082 
9.9 -13.8851 -8.96272 -7.28168 23.7317 29.8218 
9.95 -14.3162 -9.18047 -7.46253 24.7244 30.9228 
10 -14.6935 -9.40056 -7.60629 25.4827 31.804 
10.05 -14.858 -9.53385 -7.61225 25.9593 32.303 
10.1 -15.0335 -9.64811 -7.66158 26.3889 32.7745 
10.15 -14.9797 -9.68624 -7.59524 26.3204 32.6904 
10.2 -15.3212 -9.8502 -7.73413 27.1748 33.6163 
10.25 -15.4257 -9.92843 -7.80531 27.0522 33.6046 
10.3 -15.6523 -9.96863 -7.95207 27.5413 34.1487 
10.35 -15.9568 -10.0479 -8.18723 27.9153 34.6681 
10.4 -16.2248 -10.1429 -8.37189 28.2796 35.1561 
10.45 -16.2503 -10.107 -8.39377 28.3787 35.2424 
10.5 -16.3828 -10.1601 -8.51686 28.2333 35.2318 
10.55 -17.0538 -10.4087 -8.84277 29.9473 37.0703 
10.6 -16.4596 -10.1622 -8.60439 28.1922 35.2566 
10.65 -17.0899 -10.4487 -8.91917 29.7105 36.9256 
10.7 -17.0496 -10.4993 -8.91186 29.3756 36.6507 
10.75 -17.7735 -10.8266 -9.20486 31.3054 38.7025 
10.8 -17.6318 -10.8083 -9.12464 31.1049 38.4509 
10.85 -18.0885 -11.0379 -9.31526 32.1417 39.6093 
10.9 -17.8955 -11.0277 -9.18812 31.6886 39.121 
10.95 -18.005 -11.0845 -9.23353 31.9606 39.4181 
11 -18.2397 -11.1643 -9.37312 32.5199 40.0341 
11.05 -18.6089 -11.2785 -9.57558 33.3339 40.9431 
11.1 -18.9331 -11.3235 -9.80297 33.997 41.6962 
11.15 -19.0291 -11.3486 -9.86859 33.9725 41.7423 
11.2 -19.2188 -11.4204 -9.96387 34.3182 42.1521 
11.25 -19.2239 -11.407 -9.9852 34.2679 42.115 
11.3 -19.8538 -11.6566 -10.302 35.7976 43.791 
11.35 -19.4512 -11.4596 -10.1882 34.5903 42.5436 
11.4 -20.009 -11.6866 -10.4568 36.1381 44.1842 
11.45 -19.9486 -11.7104 -10.4242 35.8518 43.9215 
11.5 -20.3642 -11.9409 -10.6128 36.8232 45.0096 
11.55 -20.4641 -12.0428 -10.5858 37.3933 45.5426 
11.6 -20.8153 -12.2455 -10.697 38.4809 46.6737 
11.65 -20.6709 -12.2315 -10.5788 37.9684 46.1563 
11.7 -21.0061 -12.405 -10.7305 38.914 47.1655 
11.75 -20.9555 -12.3621 -10.7275 38.7416 46.9888 
11.8 -21.3913 -12.5006 -10.9984 39.4544 47.8693 
11.85 -21.5806 -12.5332 -11.1598 39.7646 48.2553 
11.9 -21.9316 -12.6351 -11.3692 40.5078 49.0997 
11.95 -21.9424 -12.6054 -11.4106 40.3773 48.9989 
12 -22.1609 -12.6963 -11.5278 40.9144 49.5901 
12.05 -22.2874 -12.7271 -11.6224 41.117 49.8437 
12.1 -22.3745 -12.7531 -11.7065 41.3314 50.0858 
12.15 -22.5071 -12.8411 -11.7706 41.5935 50.3987 
12.2 -22.7922 -13.0108 -11.9097 42.2102 51.1108 
12.25 -22.9635 -13.1324 -11.9682 42.713 51.6471 
12.3 -23.0722 -13.2335 -11.9862 43.0046 51.9665 
12.35 -23.3247 -13.4103 -12.0449 43.6773 52.6941 
12.4 -23.3028 -13.4618 -12.0164 43.4775 52.5255 
12.45 -23.5811 -13.5609 -12.1726 44.175 53.2876 
12.5 -23.6912 -13.5659 -12.2703 44.3513 53.5062 
12.55 -23.8871 -13.6046 -12.4628 44.5249 53.7909 
12.6 -24.4051 -13.7915 -12.7675 45.5895 55.0202 
12.65 -24.1833 -13.6712 -12.6824 45.1403 54.4998 
12.7 -24.6078 -13.8561 -12.924 45.8311 55.3629 
12.75 -24.7714 -13.8726 -13.0436 46.3632 55.9085 
12.8 -24.7365 -13.8333 -13.0683 46.0826 55.6565 
12.85 -25.18 -14.0771 -13.2962 47.3125 56.9865 
12.9 -25.0926 -14.0389 -13.2138 47.4055 56.9966 
12.95 -25.2215 -14.1649 -13.2435 47.7222 57.3548 
13 -25.5705 -14.3738 -13.3802 48.6333 58.3497 
13.05 -25.6728 -14.4714 -13.4132 48.8051 58.5693 
13.1 -25.7845 -14.6052 -13.4042 49.0781 58.8769 
13.15 -25.8898 -14.6457 -13.4536 49.26 59.0959 
13.2 -26.0064 -14.6498 -13.5715 49.2631 59.1776 
13.25 -26.2296 -14.6914 -13.7854 49.8125 59.7925 
13.3 -26.569 -14.8241 -13.9962 50.2715 60.4051 
13.35 -26.8096 -14.9378 -14.1261 50.7099 60.9339 
13.4 -27.0867 -15.0409 -14.2731 51.429 61.7137 
13.45 -26.6915 -14.8249 -14.1183 50.6836 60.8306 
13.5 -27.2037 -15.063 -14.4345 51.7763 62.0973 
13.55 -27.3757 -15.1779 -14.5609 51.9548 62.3788 
13.6 -27.839 -15.4688 -14.74 52.9245 63.5025 
13.65 -27.7595 -15.4825 -14.6389 53.0073 63.5167 
13.7 -27.8751 -15.6143 -14.6616 53.2719 63.8254 
13.75 -28.1568 -15.8225 -14.7498 53.7838 64.447 
13.8 -28.2302 -15.8673 -14.8212 53.8761 64.5835 
13.85 -28.5596 -15.9658 -15.0283 54.4715 65.2959 
13.9 -28.6163 -15.9393 -15.1309 54.4643 65.3319 
13.95 -28.8348 -15.9964 -15.2928 54.9674 65.8985 
14 -29.0908 -16.1161 -15.4586 55.3778 66.4204 
14.05 -29.2971 -16.2023 -15.6015 55.7604 66.8839 
14.1 -29.2242 -16.126 -15.5949 55.8798 66.9317 
14.15 -29.1612 -16.1308 -15.574 55.7596 66.8002 
14.2 -29.7591 -16.4425 -15.9103 56.8585 68.1322 
14.25 -29.8249 -16.5081 -15.9462 56.9524 68.2635 
14.3 -29.9189 -16.6212 -15.9545 57.4371 68.7384 
14.35 -29.8853 -16.6392 -15.8932 57.8977 69.0994 
14.4 -29.9507 -16.765 -15.8932 58.2898 69.4867 
14.45 -30.1245 -16.8811 -15.99 58.3584 69.6695 
14.5 -30.5358 -17.0933 -16.2279 58.8584 70.3724 
14.55 -30.9891 -17.2234 -16.5675 59.4856 71.2039 
14.6 -30.9404 -17.1761 -16.5599 59.4882 71.1716 
14.65 -31.2212 -17.2988 -16.7697 60.0134 71.8112 
14.7 -31.4631 -17.4178 -16.9159 60.6283 72.493 
14.75 -31.2145 -17.3225 -16.8327 60.1167 71.915 
14.8 -31.6626 -17.5471 -17.0597 61.2037 73.1256 
14.85 -31.5212 -17.4917 -16.9606 61.1352 72.9707 
14.9 -31.9384 -17.7821 -17.171 61.7405 73.7766 
14.95 -31.9181 -17.8503 -17.1383 61.881 73.8944 
15 -32.3275 -18.1349 -17.301 62.8764 75.0114 
15.05 -32.3928 -18.1612 -17.2871 63.3377 75.4296 
15.1 -32.9767 -18.4022 -17.5769 64.1938 76.5238 
15.15 -32.6088 -18.0968 -17.4017 63.6048 75.7576 
15.2 -32.1432 -17.8017 -17.1548 62.8446 74.7918 
15.25 -32.6631 -18.0903 -17.4127 64.0935 76.1926 
15.3 -32.4093 -17.9279 -17.2264 63.7323 75.699 
15.35 -32.4268 -17.9265 -17.2292 63.8108 75.7729 
15.4 -32.6723 -18.0661 -17.3561 64.0413 76.134 
15.45 -32.389 -17.8938 -17.2354 63.6476 75.6129 
15.5 -32.688 -18.0563 -17.3643 64.0405 76.1396 
15.55 -32.4582 -17.897 -17.2304 63.8615 75.8223 
15.6 -32.5781 -17.9817 -17.2709 63.913 75.9462 
15.65 -32.6252 -18.0086 -17.2782 64.2349 76.2455 
15.7 -32.5143 -17.9509 -17.2098 64.0066 75.9765 
15.75 -32.6098 -17.9754 -17.2791 64.229 76.2262 
15.8 -32.6451 -17.989 -17.2983 64.2818 76.2934 
15.85 -32.5318 -17.9101 -17.2312 64.1557 76.105 
15.9 -32.5285 -17.9186 -17.1959 64.1606 76.1016 
15.95 -32.5051 -17.8748 -17.1755 64.1731 76.0873 
16 -32.5898 -17.9379 -17.2047 64.3757 76.3158 
16.05 -32.6533 -17.9551 -17.2543 64.5149 76.4755 
16.1 -32.5275 -17.9101 -17.2064 64.2034 76.1377 
16.15 -32.4888 -17.8886 -17.2047 64.0182 75.9595 
16.2 -32.6888 -18.0058 -17.3058 64.1331 76.1926 
16.25 -32.6661 -17.9763 -17.2819 64.356 76.3582 
16.3 -32.7419 -18.0236 -17.2963 64.3595 76.408 
16.35 -32.6883 -17.9725 -17.2893 64.3436 76.3581 
16.4 -32.7607 -18.0213 -17.3329 64.3539 76.4192 
16.45 -32.7571 -18.0103 -17.3526 64.2461 76.3288 
16.5 -32.8518 -18.069 -17.4005 64.3702 76.4986 
16.55 -32.9473 -18.1135 -17.4298 64.4431 76.6181 
16.6 -32.9742 -18.1541 -17.4073 64.3988 76.5969 
16.65 -32.9942 -18.149 -17.4196 64.4356 76.638 
16.7 -33.0993 -18.2241 -17.4539 64.5235 76.7828 
16.75 -32.9503 -18.1331 -17.3788 64.4535 76.6212 
16.8 -33.0049 -18.1677 -17.4322 64.2776 76.5172 
16.85 -33.0731 -18.1804 -17.496 64.3633 76.6362 
16.9 -33.2072 -18.2602 -17.5503 64.4559 76.8032 
16.95 -33.2353 -18.2991 -17.5358 64.3579 76.739 
17 -33.2766 -18.306 -17.5324 64.4628 76.8458 
17.05 -33.3454 -18.328 -17.5462 64.6773 77.0639 
17.1 -33.2653 -18.3135 -17.5181 64.4323 76.8139 
17.15 -33.2235 -18.2977 -17.5256 64.4858 76.8386 
17.2 -33.073 -18.1899 -17.4293 64.4615 76.7057 
17.25 -33.1586 -18.2166 -17.471 64.8175 77.0576 
17.3 -33.0153 -18.1232 -17.3849 64.6606 76.8224 
17.35 -33.147 -18.2028 -17.4722 64.7947 77.0305 
17.4 -33.0198 -18.1358 -17.3794 64.6776 76.8404 
17.45 -32.9663 -18.0939 -17.3592 64.6635 76.7911 
17.5 -33.0424 -18.1042 -17.4115 64.8412 76.9877 
17.55 -32.9209 -18.0618 -17.3441 64.6248 76.7281 
17.6 -33.0422 -18.1423 -17.4112 64.7726 76.9388 
17.65 -33.0021 -18.1125 -17.3781 64.7691 76.9041 
17.7 -32.9304 -18.0702 -17.3258 64.6404 76.7431 
17.75 -33.0831 -18.155 -17.408 64.9015 77.0672 
17.8 -32.9724 -18.1003 -17.343 64.5617 76.7059 
17.85 -33.0674 -18.1411 -17.4009 64.8648 77.0246 
17.9 -33.1328 -18.1837 -17.4312 64.9379 77.1311 
17.95 -33.1234 -18.1815 -17.4116 64.8897 77.0815 
18 -33.0003 -18.1111 -17.3698 64.6234 76.7784 
18.05 -33.0479 -18.1449 -17.4204 64.5905 76.7907 
18.1 -33.0108 -18.1198 -17.3965 64.7144 76.8676 
18.15 -32.9512 -18.0539 -17.3894 64.8239 76.9172 
18.2 -33.0264 -18.1372 -17.3685 64.894 77.0234 
18.25 -32.9659 -18.0967 -17.3269 64.9225 77.0025 
18.3 -33.0141 -18.0692 -17.3429 65.1479 77.2105 
18.35 -33.6719 -18.2184 -17.5468 66.7588 78.9325 
18.4 -33.096 -17.6546 -17.0413 66.2455 78.0122 
18.45 -33.3256 -17.5712 -16.976 66.677 78.4433 
18.5 -33.266 -17.342 -16.7527 66.8179 78.4388 
18.55 -32.9975 -17.0107 -16.4813 66.7402 78.1286 
18.6 -33.2206 -16.9345 -16.4808 67.1433 78.5509 
18.65 -32.9672 -16.6567 -16.253 66.911 78.1378 
18.7 -32.7507 -16.4659 -16.0772 66.4992 77.6167 
18.75 -32.7468 -16.4326 -15.9785 66.7893 77.8364 
18.8 -32.6907 -16.4192 -15.8773 66.7777 77.7793 
18.85 -32.7268 -16.4576 -15.8256 66.8027 77.8135 
18.9 -32.4357 -16.2775 -15.6166 66.4573 77.3142 
18.95 -32.301 -16.1852 -15.5287 66.0926 76.9071 
19 -32.3058 -16.1992 -15.4818 66.2371 77.0268 
19.05 -32.3538 -16.2381 -15.4934 65.993 76.8477 
19.1 -32.0404 -16.0152 -15.2977 65.5437 76.2435 
19.15 -31.8898 -15.8893 -15.2172 65.4131 76.0254 
19.2 -31.6852 -15.7082 -15.127 64.939 75.4758 
19.25 -31.5038 -15.5943 -15.0452 64.5348 75.0118 
19.3 -31.3951 -15.4666 -15.0231 64.4491 74.8615 
19.35 -31.0688 -15.3578 -14.7973 63.7769 74.0782 
19.4 -31.062 -15.4291 -14.6829 63.9005 74.1739 
19.45 -31.1078 -15.4669 -14.6689 64.2214 74.4747 
19.5 -30.8143 -15.3613 -14.4642 63.642 73.7903 
19.55 -30.3712 -15.0733 -14.207 63.1516 73.0724 
19.6 -30.315 -15.0519 -14.1783 62.876 72.801 
19.65 -30.2905 -14.9983 -14.1691 62.9768 72.865 
19.7 -30.1918 -14.8956 -14.1583 62.6916 72.5543 
19.75 -29.963 -14.7596 -14.0184 62.1226 71.9122 
19.8 -30.0224 -14.6967 -14.0712 62.1456 71.9542 
19.85 -29.6442 -14.4966 -13.879 61.3136 70.9994 
19.9 -29.5237 -14.4523 -13.8084 60.7531 70.4424 
19.95 -29.4355 -14.393 -13.7537 60.948 70.5509 
20 -29.1239 -14.3193 -13.5345 60.4505 69.9335 
20.05 -29.1386 -14.344 -13.5128 60.616 70.0835 
20.1 -29.1942 -14.4224 -13.5201 60.3861 69.9255 
20.15 -28.7928 -14.1991 -13.2118 60.1035 69.4091 
20.2 -28.7477 -14.2006 -13.1447 60.0024 69.2904 
20.25 -28.665 -14.1586 -13.1038 59.895 69.1467 
20.3 -28.5529 -14.0607 -13.0776 59.5261 68.7557 
20.35 -28.3969 -13.9366 -12.9962 59.1749 68.346 
20.4 -28.125 -13.7555 -12.9 58.4901 67.585 
20.45 -28.1749 -13.7313 -12.947 58.6245 67.7262 
20.5 -27.9198 -13.5858 -12.8161 57.9834 67.0105 
20.55 -27.6726 -13.4796 -12.67 57.6309 66.5531 
20.6 -27.5123 -13.4139 -12.559 57.8793 66.6678 
20.65 -27.4233 -13.4046 -12.4748 57.6216 66.3896 
20.7 -27.4222 -13.4233 -12.4398 57.6825 66.4394 
20.75 -27.234 -13.3555 -12.3146 57.4788 66.1477 
20.8 -26.9068 -13.1764 -12.1677 56.8225 65.3792 
20.85 -27.0328 -13.2746 -12.1881 57.1737 65.7599 
20.9 -27.061 -13.2708 -12.1796 57.184 65.7781 
20.95 -27.0508 -13.2218 -12.1925 57.2058 65.7855 
21 -26.493 -12.9339 -11.9205 55.9452 64.3516 
21.05 -26.3396 -12.7938 -11.8698 55.6439 63.989 
21.1 -26.2278 -12.6932 -11.8295 55.3476 63.6578 
21.15 -26.2376 -12.6482 -11.881 55.4156 63.7215 
21.2 -26.078 -12.5674 -11.792 55.0953 63.3447 
21.25 -25.8931 -12.488 -11.6407 54.9259 63.0775 
21.3 -25.742 -12.4801 -11.535 54.5535 62.6702 
21.35 -25.6059 -12.4703 -11.4273 54.5722 62.6089 
21.4 -25.6391 -12.5188 -11.4197 54.7561 62.7911 
21.45 -25.3374 -12.4024 -11.2136 54.1572 62.085 
21.5 -25.2913 -12.364 -11.1868 54.3491 62.2213 
21.55 -25.2556 -12.3382 -11.1595 54.1989 62.0655 
21.6 -25.0339 -12.2584 -11.0322 53.6377 61.4466 
21.65 -24.9228 -12.1489 -10.9961 53.4647 61.222 
21.7 -24.8511 -12.0638 -10.9567 53.5708 61.2617 
21.75 -24.5627 -11.8876 -10.8602 52.9227 60.526 
21.8 -24.6329 -11.8559 -10.9496 52.8754 60.523 
21.85 -24.4769 -11.7479 -10.9251 52.4105 60.0279 
21.9 -24.2267 -11.655 -10.8098 51.567 59.1505 
21.95 -24.1592 -11.591 -10.7957 51.3951 58.9578 
22 -24.0449 -11.5472 -10.7142 51.5738 59.0436 
22.05 -24.0914 -11.6632 -10.7297 51.1848 58.7489 
22.1 -23.8844 -11.5645 -10.5248 51.4676 58.8547 
22.15 -23.5419 -11.4528 -10.3518 50.615 57.9174 
22.2 -23.5592 -11.4872 -10.3223 50.8591 58.1393 
22.25 -23.5588 -11.5764 -10.294 50.6873 58.0017 
22.3 -23.4926 -11.4934 -10.1972 50.9437 58.1657 
22.35 -23.0875 -11.2569 -10.065 49.8223 56.9501 
22.4 -23.0878 -11.2066 -10.0793 49.7626 56.8906 
22.45 -23.0002 -11.0849 -10.1188 49.6442 56.7347 
22.5 -23.0542 -10.9964 -10.1877 49.865 56.9449 
22.55 -23.1421 -10.9886 -10.2918 49.9143 57.0409 
22.6 -22.8911 -10.819 -10.1897 49.437 56.4703 
22.65 -22.6787 -10.7103 -10.0749 48.9372 55.9051 
22.7 -22.46 -10.5814 -10.0294 48.3145 55.2385 
22.75 -22.7357 -10.7114 -10.1249 49.0311 56.0198 
22.8 -22.6716 -10.6688 -10.106 48.8453 55.8196 
22.85 -22.7516 -10.6699 -10.1848 48.9819 55.9861 
22.9 -22.5758 -10.579 -10.1876 47.9615 55.0061 
22.95 -22.6638 -10.5679 -10.1839 48.5354 55.5403 
23 -22.4871 -10.5238 -10.0851 48.2864 55.2241 
23.05 -22.6282 -10.5111 -10.1378 49.2319 56.1166 
23.1 -22.2687 -10.3218 -9.97471 48.3435 55.1274 
23.15 -22.4968 -10.3919 -10.0779 48.9382 55.7728 
23.2 -22.1778 -10.1821 -10.0053 48.2311 54.9716 
23.25 -22.0939 -9.90629 -10.0706 48.5244 55.1572 
23.3 -22.0041 -9.71346 -10.1768 47.9575 54.6079 
23.35 -22.0936 -9.64673 -10.2804 48.2364 54.8965 
23.4 -21.7791 -9.44861 -10.2431 47.2214 53.8367 
23.45 -21.5575 -9.24391 -10.1174 47.1943 53.6642 
23.5 -21.2838 -9.21388 -9.92514 46.4889 52.8926 
23.55 -21.8762 -9.49697 -10.126 47.9652 54.5157 
23.6 -21.5726 -9.23137 -10.1556 47.2526 53.7265 
23.65 -21.4555 -9.13923 -10.0576 47.7341 54.07 
23.7 -21.0564 -9.12328 -9.77169 46.5935 52.8492 
23.75 -21.1401 -9.1864 -9.66052 47.5187 53.6903 
23.8 -20.7395 -9.10703 -9.48202 46.2484 52.363 
23.85 -20.7305 -9.05051 -9.4627 46.8696 52.8959 
23.9 -20.4534 -8.99091 -9.25863 46.2279 52.172 
23.95 -20.5576 -9.03218 -9.23506 46.9512 52.8573 
24 -20.2571 -8.85252 -9.1559 46.0216 51.8704 
24.05 -20.5107 -8.83154 -9.3775 46.6136 52.5305 
24.1 -20.1785 -8.547 -9.32905 45.8744 51.6886 
24.15 -20.5081 -8.59162 -9.54212 46.372 52.305 
24.2 -20.3934 -8.45281 -9.49792 46.3582 52.2172 
24.25 -20.2787 -8.36701 -9.49584 46.0079 51.8471 
24.3 -20.154 -8.32783 -9.36826 45.982 51.7459 
24.35 -19.9679 -8.31316 -9.22508 45.682 51.3787 
24.4 -20.089 -8.38399 -9.20084 46.2564 51.9439 
24.45 -20.0209 -8.36158 -9.11496 46.2003 51.8488 
24.5 -20.0816 -8.42007 -9.09085 46.3873 52.0442 
24.55 -19.7108 -8.29405 -8.90894 45.4134 50.9809 
24.6 -19.5979 -8.25465 -8.82716 45.6402 51.1191 
24.65 -19.4815 -8.19979 -8.76299 45.2308 50.689 
24.7 -19.4487 -8.16959 -8.74655 45.2101 50.6503 
24.75 -19.755 -8.31807 -8.87123 45.9212 51.4481 
24.8 -19.3093 -8.1471 -8.64872 44.8736 50.2758 
24.85 -19.3795 -8.14609 -8.65698 45.2453 50.636 
24.9 -19.1754 -7.96621 -8.60359 44.7386 50.0672 
24.95 -19.1613 -7.91268 -8.60969 44.7141 50.0324 
25 -19.142 -7.93735 -8.53373 44.7858 50.08 
25.05 -19.1021 -7.94209 -8.44408 44.8029 50.0656 
25.1 -19.04 -7.95583 -8.3991 44.2014 49.4987 
25.15 -19.1736 -7.91941 -8.47314 44.8782 50.1617 
25.2 -18.5971 -7.62227 -8.28724 43.1329 48.302 
25.25 -18.7074 -7.61169 -8.33585 43.7807 48.93 
25.3 -18.5672 -7.52863 -8.283 43.4519 48.5603 
25.35 -18.6127 -7.58774 -8.27459 43.3172 48.465 
25.4 -18.5427 -7.60755 -8.17899 43.3325 48.4387 
25.45 -17.9377 -7.48248 -7.8159 41.7674 46.7264 
25.5 -17.3136 -7.25241 -7.50713 40.1373 44.9413 
25.55 -17.4023 -7.22027 -7.54749 40.8049 45.5738 
25.6 -17.4325 -7.22053 -7.55686 41.1253 45.874 
25.65 -17.5055 -7.25657 -7.54774 41.1442 45.9229 
25.7 -17.7834 -7.32089 -7.65601 42.1926 46.9966 
25.75 -17.7896 -7.28772 -7.69814 41.8584 46.7008 
25.8 -17.6552 -7.16936 -7.6188 41.7439 46.5157 
25.85 -17.5159 -7.1112 -7.52917 41.4829 46.205 
25.9 -17.2409 -6.93619 -7.47166 40.443 45.1311 
25.95 -17.6818 -7.04261 -7.69025 41.7791 46.5498 
26 -17.1983 -6.80495 -7.40925 40.7387 45.35 
26.05 -17.2749 -6.83106 -7.41957 41.1422 45.7473 
26.1 -17.0253 -6.6906 -7.32546 40.4258 44.9726 
26.15 -17.2285 -6.75585 -7.40258 40.883 45.4828 
26.2 -16.8884 -6.54459 -7.26904 40.133 44.6268 
26.25 -16.9453 -6.52495 -7.32089 40.2947 44.7993 
26.3 -16.6255 -6.34432 -7.18805 39.604 44.0091 
26.35 -16.709 -6.31709 -7.2407 40.3003 44.6725 
26.4 -16.6192 -6.26419 -7.20395 39.8777 44.2444 
26.45 -16.6874 -6.27884 -7.18798 40.041 44.4167 
26.5 -16.6525 -6.22534 -7.1734 40.0058 44.3619 
26.55 -16.4205 -6.10365 -7.06453 39.5267 43.8082 
26.6 -16.7335 -6.19002 -7.22085 40.2069 44.5765 
26.65 -16.4452 -6.03679 -7.10428 39.4678 43.7615 
26.7 -16.3399 -5.94482 -7.07148 39.392 43.6356 
26.75 -15.9462 -5.80175 -6.87568 38.1563 42.3216 
26.8 -16.0699 -5.80073 -6.94643 38.6782 42.8503 
26.85 -15.9472 -5.73477 -6.8564 38.3378 42.4735 
26.9 -15.9263 -5.70805 -6.8035 38.3511 42.4655 
26.95 -15.8405 -5.63899 -6.74233 38.1328 42.2172 
27 -15.5566 -5.48679 -6.62033 37.2214 41.2477 
27.05 -15.8153 -5.50648 -6.74009 38.0323 42.099 
27.1 -15.7876 -5.41748 -6.75969 37.9654 42.0198 
27.15 -15.7038 -5.34587 -6.70725 37.6903 41.7221 
27.2 -15.536 -5.18721 -6.66948 37.2286 41.2156 
27.25 -15.2355 -5.00577 -6.57585 36.2201 40.1537 
27.3 -15.2343 -4.96467 -6.55672 36.3153 40.2309 
27.35 -15.2856 -4.91364 -6.59398 36.4473 40.3693 
27.4 -15.0221 -4.7798 -6.48114 35.4264 39.3135 
27.45 -15.3097 -4.78717 -6.62317 36.5021 40.4175 
27.5 -15.5471 -4.79644 -6.73761 37.1472 41.11 
27.55 -15.5253 -4.75158 -6.67414 37.2606 41.1887 
27.6 -15.8978 -4.89728 -6.77158 38.1997 42.2113 
27.65 -15.6498 -4.75067 -6.6902 37.2563 41.2344 
27.7 -15.7753 -4.76078 -6.76367 37.7478 41.7393 
27.75 -15.9008 -4.73872 -6.82476 38.4205 42.4028 
27.8 -15.9457 -4.69528 -6.8365 38.5109 42.4987 
27.85 -15.9183 -4.63171 -6.82167 38.4789 42.45 
27.9 -15.7432 -4.49148 -6.76927 38.2054 42.113 
27.95 -15.7082 -4.44372 -6.71549 38.3244 42.1943 
28 -15.3175 -4.21111 -6.52174 37.5616 41.3009 
28.05 -13.7884 -3.5766 -5.95918 33.2316 36.6438 
28.1 -15.1399 -4.17829 -6.54 36.9057 40.6383 
28.15 -14.6848 -4.0506 -6.29768 35.3928 39.043 
28.2 -13.9948 -3.82716 -6.01112 33.6432 37.1282 
28.25 -14.538 -4.043 -6.28189 35.5566 39.1335 
28.3 -14.2563 -3.87193 -6.17681 34.5592 38.0884 
28.35 -13.9839 -3.81321 -6.04046 33.9429 37.3992 
28.4 -14.2954 -4.00563 -6.16779 34.9868 38.5036 
28.45 -13.9957 -3.88002 -6.01905 34.3703 37.7952 
28.5 -14.0194 -3.88926 -5.99305 33.9052 37.3784 
28.55 -14.3414 -4.08987 -6.07288 34.6466 38.2056 
28.6 -13.8393 -3.94586 -5.83665 33.2559 36.7031 
28.65 -13.6794 -3.91989 -5.75687 32.8213 36.2336 
28.7 -13.4521 -3.95205 -5.59051 32.2764 35.6314 
28.75 -12.6927 -3.76561 -5.19493 30.1695 33.3537 
28.8 -12.7553 -3.84089 -5.19594 30.6917 33.8589 
28.85 -12.3712 -3.72225 -5.0215 29.4037 32.5068 
28.9 -11.9455 -3.55796 -4.8341 28.1767 31.1874 
28.95 -11.9984 -3.58702 -4.8671 28.4483 31.4615 
29 -12.1057 -3.598 -4.94775 28.9748 31.9924 
29.05 -11.933 -3.50108 -4.92109 28.4744 31.4589 
29.1 -11.9222 -3.52014 -4.90535 28.7446 31.6993 
29.15 -11.825 -3.51715 -4.86574 28.5516 31.4813 
29.2 -11.7046 -3.49763 -4.76577 28.1853 31.0863 
29.25 -11.6094 -3.51257 -4.71327 28.0588 30.9294 
29.3 -11.2825 -3.39983 -4.54366 27.3147 30.093 
29.35 -11.1786 -3.3761 -4.5001 27.0649 29.8181 
29.4 -11.0438 -3.32433 -4.44687 26.812 29.5241 
29.45 -10.8891 -3.23948 -4.41298 26.4844 29.1541 
29.5 -10.8505 -3.18441 -4.43206 26.4333 29.0901 
29.55 -11.0602 -3.2317 -4.53059 27.0313 29.732 
29.6 -11.1484 -3.2441 -4.60323 27.2352 29.9626 
29.65 -11.1472 -3.21202 -4.63092 27.1139 29.8528 
29.7 -11.1416 -3.22647 -4.62166 27.2216 29.9486 
29.75 -11.0045 -3.18043 -4.55567 26.9964 29.6779 
29.8 -10.978 -3.14999 -4.57293 27.0383 29.7055 
29.85 -11.2099 -3.2265 -4.68811 27.5153 30.2514 
29.9 -11.0408 -3.17068 -4.62724 27.2141 29.8994 
29.95 -11.0351 -3.1605 -4.65132 27.2967 29.9751 
30 -10.9956 -3.15007 -4.63298 27.0645 29.7452 
30.05 -10.8162 -3.10696 -4.518 26.4822 29.1266 
30.1 -10.6808 -3.06621 -4.45814 26.2277 28.8314 
30.15 -10.5992 -3.05512 -4.41323 26.1309 28.705 
30.2 -10.4255 -3.00299 -4.34972 25.5792 28.1233 
30.25 -10.344 -2.97625 -4.29223 25.2844 27.8133 
30.3 -10.4108 -2.98226 -4.356 25.3362 27.8958 
30.35 -10.2781 -2.9155 -4.31775 25.0425 27.5664 
30.4 -10.2867 -2.92942 -4.31154 24.9937 27.5259 
30.45 -10.4912 -2.99051 -4.39886 25.5941 28.1677 
30.5 -10.6567 -3.05864 -4.47288 26.0052 28.6217 
30.55 -10.5187 -3.02109 -4.41999 25.5871 28.1781 
30.6 -10.4348 -2.97369 -4.397 25.2124 27.7979 
30.65 -10.394 -2.96017 -4.36665 24.966 27.553 
30.7 -10.2004 -2.86255 -4.28863 24.2009 26.7641 
30.75 -10.284 -2.89974 -4.32035 24.2552 26.8542 
30.8 -10.344 -2.89746 -4.36052 24.3719 26.9888 
30.85 -10.3622 -2.90284 -4.37138 24.3329 26.963 
30.9 -10.2563 -2.8574 -4.33561 24.1348 26.7328 
30.95 -10.3402 -2.90062 -4.36027 24.3157 26.9369 
