0 0 0 0 0 0 
0.05 -0.00562359 0.00525819 0.0108202 -0.0471619 0.049198 
0.1 -0.0280135 -0.0223384 -0.0194909 -0.137733 0.144003 
0.15 -0.0610421 -0.0219213 -0.0459688 0.144312 0.164761 
0.2 -0.0477875 0.00416657 -0.0229363 -0.0240516 0.0570474 
0.25 -0.102762 -0.0376941 -0.068399 0.0529516 0.137873 
0.3 0.00248939 0.00110961 -0.0331229 -0.15769 0.161144 
0.35 0.107387 0.0592136 0.0130107 -0.392923 0.411811 
0.4 0.0566939 0.0438612 -0.0210225 -0.495739 0.501289 
0.45 0.20748 0.110857 0.0544515 -0.763269 0.800525 
0.5 0.300611 0.14966 0.0809577 -1.14866 1.19948 
0.55 0.168953 0.116829 0.0213525 -0.762807 0.790262 
0.6 0.176066 0.113888 0.0359346 -0.91995 0.944281 
0.65 0.210118 0.139931 0.0457496 -1.02262 1.05433 
0.7 0.195263 0.12163 0.0268819 -1.02545 1.05131 
0.75 0.244035 0.149505 0.0437376 -1.15678 1.19246 
0.8 0.217653 0.140706 0.0432902 -1.24186 1.26938 
0.85 0.173719 0.128943 0.0294856 -1.01277 1.036 
0.9 0.217587 0.138682 0.0537578 -1.19755 1.22629 
0.95 0.118749 0.107246 -0.0029849 -0.907263 0.921105 
1 0.0811313 0.106192 -0.028438 -0.784267 0.796281 
1.05 0.145861 0.181302 -0.0229759 -0.92264 0.951793 
1.1 0.0625852 0.146654 -0.0574928 -0.77027 0.788869 
1.15 0.121596 0.174153 -0.0483876 -0.916395 0.941924 
1.2 0.0606476 0.182425 -0.12655 -0.741559 0.777525 
1.25 -0.00787638 0.143279 -0.138726 -0.528672 0.56551 
1.3 0.116647 0.181722 -0.0680004 -0.771839 0.803951 
1.35 0.214304 0.215354 -0.0258024 -1.03334 1.07729 
1.4 0.0338231 0.14532 -0.0913723 -0.432163 0.4668 
1.45 -0.243695 0.0574234 -0.224148 0.19903 0.390649 
1.5 -0.282075 0.0525058 -0.239505 0.199621 0.424873 
1.55 -0.170039 0.0753005 -0.185352 0.0690655 0.27168 
1.6 -0.150633 0.0657025 -0.190371 0.224379 0.3378 
1.65 -0.130391 0.110686 -0.200853 0.167111 0.312094 
1.7 -0.242952 0.054074 -0.227438 0.323003 0.467215 
1.75 -0.247939 0.0495383 -0.234781 0.416736 0.542025 
1.8 -0.191262 0.0864631 -0.217761 0.232546 0.381446 
1.85 -0.276541 0.0482148 -0.253292 0.440409 0.579976 
1.9 -0.3545 0.00490116 -0.295747 0.493861 0.677538 
1.95 -0.258725 0.0674909 -0.255161 0.338211 0.501611 
2 -0.368745 0.00978156 -0.309957 0.650205 0.809058 
2.05 -0.227151 0.0821928 -0.23163 0.349352 0.485197 
2.1 -0.249399 0.0676361 -0.244143 0.299781 0.468582 
2.15 -0.290061 0.0661946 -0.265465 0.44813 0.60379 
2.2 -0.161256 0.118544 -0.212295 0.0315789 0.298826 
2.25 -0.189243 0.108277 -0.219363 0.366202 0.477055 
2.3 -0.422209 -0.0104157 -0.314605 0.817854 0.972378 
2.35 -0.370181 0.0372719 -0.301107 0.760531 0.899621 
2.4 -0.30743 0.05833 -0.285601 0.642995 0.770094 
2.45 -0.290077 0.0474488 -0.283441 0.609727 0.73433 
2.5 -0.206329 0.0819151 -0.241794 0.306682 0.44922 
2.55 -0.266431 0.0759964 -0.263887 0.455574 0.593115 
2.6 -0.284359 0.0539198 -0.276689 0.477855 0.623459 
2.65 -0.237938 0.0777341 -0.278936 0.481499 0.610233 
2.7 -0.264166 0.0539994 -0.274119 0.560982 0.680406 
2.75 -0.252762 0.0664541 -0.264369 0.473514 0.602957 
2.8 -0.149585 0.10656 -0.216452 0.286151 0.411288 
2.85 -0.313327 0.0443154 -0.313427 0.628934 0.770526 
2.9 -0.29758 0.0615555 -0.315445 0.678008 0.807861 
2.95 -0.316758 0.0675544 -0.321914 0.565731 0.727762 
3 -0.235648 0.0774684 -0.248832 0.371013 0.511725 
3.05 -0.0897588 0.142757 -0.200231 0.0329445 0.267294 
3.1 -0.140045 0.117128 -0.20622 0.159318 0.329757 
3.15 -0.429857 0.00306478 -0.33741 1.02807 1.16447 
3.2 -0.425501 0.0257355 -0.327243 1.00775 1.1421 
3.25 -0.166326 0.114729 -0.23055 0.0596423 0.366509 
3.3 -0.151113 0.0445503 -0.128107 0.0194195 0.245255 
3.35 -0.201477 0.00991723 -0.121092 0.0981828 0.257001 
3.4 -0.286264 -0.0010643 -0.180548 0.26752 0.439588 
3.45 -0.250163 0.0449156 -0.17225 0.343823 0.463819 
3.5 -0.201061 0.0463247 -0.164682 0.123236 0.2949 
3.55 -0.157458 0.0495946 -0.160609 0.158639 0.287437 
3.6 -0.178581 0.0613098 -0.17716 0.170316 0.319054 
3.65 -0.220036 0.0388597 -0.194859 0.102663 0.353744 
3.7 -0.264993 0.00220822 -0.201599 0.199563 0.389824 
3.75 -0.174601 0.0556102 -0.168809 0.0847073 0.291451 
3.8 -0.229418 0.0548038 -0.203423 0.287333 0.426017 
3.85 -0.22535 0.046141 -0.207451 0.157617 0.347738 
3.9 -0.157338 0.0638739 -0.175651 -0.0233657 0.241991 
3.95 -0.061453 0.116228 -0.147298 -0.104553 0.227652 
4 -0.163159 0.0945641 -0.183872 0.180036 0.326065 
4.05 -0.338447 0.0149663 -0.251964 0.598046 0.732131 
4.1 -0.279533 0.0410133 -0.249099 0.366264 0.525668 
4.15 -0.144308 0.111372 -0.216649 0.192246 0.352019 
4.2 -0.0938335 0.139751 -0.194936 -0.016327 0.253165 
4.25 -0.112879 0.12019 -0.183207 -0.178146 0.302942 
4.3 -0.181781 0.0885404 -0.209674 0.0177208 0.29263 
4.35 -0.153769 0.10567 -0.205104 -0.0721503 0.287782 
4.4 -0.152334 0.105028 -0.212954 -0.0389279 0.282359 
4.45 -0.1867 0.0772499 -0.227372 0.202002 0.36561 
4.5 0.00334601 0.193181 -0.170161 -0.331851 0.423464 
4.55 -0.0651928 0.138355 -0.190673 -0.206406 0.333438 
4.6 -0.105238 0.123095 -0.19932 -0.150737 0.29701 
4.65 -0.161437 0.119979 -0.220236 -0.149298 0.321534 
4.7 -0.171714 0.122203 -0.222941 -0.111361 0.323774 
4.75 -0.179487 0.120518 -0.230585 -0.0818814 0.336207 
4.8 0.0385005 0.213421 -0.156651 -0.453673 0.526313 
4.85 -0.000179878 0.205564 -0.183436 -0.442189 0.520041 
4.9 -0.219273 0.128734 -0.270986 0.128254 0.391846 
4.95 -0.25149 0.134326 -0.302418 -0.02772 0.419427 
5 -0.107701 0.212522 -0.260267 -0.162083 0.386144 
5.05 -0.0258673 0.248645 -0.243137 -0.28488 0.450439 
5.1 0.23437 0.384184 -0.150792 -0.880009 1.00062 
5.15 0.601439 0.572437 -0.0584152 -1.8239 2.00484 
5.2 1.30692 0.737889 0.111011 -3.56217 3.86706 
5.25 1.57284 0.58484 0.206144 -3.81474 4.17266 
5.3 2.19683 0.684021 0.463808 -5.16896 5.67687 
5.35 2.63135 0.887447 0.636378 -6.22603 6.84691 
5.4 2.91007 0.916927 0.711985 -6.61179 7.31663 
5.45 3.46968 1.10266 0.897122 -7.90342 8.74778 
5.5 3.48929 1.06324 0.873155 -7.57818 8.45555 
5.55 3.85778 1.17525 0.981334 -8.68523 9.62601 
5.6 4.16278 1.26828 1.11801 -9.12095 10.1677 
5.65 4.42941 1.35845 1.20481 -9.81373 10.9191 
5.7 4.33988 1.29747 1.09523 -9.69216 10.7544 
5.75 4.30652 1.30657 1.03361 -9.60172 10.6543 
5.8 5.55751 1.74001 1.60077 -12.4406 13.8291 
5.85 5.51616 1.61238 1.58644 -12.3121 13.6796 
5.9 5.4292 1.42986 1.54143 -12.198 13.5163 
5.95 4.99081 1.14876 1.34031 -11.0962 12.2944 
6 5.09983 1.1211 1.34952 -11.5543 12.751 
6.05 4.5552 0.845074 1.09668 -10.4833 11.5138 
6.1 4.56055 0.816856 1.07555 -10.5482 11.571 
6.15 4.31362 0.713317 0.906468 -10.1187 11.0601 
6.2 4.10463 0.646438 0.747252 -9.73198 10.6083 
6.25 3.54822 0.306976 0.542521 -8.7138 9.42929 
6.3 3.56309 0.297135 0.54291 -8.77106 9.48738 
6.35 3.32789 0.160804 0.432489 -8.51467 9.1535 
6.4 2.69996 -0.105471 0.125894 -7.01192 7.51568 
6.45 2.87556 -0.100331 0.193279 -7.71716 8.23853 
6.5 2.33253 -0.357841 -0.0360814 -6.68554 7.08976 
6.55 2.10142 -0.507366 -0.120893 -6.22895 6.5947 
6.6 1.65425 -0.735163 -0.309198 -5.342 5.649 
6.65 1.20593 -0.944961 -0.512149 -4.28548 4.57989 
6.7 1.35854 -0.984669 -0.382965 -4.8841 5.1784 
6.75 0.891169 -1.214 -0.58124 -3.82404 4.14973 
6.8 0.269194 -1.51635 -0.85114 -2.61834 3.15402 
6.85 0.192929 -1.55863 -0.932621 -2.76286 3.31251 
6.9 -0.111007 -1.72306 -1.04624 -2.07744 2.89723 
6.95 -0.0244405 -1.7073 -1.02766 -2.39802 3.11783 
7 -0.768467 -2.02521 -1.39163 -0.86036 2.71448 
7.05 -1.07791 -2.12954 -1.58325 -0.160693 2.86951 
7.1 -0.878611 -2.06087 -1.4775 -0.588026 2.74737 
7.15 -1.36796 -2.28166 -1.70212 0.476315 3.19349 
7.2 -1.93813 -2.58446 -1.96308 1.53716 4.08051 
7.25 -2.05498 -2.65484 -2.00976 1.51693 4.1966 
7.3 -2.00595 -2.60248 -2.01248 1.47556 4.12603 
7.35 -2.24822 -2.72068 -2.16794 1.76532 4.50264 
7.4 -2.94588 -2.94327 -2.52385 3.31281 5.88941 
7.45 -2.92475 -3.01396 -2.48861 3.12812 5.79797 
7.5 -3.03599 -3.13467 -2.47766 3.41776 6.07155 
7.55 -3.47909 -3.36945 -2.69716 4.17051 6.93732 
7.6 -3.62797 -3.4065 -2.81084 4.42473 7.22811 
7.65 -4.07741 -3.61594 -3.00328 5.59209 8.36616 
7.7 -4.36598 -3.79113 -3.06821 6.01628 8.89067 
7.75 -4.4576 -3.89742 -3.09096 6.16986 9.09292 
7.8 -4.72429 -4.02373 -3.22451 6.61348 9.62521 
7.85 -4.96723 -4.13082 -3.33811 7.31983 10.3179 
7.9 -5.0601 -4.18502 -3.39112 7.17905 10.3033 
7.95 -5.3032 -4.33744 -3.46952 7.7926 10.9407 
8 -5.44622 -4.49915 -3.51565 7.67819 11.0099 
8.05 -5.88049 -4.67107 -3.6774 8.96472 12.2592 
8.1 -5.93582 -4.70603 -3.7642 8.57755 12.0468 
8.15 -6.69647 -4.97084 -4.14546 10.395 13.9568 
8.2 -6.4429 -4.85709 -4.0253 9.71652 13.2558 
8.25 -6.71056 -4.99826 -4.13256 10.1378 13.7793 
8.3 -7.1988 -5.21063 -4.34328 11.3144 15.0284 
8.35 -7.02221 -5.11552 -4.35263 10.6641 14.4273 
8.4 -7.29613 -5.20792 -4.454 11.3714 15.1493 
8.45 -7.51687 -5.33265 -4.60298 11.5484 15.4756 
8.5 -8.04978 -5.6268 -4.78796 12.9411 16.9368 
8.55 -8.25318 -5.78363 -4.84312 13.282 17.3618 
8.6 -8.6428 -6.04045 -4.96604 14.0226 18.2341 
8.65 -8.60995 -6.09373 -4.88297 14.0477 18.2331 
8.7 -9.02126 -6.30317 -5.05465 14.8791 19.1847 
8.75 -9.01412 -6.34323 -5.01321 14.8465 19.1583 
8.8 -9.24301 -6.46314 -5.11816 15.1719 19.5854 
8.85 -9.4916 -6.56124 -5.261 15.6309 20.1283 
8.9 -9.92302 -6.68484 -5.49479 16.6927 21.2602 
8.95 -9.44023 -6.41619 -5.38438 15.1288 19.7017 
9 -10.3935 -6.77929 -5.83165 17.5759 22.2913 
9.05 -10.2403 -6.65387 -5.85035 16.7925 21.5721 
9.1 -10.8657 -6.88308 -6.12626 18.3814 23.2562 
9.15 -10.8858 -6.95326 -6.13145 18.2797 23.2076 
9.2 -10.7807 -6.95092 -6.04745 18.0025 22.9173 
9.25 -10.938 -7.04896 -6.14188 18.2404 23.2327 
9.3 -11.4733 -7.28045 -6.38021 19.5767 24.6698 
9.35 -11.561 -7.36754 -6.41212 19.7096 24.85 
9.4 -12.0011 -7.68268 -6.49752 20.9039 26.1197 
9.45 -12.1984 -7.82607 -6.55924 21.2635 26.5558 
9.5 -12.2579 -7.88505 -6.54298 21.5608 26.8348 
9.55 -12.5618 -8.02719 -6.71002 21.9312 27.354 
9.6 -12.6854 -8.10124 -6.75823 22.3814 27.8056 
9.65 -12.8341 -8.15531 -6.8188 22.8095 28.2487 
9.7 -13.0651 -8.2373 -6.95324 23.1484 28.6835 
9.75 -13.1472 -8.2234 -7.06849 23.2295 28.8104 
9.8 -13.6878 -8.3583 -7.37454 24.5649 30.2495 
9.85 -13.7537 -8.37574 -7.45232 24.4 30.1698 
9.9 -13.9917 -8.42791 -7.57236 25.16 30.9381 
9.95 -14.0549 -8.40672 -7.6868 24.9675 30.8331 
10 -14.311 -8.52353 -7.81909 25.5722 31.5044 
10.05 -14.4601 -8.61864 -7.89305 25.798 31.7996 
10.1 -14.5903 -8.68505 -7.93998 26.3014 32.2973 
10.15 -14.8862 -8.88422 -8.05171 26.9932 33.0755 
10.2 -15.144 -9.05813 -8.10479 27.6806 33.8127 
10.25 -15.3634 -9.24345 -8.15984 28.1226 34.3357 
10.3 -15.4633 -9.32148 -8.17186 28.3278 34.5724 
10.35 -15.4651 -9.3796 -8.15941 28.3992 34.6445 
10.4 -15.7299 -9.50609 -8.26643 29.027 35.3369 
10.45 -15.8439 -9.56172 -8.35363 29.1378 35.5141 
10.5 -16.1055 -9.64997 -8.49844 29.6134 36.0789 
10.55 -16.3926 -9.69404 -8.70254 30.3367 36.8611 
10.6 -16.5446 -9.69498 -8.82803 30.7843 37.3273 
10.65 -16.6737 -9.72511 -8.91413 31.0134 37.6016 
10.7 -16.76 -9.73176 -9.00286 31.1719 37.7935 
10.75 -17.4684 -9.96684 -9.36384 32.9907 39.7561 
10.8 -16.763 -9.72946 -9.03404 30.9763 37.6405 
10.85 -17.2277 -9.90005 -9.24824 32.4627 39.1684 
10.9 -17.3085 -9.97639 -9.28403 32.7866 39.5002 
10.95 -17.8388 -10.3045 -9.5102 33.8803 40.7765 
11 -17.9437 -10.4287 -9.46762 34.4624 41.3283 
11.05 -18.1431 -10.6009 -9.49977 35.0069 41.92 
11.1 -18.0847 -10.6167 -9.42863 34.8148 41.7222 
11.15 -18.3049 -10.722 -9.53954 35.3053 42.2789 
11.2 -18.235 -10.663 -9.55925 35.0648 42.0373 
11.25 -18.5054 -10.7789 -9.72533 35.7321 42.7785 
11.3 -18.9081 -10.9074 -9.99649 36.3586 43.5703 
11.35 -18.8506 -10.8625 -10.0123 36.0312 43.2647 
11.4 -19.1454 -10.9596 -10.1839 36.6174 43.9455 
11.45 -19.2384 -10.9647 -10.3095 36.6952 44.0813 
11.5 -19.5333 -11.0621 -10.5098 37.3268 44.807 
11.55 -19.7614 -11.2081 -10.6008 37.8233 45.3774 
11.6 -19.5506 -11.1248 -10.5355 37.0773 44.6286 
11.65 -19.7792 -11.2232 -10.6364 38.2151 45.7242 
11.7 -19.9367 -11.3727 -10.6903 38.471 46.0555 
11.75 -20.1578 -11.5524 -10.7371 39.2417 46.8507 
11.8 -20.3663 -11.7124 -10.7885 39.8529 47.5038 
11.85 -20.3439 -11.7668 -10.7326 39.7595 47.4167 
11.9 -20.6052 -11.92 -10.8334 40.3257 48.0644 
11.95 -20.5859 -11.8779 -10.8993 40.1329 47.8989 
12 -20.8818 -11.981 -11.0978 40.7078 48.5786 
12.05 -21.0145 -11.9812 -11.2339 40.9644 48.8819 
12.1 -21.3397 -12.0884 -11.4386 41.703 49.7141 
12.15 -21.2007 -11.9969 -11.4319 40.9924 49.0353 
12.2 -21.4862 -12.0919 -11.575 42.0586 50.1077 
12.25 -21.6606 -12.1834 -11.694 42.1495 50.3086 
12.3 -21.8634 -12.2998 -11.8019 42.6963 50.9073 
12.35 -21.9261 -12.3593 -11.8378 42.8207 51.0613 
12.4 -22.0316 -12.4415 -11.898 43.1135 51.386 
12.45 -22.2383 -12.5899 -11.9351 43.8759 52.1593 
12.5 -22.451 -12.7967 -11.9662 44.2976 52.6619 
12.55 -22.5358 -12.9243 -11.9212 44.4206 52.8224 
12.6 -22.5349 -12.9272 -11.9308 44.4569 52.8555 
12.65 -22.7141 -12.9903 -12.0643 44.6591 53.1475 
12.7 -22.9824 -13.0665 -12.2853 45.2609 53.8368 
12.75 -23.3423 -13.223 -12.4934 45.7174 54.4598 
12.8 -23.4359 -13.2308 -12.5761 45.7426 54.5422 
12.85 -23.4693 -13.1877 -12.6493 45.7399 54.5607 
12.9 -23.9173 -13.3737 -12.8901 46.8243 55.7635 
12.95 -23.7693 -13.2736 -12.847 46.3417 55.2609 
13 -24.059 -13.4382 -13.0228 46.8071 55.8562 
13.05 -24.2014 -13.5186 -13.0515 47.4024 56.4429 
13.1 -24.329 -13.634 -13.0655 47.8804 56.9301 
13.15 -24.353 -13.721 -13.054 47.9152 56.9878 
13.2 -24.7343 -13.9718 -13.2383 48.6438 57.866 
13.25 -24.7874 -14.0372 -13.2484 48.4073 57.7083 
13.3 -24.7893 -14.0028 -13.2761 48.4673 57.7574 
13.35 -25.0337 -14.0976 -13.416 49.0744 58.427 
13.4 -25.3111 -14.2344 -13.5888 49.5215 58.9942 
13.45 -25.4331 -14.2843 -13.7131 49.5767 59.1336 
13.5 -25.8547 -14.4287 -13.9788 50.4719 60.162 
13.55 -25.9234 -14.4102 -14.0582 50.5891 60.3039 
13.6 -25.8411 -14.3876 -13.9957 50.4366 60.1206 
13.65 -25.8998 -14.4404 -14.0318 50.5901 60.2957 
13.7 -26.3141 -14.6614 -14.262 51.3766 61.2401 
13.75 -26.2807 -14.7072 -14.2406 51.2656 61.1386 
13.8 -26.6344 -14.9308 -14.3759 52.3486 62.2845 
13.85 -26.6766 -15.0465 -14.3301 52.3237 62.2989 
13.9 -26.771 -15.112 -14.3739 52.5995 62.5969 
13.95 -26.9082 -15.151 -14.468 52.8749 62.9181 
14 -27.0327 -15.1768 -14.6026 53.2783 63.3475 
14.05 -26.9795 -15.1722 -14.5862 53.0964 63.167 
14.1 -27.6248 -15.4616 -14.9926 54.0362 64.3963 
14.15 -27.761 -15.495 -15.097 54.2409 64.6588 
14.2 -27.712 -15.4439 -15.1004 54.2291 64.6164 
14.25 -27.8904 -15.5606 -15.1656 54.6791 65.1138 
14.3 -27.8364 -15.5394 -15.1992 54.7425 65.1467 
14.35 -28.3209 -15.8118 -15.4805 55.5454 66.1591 
14.4 -28.4134 -15.8679 -15.5293 55.9139 66.533 
14.45 -28.5217 -15.9964 -15.5282 56.3685 66.9918 
14.5 -28.6722 -16.1608 -15.5797 56.5838 67.2883 
14.55 -28.8302 -16.2619 -15.642 56.8765 67.6405 
14.6 -28.8709 -16.3135 -15.7 56.785 67.6069 
14.65 -29.2276 -16.4957 -15.9626 57.0287 68.0693 
14.7 -29.5141 -16.6786 -16.1185 57.5656 68.723 
14.75 -29.609 -16.7532 -16.1663 57.7014 68.9069 
14.8 -29.9864 -16.8671 -16.4404 58.5547 69.8757 
14.85 -29.7092 -16.7645 -16.2737 58.2943 69.4748 
14.9 -30.0796 -16.9447 -16.5241 58.6812 70.0602 
14.95 -30.1369 -16.9795 -16.6034 58.8704 70.2704 
15 -30.4721 -17.1993 -16.799 59.4113 70.9667 
15.05 -30.887 -17.4262 -16.9313 60.7473 72.3504 
15.1 -31.1178 -17.5407 -16.9495 61.2064 72.8664 
15.15 -30.6361 -17.2391 -16.649 60.2285 71.6967 
15.2 -30.7896 -17.2957 -16.7392 60.3446 71.8945 
15.25 -31.094 -17.4044 -16.9074 60.9744 72.6188 
15.3 -30.7252 -17.2131 -16.6745 60.333 71.8223 
15.35 -30.9898 -17.3674 -16.7919 60.9257 72.4977 
15.4 -31.0782 -17.3969 -16.8468 60.8899 72.5252 
15.45 -30.9178 -17.2871 -16.7545 60.5951 72.1611 
15.5 -31.2756 -17.4733 -16.9323 61.2862 72.9807 
15.55 -30.908 -17.2643 -16.7327 60.6418 72.1857 
15.6 -30.992 -17.3046 -16.8021 60.764 72.3501 
15.65 -30.9722 -17.2749 -16.7841 60.9374 72.476 
15.7 -30.7939 -17.1528 -16.6844 60.7481 72.1885 
15.75 -31.1079 -17.3193 -16.8508 61.2989 72.864 
15.8 -30.8819 -17.1831 -16.749 60.7817 72.2765 
15.85 -31.0261 -17.2559 -16.85 60.8935 72.473 
15.9 -31.0566 -17.2826 -16.8396 61.1551 72.7098 
15.95 -30.9866 -17.2691 -16.7972 60.9104 72.4611 
16 -31.0432 -17.2999 -16.8111 61.0855 72.6431 
16.05 -30.9963 -17.2545 -16.7803 60.9404 72.4831 
16.1 -31.086 -17.2893 -16.8384 61.1654 72.7324 
16.15 -30.9856 -17.2437 -16.7626 61.0383 72.5542 
16.2 -30.9734 -17.2144 -16.7763 61.0376 72.5446 
16.25 -31.108 -17.2754 -16.8541 61.2603 72.8219 
16.3 -31.0233 -17.2459 -16.8001 61.1169 72.6456 
16.35 -31.0967 -17.2928 -16.8421 61.0754 72.663 
16.4 -31.0816 -17.2765 -16.8307 61.1912 72.7474 
16.45 -31.0213 -17.2004 -16.8071 61.2098 72.7137 
16.5 -31.1241 -17.2568 -16.8284 61.5336 73.0485 
16.55 -30.9621 -17.1617 -16.7169 61.2357 72.6804 
16.6 -30.9513 -17.1616 -16.7403 61.1591 72.6167 
16.65 -31.1275 -17.2662 -16.8343 61.4852 73.0127 
16.7 -31.0088 -17.1743 -16.7751 61.3187 72.7866 
16.75 -31.1565 -17.2532 -16.8407 61.625 73.1413 
16.8 -31.028 -17.1846 -16.7376 61.5029 72.9438 
16.85 -31.0368 -17.2039 -16.7508 61.3524 72.8283 
16.9 -31.1654 -17.2641 -16.8352 61.6647 73.1799 
16.95 -31.0634 -17.1987 -16.7727 61.4605 72.9346 
17 -31.1622 -17.2557 -16.8361 61.6423 73.1578 
17.05 -31.2042 -17.2795 -16.8348 61.6747 73.2084 
17.1 -31.0464 -17.1844 -16.7666 61.4635 72.9251 
17.15 -31.2124 -17.2809 -16.8859 61.4545 73.0386 
17.2 -31.1136 -17.2614 -16.7744 61.5587 73.0538 
17.25 -31.0953 -17.2485 -16.7449 61.5952 73.067 
17.3 -31.1607 -17.2601 -16.7838 61.7071 73.2008 
17.35 -31.1479 -17.261 -16.7814 61.7186 73.2047 
17.4 -31.1466 -17.2512 -16.8098 61.586 73.0966 
17.45 -31.1496 -17.2665 -16.7917 61.6459 73.1478 
17.5 -31.0925 -17.2143 -16.7702 61.6439 73.1046 
17.55 -31.155 -17.2479 -16.7821 61.7891 73.2642 
17.6 -31.066 -17.1928 -16.7324 61.5784 73.0244 
17.65 -31.1071 -17.2279 -16.7485 61.7155 73.1694 
17.7 -31.0548 -17.1836 -16.7213 61.668 73.0905 
17.75 -31.1474 -17.2249 -16.7701 61.837 73.2933 
17.8 -31.1218 -17.2144 -16.7517 61.7601 73.2109 
17.85 -31.1737 -17.2455 -16.7996 61.6754 73.1798 
17.9 -31.1769 -17.2633 -16.8043 61.6274 73.146 
17.95 -31.2434 -17.3054 -16.8433 61.5811 73.1543 
18 -31.2687 -17.3049 -16.8612 61.7101 73.2778 
18.05 -31.2586 -17.2831 -16.8474 61.8076 73.3473 
18.1 -31.2427 -17.2511 -16.8521 61.8468 73.367 
18.15 -31.2329 -17.283 -16.8318 61.7964 73.3232 
18.2 -31.2114 -17.263 -16.8219 61.6895 73.217 
18.25 -31.1729 -17.2342 -16.7732 61.6712 73.1672 
18.3 -31.3515 -17.2921 -16.8455 62.2406 73.7537 
18.35 -32.1717 -17.5401 -17.0823 64.1575 75.8331 
18.4 -31.6433 -17.0528 -16.6114 63.4402 74.7843 
18.45 -31.452 -16.766 -16.339 63.2838 74.4455 
18.5 -31.6079 -16.6493 -16.2387 63.9243 75.0085 
18.55 -31.1705 -16.2757 -15.8731 63.3479 74.1715 
18.6 -31.5177 -16.3597 -15.9315 64.2478 75.1172 
18.65 -31.3494 -16.2475 -15.7155 64.0761 74.8297 
18.7 -31.2402 -16.201 -15.5337 63.8021 74.5012 
18.75 -31.0213 -16.0303 -15.3234 63.5494 74.1122 
18.8 -31.2104 -16.0737 -15.3274 64.091 74.6662 
18.85 -31.0735 -15.9418 -15.2138 64.0917 74.5581 
18.9 -30.7646 -15.7605 -15.0242 63.434 73.7865 
18.95 -30.7964 -15.7387 -14.9734 63.7277 74.0375 
19 -30.5409 -15.563 -14.797 63.3358 73.521 
19.05 -30.4372 -15.4481 -14.7271 63.2218 73.3413 
19.1 -30.1975 -15.3035 -14.6235 62.5444 72.6067 
19.15 -30.1382 -15.2401 -14.5773 62.3932 72.4292 
19.2 -29.9543 -15.1628 -14.4275 62.2636 72.1948 
19.25 -29.6624 -15.0596 -14.2154 61.7817 71.594 
19.3 -29.6643 -15.1183 -14.1781 61.9223 71.7211 
19.35 -29.6479 -15.0724 -14.1803 61.8725 71.6622 
19.4 -29.4619 -14.9593 -14.0581 61.4341 71.1587 
19.45 -29.1957 -14.8149 -13.9196 60.9493 70.5723 
19.5 -29.1693 -14.7744 -13.8651 61.1809 70.7423 
19.55 -28.9833 -14.6583 -13.7457 60.7768 70.2685 
19.6 -29.0648 -14.6481 -13.7725 60.8522 70.3705 
19.65 -28.5333 -14.2868 -13.5518 59.8377 69.1554 
19.7 -28.5658 -14.2767 -13.5991 59.5369 68.9159 
19.75 -28.5823 -14.2648 -13.5906 59.8659 69.2031 
19.8 -28.3815 -14.2158 -13.415 59.4761 68.7384 
19.85 -28.0006 -14.0548 -13.147 59.1249 68.1922 
19.9 -28.0583 -14.1595 -13.157 59.1701 68.2786 
19.95 -28.0549 -14.1656 -13.0807 59.3472 68.4174 
20 -27.567 -13.9196 -12.8292 58.4338 67.326 
20.05 -27.831 -14.0502 -12.9462 58.8138 67.8133 
20.1 -27.4295 -13.7948 -12.742 58.2098 67.0329 
20.15 -27.4811 -13.828 -12.7836 58.0182 66.9026 
20.2 -27.5408 -13.8195 -12.8033 58.2802 67.1564 
20.25 -27.2143 -13.6487 -12.6333 57.3436 66.1423 
20.3 -26.8772 -13.4065 -12.5119 56.5579 65.2493 
20.35 -26.9818 -13.4106 -12.5647 57.0888 65.7637 
20.4 -26.849 -13.4128 -12.4739 56.6508 65.3122 
20.45 -26.8148 -13.388 -12.3892 57.0352 65.6108 
20.5 -26.4187 -13.2513 -12.1828 56.1452 64.6084 
20.55 -26.4332 -13.2891 -12.157 56.1149 64.591 
20.6 -26.1258 -13.1851 -11.9305 55.698 64.0392 
20.65 -26.2363 -13.294 -11.9298 55.814 64.2075 
20.7 -26.0755 -13.2403 -11.8029 55.6907 64 
20.75 -26.0943 -13.2374 -11.8242 55.5291 63.8705 
20.8 -25.983 -13.1313 -11.7508 55.4359 63.7085 
20.85 -25.7186 -12.989 -11.656 54.5086 62.7472 
20.9 -25.7538 -12.9762 -11.669 54.7218 62.9467 
20.95 -25.3918 -12.7905 -11.5216 53.7572 61.8945 
21 -25.6302 -12.8437 -11.62 54.5677 62.7258 
21.05 -24.9236 -12.5137 -11.3071 52.9721 60.9235 
21.1 -25.1659 -12.7017 -11.3377 53.6537 61.6597 
21.15 -24.7528 -12.5631 -11.1255 52.6088 60.5144 
21.2 -25.1177 -12.7587 -11.2846 53.5094 61.5165 
21.25 -24.5135 -12.5321 -10.8975 52.631 60.3883 
21.3 -24.7281 -12.6081 -11.0148 52.9778 60.8146 
21.35 -24.4508 -12.4083 -10.9255 52.4141 60.1532 
21.4 -24.3903 -12.3724 -10.8817 52.2903 60.0054 
21.45 -24.2357 -12.3226 -10.8053 51.8199 59.5086 
21.5 -24.0502 -12.194 -10.7081 51.6103 59.2064 
21.55 -24.1291 -12.2013 -10.7569 51.7617 59.3807 
21.6 -23.7962 -12.0275 -10.5613 51.0117 58.5205 
21.65 -23.8203 -12.0091 -10.6329 50.7727 58.3314 
21.7 -23.5714 -11.8366 -10.5613 50.4142 57.8692 
21.75 -23.4056 -11.7496 -10.4567 50.1326 57.5196 
21.8 -23.3606 -11.8163 -10.3857 50.0631 57.4415 
21.85 -23.3522 -11.8541 -10.3458 50.0437 57.4217 
21.9 -23.0714 -11.7208 -10.1862 49.9624 57.181 
21.95 -23.0297 -11.7676 -10.1429 49.5128 56.7735 
22 -22.8472 -11.6965 -9.97101 49.5812 56.7143 
22.05 -22.4718 -11.5453 -9.80159 48.6393 55.6788 
22.1 -22.7419 -11.7277 -9.93631 48.6747 55.881 
22.15 -22.4082 -11.5992 -9.83128 47.3673 54.5617 
22.2 -22.1693 -11.4519 -9.74719 46.7566 53.8871 
22.25 -22.1705 -11.4656 -9.77659 46.3621 53.5539 
22.3 -22.1944 -11.4405 -9.78839 46.4094 53.6015 
22.35 -21.9573 -11.2469 -9.72455 45.6419 52.786 
22.4 -21.646 -11.0743 -9.5814 45.2065 52.217 
22.45 -21.3771 -10.9456 -9.49205 44.4795 51.4326 
22.5 -21.411 -10.9493 -9.50288 44.7002 51.6404 
22.55 -21.3809 -10.9681 -9.41501 44.939 51.8228 
22.6 -21.4475 -11.0018 -9.44378 45.3413 52.2116 
22.65 -20.8241 -10.7877 -9.0937 43.983 50.6677 
22.7 -21.0844 -10.958 -9.16194 44.6474 51.4 
22.75 -20.9178 -10.9054 -9.03741 44.6409 51.2929 
22.8 -20.9659 -10.9573 -9.06647 44.7896 51.4581 
22.85 -20.6728 -10.8165 -8.86396 44.2237 50.7806 
22.9 -20.4629 -10.6841 -8.77449 43.6182 50.124 
22.95 -20.3663 -10.6186 -8.72107 43.5842 50.0318 
23 -20.1369 -10.4596 -8.64686 43.3636 49.6998 
23.05 -20.1509 -10.4637 -8.68599 42.8863 49.2973 
23.1 -19.8783 -10.2321 -8.63208 42.3336 48.6466 
23.15 -19.8186 -10.1482 -8.54733 42.2945 48.5556 
23.2 -19.5565 -10.0677 -8.45927 41.5711 47.7863 
23.25 -19.5845 -10.0864 -8.45619 41.6689 47.8862 
23.3 -19.4166 -9.96812 -8.37667 41.5357 47.6629 
23.35 -19.33 -9.96203 -8.33692 41.3029 47.4165 
23.4 -19.358 -9.97304 -8.29055 41.7736 47.8327 
23.45 -18.9055 -9.82885 -8.06502 40.6845 46.6294 
23.5 -19.0476 -9.94085 -8.03303 41.4391 47.3641 
23.55 -18.6849 -9.80306 -7.86193 40.4289 46.2767 
23.6 -18.6183 -9.76998 -7.80634 40.7147 46.4835 
23.65 -18.5632 -9.75039 -7.76919 40.3557 46.1368 
23.7 -18.8104 -9.85332 -7.85088 41.0777 46.9034 
23.75 -18.1656 -9.51326 -7.61932 39.25 44.9345 
23.8 -18.2853 -9.48679 -7.685 39.8975 45.5546 
23.85 -18.0153 -9.3409 -7.60453 39.0255 44.6388 
23.9 -18.184 -9.33541 -7.69819 39.5711 45.1989 
23.95 -18.0604 -9.24977 -7.63784 39.1701 44.7702 
24 -17.7215 -9.07654 -7.48184 38.5834 44.0578 
24.05 -17.5965 -8.98084 -7.41615 38.4161 43.8302 
24.1 -17.1599 -8.76581 -7.25597 37.3595 42.6578 
24.15 -17.3911 -8.78815 -7.35468 38.2253 43.531 
24.2 -17.0608 -8.73503 -7.1828 37.2653 42.5167 
24.25 -17.2195 -8.82486 -7.20328 37.8107 43.0804 
24.3 -16.8876 -8.68816 -7.04838 36.8796 42.0768 
24.35 -16.9098 -8.77527 -6.99377 37.0968 42.2852 
24.4 -16.5176 -8.65503 -6.7209 36.4801 41.5176 
24.45 -16.5035 -8.60723 -6.7651 36.2874 41.34 
24.5 -16.5361 -8.55341 -6.81674 36.5606 41.5902 
24.55 -16.4198 -8.48359 -6.74497 36.4086 41.3843 
24.6 -16.2716 -8.44177 -6.59472 36.2364 41.1412 
24.65 -16.0689 -8.37734 -6.49795 35.516 40.398 
24.7 -15.8468 -8.13158 -6.47523 35.0656 39.8594 
24.75 -15.9411 -8.1299 -6.56607 35.1423 39.9789 
24.8 -15.5713 -7.98201 -6.3443 34.0972 38.8465 
24.85 -15.3923 -7.866 -6.334 33.6785 38.3818 
24.9 -15.0767 -7.68846 -6.23613 32.7933 37.4261 
24.95 -15.1793 -7.63229 -6.30636 33.3816 37.9837 
25 -14.816 -7.47653 -6.1411 32.1985 36.7406 
25.05 -14.7609 -7.47831 -6.05405 32.2217 36.7246 
25.1 -14.7426 -7.44654 -6.0417 32.4241 36.8865 
25.15 -14.6044 -7.41403 -5.93645 32.01 36.4436 
25.2 -14.6863 -7.44303 -5.90995 32.6804 37.0678 
25.25 -14.375 -7.36691 -5.74771 31.8889 36.2056 
25.3 -14.1237 -7.1683 -5.65937 31.6596 35.8501 
25.35 -14.0832 -7.17613 -5.63319 31.3447 35.5536 
25.4 -14.0768 -7.12926 -5.61478 31.3426 35.5369 
25.45 -13.8378 -7.04178 -5.47365 30.7552 34.8843 
25.5 -13.7362 -6.95863 -5.45751 30.5155 34.6133 
25.55 -13.6714 -6.8721 -5.45923 30.4812 34.5404 
25.6 -13.505 -6.75463 -5.40852 29.8537 33.8897 
25.65 -13.332 -6.62266 -5.32423 29.6396 33.5924 
25.7 -13.0654 -6.46585 -5.21601 29.1586 33.0143 
25.75 -13.0791 -6.42385 -5.21856 29.1822 33.0328 
25.8 -13.0354 -6.31843 -5.21562 29.2685 33.071 
25.85 -12.9312 -6.28123 -5.1463 28.747 32.5506 
25.9 -12.8219 -6.23886 -5.02805 28.6374 32.3838 
25.95 -12.6608 -6.13309 -4.9857 28.2328 31.9352 
26 -12.4205 -5.96986 -4.8836 27.876 31.4774 
26.05 -12.2877 -5.8968 -4.77895 27.6469 31.1921 
26.1 -12.305 -5.90392 -4.77586 27.8971 31.4217 
26.15 -12.142 -5.81528 -4.70031 27.5915 31.0585 
26.2 -12.0637 -5.71017 -4.72231 27.4128 30.8529 
26.25 -11.7443 -5.51863 -4.55849 26.9124 30.2231 
26.3 -11.816 -5.59885 -4.53453 26.8443 30.2018 
26.35 -11.9022 -5.61985 -4.53638 27.2387 30.5904 
26.4 -11.4818 -5.4459 -4.36487 25.894 29.1726 
26.45 -11.3211 -5.31451 -4.25893 26.0571 29.2151 
26.5 -11.1987 -5.22723 -4.2461 25.7681 28.8922 
26.55 -11.4509 -5.30625 -4.31376 26.4777 29.6472 
26.6 -11.1172 -5.14826 -4.1407 25.6229 28.7016 
26.65 -10.9715 -5.06176 -4.049 25.3055 28.333 
26.7 -10.8604 -4.91574 -4.02816 24.9811 27.9713 
26.75 -10.5616 -4.73398 -3.8962 24.1736 27.0832 
26.8 -10.886 -4.79293 -4.04535 25.1627 28.1248 
26.85 -10.52 -4.55731 -3.8886 24.2706 27.1223 
26.9 -10.3571 -4.45828 -3.79656 23.8031 26.611 
26.95 -10.1582 -4.31588 -3.70754 23.3777 26.1166 
27 -10.1095 -4.25071 -3.6577 23.3104 26.0197 
27.05 -10.0044 -4.15339 -3.61509 23.0276 25.7037 
27.1 -9.82749 -4.04793 -3.51479 22.4929 25.1247 
27.15 -9.77895 -3.97609 -3.44935 22.5921 25.1741 
27.2 -9.4269 -3.76156 -3.35269 21.8838 24.3548 
27.25 -9.28423 -3.70406 -3.26318 21.4435 23.8828 
27.3 -9.22606 -3.62739 -3.2269 21.3809 23.7873 
27.35 -9.17392 -3.57104 -3.17991 21.3198 23.6972 
27.4 -9.11538 -3.51053 -3.12852 21.0723 23.436 
27.45 -9.24346 -3.53911 -3.14248 21.6343 23.9976 
27.5 -9.06808 -3.44682 -3.05084 21.0769 23.402 
27.55 -8.64458 -3.1629 -2.87856 20.1353 22.326 
27.6 -8.71974 -3.14911 -2.8778 20.2026 22.4137 
27.65 -8.70209 -3.08197 -2.85021 20.3574 22.5338 
27.7 -8.80083 -3.09416 -2.87102 20.5676 22.7661 
27.75 -8.39555 -2.85853 -2.71234 19.5318 21.6218 
27.8 -8.7347 -2.90505 -2.87136 20.4348 22.5956 
27.85 -8.21371 -2.54827 -2.64372 19.3307 21.3219 
27.9 -8.16789 -2.49635 -2.60805 19.1273 21.1093 
27.95 -8.31851 -2.45131 -2.68306 19.5783 21.5804 
28 -7.83179 -2.12885 -2.45313 18.4001 20.2595 
28.05 -5.88575 -1.26611 -1.70469 13.1308 14.5454 
28.1 -7.22609 -1.89534 -2.3187 16.7071 18.4476 
28.15 -7.50563 -2.04434 -2.40939 17.6524 19.4403 
28.2 -6.72215 -1.77218 -2.06269 15.4197 17.0397 
28.25 -6.88432 -1.86513 -2.15342 15.9895 17.6403 
28.3 -6.82955 -1.88334 -2.10753 15.9898 17.6155 
28.35 -6.2141 -1.76137 -1.73823 14.2277 15.7216 
28.4 -6.41533 -1.95324 -1.72064 14.7729 16.3148 
28.45 -6.1492 -1.91581 -1.54313 14.0018 15.4891 
28.5 -5.87951 -1.87635 -1.39083 13.2152 14.6515 
28.55 -5.77519 -1.89609 -1.3312 12.846 14.2737 
28.6 -5.5088 -1.7706 -1.27233 12.1753 13.5402 
28.65 -5.44221 -1.66682 -1.32407 12.1459 13.4786 
28.7 -5.60729 -1.72354 -1.42582 12.6704 14.0351 
28.75 -5.51529 -1.70507 -1.40641 12.1773 13.5496 
28.8 -5.53738 -1.73514 -1.40294 12.2581 13.6345 
28.85 -5.4855 -1.70907 -1.37384 12.1964 13.5518 
28.9 -5.23263 -1.62658 -1.23526 11.521 12.8174 
28.95 -5.38036 -1.71212 -1.29555 12.0821 13.399 
29 -5.45861 -1.7455 -1.32268 12.1914 13.536 
29.05 -5.35967 -1.70781 -1.27449 11.9015 13.2255 
29.1 -5.38545 -1.7436 -1.28767 11.9708 13.3042 
29.15 -5.18866 -1.6565 -1.21532 11.6022 12.8746 
29.2 -5.13968 -1.63135 -1.19688 11.5716 12.8223 
29.25 -5.25482 -1.67976 -1.23048 11.7001 12.9939 
29.3 -5.36337 -1.73506 -1.25087 11.8018 13.1387 
29.35 -5.29035 -1.72319 -1.22682 11.6293 12.95 
29.4 -5.34086 -1.75995 -1.21905 11.7706 13.1018 
29.45 -5.43921 -1.82111 -1.25074 11.9962 13.3557 
29.5 -5.2822 -1.77903 -1.18758 11.5067 12.8406 
29.55 -5.31138 -1.78749 -1.22898 11.744 13.0705 
29.6 -5.16255 -1.71454 -1.16456 11.4517 12.7314 
29.65 -5.108 -1.7163 -1.14903 11.2924 12.5649 
29.7 -5.05882 -1.68477 -1.13316 11.1558 12.4164 
29.75 -5.00506 -1.66203 -1.11741 11.0206 12.2684 
29.8 -5.15564 -1.7119 -1.15804 11.3885 12.6708 
29.85 -5.30746 -1.78295 -1.20632 11.7685 13.0882 
29.9 -5.32994 -1.79408 -1.22416 11.8302 13.1559 
29.95 -5.30249 -1.75777 -1.25593 11.9292 13.2321 
30 -5.1092 -1.7057 -1.16394 11.3206 12.5907 
30.05 -5.11455 -1.73043 -1.1647 11.4142 12.6805 
30.1 -5.22876 -1.72988 -1.2153 11.7147 13.0017 
30.15 -5.16143 -1.70999 -1.17443 11.4043 12.6887 
30.2 -5.34192 -1.82701 -1.24234 11.9745 13.2968 
30.25 -5.2569 -1.78064 -1.217 11.8567 13.1479 
30.3 -5.1513 -1.74214 -1.16173 11.2934 12.5882 
30.35 -5.19547 -1.80803 -1.1644 11.3268 12.6457 
30.4 -5.0595 -1.76166 -1.08106 11.1275 12.3972 
30.45 -5.17171 -1.79493 -1.17633 11.4731 12.7665 
30.5 -5.19577 -1.78843 -1.18663 11.4527 12.758 
30.55 -5.11328 -1.76978 -1.14025 11.1507 12.4465 
30.6 -4.96599 -1.71526 -1.08298 10.8132 12.0707 
30.65 -4.92571 -1.66968 -1.0765 10.8391 12.0705 
30.7 -5.13164 -1.78028 -1.16 11.3136 12.6034 
30.75 -5.25166 -1.82447 -1.19381 11.6885 12.9983 
30.8 -5.16017 -1.77172 -1.1621 11.6536 12.9199 
30.85 -5.25258 -1.80203 -1.22345 11.8496 13.1433 
30.9 -5.31667 -1.83244 -1.22558 12.0324 13.3381 
30.95 -5.37763 -1.85732 -1.22788 12.1099 13.436 
