0 0 0 0 0 0 
0.05 -0.153659 -0.0569129 -0.0685558 0.380604 0.420011 
0.1 -0.0562359 -0.0117756 -0.0301521 0.0604285 0.0886815 
0.15 -0.13829 -0.0453993 -0.0664635 0.298213 0.338408 
0.2 -0.136528 -0.0494036 -0.0643367 0.298164 0.337795 
0.25 -0.151679 -0.0555348 -0.0762719 0.256204 0.312385 
0.3 -0.164066 -0.050126 -0.0767302 0.303312 0.356837 
0.35 -0.162185 -0.0601807 -0.0872101 0.224552 0.296592 
0.4 -0.0250745 0.000542801 -0.0299061 -0.019998 0.0471693 
0.45 0.0843463 0.0305088 0.0209358 -0.430301 0.440043 
0.5 0.044409 0.0273823 0.0225112 -0.234297 0.240658 
0.55 -0.189899 -0.0524625 -0.0885023 0.319876 0.385957 
0.6 -0.112053 -0.0327044 -0.0602093 -0.0206385 0.137129 
0.65 0.0205213 0.0150843 -0.0240015 -0.230836 0.233558 
0.7 0.0319944 0.00687945 -0.0258683 -0.222893 0.22664 
0.75 0.038721 0.033423 -0.000759109 -0.198305 0.205194 
0.8 -0.171205 -0.0397776 -0.0702936 0.283679 0.34113 
0.85 -0.221724 -0.0619375 -0.118737 0.410128 0.485096 
0.9 -0.122019 -0.0363663 -0.0759316 0.186188 0.23763 
0.95 -0.115054 -0.0222368 -0.0828984 0.306191 0.338166 
1 -0.094383 -0.0261944 -0.0721955 0.246945 0.275276 
1.05 -0.125149 -0.0230765 -0.0782591 0.344121 0.375173 
1.1 -0.207208 -0.0716883 -0.123951 0.482357 0.543949 
1.15 -0.242703 -0.0796564 -0.139495 0.663568 0.724655 
1.2 -0.235198 -0.0784849 -0.129361 0.554015 0.620633 
1.25 -0.0450542 0.00752293 -0.0486493 0.0896363 0.114351 
1.3 0.0425052 0.0336142 -0.00402622 -0.0740583 0.108504 
1.35 -0.165803 -0.0527755 -0.103719 0.488939 0.529196 
1.4 -0.301008 -0.0770809 -0.161952 0.81552 0.887692 
1.45 -0.305446 -0.0821106 -0.150341 0.806498 0.879192 
1.5 -0.224773 -0.0646332 -0.131917 0.623519 0.678804 
1.55 -0.10039 -0.0194529 -0.0825001 0.340405 0.364927 
1.6 -0.122396 -0.0153673 -0.084143 0.469439 0.492608 
1.65 -0.268135 -0.0769166 -0.148404 0.733046 0.798293 
1.7 -0.226845 -0.0584025 -0.135696 0.648143 0.702415 
1.75 -0.199834 -0.0442388 -0.120086 0.609306 0.653891 
1.8 -0.19548 -0.0433375 -0.12594 0.652084 0.693762 
1.85 -0.206122 -0.0461618 -0.130076 0.604147 0.653092 
1.9 -0.268548 -0.0546755 -0.18899 0.725841 0.798562 
1.95 -0.156398 0.0241906 -0.171026 0.475493 0.530191 
2 -0.230371 -0.0179404 -0.18529 0.496747 0.578364 
2.05 -0.189618 -0.00110028 -0.167223 0.498631 0.559183 
2.1 0.0203419 0.0807998 -0.0791141 -0.0615514 0.122382 
2.15 -0.015409 0.0701164 -0.096117 0.0797053 0.14695 
2.2 -0.311906 -0.0429033 -0.23793 0.783339 0.877258 
2.25 -0.340263 -0.0559713 -0.246873 0.901367 0.996979 
2.3 -0.28291 -0.0292565 -0.206813 0.70537 0.788511 
2.35 -0.193903 -0.00893133 -0.186322 0.689161 0.740062 
2.4 -0.0545169 0.0476488 -0.12311 0.261275 0.299217 
2.45 -0.183813 -0.00798364 -0.175253 0.628503 0.677888 
2.5 -0.245471 -0.0270207 -0.20231 0.733673 0.799973 
2.55 -0.142642 0.0133529 -0.147534 0.480402 0.523053 
2.6 -0.164746 0.00734174 -0.153173 0.574627 0.618957 
2.65 -0.227574 -0.00690401 -0.193355 0.773684 0.82979 
2.7 -0.304499 -0.0449582 -0.223438 0.861015 0.941313 
2.75 -0.284391 -0.0413312 -0.195792 0.915994 0.979793 
2.8 -0.330287 -0.0517808 -0.2215 0.947319 1.02915 
2.85 -0.13757 0.0318212 -0.133189 0.460366 0.498715 
2.9 -0.144182 0.000156674 -0.141612 0.55898 0.594269 
2.95 -0.0925052 0.01299 -0.11801 0.311993 0.346314 
3 -0.0648664 0.0516952 -0.103891 0.305089 0.337728 
3.05 -0.221229 0.000202447 -0.174074 0.71575 0.769652 
3.1 -0.266213 -0.0367807 -0.189702 0.806177 0.87052 
3.15 -0.201614 -0.0109679 -0.174068 0.573921 0.632913 
3.2 -0.101005 0.0439482 -0.143708 0.264467 0.319411 
3.25 -0.120955 0.0190948 -0.1378 0.311197 0.362091 
3.3 -0.216287 -0.026685 -0.172036 0.549959 0.616004 
3.35 -0.171244 0.020412 -0.157783 0.423933 0.48412 
3.4 -0.0604581 0.0541883 -0.105299 0.10579 0.183183 
3.45 -0.12599 0.0191131 -0.145443 0.264419 0.328484 
3.5 -0.0784421 0.0594615 -0.135725 0.124344 0.212606 
3.55 -0.109313 0.0421973 -0.132668 0.17776 0.255643 
3.6 -0.0474458 0.0593823 -0.0984921 0.076247 0.148281 
3.65 -0.0529475 0.0666423 -0.112651 -0.0819851 0.162503 
3.7 -0.0545932 0.0634304 -0.108997 -0.0803348 0.155255 
3.75 0.0967582 0.10596 -0.0236916 -0.604847 0.622429 
3.8 0.24069 0.158722 0.0236395 -0.969968 1.01233 
3.85 0.102417 0.12916 -0.0423593 -0.493258 0.522665 
3.9 -0.0711217 0.0567731 -0.0862552 -0.14109 0.197105 
3.95 -0.134029 0.0327763 -0.106646 -0.0717594 0.196956 
4 -0.122575 0.0281573 -0.12601 -0.00398755 0.186086 
4.05 0.0405189 0.0979803 -0.0600666 -0.321185 0.343854 
4.1 0.0179294 0.0683811 -0.0633325 -0.341811 0.355592 
4.15 -0.00894641 0.0704593 -0.0743579 -0.151162 0.181195 
4.2 -0.0202766 0.0809348 -0.0888635 -0.132474 0.185803 
4.25 -0.0473263 0.0582646 -0.0988559 0.00740878 0.123263 
4.3 -0.0872865 0.0442193 -0.124131 -0.00662049 0.163811 
4.35 -0.0777546 0.053984 -0.117397 0.0981766 0.179199 
4.4 -0.0633434 0.0663538 -0.104835 0.126614 0.187549 
4.45 -0.134225 0.037254 -0.132858 0.308616 0.363688 
4.5 -0.137389 0.0278597 -0.140895 0.15712 0.252235 
4.55 0.0577019 0.0997867 -0.0512934 -0.273797 0.299142 
4.6 0.119921 0.112892 -0.0321713 -0.409959 0.443624 
4.65 -0.011122 0.0854171 -0.0860401 0.0242161 0.141177 
4.7 -0.136576 0.0324621 -0.131419 0.303458 0.360044 
4.75 -0.203564 -0.0168252 -0.172204 0.286786 0.392687 
4.8 -0.00416382 0.0800202 -0.0899055 0.0949828 0.152349 
4.85 0.0452527 0.0955179 -0.0731415 -0.0532328 0.144949 
4.9 -0.0776453 0.0456972 -0.129908 0.150287 0.224627 
4.95 -0.149755 0.0243347 -0.15581 0.342075 0.406935 
5 -0.058146 0.0702064 -0.119399 0.135745 0.20992 
5.05 -0.0689125 0.0611361 -0.131083 0.206761 0.263012 
5.1 0.205694 0.183514 -0.0221643 -0.420233 0.502809 
5.15 1.22997 0.555489 0.379481 -2.84727 3.17389 
5.2 1.78059 0.641533 0.444684 -4.114 4.55043 
5.25 2.27997 0.653432 0.509618 -5.26129 5.79365 
5.3 2.75504 0.772155 0.640757 -6.20214 6.86033 
5.35 3.52591 1.09594 0.909677 -7.95849 8.82031 
5.4 4.14927 1.32602 1.14294 -8.95246 10.0214 
5.45 4.84383 1.50445 1.36752 -10.5085 11.7484 
5.5 4.12761 1.10925 1.01059 -8.38851 9.46867 
5.55 4.52948 1.25983 1.1302 -9.43462 10.6015 
5.6 5.03824 1.45108 1.33073 -10.421 11.7412 
5.65 5.09257 1.40543 1.31382 -10.5966 11.9132 
5.7 5.34052 1.49086 1.39259 -10.9739 12.3739 
5.75 5.42076 1.48999 1.39712 -11.2109 12.6191 
5.8 6.18437 1.72572 1.68639 -13.2376 14.8089 
5.85 6.16694 1.64129 1.66031 -12.7446 14.3495 
5.9 6.44096 1.61942 1.71991 -13.5957 15.2286 
5.95 4.9872 0.898319 1.11648 -9.87002 11.1509 
6 5.97283 1.17842 1.54493 -12.5829 14.0634 
6.05 4.52039 0.521428 0.89425 -9.19812 10.301 
6.1 5.68647 0.966163 1.38682 -12.099 13.475 
6.15 4.3343 0.315265 0.799173 -8.98446 10.0124 
6.2 4.91861 0.523258 1.00492 -10.5833 11.7253 
6.25 4.02648 0.153777 0.549411 -8.42617 9.35621 
6.3 4.68488 0.445566 0.781206 -9.90627 10.9951 
6.35 3.27059 -0.156488 0.119162 -6.78653 7.53625 
6.4 3.79771 0.0570616 0.313687 -8.18837 9.03184 
6.45 3.33698 -0.147606 0.0783298 -7.31238 8.03951 
6.5 2.82511 -0.389566 -0.178201 -6.2936 6.91183 
6.55 2.88901 -0.387558 -0.162878 -6.63975 7.25319 
6.6 3.07222 -0.354685 -0.0749366 -7.09861 7.74251 
6.65 1.92099 -0.872776 -0.588244 -4.34295 4.86392 
6.7 2.11355 -0.849883 -0.527877 -5.22657 5.72495 
6.75 1.2405 -1.25086 -0.888439 -3.0204 3.60807 
6.8 1.12157 -1.43861 -0.890317 -3.22728 3.81417 
6.85 0.753504 -1.63092 -0.979267 -2.11064 2.93919 
6.9 0.888454 -1.64861 -0.968023 -3.07853 3.72677 
6.95 -0.0256151 -2.04861 -1.35821 -0.757901 2.57064 
7 0.202465 -1.99202 -1.2095 -1.53505 2.79682 
7.05 -0.18548 -2.21109 -1.39221 -0.804023 2.73993 
7.1 -0.747945 -2.41223 -1.68882 0.488904 3.07817 
7.15 -0.550553 -2.32953 -1.6433 -0.151814 2.90724 
7.2 -1.32584 -2.62061 -2.01119 1.65945 3.92852 
7.25 -1.23637 -2.61068 -2.02332 0.994972 3.66427 
7.3 -1.82239 -2.79394 -2.31165 2.53131 4.78313 
7.35 -1.95031 -2.85822 -2.39688 2.75378 5.03007 
7.4 -1.97361 -2.82016 -2.44681 2.74985 5.03954 
7.45 -2.28418 -2.9803 -2.60948 3.12626 5.53916 
7.5 -3.15483 -3.37562 -3.01757 4.71874 7.26086 
7.55 -3.17279 -3.38053 -3.02445 4.72932 7.28069 
7.6 -3.04586 -3.34852 -2.92337 4.57109 7.06618 
7.65 -3.39965 -3.60289 -3.08275 5.08381 7.73867 
7.7 -4.00073 -3.86523 -3.31588 6.68893 9.31036 
7.75 -4.43491 -4.13633 -3.49273 7.36972 10.1631 
7.8 -4.71669 -4.32516 -3.51956 8.10843 10.9128 
7.85 -4.915 -4.46006 -3.56807 8.4804 11.3445 
7.9 -4.8868 -4.4973 -3.52343 8.30716 11.204 
7.95 -5.4731 -4.78031 -3.77336 9.59623 12.6148 
8 -5.53727 -4.80802 -3.77395 9.92879 12.9074 
8.05 -6.25775 -5.10469 -4.1245 11.6882 14.7933 
8.1 -6.37019 -5.115 -4.21279 11.8433 14.9918 
8.15 -6.41129 -5.10996 -4.26704 11.6078 14.838 
8.2 -6.795 -5.2539 -4.50424 12.549 15.8601 
8.25 -7.31348 -5.4473 -4.7154 13.6725 17.0977 
8.3 -7.51204 -5.51258 -4.83538 13.9158 17.4313 
8.35 -7.62741 -5.55276 -4.91242 14.0731 17.6407 
8.4 -8.4526 -5.87752 -5.32166 16.0222 19.7743 
8.45 -7.39837 -5.50154 -4.84534 13.0402 16.6891 
8.5 -8.32753 -5.93388 -5.21857 15.6112 19.3778 
8.55 -8.27084 -5.95416 -5.16303 15.5601 19.3038 
8.6 -8.92423 -6.40398 -5.38156 16.7536 20.7436 
8.65 -9.40145 -6.65693 -5.51055 18.0229 22.0883 
8.7 -9.42413 -6.75683 -5.49675 17.6425 21.8161 
8.75 -9.43219 -6.78086 -5.45183 17.7229 21.8809 
8.8 -9.70504 -6.93274 -5.56425 18.3208 22.5581 
8.85 -9.92693 -7.04081 -5.66496 18.7875 23.0907 
8.9 -10.2034 -7.15946 -5.7989 19.3201 23.7121 
8.95 -10.2791 -7.17278 -5.89341 19.3318 23.7815 
9 -10.5497 -7.26475 -6.06014 19.7948 24.344 
9.05 -10.7626 -7.34444 -6.19504 20.0324 24.6871 
9.1 -11.0861 -7.45042 -6.34361 20.8557 25.5658 
9.15 -11.23 -7.46951 -6.48012 20.9604 25.7534 
9.2 -11.3083 -7.41834 -6.55895 21.1105 25.9149 
9.25 -11.5862 -7.51052 -6.75218 21.4702 26.4048 
9.3 -11.5419 -7.54268 -6.674 21.5617 26.4492 
9.35 -11.7622 -7.68777 -6.73597 22.1033 27.0442 
9.4 -11.6321 -7.69766 -6.73061 21.3318 26.361 
9.45 -12.6222 -8.09645 -7.16979 24.1327 29.303 
9.5 -12.6083 -8.17957 -7.13403 23.7783 29.0203 
9.55 -12.9425 -8.39478 -7.20753 24.5932 29.9124 
9.6 -12.7143 -8.38963 -7.04486 24.0399 29.3187 
9.65 -12.9456 -8.49931 -7.19422 24.2681 29.6736 
9.7 -13.0893 -8.49908 -7.30289 24.6762 30.0968 
9.75 -13.6284 -8.73588 -7.61914 25.5496 31.191 
9.8 -13.3625 -8.5868 -7.48276 25.243 30.749 
9.85 -13.6742 -8.72026 -7.69873 25.6436 31.3032 
9.9 -14.2236 -8.85734 -7.96616 27.1262 32.8641 
9.95 -14.0015 -8.78683 -7.97311 25.8011 31.6625 
10 -14.6179 -8.95113 -8.27413 27.5489 33.4845 
10.05 -14.5393 -8.93988 -8.276 27.1999 33.1608 
10.1 -15.0545 -9.27812 -8.41162 27.9136 34.0978 
10.15 -14.1828 -8.94264 -8.08319 25.6467 31.6893 
10.2 -15.0982 -9.36253 -8.43091 28.214 34.3908 
10.25 -14.9384 -9.3782 -8.37868 27.5042 33.7313 
10.3 -16.0359 -9.95581 -8.75817 30.5185 36.9371 
10.35 -15.6245 -9.86055 -8.55507 29.2431 35.6329 
10.4 -15.7117 -9.90183 -8.56499 29.4897 35.8874 
10.45 -15.8303 -9.93579 -8.67467 29.6357 36.0949 
10.5 -15.926 -9.96618 -8.76288 29.6332 36.1646 
10.55 -16.2468 -10.0788 -8.94754 30.5212 37.1099 
10.6 -16.4747 -10.1666 -9.09702 31.1512 37.788 
10.65 -16.7384 -10.2759 -9.26025 31.4152 38.1895 
10.7 -16.8133 -10.2558 -9.35568 31.3387 38.1774 
10.75 -16.8749 -10.2456 -9.40844 31.4387 38.2968 
10.8 -16.9374 -10.2202 -9.47085 31.83 38.6545 
10.85 -17.344 -10.4139 -9.68828 32.6575 39.6188 
10.9 -17.3043 -10.447 -9.67296 32.3264 39.3338 
10.95 -17.4954 -10.5311 -9.79378 32.9073 39.9475 
11 -17.7302 -10.686 -9.87081 33.4125 40.5263 
11.05 -17.9951 -10.8979 -9.94498 34.1786 41.3481 
11.1 -18.1957 -11.066 -9.94639 34.695 41.9072 
11.15 -18.1231 -11.104 -9.88451 34.4374 41.658 
11.2 -18.3447 -11.1671 -10.0365 34.8416 42.1415 
11.25 -18.3557 -11.1099 -10.1164 34.8287 42.1396 
11.3 -18.6165 -11.2294 -10.3003 35.2126 42.6462 
11.35 -18.9562 -11.3502 -10.479 36.2368 43.7159 
11.4 -19.0713 -11.3916 -10.6197 36.2228 43.799 
11.45 -19.1323 -11.3892 -10.6566 36.2047 43.819 
11.5 -19.134 -11.3691 -10.7085 36.1512 43.783 
11.55 -19.5059 -11.5779 -10.8559 36.9606 44.7043 
11.6 -19.6349 -11.648 -10.946 37.3043 45.0847 
11.65 -19.7393 -11.7248 -11.01 37.4569 45.2918 
11.7 -19.9751 -11.8423 -11.1379 37.9501 45.864 
11.75 -19.951 -11.8563 -11.1341 37.9156 45.8277 
11.8 -20.4228 -12.1377 -11.3248 39.0349 47.0785 
11.85 -20.2808 -12.1035 -11.2328 38.8806 46.8581 
11.9 -20.5428 -12.2756 -11.3456 39.3434 47.427 
11.95 -20.4409 -12.213 -11.345 38.9075 47.0052 
12 -20.7588 -12.3318 -11.5611 39.6048 47.8038 
12.05 -21.0995 -12.4633 -11.7643 40.2973 48.6086 
12.1 -21.2336 -12.4923 -11.8651 40.7936 49.1104 
12.15 -21.3889 -12.519 -12.0035 40.8617 49.2745 
12.2 -21.3745 -12.4669 -12.04 40.8914 49.2886 
12.25 -21.4082 -12.4903 -12.0756 40.8642 49.2952 
12.3 -21.7492 -12.6329 -12.2491 41.6638 50.1849 
12.35 -21.7112 -12.6095 -12.2606 41.8468 50.3176 
12.4 -21.9829 -12.7368 -12.4186 42.2668 50.8545 
12.45 -21.9338 -12.7501 -12.4211 42.2449 50.819 
12.5 -22.338 -12.9685 -12.5732 43.3409 51.997 
12.55 -22.4953 -13.0965 -12.6322 43.6476 52.3664 
12.6 -22.8323 -13.3176 -12.7592 44.3114 53.1504 
12.65 -22.5735 -13.1697 -12.6779 43.6617 52.4412 
12.7 -22.8655 -13.2499 -12.8641 44.3286 53.1874 
12.75 -22.867 -13.2373 -12.9336 44.1349 53.0406 
12.8 -23.1976 -13.4059 -13.1295 44.7981 53.8248 
12.85 -23.5737 -13.5329 -13.3456 45.6208 54.756 
12.9 -23.385 -13.385 -13.2981 45.2344 54.3048 
12.95 -23.7923 -13.5667 -13.5024 46.0768 55.2767 
13 -23.8466 -13.6007 -13.5039 46.257 55.459 
13.05 -23.8222 -13.6395 -13.54 45.9673 55.2255 
13.1 -24.1607 -13.7864 -13.7324 46.7314 56.091 
13.15 -24.3757 -13.9404 -13.8274 47.0728 56.5293 
13.2 -24.5847 -14.0726 -13.8662 47.7675 57.2403 
13.25 -24.516 -14.1468 -13.7921 47.4457 56.9428 
13.3 -24.9177 -14.3102 -14.0019 48.4781 58.0677 
13.35 -24.7462 -14.2318 -13.9718 47.8059 57.4067 
13.4 -25.1428 -14.3991 -14.2597 48.634 58.3789 
13.45 -25.2875 -14.4024 -14.4294 48.8142 58.6338 
13.5 -25.2016 -14.2542 -14.4779 48.6261 58.4159 
13.55 -25.9163 -14.5523 -14.8423 50.0828 60.1 
13.6 -25.6776 -14.4157 -14.7169 49.5587 59.4963 
13.65 -26.3066 -14.726 -15.021 50.836 60.9822 
13.7 -25.6347 -14.4081 -14.6896 49.4982 59.4187 
13.75 -26.28 -14.7419 -15.0308 50.8793 61.013 
13.8 -26.058 -14.6209 -14.9666 50.6577 60.6876 
13.85 -26.6082 -14.9306 -15.2461 51.6503 61.896 
13.9 -26.8098 -15.0807 -15.2994 52.3079 62.581 
13.95 -26.5812 -15.0541 -15.1421 51.6848 61.9176 
14 -26.9602 -15.2136 -15.3818 52.4849 62.8457 
14.05 -27.0209 -15.232 -15.4658 52.4721 62.8861 
14.1 -27.583 -15.4857 -15.7836 53.57 64.1833 
14.15 -27.0107 -15.1876 -15.4797 52.6323 63.0081 
14.2 -27.8467 -15.6056 -15.9686 54.1136 64.8248 
14.25 -27.6095 -15.4818 -15.8466 53.7586 64.3667 
14.3 -28.1747 -15.7725 -16.1339 54.9152 65.7159 
14.35 -27.5322 -15.4588 -15.8523 53.5305 64.1389 
14.4 -28.4466 -15.8781 -16.3868 55.3559 66.2882 
14.45 -28.4293 -15.9084 -16.3921 55.2902 66.2345 
14.5 -28.4865 -15.9932 -16.3892 55.7013 66.6221 
14.55 -28.5802 -16.1055 -16.3939 55.885 66.8439 
14.6 -28.6888 -16.1862 -16.4753 56.1769 67.1738 
14.65 -28.8267 -16.2312 -16.5674 56.3562 67.4161 
14.7 -29.0748 -16.3264 -16.7958 56.7767 67.9528 
14.75 -29.1147 -16.3196 -16.8422 57.0114 68.1759 
14.8 -29.4811 -16.5985 -17.049 57.6599 68.9926 
14.85 -29.8112 -16.7546 -17.2363 58.2199 69.6855 
14.9 -29.651 -16.6196 -17.2234 57.914 69.3258 
14.95 -29.9877 -16.7731 -17.4303 58.6831 70.2005 
15 -29.75 -16.744 -17.2615 58.2522 69.6901 
15.05 -30.7254 -17.239 -17.7424 60.3291 72.0807 
15.1 -30.7401 -17.2183 -17.6549 60.7863 72.4437 
15.15 -30.1678 -16.8827 -17.2806 59.425 70.8878 
15.2 -30.2627 -16.9141 -17.3357 59.9145 71.3596 
15.25 -30.6352 -17.0524 -17.5344 60.4836 72.0765 
15.3 -30.1237 -16.7631 -17.2406 59.6525 71.0218 
15.35 -30.5431 -16.977 -17.4766 60.4327 71.9628 
15.4 -30.3932 -16.8622 -17.3696 60.115 71.5793 
15.45 -30.4365 -16.9284 -17.3855 59.9957 71.5171 
15.5 -30.5762 -17.0776 -17.4037 60.3953 71.9516 
15.55 -30.3348 -16.9431 -17.2432 59.9572 71.4105 
15.6 -30.4473 -16.9846 -17.2825 60.3962 71.8463 
15.65 -30.5248 -17.0249 -17.2818 60.613 72.0708 
15.7 -30.4395 -16.9964 -17.2324 60.4196 71.8534 
15.75 -30.5825 -17.0681 -17.3281 60.6221 72.1243 
15.8 -30.4204 -16.9445 -17.2712 60.3776 71.8071 
15.85 -30.5626 -17.0238 -17.3423 60.5394 72.0393 
15.9 -30.5239 -16.9702 -17.3103 60.7327 72.1651 
15.95 -30.4767 -16.9443 -17.2714 60.5718 71.9943 
16 -30.5347 -16.9643 -17.3044 60.7342 72.1681 
16.05 -30.4432 -16.8801 -17.2712 60.6037 71.9919 
16.1 -30.4278 -16.8619 -17.2585 60.6628 72.0278 
16.15 -30.5621 -16.9353 -17.3248 60.7615 72.2008 
16.2 -30.4829 -16.8802 -17.2845 60.7378 72.1247 
16.25 -30.646 -16.9562 -17.3785 60.8126 72.2971 
16.3 -30.5587 -16.9299 -17.3167 60.7561 72.1916 
16.35 -30.7596 -17.0648 -17.4098 60.8281 72.3914 
16.4 -30.6687 -16.9875 -17.3823 60.777 72.2851 
16.45 -30.8072 -17.0867 -17.4561 60.699 72.3195 
16.5 -30.7758 -17.1003 -17.4529 60.6396 72.2588 
16.55 -30.8469 -17.1711 -17.4737 60.5877 72.2674 
16.6 -30.8192 -17.1091 -17.4347 60.783 72.3953 
16.65 -30.775 -17.0669 -17.4034 60.773 72.3506 
16.7 -30.8326 -17.0945 -17.4676 60.851 72.4626 
16.75 -30.8084 -17.0905 -17.477 60.5757 72.2225 
16.8 -30.8972 -17.1555 -17.4957 60.6614 72.3522 
16.85 -30.8762 -17.1553 -17.4523 60.6995 72.3648 
16.9 -30.9023 -17.1319 -17.4957 60.7428 72.4172 
16.95 -30.9014 -17.1328 -17.4948 60.7737 72.4427 
17 -30.8698 -17.1047 -17.4982 60.7337 72.3898 
17.05 -30.8257 -17.0742 -17.4643 60.7239 72.3474 
17.1 -30.8526 -17.0639 -17.4851 60.8098 72.4335 
17.15 -30.916 -17.1046 -17.5169 60.8652 72.5243 
17.2 -30.9806 -17.2065 -17.4536 60.9101 72.5984 
17.25 -31.0054 -17.2412 -17.4268 61.0577 72.7347 
17.3 -30.9179 -17.1674 -17.3778 61.0303 72.6452 
17.35 -30.8769 -17.1411 -17.3541 60.9715 72.5665 
17.4 -30.9579 -17.1583 -17.4343 61.0893 72.7231 
17.45 -30.9477 -17.1564 -17.4567 61.1403 72.7666 
17.5 -30.8256 -17.0951 -17.3596 60.8801 72.4583 
17.55 -30.7771 -17.0649 -17.3017 60.9158 72.4467 
17.6 -30.9023 -17.0789 -17.3934 61.2484 72.8048 
17.65 -30.8733 -17.0425 -17.3626 61.3026 72.8222 
17.7 -30.8186 -17.031 -17.357 61.1968 72.7059 
17.75 -30.8264 -17.041 -17.3574 61.2363 72.7449 
17.8 -30.8573 -17.0471 -17.3934 61.2571 72.7856 
17.85 -30.888 -17.0629 -17.3785 61.3429 72.8709 
17.9 -30.8316 -17.0261 -17.3571 61.1746 72.6916 
17.95 -30.8327 -17.0386 -17.3626 61.2103 72.7264 
18 -30.9113 -17.0711 -17.3998 61.4702 72.995 
18.05 -30.9163 -17.0656 -17.4035 61.4279 72.9611 
18.1 -30.9341 -17.0754 -17.4034 61.4467 72.9867 
18.15 -30.7877 -16.9987 -17.327 61.0489 72.5536 
18.2 -30.8961 -17.0655 -17.3675 61.2742 72.8146 
18.25 -30.8979 -17.0609 -17.3325 61.3922 72.9052 
18.3 -31.3122 -17.2025 -17.4821 62.55 74.125 
18.35 -31.4164 -17.0725 -17.3562 63.1353 74.6041 
18.4 -31.2106 -16.8378 -17.0694 62.8694 74.1724 
18.45 -31.0124 -16.5646 -16.8078 62.4995 73.6535 
18.5 -30.964 -16.3786 -16.6061 63.123 74.0763 
18.55 -31.0222 -16.2938 -16.4708 63.5629 74.4271 
18.6 -31.0024 -16.2081 -16.3254 63.6584 74.4497 
18.65 -31.0088 -16.1557 -16.1901 63.7369 74.4786 
18.7 -30.6632 -15.9298 -15.9325 63.0314 73.626 
18.75 -30.7648 -15.9198 -15.9283 63.3821 73.9656 
18.8 -30.8143 -15.8968 -15.8741 63.6276 74.1801 
18.85 -30.6041 -15.7336 -15.7154 63.3817 73.8131 
18.9 -30.5713 -15.6765 -15.6455 63.3418 73.7382 
18.95 -30.6228 -15.6387 -15.6302 63.3889 73.7887 
19 -30.2452 -15.4233 -15.3962 62.6719 72.9209 
19.05 -30.0981 -15.3323 -15.33 62.3392 72.5408 
19.1 -30.0524 -15.3019 -15.2645 62.4676 72.612 
19.15 -29.8429 -15.2156 -15.1248 62.0359 72.1063 
19.2 -29.7198 -15.1808 -15.0356 61.7776 71.8071 
19.25 -29.5059 -15.0418 -14.9132 61.4113 71.3484 
19.3 -29.3376 -14.9863 -14.7842 61.1708 71.0332 
19.35 -29.3877 -15.0115 -14.7677 61.264 71.1361 
19.4 -29.2236 -14.9209 -14.6202 61.1177 70.8927 
19.45 -28.8403 -14.7248 -14.4247 60.4108 70.0437 
19.5 -29.0521 -14.7746 -14.5252 60.7895 70.4887 
19.55 -28.6881 -14.5575 -14.3369 60.0894 69.6506 
19.6 -28.7378 -14.5198 -14.3824 60.1913 69.7605 
19.65 -28.3364 -14.3131 -14.175 59.2367 68.6858 
19.7 -28.5192 -14.3965 -14.2074 59.4862 69.0005 
19.75 -28.3104 -14.304 -14.0385 59.2912 68.6921 
19.8 -27.928 -14.1786 -13.8129 58.6782 67.9333 
19.85 -28.0393 -14.3099 -13.8054 59.0165 68.2972 
19.9 -27.8654 -14.2309 -13.7065 58.6741 67.8934 
19.95 -27.7746 -14.2222 -13.5652 58.4507 67.6328 
20 -27.5856 -14.1689 -13.4738 57.9927 67.1298 
20.05 -27.4541 -14.0401 -13.4142 58.0873 67.1188 
20.1 -27.3728 -13.9936 -13.4103 57.7042 66.7436 
20.15 -27.2586 -13.9489 -13.2824 57.4802 66.4681 
20.2 -27.1838 -13.9239 -13.2581 56.8766 65.9057 
20.25 -27.0892 -13.8042 -13.2329 56.6058 65.6027 
20.3 -26.6596 -13.565 -13.0117 56.0643 64.8634 
20.35 -26.7378 -13.6256 -13.0277 56.2003 65.0289 
20.4 -26.9423 -13.7725 -13.0531 56.8767 65.7337 
20.45 -26.5172 -13.6013 -12.821 55.9436 64.6701 
20.5 -26.2567 -13.5181 -12.6378 55.4495 64.0821 
20.55 -25.9822 -13.3518 -12.5391 54.9443 63.478 
20.6 -26.3188 -13.5288 -12.673 55.6791 64.3154 
20.65 -26.2362 -13.4596 -12.6162 55.4996 64.1005 
20.7 -26.0509 -13.3831 -12.4745 55.2235 63.7417 
20.75 -25.5615 -13.1303 -12.2415 54.157 62.5191 
20.8 -25.8154 -13.2563 -12.365 54.3879 62.8736 
20.85 -25.6964 -13.1495 -12.27 54.3774 62.7748 
20.9 -25.4177 -13.0188 -12.1525 53.6909 62.0157 
20.95 -25.0848 -12.8526 -11.9677 53.083 61.2819 
21 -25.0202 -12.8548 -11.916 53.0994 61.26 
21.05 -24.9625 -12.9543 -11.8097 53.0522 61.196 
21.1 -24.734 -12.978 -11.5806 52.665 60.7282 
21.15 -24.6875 -13.1433 -11.402 52.7647 60.7975 
21.2 -24.4755 -13.1875 -11.1536 52.5189 60.4616 
21.25 -24.4894 -13.3283 -11.0561 52.4899 60.455 
21.3 -24.1189 -13.2208 -10.8086 51.6303 59.4897 
21.35 -24.1498 -13.2319 -10.822 51.7769 59.6344 
21.4 -24.0485 -13.1643 -10.7644 51.6211 59.4326 
21.45 -23.8145 -13.0639 -10.6138 51.2299 58.9487 
21.5 -23.8434 -13.0302 -10.6241 51.2485 58.9709 
21.55 -23.5085 -12.8455 -10.4704 50.5054 58.1212 
21.6 -23.5844 -12.8017 -10.5659 50.6638 58.2972 
21.65 -23.1445 -12.6324 -10.313 49.7 57.1987 
21.7 -23.2896 -12.6896 -10.36 50.3536 57.8467 
21.75 -22.8537 -12.5622 -10.1265 49.2854 56.6718 
21.8 -22.838 -12.5868 -10.0618 49.6976 57.0184 
21.85 -22.8018 -12.6081 -10.0079 49.418 56.7555 
21.9 -22.4827 -12.4967 -9.81662 48.9337 56.1472 
21.95 -22.5871 -12.5612 -9.82095 49.3427 56.5607 
22 -22.3718 -12.414 -9.75342 48.7941 55.9518 
22.05 -22.193 -12.2971 -9.65386 48.314 55.4183 
22.1 -22.0775 -12.2327 -9.58184 48.1777 55.2264 
22.15 -22.0531 -12.2218 -9.6132 48.0047 55.0688 
22.2 -21.9632 -12.1113 -9.55104 48.0536 55.0403 
22.25 -21.7546 -11.9824 -9.4735 47.3774 54.325 
22.3 -22.0336 -11.9987 -9.656 48.0587 55.0665 
22.35 -21.552 -11.7944 -9.45443 46.6885 53.5985 
22.4 -21.3963 -11.7024 -9.33848 46.7284 53.5304 
22.45 -21.2463 -11.6613 -9.275 46.4074 53.1702 
22.5 -21.3268 -11.7119 -9.25066 46.7773 53.5321 
22.55 -21.0712 -11.6554 -9.13266 46.116 52.8198 
22.6 -21.0167 -11.6289 -9.04864 46.3441 52.9772 
22.65 -20.689 -11.5484 -8.85821 45.6518 52.1916 
22.7 -20.6725 -11.573 -8.81909 45.7255 52.2483 
22.75 -20.6171 -11.5327 -8.81329 45.4145 51.9444 
22.8 -20.6506 -11.5362 -8.80677 45.4474 51.9861 
22.85 -20.4908 -11.4561 -8.70034 45.0721 51.5587 
22.9 -20.2175 -11.2803 -8.59923 44.6169 50.9961 
22.95 -20.1508 -11.2246 -8.56019 44.6052 50.9407 
23 -20.1428 -11.1739 -8.63013 44.3725 50.7345 
23.05 -19.9772 -11.0073 -8.55767 43.924 50.2275 
23.1 -19.7661 -10.8889 -8.50695 43.3256 49.5857 
23.15 -19.5698 -10.772 -8.47686 42.64 48.8778 
23.2 -19.3404 -10.6424 -8.29383 42.8148 48.8795 
23.25 -18.9503 -10.4515 -8.20455 41.7307 47.7191 
23.3 -19.4884 -10.6905 -8.39334 43.3443 49.4294 
23.35 -19.1122 -10.5548 -8.21512 42.2677 48.2776 
23.4 -18.8727 -10.4648 -8.04493 41.9661 47.8703 
23.45 -18.3825 -10.3316 -7.77959 40.9893 46.7472 
23.5 -18.9619 -10.613 -8.02183 42.2614 48.193 
23.55 -18.4832 -10.2841 -7.84617 41.2206 46.9903 
23.6 -18.658 -10.2897 -7.94439 41.801 47.5861 
23.65 -17.9795 -9.94316 -7.70406 39.9259 45.5584 
23.7 -18.0316 -9.8169 -7.80414 40.3486 45.9393 
23.75 -17.887 -9.66874 -7.79509 40.0321 45.5715 
23.8 -18.2764 -9.81905 -7.93421 40.9389 46.5767 
23.85 -17.819 -9.55244 -7.81698 39.4653 45.0265 
23.9 -17.8174 -9.51297 -7.81133 39.6728 45.1985 
23.95 -17.4162 -9.31808 -7.64234 38.8386 44.238 
24 -17.1646 -9.22592 -7.46472 38.4237 43.7246 
24.05 -17.2324 -9.23448 -7.52541 38.6082 43.9256 
24.1 -16.9259 -9.05384 -7.41646 37.7954 43.0344 
24.15 -17.1428 -9.17608 -7.48818 38.5371 43.8094 
24.2 -16.8661 -9.09716 -7.30158 38.2235 43.3771 
24.25 -16.5654 -9.04115 -7.10273 37.6852 42.7408 
24.3 -16.5891 -9.08421 -7.05278 37.7321 42.7922 
24.35 -16.5382 -9.05869 -7.02253 37.5929 42.6393 
24.4 -16.0812 -8.80084 -6.87473 36.5445 41.4587 
24.45 -16.1424 -8.88331 -6.84357 36.6617 41.5982 
24.5 -16.0635 -8.76454 -6.89669 36.3569 41.2825 
24.55 -15.9595 -8.56835 -6.91862 36.4156 41.2563 
24.6 -15.7032 -8.41631 -6.82616 35.4768 40.2818 
24.65 -15.5479 -8.26602 -6.78189 35.3458 40.0673 
24.7 -15.7655 -8.29381 -6.89574 36.0494 40.7977 
24.75 -15.3051 -8.01518 -6.78777 34.4262 39.1117 
24.8 -15.426 -7.96889 -6.85738 34.8858 39.5665 
24.85 -14.9892 -7.7707 -6.65812 33.8241 38.3857 
24.9 -14.8422 -7.69382 -6.58489 33.6569 38.1527 
24.95 -14.551 -7.57578 -6.43376 32.9167 37.3366 
25 -14.9691 -7.7114 -6.60321 34.4953 38.9495 
25.05 -14.6082 -7.58452 -6.44254 33.2172 37.6274 
25.1 -14.401 -7.51765 -6.26823 33.0232 37.3326 
25.15 -14.1972 -7.46958 -6.14931 32.6045 36.8541 
25.2 -14.034 -7.37282 -6.05327 32.329 36.5119 
25.25 -14.0936 -7.39321 -6.07586 32.4255 36.6281 
25.3 -14.1832 -7.40834 -6.07333 32.7978 36.995 
25.35 -13.7168 -7.19157 -5.90076 31.5976 35.6805 
25.4 -13.7789 -7.14821 -5.89527 32.1618 36.1951 
25.45 -13.1743 -6.8566 -5.70907 30.2993 34.2231 
25.5 -13.8562 -7.07167 -5.93645 32.5505 36.5619 
25.55 -12.9986 -6.69818 -5.6307 29.6902 33.5714 
25.6 -13.5739 -6.91011 -5.83723 31.3732 35.3604 
25.65 -13.0681 -6.63367 -5.62996 30.3332 34.1553 
25.7 -13.0254 -6.54934 -5.63149 30.1552 33.9648 
25.75 -12.5121 -6.27922 -5.43338 28.9217 32.5879 
25.8 -12.8495 -6.36961 -5.57794 30.0127 33.7277 
25.85 -12.3508 -6.18032 -5.30605 28.55 32.1558 
25.9 -12.5131 -6.21518 -5.34665 29.2389 32.8437 
25.95 -12.3645 -6.19006 -5.246 28.6045 32.2015 
26 -12.1153 -6.02457 -5.15833 28.2768 31.7689 
26.05 -11.9812 -5.88528 -5.15545 28.0719 31.5088 
26.1 -11.6689 -5.78778 -4.96699 27.0849 30.4619 
26.15 -11.8741 -5.83038 -5.04956 28.0004 31.3769 
26.2 -11.4833 -5.68436 -4.88785 26.6979 30.0141 
26.25 -11.4512 -5.63241 -4.87643 26.6701 29.9654 
26.3 -10.8058 -5.30937 -4.58925 25.0061 28.1304 
26.35 -11.2218 -5.45255 -4.71116 26.5105 29.6759 
26.4 -10.6615 -5.26327 -4.45838 24.7866 27.85 
26.45 -11.2768 -5.41464 -4.70489 26.6766 29.8373 
26.5 -10.4164 -5.05581 -4.38712 23.9283 26.9421 
26.55 -10.2947 -4.9228 -4.35504 23.5879 26.5625 
26.6 -9.90608 -4.73996 -4.16179 22.8268 25.6707 
26.65 -9.70809 -4.59244 -4.07893 22.225 25.0185 
26.7 -9.87577 -4.63215 -4.14044 22.3522 25.2142 
26.75 -9.62069 -4.42663 -4.00039 22.064 24.799 
26.8 -9.53785 -4.32632 -3.99076 21.7473 24.4656 
26.85 -8.93295 -4.00554 -3.76083 20.4551 22.9869 
26.9 -9.31092 -4.08157 -3.92744 21.2338 23.8675 
26.95 -9.17419 -3.98332 -3.81285 20.8919 23.4742 
27 -8.93785 -3.87184 -3.6968 20.2947 22.8126 
27.05 -9.04824 -3.85497 -3.73156 20.9145 23.411 
27.1 -8.75309 -3.68532 -3.60368 20.189 22.6006 
27.15 -8.33186 -3.48278 -3.40204 19.1551 21.4486 
27.2 -8.40552 -3.47252 -3.43286 19.7652 22.0264 
27.25 -8.30939 -3.40459 -3.37463 19.4025 21.6446 
27.3 -8.38619 -3.39086 -3.37652 19.8265 22.0526 
27.35 -8.40689 -3.36849 -3.31489 19.9112 22.1239 
27.4 -8.47491 -3.36727 -3.30499 19.9401 22.1741 
27.45 -8.12446 -3.14812 -3.13881 19.0796 21.2085 
27.5 -7.97539 -3.00108 -3.08524 19.1129 21.1527 
27.55 -7.94372 -2.90802 -3.13352 19.01 21.0419 
27.6 -7.79465 -2.75795 -3.03482 18.9111 20.8615 
27.65 -7.87866 -2.7831 -3.04706 18.8165 20.8125 
27.7 -7.72465 -2.58174 -2.9484 18.7995 20.699 
27.75 -7.67943 -2.50522 -2.91629 18.4288 20.3317 
27.8 -7.61736 -2.36229 -2.90536 18.3962 20.26 
27.85 -7.52544 -2.2352 -2.84609 17.9855 19.8294 
27.9 -7.40253 -2.08521 -2.76964 17.7679 19.558 
27.95 -7.31902 -1.99507 -2.69466 17.6486 19.3981 
28 -6.53116 -1.58624 -2.29304 15.691 17.2232 
28.05 -4.9577 -1.01954 -1.62752 11.1324 12.3369 
28.1 -6.38377 -1.64197 -2.28637 15.3139 16.8284 
28.15 -6.5007 -1.67777 -2.39697 15.9263 17.449 
28.2 -5.5118 -1.26496 -2.01466 13.2432 14.5403 
28.25 -6.05623 -1.53972 -2.27773 14.7478 16.1783 
28.3 -5.9979 -1.48865 -2.25688 14.8353 16.2287 
28.35 -5.6526 -1.35219 -2.08985 13.6353 14.969 
28.4 -6.09303 -1.58476 -2.24679 14.9686 16.3934 
28.45 -5.78581 -1.57587 -2.02337 14.2013 15.5477 
28.5 -5.53146 -1.65341 -1.74586 13.5954 14.8733 
28.55 -5.73533 -1.82476 -1.77914 14.061 15.3981 
28.6 -5.42233 -1.72886 -1.60303 13.264 14.5222 
28.65 -5.45723 -1.79187 -1.61062 13.301 14.5774 
28.7 -5.59407 -1.85436 -1.67363 13.6722 14.982 
28.75 -5.31372 -1.74169 -1.54366 12.8016 14.0546 
28.8 -5.22392 -1.72899 -1.48976 12.704 13.9245 
28.85 -5.12521 -1.69018 -1.47629 12.4524 13.6516 
28.9 -5.16138 -1.69208 -1.48831 12.5407 13.7473 
28.95 -5.4143 -1.81498 -1.5902 13.3418 14.5994 
29 -5.42779 -1.82319 -1.59377 13.4018 14.6606 
29.05 -5.18418 -1.69882 -1.49028 12.7381 13.9371 
29.1 -5.20162 -1.74652 -1.49687 12.7004 13.9157 
29.15 -5.1965 -1.75452 -1.51682 12.7906 13.9994 
29.2 -5.17043 -1.71889 -1.49097 12.7578 13.9525 
29.25 -5.13701 -1.70948 -1.47455 12.5587 13.7552 
29.3 -5.08045 -1.71421 -1.45315 12.508 13.6862 
29.35 -5.07625 -1.71751 -1.48196 12.3931 13.5832 
29.4 -4.97235 -1.68664 -1.42562 12.0026 13.1782 
29.45 -4.98804 -1.6894 -1.43516 12.1592 13.3282 
29.5 -4.91497 -1.66782 -1.40871 11.7222 12.897 
29.55 -4.8743 -1.65512 -1.39464 11.6558 12.818 
29.6 -4.76183 -1.61488 -1.34687 11.2172 12.3662 
29.65 -4.64041 -1.56153 -1.30127 10.9029 12.0224 
29.7 -4.51061 -1.51792 -1.23631 10.5643 11.6526 
29.75 -4.56419 -1.54229 -1.27847 10.7676 11.8653 
29.8 -4.77132 -1.62792 -1.35072 11.2645 12.4149 
29.85 -4.75185 -1.64082 -1.31961 11.1455 12.2978 
29.9 -4.60179 -1.55147 -1.27191 10.9776 12.071 
29.95 -4.55893 -1.5446 -1.29106 10.7527 11.8515 
30 -4.55563 -1.55755 -1.28281 10.744 11.8431 
30.05 -4.59507 -1.5844 -1.29063 10.6578 11.7847 
30.1 -4.59003 -1.56976 -1.2735 10.6399 11.7627 
30.15 -4.4848 -1.55589 -1.22371 10.3908 11.4891 
30.2 -4.33529 -1.5215 -1.14555 10.0263 11.0882 
30.25 -4.55063 -1.58309 -1.25814 10.7303 11.8295 
30.3 -4.63329 -1.594 -1.3154 10.9936 12.1077 
30.35 -4.49391 -1.56544 -1.237 10.467 11.5644 
30.4 -4.56636 -1.61404 -1.25434 10.6872 11.8003 
30.45 -4.71151 -1.66844 -1.35376 11.0655 12.2172 
30.5 -4.36338 -1.51942 -1.1708 10.2096 11.2674 
30.55 -4.54074 -1.59936 -1.25944 10.8525 11.939 
30.6 -4.68913 -1.65861 -1.34001 11.2273 12.3526 
30.65 -4.6529 -1.63925 -1.32537 10.9541 12.0866 
30.7 -4.81002 -1.72826 -1.37609 11.4958 12.6559 
30.75 -4.57295 -1.61922 -1.28074 10.9665 12.0597 
30.8 -4.49456 -1.60058 -1.25009 10.689 11.772 
30.85 -4.68297 -1.67855 -1.35097 11.3234 12.4416 
30.9 -4.49384 -1.59698 -1.25294 10.6344 11.722 
30.95 -4.51964 -1.60343 -1.25631 10.6501 11.7474 
