0.900222 0.97414 0.97414 0.958593
0.900222 0.97414 0.97414 0.958593
0.900222 0.97414 0.97414 0.958593
0.900222 0.97414 0.97414 0.958593
0.900222 0.97414 0.97414 0.958593
0.900222 0.97414 0.97414 0.958593
0.900222 0.97414 0.97414 0.958593
0.900222 0.97414 0.97414 0.958593
0.900222 0.97414 0.97414 0.958593
0.900222 0.97414 0.97414 0.958593
0.900222 0.97414 0.97414 0.958593
0.900222 0.97414 0.97414 0.958593
0.900222 0.97414 0.97414 0.958593
0.900222 0.97414 0.97414 0.958593
0.900222 0.97414 0.97414 0.958593
0.900222 0.97414 0.97414 0.958593
0.900222 0.97414 0.97414 0.958593
0.900222 0.97414 0.97414 0.958593
0.900222 0.97414 0.97414 0.958593
0.900222 0.97414 0.97414 0.958593
0.900222 0.97414 0.97414 0.958593
0.900222 0.97414 0.97414 0.958593
0.900222 0.97414 0.97414 0.958593
0.900222 0.97414 0.97414 0.958593
0.900222 0.97414 0.97414 0.958593
0.900222 0.97414 0.97414 0.958593
0.900222 0.97414 0.97414 0.958593
0.900222 0.97414 0.97414 0.958593
0.900222 0.97414 0.97414 0.958593
0.900222 0.97414 0.97414 0.958593
0.900222 0.97414 0.97414 0.958593
0.900222 0.97414 0.97414 0.958593
0.900222 0.97414 0.97414 0.958593
0.900222 0.97414 0.97414 0.958593
0.900222 0.97414 0.97414 0.958593
0.900222 0.97414 0.97414 0.958593
0.900222 0.97414 0.97414 0.958593
0.900222 0.97414 0.97414 0.958593
0.900222 0.97414 0.97414 0.958593
0.900222 0.97414 0.97414 0.958593
0.900222 0.97414 0.97414 0.958593
0.900222 0.97414 0.97414 0.958593
0.900222 0.97414 0.97414 0.958593
0.900222 0.97414 0.97414 0.958593
0.900222 0.97414 0.97414 0.958593
0.900222 0.97414 0.97414 0.958593
0.900222 0.97414 0.97414 0.958593
0.900222 0.97414 0.97414 0.958593
0.900222 0.97414 0.97414 0.958593
0.900222 0.97414 0.97414 0.958593
0.900222 0.97414 0.97414 0.958593
0.900222 0.97414 0.97414 0.958593
0.900222 0.97414 0.97414 0.958593
0.900222 0.97414 0.97414 0.958593
0.900222 0.97414 0.97414 0.958593
0.900222 0.97414 0.97414 0.958593
0.900222 0.97414 0.97414 0.958593
0.900222 0.97414 0.97414 0.958593
0.900222 0.97414 0.97414 0.958593
0.900222 0.97414 0.97414 0.958593
0.900222 0.97414 0.97414 0.958593
0.900222 0.97414 0.97414 0.958593
0.900222 0.97414 0.97414 0.958593
0.900222 0.97414 0.97414 0.958593
0.900222 0.97414 0.97414 0.958593
0.900222 0.97414 0.97414 0.958593
0.900222 0.97414 0.97414 0.958593
0.900222 0.97414 0.97414 0.958593
0.900222 0.97414 0.97414 0.958593
0.900222 0.97414 0.97414 0.958593
0.900222 0.97414 0.97414 0.958593
0.900222 0.97414 0.97414 0.958593
0.900222 0.97414 0.97414 0.958593
0.900222 0.97414 0.97414 0.958593
0.900222 0.97414 0.97414 0.958593
0.900222 0.97414 0.97414 0.958593
0.900222 0.97414 0.97414 0.958593
0.900222 0.97414 0.97414 0.958593
0.900222 0.97414 0.97414 0.958593
0.900222 0.97414 0.97414 0.958593
0.900222 0.97414 0.97414 0.958593
0.900222 0.97414 0.97414 0.958593
0.900222 0.97414 0.97414 0.958593
0.900222 0.97414 0.97414 0.958593
0.900222 0.97414 0.97414 0.958593
0.900222 0.97414 0.97414 0.958593
0.900222 0.97414 0.97414 0.958593
0.900222 0.97414 0.97414 0.958593
0.900222 0.97414 0.97414 0.958593
0.900222 0.97414 0.97414 0.958593
0.900222 0.97414 0.97414 0.958593
0.900222 0.97414 0.97414 0.958593
0.900222 0.97414 0.97414 0.958593
0.900222 0.97414 0.97414 0.958593
0.900222 0.97414 0.97414 0.958593
0.900222 0.97414 0.97414 0.958593
0.900222 0.97414 0.97414 0.958593
0.900222 0.97414 0.97414 0.958593
0.900222 0.97414 0.97414 0.958593
0.900222 0.97414 0.97414 0.958593
0.900222 0.97414 0.97414 0.958593
0.900222 0.97414 0.97414 0.958593
0.900222 0.97414 0.97414 0.958593
0.900222 0.97414 0.97414 0.958593
0.900222 0.97414 0.97414 0.958593
0.900222 0.97414 0.97414 0.958593
0.900222 0.97414 0.97414 0.958593
0.900222 0.97414 0.97414 0.958593
0.900222 0.97414 0.97414 0.958593
0.900222 0.97414 0.97414 0.958593
0.900222 0.97414 0.97414 0.958593
0.900222 0.97414 0.97414 0.958593
0.900222 0.97414 0.97414 0.958593
0.900222 0.97414 0.97414 0.958593
0.900222 0.97414 0.97414 0.958593
0.900222 0.97414 0.97414 0.958593
0.900222 0.97414 0.97414 0.958593
0.900222 0.97414 0.97414 0.958593
0.900222 0.97414 0.97414 0.958593
0.900222 0.97414 0.97414 0.958593
0.900222 0.97414 0.97414 0.958593
0.900222 0.97414 0.97414 0.958593
0.900222 0.97414 0.97414 0.958593
0.900222 0.97414 0.97414 0.958593
0.900222 0.97414 0.97414 0.958593
0.900222 0.97414 0.97414 0.958593
0.900222 0.97414 0.97414 0.958593
0.900222 0.97414 0.97414 0.958593
0.900222 0.97414 0.97414 0.958593
0.900222 0.97414 0.97414 0.958593
0.900222 0.97414 0.97414 0.958593
0.900222 0.97414 0.97414 0.958593
0.900222 0.97414 0.97414 0.958593
0.900222 0.97414 0.97414 0.958593
0.900222 0.97414 0.97414 0.958593
0.900222 0.97414 0.97414 0.958593
0.900222 0.97414 0.97414 0.958593
0.900222 0.97414 0.97414 0.958593
0.900222 0.97414 0.97414 0.958593
0.900222 0.97414 0.97414 0.958593
0.900222 0.97414 0.97414 0.958593
0.900222 0.97414 0.97414 0.958593
0.900222 0.97414 0.97414 0.958593
0.900222 0.97414 0.97414 0.958593
0.900222 0.97414 0.97414 0.958593
0.900222 0.97414 0.97414 0.958593
0.900222 0.97414 0.97414 0.958593
0.900222 0.97414 0.97414 0.958593
0.900222 0.97414 0.97414 0.958593
0.900222 0.97414 0.97414 0.958593
0.900222 0.97414 0.97414 0.958593
0.900222 0.97414 0.97414 0.958593
0.900222 0.97414 0.97414 0.958593
0.900095 0.974022 0.974022 0.958473
0.899967 0.973904 0.973904 0.958353
0.89984 0.973787 0.973787 0.958234
0.899712 0.973668 0.973668 0.958113
0.899585 0.973551 0.973551 0.957994
0.899457 0.973433 0.973433 0.957873
0.899331 0.973315 0.973315 0.957753
0.899203 0.973197 0.973197 0.957632
0.899076 0.97308 0.97308 0.957512
0.898948 0.972961 0.972961 0.957391
0.898821 0.972844 0.972844 0.957271
0.898693 0.972726 0.972726 0.95715
0.898566 0.972608 0.972608 0.95703
0.898438 0.97249 0.97249 0.956908
0.898311 0.972372 0.972372 0.956788
0.898183 0.972254 0.972254 0.956666
0.898057 0.972136 0.972136 0.956545
0.897929 0.972018 0.972018 0.956424
0.897802 0.971901 0.971901 0.956303
0.897674 0.971782 0.971782 0.956181
0.897547 0.971665 0.971665 0.95606
0.89742 0.971547 0.971547 0.955939
0.897292 0.971429 0.971429 0.955817
0.897166 0.971311 0.971311 0.955695
0.897038 0.971193 0.971193 0.955573
0.896911 0.971075 0.971075 0.955452
0.896784 0.970958 0.970958 0.95533
0.896656 0.970839 0.970839 0.955207
0.89653 0.970722 0.970722 0.955086
0.896403 0.970604 0.970604 0.954964
0.896275 0.970486 0.970486 0.954841
0.896148 0.970368 0.970368 0.954719
0.896021 0.97025 0.97025 0.954597
0.895894 0.970132 0.970132 0.954474
0.895767 0.970014 0.970014 0.954352
0.89564 0.969897 0.969897 0.954229
0.895513 0.969779 0.969779 0.954107
0.895386 0.96966 0.96966 0.953983
0.895259 0.969543 0.969543 0.95386
0.895132 0.969425 0.969425 0.953738
0.895005 0.969308 0.969308 0.953615
0.894879 0.96919 0.96919 0.953492
0.894751 0.969071 0.969071 0.953368
0.894624 0.968954 0.968954 0.953245
0.894498 0.968836 0.968836 0.953122
0.894371 0.968718 0.968718 0.952999
0.894244 0.968601 0.968601 0.952875
0.894117 0.968483 0.968483 0.952752
0.893991 0.968365 0.968365 0.952629
0.893864 0.968247 0.968247 0.952505
0.893737 0.96813 0.96813 0.952381
0.893611 0.968012 0.968012 0.952258
0.893484 0.967894 0.967894 0.952134
0.893357 0.967776 0.967776 0.95201
0.893231 0.967659 0.967659 0.951886
0.893104 0.967541 0.967541 0.951761
0.892978 0.967423 0.967423 0.951637
0.892851 0.967305 0.967305 0.951513
0.892724 0.967188 0.967188 0.951389
0.892598 0.96707 0.96707 0.951264
0.892471 0.966952 0.966952 0.95114
0.892345 0.966835 0.966835 0.951016
0.892219 0.966717 0.966717 0.950891
0.892092 0.966599 0.966599 0.950766
0.891966 0.966482 0.966482 0.950641
0.89184 0.966365 0.966365 0.950517
0.891714 0.966247 0.966247 0.950392
0.891587 0.966129 0.966129 0.950267
0.891461 0.966012 0.966012 0.950143
0.891335 0.965894 0.965894 0.950017
0.891208 0.965776 0.965776 0.949892
0.891083 0.965659 0.965659 0.949767
0.890956 0.965541 0.965541 0.949641
0.890831 0.965424 0.965424 0.949517
0.890704 0.965307 0.965307 0.949391
0.890579 0.96519 0.96519 0.949266
0.890453 0.965073 0.965073 0.949141
0.890327 0.964955 0.964955 0.949015
0.890201 0.964838 0.964838 0.94889
0.890075 0.96472 0.96472 0.948763
0.889949 0.964603 0.964603 0.948638
0.889824 0.964486 0.964486 0.948512
0.889698 0.964369 0.964369 0.948387
0.889572 0.964251 0.964251 0.94826
0.889446 0.964133 0.964133 0.948134
0.889321 0.964016 0.964016 0.948008
0.889196 0.963899 0.963899 0.947882
0.88907 0.963782 0.963782 0.947756
0.888945 0.963665 0.963665 0.94763
0.888819 0.963548 0.963548 0.947504
0.888694 0.963431 0.963431 0.947378
0.888569 0.963314 0.963314 0.947251
0.888443 0.963197 0.963197 0.947125
0.888318 0.96308 0.96308 0.946998
0.888192 0.962962 0.962962 0.946872
0.888067 0.962845 0.962845 0.946745
0.887943 0.962729 0.962729 0.946619
0.887817 0.962612 0.962612 0.946492
0.887692 0.962495 0.962495 0.946365
0.887567 0.962378 0.962378 0.946238
0.887442 0.962261 0.962261 0.946112
0.887317 0.962144 0.962144 0.945984
0.887193 0.962028 0.962028 0.945858
0.887067 0.961911 0.961911 0.945731
0.886943 0.961794 0.961794 0.945604
0.886818 0.961677 0.961677 0.945476
0.886693 0.961561 0.961561 0.945349
0.886568 0.961444 0.961444 0.945222
0.886444 0.961327 0.961327 0.945095
0.886319 0.961211 0.961211 0.944968
0.886194 0.961094 0.961094 0.944839
0.88607 0.960978 0.960978 0.944713
0.885946 0.960861 0.960861 0.944585
0.885821 0.960745 0.960745 0.944458
0.885697 0.960629 0.960629 0.94433
0.885573 0.960512 0.960512 0.944203
0.885449 0.960396 0.960396 0.944075
0.885325 0.960279 0.960279 0.943947
0.8852 0.960163 0.960163 0.943819
0.885076 0.960047 0.960047 0.943691
0.884952 0.95993 0.95993 0.943563
0.884828 0.959814 0.959814 0.943435
0.884705 0.959698 0.959698 0.943308
0.88458 0.959582 0.959582 0.94318
0.884456 0.959466 0.959466 0.943051
0.884333 0.95935 0.95935 0.942924
0.884209 0.959234 0.959234 0.942795
0.884086 0.959118 0.959118 0.942668
0.883962 0.959002 0.959002 0.942539
0.883839 0.958886 0.958886 0.942411
0.883714 0.95877 0.95877 0.942282
0.883591 0.958654 0.958654 0.942154
0.883468 0.958539 0.958539 0.942026
0.883344 0.958422 0.958422 0.941897
0.883221 0.958307 0.958307 0.941768
0.883098 0.958191 0.958191 0.94164
0.882975 0.958075 0.958075 0.941511
0.882852 0.95796 0.95796 0.941383
0.882729 0.957844 0.957844 0.941254
0.882606 0.957729 0.957729 0.941125
0.882483 0.957613 0.957613 0.940997
0.88236 0.957498 0.957498 0.940868
0.882238 0.957383 0.957383 0.94074
0.882115 0.957267 0.957267 0.940611
0.881992 0.957152 0.957152 0.940481
0.88187 0.957037 0.957037 0.940353
0.881747 0.956921 0.956921 0.940223
0.881625 0.956807 0.956807 0.940095
0.881502 0.956691 0.956691 0.939965
0.88138 0.956576 0.956576 0.939837
0.881257 0.956461 0.956461 0.939707
0.881135 0.956346 0.956346 0.939578
0.881013 0.956231 0.956231 0.939449
0.880891 0.956116 0.956116 0.93932
0.880768 0.956001 0.956001 0.93919
0.880646 0.955886 0.955886 0.939061
0.880524 0.955771 0.955771 0.938931
0.880402 0.955656 0.955656 0.938802
0.880282 0.955543 0.955543 0.938674
0.88016 0.955428 0.955428 0.938544
0.880038 0.955313 0.955313 0.938414
0.879916 0.955198 0.955198 0.938285
0.879794 0.955083 0.955083 0.938155
0.879673 0.95497 0.95497 0.938026
0.879551 0.954855 0.954855 0.937896
0.879431 0.954741 0.954741 0.937767
0.879309 0.954626 0.954626 0.937636
0.879188 0.954512 0.954512 0.937507
0.879067 0.954398 0.954398 0.937378
0.878946 0.954284 0.954284 0.937248
0.878825 0.954169 0.954169 0.937118
0.878704 0.954056 0.954056 0.936988
0.878583 0.953942 0.953942 0.936858
0.878462 0.953828 0.953828 0.936728
0.878342 0.953714 0.953714 0.936599
0.878221 0.9536 0.9536 0.936469
0.878101 0.953487 0.953487 0.936339
0.877981 0.953373 0.953373 0.936209
0.87786 0.953259 0.953259 0.936079
0.87774 0.953146 0.953146 0.935949
0.877619 0.953032 0.953032 0.935819
0.8775 0.952919 0.952919 0.935689
0.877379 0.952805 0.952805 0.935559
0.877259 0.952692 0.952692 0.935429
0.877139 0.952578 0.952578 0.935298
0.877019 0.952465 0.952465 0.935168
0.8769 0.952352 0.952352 0.935038
0.87678 0.952239 0.952239 0.934908
0.87666 0.952125 0.952125 0.934778
0.876541 0.952012 0.952012 0.934647
0.876421 0.951899 0.951899 0.934517
0.876302 0.951786 0.951786 0.934387
0.876183 0.951674 0.951674 0.934257
0.876064 0.951561 0.951561 0.934126
0.875944 0.951448 0.951448 0.933996
0.875825 0.951336 0.951336 0.933866
0.875706 0.951222 0.951222 0.933735
0.875587 0.95111 0.95111 0.933605
0.875469 0.950998 0.950998 0.933475
0.87535 0.950886 0.950886 0.933345
0.875231 0.950773 0.950773 0.933213
0.875112 0.950661 0.950661 0.933083
0.874994 0.950548 0.950548 0.932952
0.874876 0.950436 0.950436 0.932822
0.874757 0.950324 0.950324 0.932691
0.87464 0.950213 0.950213 0.932561
0.874521 0.9501 0.9501 0.932431
0.874403 0.949988 0.949988 0.9323
0.874285 0.949877 0.949877 0.93217
0.874167 0.949764 0.949764 0.932038
0.87405 0.949653 0.949653 0.931908
0.873931 0.949541 0.949541 0.931777
0.873814 0.94943 0.94943 0.931647
0.873697 0.949318 0.949318 0.931516
0.873579 0.949207 0.949207 0.931386
0.873462 0.949096 0.949096 0.931255
0.873345 0.948984 0.948984 0.931124
0.873227 0.948873 0.948873 0.930994
0.87311 0.948761 0.948761 0.930863
0.872993 0.94865 0.94865 0.930732
0.872877 0.94854 0.94854 0.930602
0.872759 0.948428 0.948428 0.93047
0.872643 0.948318 0.948318 0.93034
0.872526 0.948207 0.948207 0.930209
0.87241 0.948096 0.948096 0.930078
0.872293 0.947986 0.947986 0.929948
0.872177 0.947875 0.947875 0.929817
0.87206 0.947764 0.947764 0.929686
0.871944 0.947653 0.947653 0.929555
0.871829 0.947544 0.947544 0.929425
0.871713 0.947433 0.947433 0.929294
0.871597 0.947323 0.947323 0.929163
0.87148 0.947212 0.947212 0.929032
0.871365 0.947103 0.947103 0.928901
0.871249 0.946992 0.946992 0.92877
0.871134 0.946883 0.946883 0.92864
0.871018 0.946772 0.946772 0.928509
0.870903 0.946663 0.946663 0.928378
0.870788 0.946553 0.946553 0.928247
0.870673 0.946444 0.946444 0.928116
0.870558 0.946334 0.946334 0.927986
0.870443 0.946224 0.946224 0.927855
0.870328 0.946115 0.946115 0.927723
0.870214 0.946006 0.946006 0.927593
0.870099 0.945897 0.945897 0.927462
0.869984 0.945787 0.945787 0.927331
0.86987 0.945678 0.945678 0.927201
0.869756 0.94557 0.94557 0.92707
0.869641 0.94546 0.94546 0.926938
0.869527 0.945351 0.945351 0.926808
0.869413 0.945243 0.945243 0.926677
0.869299 0.945134 0.945134 0.926546
0.869185 0.945025 0.945025 0.926415
0.869072 0.944917 0.944917 0.926284
0.868958 0.944808 0.944808 0.926153
0.868845 0.9447 0.9447 0.926023
0.868731 0.944592 0.944592 0.925892
0.868618 0.944484 0.944484 0.925762
0.868505 0.944375 0.944375 0.92563
0.868392 0.944267 0.944267 0.9255
0.868279 0.94416 0.94416 0.925369
0.868166 0.944052 0.944052 0.925238
0.868053 0.943944 0.943944 0.925108
0.867941 0.943836 0.943836 0.924977
0.867828 0.943728 0.943728 0.924846
0.867715 0.943621 0.943621 0.924715
0.867604 0.943514 0.943514 0.924585
0.867491 0.943406 0.943406 0.924454
0.867379 0.943299 0.943299 0.924323
0.867267 0.943191 0.943191 0.924192
0.867155 0.943085 0.943085 0.924061
0.867043 0.942978 0.942978 0.923931
0.866932 0.942871 0.942871 0.9238
0.86682 0.942764 0.942764 0.92367
0.866709 0.942657 0.942657 0.923539
0.866597 0.94255 0.94255 0.923408
0.866485 0.942443 0.942443 0.923277
0.866375 0.942337 0.942337 0.923147
0.866263 0.942231 0.942231 0.923016
0.866153 0.942125 0.942125 0.922885
0.866042 0.942019 0.942019 0.922755
0.865932 0.941913 0.941913 0.922625
0.86582 0.941806 0.941806 0.922493
0.865711 0.941701 0.941701 0.922364
0.865601 0.941595 0.941595 0.922233
0.86549 0.941489 0.941489 0.922102
0.86538 0.941383 0.941383 0.921971
0.86527 0.941278 0.941278 0.921841
0.86516 0.941172 0.941172 0.92171
0.865051 0.941067 0.941067 0.92158
0.864941 0.940962 0.940962 0.92145
0.864831 0.940856 0.940856 0.921319
0.864722 0.940751 0.940751 0.921188
0.864612 0.940646 0.940646 0.921058
0.864503 0.940541 0.940541 0.920928
0.864395 0.940437 0.940437 0.920798
0.864285 0.940332 0.940332 0.920667
0.864177 0.940228 0.940228 0.920538
0.864068 0.940123 0.940123 0.920407
0.86396 0.940019 0.940019 0.920277
0.863852 0.939915 0.939915 0.920147
0.863742 0.93981 0.93981 0.920016
0.863634 0.939706 0.939706 0.919886
0.863527 0.939602 0.939602 0.919756
0.863419 0.939498 0.939498 0.919626
0.863311 0.939394 0.939394 0.919495
0.863203 0.93929 0.93929 0.919365
0.863096 0.939187 0.939187 0.919235
0.862988 0.939084 0.939084 0.919106
0.86288 0.93898 0.93898 0.918975
0.862773 0.938876 0.938876 0.918845
0.862666 0.938773 0.938773 0.918715
0.862559 0.93867 0.93867 0.918585
0.862452 0.938567 0.938567 0.918455
0.862346 0.938465 0.938465 0.918326
0.862239 0.938362 0.938362 0.918195
0.862133 0.938259 0.938259 0.918066
0.862027 0.938156 0.938156 0.917936
0.861921 0.938054 0.938054 0.917806
0.861815 0.937952 0.937952 0.917677
0.861709 0.93785 0.93785 0.917547
0.861603 0.937747 0.937747 0.917417
0.861497 0.937645 0.937645 0.917287
0.861391 0.937543 0.937543 0.917158
0.861287 0.937442 0.937442 0.917028
0.861181 0.937339 0.937339 0.916898
0.861076 0.937238 0.937238 0.916769
0.860971 0.937137 0.937137 0.91664
0.860866 0.937035 0.937035 0.91651
0.860762 0.936934 0.936934 0.916381
0.860657 0.936833 0.936833 0.916252
0.860552 0.936732 0.936732 0.916122
0.860448 0.93663 0.93663 0.915992
0.860344 0.93653 0.93653 0.915864
0.860239 0.936429 0.936429 0.915734
0.860136 0.936328 0.936328 0.915605
0.860032 0.936228 0.936228 0.915476
0.859928 0.936128 0.936128 0.915347
0.859825 0.936027 0.936027 0.915218
0.859721 0.935927 0.935927 0.915088
0.859618 0.935827 0.935827 0.914959
0.859515 0.935727 0.935727 0.914831
0.859412 0.935627 0.935627 0.914701
0.859309 0.935527 0.935527 0.914573
0.859206 0.935427 0.935427 0.914443
0.859103 0.935328 0.935328 0.914315
0.859001 0.935228 0.935228 0.914186
0.858899 0.935129 0.935129 0.914057
0.858797 0.93503 0.93503 0.913929
0.858695 0.934931 0.934931 0.9138
0.858592 0.934832 0.934832 0.913671
0.858491 0.934733 0.934733 0.913542
0.85839 0.934635 0.934635 0.913414
0.858288 0.934536 0.934536 0.913286
0.858187 0.934438 0.934438 0.913157
0.858086 0.934339 0.934339 0.913029
0.857985 0.934241 0.934241 0.9129
0.857883 0.934143 0.934143 0.912772
0.857783 0.934045 0.934045 0.912644
0.857682 0.933947 0.933947 0.912515
0.857582 0.933849 0.933849 0.912387
0.857482 0.933752 0.933752 0.912259
0.857382 0.933654 0.933654 0.912131
0.857281 0.933557 0.933557 0.912003
0.857181 0.933459 0.933459 0.911875
0.857081 0.933362 0.933362 0.911747
0.856982 0.933265 0.933265 0.911619
0.856882 0.933168 0.933168 0.911491
0.856783 0.933071 0.933071 0.911363
0.856684 0.932975 0.932975 0.911236
0.856585 0.932878 0.932878 0.911108
0.856486 0.932782 0.932782 0.91098
0.856387 0.932685 0.932685 0.910853
0.856288 0.932588 0.932588 0.910725
0.85619 0.932493 0.932493 0.910598
0.856093 0.932397 0.932397 0.910471
0.855994 0.932301 0.932301 0.910342
0.855896 0.932205 0.932205 0.910215
0.855798 0.93211 0.93211 0.910088
0.8557 0.932014 0.932014 0.909961
0.855603 0.931919 0.931919 0.909834
0.855506 0.931824 0.931824 0.909707
0.855408 0.931728 0.931728 0.909579
0.855311 0.931634 0.931634 0.909452
0.855214 0.931539 0.931539 0.909326
0.855118 0.931444 0.931444 0.909199
0.855021 0.93135 0.93135 0.909072
0.854924 0.931255 0.931255 0.908945
0.854828 0.931161 0.931161 0.908818
0.854732 0.931067 0.931067 0.908692
0.854636 0.930972 0.930972 0.908565
0.85454 0.930879 0.930879 0.908438
0.854445 0.930785 0.930785 0.908312
0.854349 0.930691 0.930691 0.908185
0.854254 0.930598 0.930598 0.908059
0.854158 0.930504 0.930504 0.907933
0.854064 0.930411 0.930411 0.907807
0.853968 0.930318 0.930318 0.90768
0.853874 0.930225 0.930225 0.907554
0.853779 0.930132 0.930132 0.907429
0.853685 0.93004 0.93004 0.907302
0.853591 0.929947 0.929947 0.907177
0.853496 0.929854 0.929854 0.90705
0.853402 0.929762 0.929762 0.906924
0.853309 0.92967 0.92967 0.906799
0.853214 0.929577 0.929577 0.906673
0.853121 0.929486 0.929486 0.906547
0.853028 0.929394 0.929394 0.906422
0.852935 0.929302 0.929302 0.906297
0.852842 0.929211 0.929211 0.906171
0.852748 0.929119 0.929119 0.906045
0.852656 0.929028 0.929028 0.90592
0.852563 0.928937 0.928937 0.905795
0.852471 0.928846 0.928846 0.90567
0.852379 0.928755 0.928755 0.905545
0.852287 0.928664 0.928664 0.90542
0.852195 0.928574 0.928574 0.905295
0.852103 0.928483 0.928483 0.905169
0.852012 0.928393 0.928393 0.905045
0.85192 0.928302 0.928302 0.90492
0.851829 0.928213 0.928213 0.904795
0.851738 0.928123 0.928123 0.904671
0.851647 0.928033 0.928033 0.904547
0.851556 0.927943 0.927943 0.904422
0.851466 0.927854 0.927854 0.904297
0.851376 0.927765 0.927765 0.904174
0.851285 0.927675 0.927675 0.904049
0.851195 0.927586 0.927586 0.903925
0.851105 0.927498 0.927498 0.903801
0.851016 0.927409 0.927409 0.903677
0.850926 0.92732 0.92732 0.903553
0.850836 0.927231 0.927231 0.903429
0.850748 0.927143 0.927143 0.903305
0.850658 0.927055 0.927055 0.903181
0.850569 0.926967 0.926967 0.903058
0.850481 0.926879 0.926879 0.902934
0.850392 0.926791 0.926791 0.902811
0.850304 0.926704 0.926704 0.902687
0.850216 0.926617 0.926617 0.902565
0.850128 0.926529 0.926529 0.902441
0.85004 0.926442 0.926442 0.902318
0.849952 0.926354 0.926354 0.902194
0.849864 0.926268 0.926268 0.902071
0.849777 0.926181 0.926181 0.901948
0.849691 0.926095 0.926095 0.901826
0.849603 0.926008 0.926008 0.901703
0.849516 0.925921 0.925921 0.90158
0.84943 0.925835 0.925835 0.901458
0.849343 0.92575 0.92575 0.901335
0.849257 0.925664 0.925664 0.901213
0.849171 0.925578 0.925578 0.90109
0.849085 0.925492 0.925492 0.900968
0.848999 0.925407 0.925407 0.900846
0.848913 0.925321 0.925321 0.900724
0.848828 0.925237 0.925237 0.900602
0.848743 0.925152 0.925152 0.90048
0.848658 0.925067 0.925067 0.900358
0.848573 0.924982 0.924982 0.900236
0.848488 0.924897 0.924897 0.900114
0.848404 0.924813 0.924813 0.899993
0.848319 0.924729 0.924729 0.899871
0.848235 0.924645 0.924645 0.89975
0.848151 0.924561 0.924561 0.899629
0.848067 0.924477 0.924477 0.899507
0.847983 0.924393 0.924393 0.899386
0.8479 0.92431 0.92431 0.899265
0.847816 0.924227 0.924227 0.899144
0.847734 0.924144 0.924144 0.899023
0.847651 0.924061 0.924061 0.898903
0.847568 0.923978 0.923978 0.898782
0.847485 0.923895 0.923895 0.898662
0.847403 0.923812 0.923812 0.898541
0.847321 0.92373 0.92373 0.89842
0.847238 0.923648 0.923648 0.8983
0.847157 0.923566 0.923566 0.89818
0.847075 0.923484 0.923484 0.89806
0.846993 0.923402 0.923402 0.897939
0.846912 0.92332 0.92332 0.897819
0.846831 0.923239 0.923239 0.8977
0.84675 0.923157 0.923157 0.89758
0.846669 0.923077 0.923077 0.89746
0.846589 0.922996 0.922996 0.897341
0.846508 0.922915 0.922915 0.897221
0.846428 0.922834 0.922834 0.897102
0.846348 0.922753 0.922753 0.896982
0.846268 0.922673 0.922673 0.896863
0.846189 0.922593 0.922593 0.896744
0.846109 0.922513 0.922513 0.896625
0.846029 0.922433 0.922433 0.896506
0.845951 0.922354 0.922354 0.896388
0.845872 0.922274 0.922274 0.896269
0.845793 0.922194 0.922194 0.89615
0.845715 0.922115 0.922115 0.896031
0.845636 0.922036 0.922036 0.895913
0.845558 0.921957 0.921957 0.895795
0.84548 0.921879 0.921879 0.895677
0.845402 0.9218 0.9218 0.895558
0.845325 0.921722 0.921722 0.895441
0.845247 0.921643 0.921643 0.895322
0.84517 0.921565 0.921565 0.895205
0.845093 0.921487 0.921487 0.895087
0.845016 0.921409 0.921409 0.894969
0.844939 0.921332 0.921332 0.894852
0.844864 0.921255 0.921255 0.894735
0.844787 0.921177 0.921177 0.894617
0.844711 0.9211 0.9211 0.8945
0.844635 0.921023 0.921023 0.894383
0.844559 0.920946 0.920946 0.894266
0.844484 0.920869 0.920869 0.894149
0.844409 0.920793 0.920793 0.894033
0.844333 0.920717 0.920717 0.893916
0.844258 0.920641 0.920641 0.893799
0.844184 0.920565 0.920565 0.893683
0.844109 0.920489 0.920489 0.893567
0.844035 0.920413 0.920413 0.89345
0.843961 0.920338 0.920338 0.893335
0.843887 0.920262 0.920262 0.893218
0.843813 0.920188 0.920188 0.893102
0.84374 0.920113 0.920113 0.892987
0.843666 0.920038 0.920038 0.892871
0.843593 0.919963 0.919963 0.892755
0.84352 0.919889 0.919889 0.892641
0.843447 0.919814 0.919814 0.892525
0.843375 0.91974 0.91974 0.89241
0.843303 0.919667 0.919667 0.892295
0.84323 0.919593 0.919593 0.89218
0.843158 0.919519 0.919519 0.892065
0.843087 0.919446 0.919446 0.89195
0.843015 0.919372 0.919372 0.891835
0.842943 0.919299 0.919299 0.891721
0.842872 0.919227 0.919227 0.891606
0.842801 0.919154 0.919154 0.891492
0.84273 0.919081 0.919081 0.891378
0.84266 0.919009 0.919009 0.891264
0.842589 0.918936 0.918936 0.89115
0.842519 0.918864 0.918864 0.891036
0.842449 0.918793 0.918793 0.890922
0.842379 0.918721 0.918721 0.890809
0.842309 0.918649 0.918649 0.890695
0.842241 0.918578 0.918578 0.890582
0.842172 0.918507 0.918507 0.890469
0.842102 0.918435 0.918435 0.890355
0.842033 0.918365 0.918365 0.890242
0.841965 0.918295 0.918295 0.89013
0.841897 0.918224 0.918224 0.890017
0.841828 0.918153 0.918153 0.889904
0.84176 0.918083 0.918083 0.889792
0.841693 0.918013 0.918013 0.88968
0.841625 0.917944 0.917944 0.889567
0.841558 0.917874 0.917874 0.889455
0.841491 0.917805 0.917805 0.889343
0.841424 0.917735 0.917735 0.889231
0.841357 0.917666 0.917666 0.889119
0.841291 0.917598 0.917598 0.889008
0.841224 0.917529 0.917529 0.888896
0.841158 0.91746 0.91746 0.888784
0.841091 0.917391 0.917391 0.888673
0.841026 0.917324 0.917324 0.888562
0.840961 0.917256 0.917256 0.888451
0.840895 0.917188 0.917188 0.88834
0.84083 0.91712 0.91712 0.888229
0.840765 0.917052 0.917052 0.888119
0.840701 0.916986 0.916986 0.888009
0.840636 0.916918 0.916918 0.887897
0.840572 0.916851 0.916851 0.887787
0.840507 0.916784 0.916784 0.887677
0.840443 0.916718 0.916718 0.887567
0.84038 0.916652 0.916652 0.887458
0.840316 0.916585 0.916585 0.887347
0.840253 0.916519 0.916519 0.887238
0.84019 0.916454 0.916454 0.887129
0.840128 0.916388 0.916388 0.887019
0.840065 0.916322 0.916322 0.88691
0.840003 0.916257 0.916257 0.886801
0.83994 0.916192 0.916192 0.886692
0.839878 0.916127 0.916127 0.886583
0.839816 0.916062 0.916062 0.886475
0.839755 0.915997 0.915997 0.886366
0.839694 0.915934 0.915934 0.886258
0.839632 0.915869 0.915869 0.886149
0.839572 0.915805 0.915805 0.886041
0.839511 0.915742 0.915742 0.885933
0.839451 0.915678 0.915678 0.885825
0.83939 0.915614 0.915614 0.885717
0.83933 0.915551 0.915551 0.88561
0.83927 0.915488 0.915488 0.885502
0.839211 0.915425 0.915425 0.885395
0.839151 0.915362 0.915362 0.885288
0.839092 0.9153 0.9153 0.885181
0.839032 0.915237 0.915237 0.885074
0.838974 0.915175 0.915175 0.884967
0.838916 0.915114 0.915114 0.884861
0.838857 0.915052 0.915052 0.884754
0.838799 0.91499 0.91499 0.884648
0.838741 0.914929 0.914929 0.884541
0.838683 0.914867 0.914867 0.884435
0.838626 0.914806 0.914806 0.88433
0.838569 0.914746 0.914746 0.884224
0.838512 0.914685 0.914685 0.884118
0.838454 0.914624 0.914624 0.884012
0.838397 0.914564 0.914564 0.883907
0.838341 0.914504 0.914504 0.883802
0.838286 0.914444 0.914444 0.883697
0.83823 0.914385 0.914385 0.883592
0.838174 0.914325 0.914325 0.883487
0.838118 0.914266 0.914266 0.883382
0.838062 0.914206 0.914206 0.883277
0.838007 0.914147 0.914147 0.883173
0.837952 0.914089 0.914089 0.883069
0.837898 0.91403 0.91403 0.882965
0.837843 0.913972 0.913972 0.882861
0.837789 0.913914 0.913914 0.882758
0.837735 0.913855 0.913855 0.882654
0.837681 0.913798 0.913798 0.88255
0.837628 0.91374 0.91374 0.882447
0.837574 0.913683 0.913683 0.882344
0.837521 0.913625 0.913625 0.88224
0.837468 0.913569 0.913569 0.882138
0.837416 0.913512 0.913512 0.882035
0.837363 0.913455 0.913455 0.881933
0.837311 0.913399 0.913399 0.88183
0.837258 0.913342 0.913342 0.881728
0.837206 0.913286 0.913286 0.881625
0.837155 0.91323 0.91323 0.881523
0.837104 0.913175 0.913175 0.881421
0.837052 0.913119 0.913119 0.88132
0.837001 0.913064 0.913064 0.881218
0.836951 0.913009 0.913009 0.881117
0.8369 0.912954 0.912954 0.881015
0.83685 0.912899 0.912899 0.880914
0.8368 0.912845 0.912845 0.880813
0.83675 0.91279 0.91279 0.880713
0.836701 0.912737 0.912737 0.880612
0.836651 0.912682 0.912682 0.880511
0.836602 0.912629 0.912629 0.880411
0.836553 0.912575 0.912575 0.880311
0.836504 0.912522 0.912522 0.880211
0.836455 0.912469 0.912469 0.880111
0.836407 0.912416 0.912416 0.880012
0.83636 0.912364 0.912364 0.879912
0.836311 0.91231 0.91231 0.879812
0.836264 0.912259 0.912259 0.879714
0.836217 0.912206 0.912206 0.879614
0.836169 0.912154 0.912154 0.879515
0.836122 0.912103 0.912103 0.879416
0.836076 0.912051 0.912051 0.879318
0.836029 0.912 0.912 0.87922
0.835983 0.911948 0.911948 0.879121
0.835937 0.911898 0.911898 0.879024
0.835891 0.911847 0.911847 0.878925
0.835845 0.911796 0.911796 0.878827
0.8358 0.911746 0.911746 0.87873
0.835755 0.911695 0.911695 0.878632
0.83571 0.911646 0.911646 0.878535
0.835665 0.911596 0.911596 0.878437
0.835621 0.911546 0.911546 0.878341
0.835577 0.911497 0.911497 0.878244
0.835532 0.911448 0.911448 0.878147
0.835489 0.911399 0.911399 0.878051
0.835445 0.91135 0.91135 0.877954
0.835402 0.911302 0.911302 0.877858
0.835359 0.911253 0.911253 0.877762
0.835316 0.911205 0.911205 0.877666
0.835274 0.911158 0.911158 0.877571
0.835231 0.911109 0.911109 0.877475
0.835189 0.911062 0.911062 0.87738
0.835147 0.911015 0.911015 0.877285
0.835106 0.910968 0.910968 0.877189
0.835064 0.91092 0.91092 0.877094
0.835023 0.910874 0.910874 0.877
0.834982 0.910828 0.910828 0.876906
0.834941 0.910782 0.910782 0.876811
0.834901 0.910735 0.910735 0.876717
0.83486 0.910689 0.910689 0.876623
0.834821 0.910644 0.910644 0.876529
0.83478 0.910598 0.910598 0.876435
0.83474 0.910552 0.910552 0.876342
0.834701 0.910507 0.910507 0.876248
0.834662 0.910463 0.910463 0.876156
0.834623 0.910418 0.910418 0.876062
0.834585 0.910374 0.910374 0.875969
0.834546 0.910329 0.910329 0.875877
0.834508 0.910285 0.910285 0.875784
0.834469 0.910241 0.910241 0.875692
0.834432 0.910198 0.910198 0.8756
0.834394 0.910154 0.910154 0.875508
0.834357 0.910111 0.910111 0.875416
0.83432 0.910068 0.910068 0.875324
0.834283 0.910025 0.910025 0.875233
0.834246 0.909982 0.909982 0.875141
0.83421 0.90994 0.90994 0.875051
0.834174 0.909898 0.909898 0.87496
0.834138 0.909856 0.909856 0.874869
0.834102 0.909814 0.909814 0.874778
0.834067 0.909773 0.909773 0.874688
0.834032 0.909732 0.909732 0.874598
0.833997 0.90969 0.90969 0.874507
0.833963 0.90965 0.90965 0.874418
0.833928 0.909608 0.909608 0.874328
0.833893 0.909567 0.909567 0.874238
0.833859 0.909527 0.909527 0.874149
0.833826 0.909487 0.909487 0.87406
0.833792 0.909447 0.909447 0.873971
0.833758 0.909407 0.909407 0.873882
0.833726 0.909368 0.909368 0.873794
0.833693 0.909329 0.909329 0.873706
0.833661 0.90929 0.90929 0.873617
0.833628 0.909251 0.909251 0.873529
0.833596 0.909212 0.909212 0.873441
0.833564 0.909174 0.909174 0.873353
0.833532 0.909135 0.909135 0.873265
0.8335 0.909097 0.909097 0.873178
0.833469 0.909059 0.909059 0.873091
0.833439 0.909022 0.909022 0.873004
0.833407 0.908985 0.908985 0.872917
0.833377 0.908948 0.908948 0.87283
0.833347 0.908911 0.908911 0.872744
0.833317 0.908874 0.908874 0.872658
0.833288 0.908838 0.908838 0.872572
0.833258 0.908801 0.908801 0.872486
0.833228 0.908765 0.908765 0.8724
0.833199 0.908729 0.908729 0.872315
0.83317 0.908693 0.908693 0.872229
0.833141 0.908657 0.908657 0.872144
0.833114 0.908623 0.908623 0.872059
0.833086 0.908588 0.908588 0.871974
0.833058 0.908553 0.908553 0.87189
0.83303 0.908518 0.908518 0.871805
0.833002 0.908483 0.908483 0.87172
0.832975 0.908449 0.908449 0.871637
0.832949 0.908415 0.908415 0.871553
0.832922 0.908382 0.908382 0.871469
0.832895 0.908348 0.908348 0.871386
0.832869 0.908314 0.908314 0.871302
0.832843 0.908281 0.908281 0.871219
0.832817 0.908248 0.908248 0.871136
0.832792 0.908216 0.908216 0.871053
0.832766 0.908183 0.908183 0.870971
0.832742 0.908151 0.908151 0.870889
0.832716 0.908118 0.908118 0.870806
0.832692 0.908087 0.908087 0.870724
0.832668 0.908055 0.908055 0.870642
0.832644 0.908024 0.908024 0.870561
0.83262 0.907993 0.907993 0.870479
0.832597 0.907962 0.907962 0.870399
0.832574 0.907931 0.907931 0.870318
0.83255 0.9079 0.9079 0.870237
0.832527 0.90787 0.90787 0.870156
0.832505 0.90784 0.90784 0.870076
0.832482 0.907809 0.907809 0.869995
0.83246 0.90778 0.90778 0.869915
0.832438 0.90775 0.90775 0.869835
0.832417 0.907721 0.907721 0.869756
0.832395 0.907692 0.907692 0.869676
0.832374 0.907663 0.907663 0.869597
0.832353 0.907635 0.907635 0.869518
0.832332 0.907606 0.907606 0.869438
0.832312 0.907578 0.907578 0.86936
0.832292 0.90755 0.90755 0.869281
0.832272 0.907522 0.907522 0.869203
0.832252 0.907495 0.907495 0.869125
0.832232 0.907467 0.907467 0.869047
0.832214 0.90744 0.90744 0.86897
0.832194 0.907413 0.907413 0.868891
0.832175 0.907386 0.907386 0.868814
0.832157 0.90736 0.90736 0.868737
0.832139 0.907334 0.907334 0.868661
0.832121 0.907308 0.907308 0.868584
0.832103 0.907282 0.907282 0.868507
0.832086 0.907257 0.907257 0.868431
0.832068 0.907231 0.907231 0.868355
0.832051 0.907206 0.907206 0.868279
0.832035 0.907181 0.907181 0.868203
0.832017 0.907156 0.907156 0.868127
0.832001 0.907131 0.907131 0.868052
0.831985 0.907107 0.907107 0.867976
0.83197 0.907083 0.907083 0.867902
0.831954 0.907059 0.907059 0.867827
0.831938 0.907036 0.907036 0.867752
0.831923 0.907012 0.907012 0.867678
0.831908 0.906989 0.906989 0.867604
0.831894 0.906966 0.906966 0.86753
0.831879 0.906943 0.906943 0.867456
0.831865 0.906921 0.906921 0.867383
0.831851 0.906898 0.906898 0.867309
0.831837 0.906876 0.906876 0.867236
0.831824 0.906854 0.906854 0.867163
0.831812 0.906833 0.906833 0.867091
0.831798 0.906811 0.906811 0.867018
0.831786 0.90679 0.90679 0.866946
0.831773 0.906769 0.906769 0.866874
0.831761 0.906748 0.906748 0.866801
0.831749 0.906727 0.906727 0.86673
0.831737 0.906707 0.906707 0.866658
0.831726 0.906687 0.906687 0.866587
0.831715 0.906667 0.906667 0.866517
0.831704 0.906647 0.906647 0.866445
0.831693 0.906628 0.906628 0.866375
0.831683 0.906609 0.906609 0.866304
0.831672 0.906589 0.906589 0.866234
0.831663 0.906571 0.906571 0.866164
0.831652 0.906552 0.906552 0.866093
0.831643 0.906534 0.906534 0.866024
0.831634 0.906516 0.906516 0.865955
0.831624 0.906497 0.906497 0.865885
0.831616 0.90648 0.90648 0.865817
0.831608 0.906463 0.906463 0.865748
0.8316 0.906446 0.906446 0.865679
0.831591 0.906429 0.906429 0.865611
0.831583 0.906411 0.906411 0.865543
0.831576 0.906395 0.906395 0.865475
0.831568 0.906378 0.906378 0.865407
0.831561 0.906362 0.906362 0.865339
0.831555 0.906347 0.906347 0.865272
0.831548 0.906331 0.906331 0.865205
0.831542 0.906315 0.906315 0.865138
0.831535 0.906299 0.906299 0.865071
0.831529 0.906284 0.906284 0.865004
0.831524 0.90627 0.90627 0.864939
0.831519 0.906255 0.906255 0.864872
0.831514 0.906241 0.906241 0.864807
0.831509 0.906227 0.906227 0.864741
0.831504 0.906213 0.906213 0.864675
0.8315 0.906199 0.906199 0.86461
0.831496 0.906186 0.906186 0.864545
0.831491 0.906172 0.906172 0.86448
0.831488 0.906159 0.906159 0.864415
0.831485 0.906147 0.906147 0.864352
0.831482 0.906134 0.906134 0.864287
0.831479 0.906122 0.906122 0.864224
0.831476 0.906109 0.906109 0.864159
0.831473 0.906097 0.906097 0.864096
0.831472 0.906086 0.906086 0.864033
0.83147 0.906074 0.906074 0.863969
0.831468 0.906063 0.906063 0.863907
0.831467 0.906052 0.906052 0.863844
0.831466 0.906041 0.906041 0.863782
0.831464 0.90603 0.90603 0.863719
0.831464 0.90602 0.90602 0.863658
0.831463 0.906009 0.906009 0.863595
0.831463 0.905999 0.905999 0.863534
0.831464 0.90599 0.90599 0.863473
0.831464 0.90598 0.90598 0.863412
0.831465 0.905971 0.905971 0.863351
0.831464 0.905962 0.905962 0.86329
0.831466 0.905953 0.905953 0.863229
0.831468 0.905945 0.905945 0.863169
0.831469 0.905936 0.905936 0.863109
0.831471 0.905928 0.905928 0.863049
0.831473 0.90592 0.90592 0.86299
0.831475 0.905912 0.905912 0.86293
0.831477 0.905905 0.905905 0.862871
0.83148 0.905898 0.905898 0.862812
0.831483 0.90589 0.90589 0.862753
0.831486 0.905883 0.905883 0.862694
0.83149 0.905877 0.905877 0.862637
0.831493 0.905871 0.905871 0.862579
0.831498 0.905865 0.905865 0.862521
0.831501 0.905858 0.905858 0.862463
0.831506 0.905852 0.905852 0.862405
0.831511 0.905847 0.905847 0.862349
0.831516 0.905842 0.905842 0.862291
0.831521 0.905837 0.905837 0.862235
0.831527 0.905832 0.905832 0.862178
0.831532 0.905828 0.905828 0.862122
0.831538 0.905823 0.905823 0.862066
0.831544 0.905819 0.905819 0.86201
0.831551 0.905815 0.905815 0.861955
0.831558 0.905812 0.905812 0.861899
0.831565 0.905808 0.905808 0.861844
0.831571 0.905804 0.905804 0.861788
0.831579 0.905802 0.905802 0.861734
0.831587 0.905799 0.905799 0.86168
0.831595 0.905796 0.905796 0.861625
0.831603 0.905794 0.905794 0.861571
0.831611 0.905792 0.905792 0.861518
0.831619 0.90579 0.90579 0.861463
0.831628 0.905788 0.905788 0.86141
0.831637 0.905786 0.905786 0.861357
0.831647 0.905786 0.905786 0.861304
0.831656 0.905784 0.905784 0.861251
0.831666 0.905783 0.905783 0.861199
0.831676 0.905783 0.905783 0.861146
0.831687 0.905782 0.905782 0.861094
0.831698 0.905783 0.905783 0.861043
0.831708 0.905782 0.905782 0.860991
0.831719 0.905783 0.905783 0.860939
0.83173 0.905783 0.905783 0.860888
0.831743 0.905784 0.905784 0.860838
0.831754 0.905785 0.905785 0.860787
0.831766 0.905786 0.905786 0.860736
0.831778 0.905788 0.905788 0.860686
0.831791 0.905789 0.905789 0.860636
0.831804 0.905792 0.905792 0.860587
0.831817 0.905793 0.905793 0.860537
0.83183 0.905796 0.905796 0.860488
0.831844 0.905798 0.905798 0.860439
0.831857 0.905801 0.905801 0.86039
0.831872 0.905804 0.905804 0.860341
0.831885 0.905807 0.905807 0.860292
0.8319 0.905811 0.905811 0.860244
0.831915 0.905814 0.905814 0.860196
0.83193 0.905819 0.905819 0.860149
0.831945 0.905822 0.905822 0.860101
0.831961 0.905827 0.905827 0.860054
0.831976 0.905831 0.905831 0.860007
0.831992 0.905836 0.905836 0.85996
0.832009 0.905842 0.905842 0.859914
0.832025 0.905846 0.905846 0.859867
0.832041 0.905852 0.905852 0.859821
0.832058 0.905857 0.905857 0.859775
0.832076 0.905864 0.905864 0.85973
0.832093 0.90587 0.90587 0.859684
0.832111 0.905876 0.905876 0.859639
0.832129 0.905883 0.905883 0.859595
0.832147 0.90589 0.90589 0.85955
0.832165 0.905896 0.905896 0.859505
0.832184 0.905904 0.905904 0.859461
0.832203 0.905912 0.905912 0.859417
0.832222 0.905919 0.905919 0.859373
0.832241 0.905927 0.905927 0.859329
0.832261 0.905935 0.905935 0.859286
0.832281 0.905943 0.905943 0.859243
0.832301 0.905952 0.905952 0.8592
0.832321 0.905961 0.905961 0.859157
0.832342 0.905969 0.905969 0.859115
0.832363 0.905979 0.905979 0.859073
0.832384 0.905989 0.905989 0.859031
0.832405 0.905999 0.905999 0.85899
0.832427 0.906008 0.906008 0.858948
0.832448 0.906018 0.906018 0.858906
0.832471 0.906029 0.906029 0.858866
0.832493 0.90604 0.90604 0.858825
0.832516 0.90605 0.90605 0.858785
0.832538 0.906061 0.906061 0.858744
0.832562 0.906073 0.906073 0.858705
0.832584 0.906084 0.906084 0.858664
0.832608 0.906095 0.906095 0.858625
0.832631 0.906107 0.906107 0.858585
0.832656 0.90612 0.90612 0.858547
0.832679 0.906132 0.906132 0.858507
0.832704 0.906145 0.906145 0.858469
0.832729 0.906157 0.906157 0.85843
0.832753 0.90617 0.90617 0.858392
0.832779 0.906184 0.906184 0.858355
0.832804 0.906197 0.906197 0.858316
0.83283 0.906211 0.906211 0.858279
0.832856 0.906225 0.906225 0.858242
0.832882 0.906239 0.906239 0.858205
0.832908 0.906253 0.906253 0.858168
0.832935 0.906268 0.906268 0.858132
0.832962 0.906283 0.906283 0.858096
0.832989 0.906298 0.906298 0.858059
0.833017 0.906314 0.906314 0.858024
0.833044 0.906329 0.906329 0.857988
0.833072 0.906345 0.906345 0.857953
0.8331 0.90636 0.90636 0.857918
0.833128 0.906376 0.906376 0.857883
0.833157 0.906393 0.906393 0.857849
0.833185 0.906409 0.906409 0.857813
0.833214 0.906426 0.906426 0.85778
0.833243 0.906443 0.906443 0.857746
0.833273 0.906461 0.906461 0.857712
0.833303 0.906478 0.906478 0.857679
0.833333 0.906496 0.906496 0.857646
0.833363 0.906514 0.906514 0.857613
0.833393 0.906532 0.906532 0.85758
0.833425 0.906551 0.906551 0.857548
0.833455 0.906569 0.906569 0.857515
0.833486 0.906588 0.906588 0.857483
0.833517 0.906606 0.906606 0.857452
0.83355 0.906626 0.906626 0.857421
0.833581 0.906645 0.906645 0.857389
0.833614 0.906665 0.906665 0.857358
0.833646 0.906685 0.906685 0.857328
0.833678 0.906705 0.906705 0.857297
0.833711 0.906725 0.906725 0.857266
0.833744 0.906746 0.906746 0.857237
0.833778 0.906767 0.906767 0.857207
0.833811 0.906788 0.906788 0.857177
0.833845 0.906809 0.906809 0.857148
0.833879 0.90683 0.90683 0.857118
0.833913 0.906852 0.906852 0.85709
0.833948 0.906874 0.906874 0.857061
0.833982 0.906896 0.906896 0.857033
0.834017 0.906918 0.906918 0.857004
0.834053 0.906941 0.906941 0.856977
0.834087 0.906964 0.906964 0.856948
0.834123 0.906987 0.906987 0.856921
0.83416 0.907011 0.907011 0.856895
0.834196 0.907034 0.907034 0.856867
0.834232 0.907058 0.907058 0.856841
0.834268 0.907081 0.907081 0.856814
0.834305 0.907105 0.907105 0.856788
0.834343 0.90713 0.90713 0.856762
0.834379 0.907154 0.907154 0.856737
0.834417 0.907179 0.907179 0.856711
0.834455 0.907204 0.907204 0.856686
0.834493 0.907229 0.907229 0.856661
0.834531 0.907254 0.907254 0.856636
0.83457 0.90728 0.90728 0.856612
0.834608 0.907305 0.907305 0.856587
0.834647 0.907332 0.907332 0.856563
0.834687 0.907359 0.907359 0.85654
0.834726 0.907385 0.907385 0.856516
0.834766 0.907412 0.907412 0.856493
0.834805 0.907438 0.907438 0.856469
0.834845 0.907465 0.907465 0.856447
0.834886 0.907493 0.907493 0.856425
0.834926 0.90752 0.90752 0.856402
0.834967 0.907548 0.907548 0.85638
0.835009 0.907576 0.907576 0.856358
0.83505 0.907604 0.907604 0.856337
0.835091 0.907633 0.907633 0.856315
0.835133 0.907662 0.907662 0.856295
0.835174 0.90769 0.90769 0.856273
0.835217 0.907719 0.907719 0.856252
0.83526 0.907749 0.907749 0.856233
0.835302 0.907778 0.907778 0.856212
0.835345 0.907808 0.907808 0.856193
0.835388 0.907838 0.907838 0.856172
0.835431 0.907868 0.907868 0.856153
0.835475 0.907899 0.907899 0.856134
0.835519 0.907929 0.907929 0.856115
0.835563 0.90796 0.90796 0.856097
0.835607 0.907991 0.907991 0.856078
0.835652 0.908022 0.908022 0.85606
0.835696 0.908054 0.908054 0.856042
0.835742 0.908086 0.908086 0.856025
0.835786 0.908117 0.908117 0.856007
0.835832 0.908149 0.908149 0.855989
0.835878 0.908182 0.908182 0.855973
0.835924 0.908214 0.908214 0.855956
0.83597 0.908247 0.908247 0.85594
0.836016 0.90828 0.90828 0.855923
0.836062 0.908313 0.908313 0.855907
0.83611 0.908347 0.908347 0.855892
0.836156 0.90838 0.90838 0.855876
0.836204 0.908414 0.908414 0.855861
0.836251 0.908448 0.908448 0.855847
0.836299 0.908483 0.908483 0.855832
0.836347 0.908517 0.908517 0.855817
0.836394 0.908551 0.908551 0.855802
0.836443 0.908586 0.908586 0.855788
0.836492 0.908621 0.908621 0.855775
0.83654 0.908656 0.908656 0.855761
0.83659 0.908693 0.908693 0.855748
0.836639 0.908728 0.908728 0.855735
0.836688 0.908764 0.908764 0.855722
0.836738 0.9088 0.9088 0.85571
0.836788 0.908836 0.908836 0.855697
0.836839 0.908874 0.908874 0.855686
0.836888 0.90891 0.90891 0.855673
0.836939 0.908947 0.908947 0.855662
0.83699 0.908984 0.908984 0.855651
0.837041 0.909021 0.909021 0.855639
0.837093 0.909059 0.909059 0.855629
0.837145 0.909098 0.909098 0.855619
0.837195 0.909135 0.909135 0.855608
0.837248 0.909174 0.909174 0.855598
0.8373 0.909212 0.909212 0.855588
0.837352 0.90925 0.90925 0.855578
0.837405 0.90929 0.90929 0.855569
0.837458 0.909329 0.909329 0.85556
0.837511 0.909368 0.909368 0.855551
0.837565 0.909408 0.909408 0.855543
0.837618 0.909447 0.909447 0.855534
0.837672 0.909487 0.909487 0.855526
0.837726 0.909528 0.909528 0.855518
0.83778 0.909568 0.909568 0.855511
0.837835 0.909609 0.909609 0.855504
0.837889 0.909649 0.909649 0.855496
0.837944 0.90969 0.90969 0.855489
0.837999 0.909731 0.909731 0.855483
0.838055 0.909774 0.909774 0.855477
0.83811 0.909815 0.909815 0.85547
0.838166 0.909857 0.909857 0.855465
0.838222 0.909899 0.909899 0.855459
0.838278 0.909941 0.909941 0.855454
0.838334 0.909983 0.909983 0.855448
0.838391 0.910027 0.910027 0.855444
0.838447 0.910069 0.910069 0.855439
0.838505 0.910112 0.910112 0.855434
0.838562 0.910155 0.910155 0.85543
0.83862 0.910199 0.910199 0.855426
0.838677 0.910242 0.910242 0.855422
0.838735 0.910287 0.910287 0.855419
0.838793 0.910331 0.910331 0.855416
0.838851 0.910375 0.910375 0.855413
0.838911 0.91042 0.91042 0.855411
0.838969 0.910464 0.910464 0.855408
0.839028 0.910509 0.910509 0.855406
0.839087 0.910554 0.910554 0.855404
0.839146 0.9106 0.9106 0.855402
0.839207 0.910646 0.910646 0.855401
0.839266 0.910691 0.910691 0.855399
0.839326 0.910737 0.910737 0.855398
0.839386 0.910783 0.910783 0.855398
0.839448 0.91083 0.91083 0.855398
0.839508 0.910876 0.910876 0.855397
0.839569 0.910923 0.910923 0.855397
0.839631 0.910971 0.910971 0.855398
0.839692 0.911018 0.911018 0.855398
0.839753 0.911065 0.911065 0.855399
0.839816 0.911113 0.911113 0.8554
0.839877 0.91116 0.91116 0.855401
0.839939 0.911208 0.911208 0.855402
0.840001 0.911256 0.911256 0.855404
0.840065 0.911305 0.911305 0.855407
0.840127 0.911353 0.911353 0.855408
0.84019 0.911403 0.911403 0.855411
0.840254 0.911452 0.911452 0.855414
0.840317 0.911501 0.911501 0.855417
0.840381 0.91155 0.91155 0.85542
0.840445 0.9116 0.9116 0.855423
0.840509 0.91165 0.91165 0.855427
0.840574 0.9117 0.9117 0.855431
0.840638 0.91175 0.91175 0.855435
0.840702 0.9118 0.9118 0.85544
0.840768 0.911851 0.911851 0.855445
0.840833 0.911902 0.911902 0.85545
0.840899 0.911953 0.911953 0.855455
0.840964 0.912004 0.912004 0.85546
0.84103 0.912055 0.912055 0.855465
0.841096 0.912107 0.912107 0.855472
0.841162 0.912159 0.912159 0.855478
0.841229 0.912211 0.912211 0.855485
0.841295 0.912264 0.912264 0.855491
0.841363 0.912317 0.912317 0.855498
0.841429 0.912369 0.912369 0.855505
0.841497 0.912422 0.912422 0.855513
0.841564 0.912475 0.912475 0.85552
0.841631 0.912528 0.912528 0.855528
0.8417 0.912582 0.912582 0.855536
0.841767 0.912635 0.912635 0.855544
0.841836 0.912689 0.912689 0.855553
0.841904 0.912743 0.912743 0.855562
0.841974 0.912797 0.912797 0.855572
0.842042 0.912851 0.912851 0.855581
0.842112 0.912906 0.912906 0.855591
0.842181 0.912961 0.912961 0.8556
0.842251 0.913016 0.913016 0.85561
0.84232 0.913071 0.913071 0.855621
0.84239 0.913126 0.913126 0.855631
0.84246 0.913182 0.913182 0.855642
0.842531 0.913238 0.913238 0.855653
0.842601 0.913294 0.913294 0.855664
0.842672 0.91335 0.91335 0.855675
0.842743 0.913407 0.913407 0.855688
0.842815 0.913464 0.913464 0.8557
0.842885 0.91352 0.91352 0.855712
0.842958 0.913577 0.913577 0.855725
0.843029 0.913634 0.913634 0.855738
0.843101 0.913691 0.913691 0.85575
0.843173 0.913749 0.913749 0.855764
0.843246 0.913807 0.913807 0.855777
0.843318 0.913865 0.913865 0.855791
0.843391 0.913923 0.913923 0.855805
0.843464 0.913981 0.913981 0.85582
0.843537 0.914039 0.914039 0.855833
0.84361 0.914098 0.914098 0.855848
0.843684 0.914157 0.914157 0.855863
0.843758 0.914217 0.914217 0.855879
0.843832 0.914276 0.914276 0.855894
0.843906 0.914335 0.914335 0.85591
0.84398 0.914395 0.914395 0.855926
0.844055 0.914455 0.914455 0.855943
0.84413 0.914515 0.914515 0.855959
0.844205 0.914576 0.914576 0.855976
0.844279 0.914635 0.914635 0.855992
0.844355 0.914696 0.914696 0.856009
0.84443 0.914757 0.914757 0.856027
0.844507 0.914818 0.914818 0.856045
0.844582 0.914879 0.914879 0.856063
0.844659 0.914941 0.914941 0.856081
0.844735 0.915003 0.915003 0.8561
0.844812 0.915064 0.915064 0.856118
0.844888 0.915126 0.915126 0.856137
0.844965 0.915188 0.915188 0.856156
0.845042 0.91525 0.91525 0.856175
0.84512 0.915313 0.915313 0.856195
0.845197 0.915376 0.915376 0.856215
0.845275 0.915438 0.915438 0.856235
0.845353 0.915502 0.915502 0.856256
0.84543 0.915565 0.915565 0.856276
0.845509 0.915628 0.915628 0.856296
0.845587 0.915692 0.915692 0.856317
0.845666 0.915756 0.915756 0.856338
0.845745 0.91582 0.91582 0.856361
0.845824 0.915884 0.915884 0.856382
0.845903 0.915948 0.915948 0.856404
0.845982 0.916013 0.916013 0.856426
0.846062 0.916077 0.916077 0.856449
0.846142 0.916143 0.916143 0.856472
0.846222 0.916208 0.916208 0.856494
0.846302 0.916273 0.916273 0.856518
0.846382 0.916339 0.916339 0.856541
0.846463 0.916404 0.916404 0.856565
0.846544 0.916471 0.916471 0.85659
0.846624 0.916536 0.916536 0.856613
0.846706 0.916603 0.916603 0.856638
0.846787 0.916669 0.916669 0.856663
0.846869 0.916735 0.916735 0.856688
0.84695 0.916802 0.916802 0.856712
0.847032 0.916869 0.916869 0.856738
0.847115 0.916937 0.916937 0.856764
0.847196 0.917003 0.917003 0.856789
0.847279 0.917072 0.917072 0.856816
0.847362 0.917139 0.917139 0.856842
0.847444 0.917206 0.917206 0.856868
0.847527 0.917275 0.917275 0.856896
0.84761 0.917343 0.917343 0.856923
0.847694 0.917411 0.917411 0.85695
0.847777 0.91748 0.91748 0.856977
0.847861 0.917549 0.917549 0.857006
0.847945 0.917618 0.917618 0.857033
0.848029 0.917687 0.917687 0.857061
0.848113 0.917756 0.917756 0.85709
0.848197 0.917825 0.917825 0.857118
0.848283 0.917896 0.917896 0.857148
0.848367 0.917965 0.917965 0.857177
0.848452 0.918035 0.918035 0.857206
0.848537 0.918105 0.918105 0.857236
0.848622 0.918176 0.918176 0.857266
0.848708 0.918246 0.918246 0.857296
0.848794 0.918317 0.918317 0.857327
0.84888 0.918388 0.918388 0.857358
0.848966 0.918459 0.918459 0.857389
0.849052 0.91853 0.91853 0.85742
0.849138 0.918602 0.918602 0.857451
0.849224 0.918673 0.918673 0.857482
0.849312 0.918745 0.918745 0.857514
0.849399 0.918817 0.918817 0.857546
0.849486 0.918889 0.918889 0.857578
0.849573 0.918961 0.918961 0.857611
0.849661 0.919034 0.919034 0.857644
0.849748 0.919106 0.919106 0.857677
0.849836 0.919179 0.919179 0.85771
0.849924 0.919252 0.919252 0.857744
0.850012 0.919325 0.919325 0.857777
0.8501 0.919398 0.919398 0.857811
0.850189 0.919472 0.919472 0.857845
0.850278 0.919546 0.919546 0.85788
0.850367 0.91962 0.91962 0.857915
0.850456 0.919694 0.919694 0.85795
0.850545 0.919768 0.919768 0.857985
0.850634 0.919842 0.919842 0.858019
0.850724 0.919917 0.919917 0.858055
0.850814 0.919992 0.919992 0.858091
0.850904 0.920067 0.920067 0.858127
0.850994 0.920142 0.920142 0.858163
0.851084 0.920217 0.920217 0.8582
0.851174 0.920292 0.920292 0.858237
0.851265 0.920368 0.920368 0.858274
0.851356 0.920444 0.920444 0.858312
0.851447 0.92052 0.92052 0.858349
0.851538 0.920596 0.920596 0.858386
0.851629 0.920671 0.920671 0.858424
0.85172 0.920748 0.920748 0.858462
0.851812 0.920825 0.920825 0.858501
0.851904 0.920901 0.920901 0.858539
0.851996 0.920978 0.920978 0.858578
0.852088 0.921056 0.921056 0.858618
0.85218 0.921132 0.921132 0.858657
0.852273 0.92121 0.92121 0.858696
0.852365 0.921288 0.921288 0.858736
0.852458 0.921365 0.921365 0.858776
0.852551 0.921443 0.921443 0.858816
0.852644 0.921522 0.921522 0.858857
0.852737 0.921599 0.921599 0.858897
0.852831 0.921678 0.921678 0.858938
0.852924 0.921756 0.921756 0.858979
0.853018 0.921835 0.921835 0.85902
0.853112 0.921914 0.921914 0.859063
0.853206 0.921993 0.921993 0.859104
0.853301 0.922072 0.922072 0.859146
0.853395 0.922152 0.922152 0.859189
0.853489 0.922231 0.922231 0.859231
0.853584 0.922311 0.922311 0.859274
0.853679 0.922391 0.922391 0.859317
0.853774 0.92247 0.92247 0.85936
0.853869 0.922551 0.922551 0.859404
0.853965 0.922631 0.922631 0.859447
0.85406 0.922712 0.922712 0.859491
0.854157 0.922793 0.922793 0.859536
0.854252 0.922873 0.922873 0.85958
0.854348 0.922954 0.922954 0.859625
0.854445 0.923036 0.923036 0.85967
0.854541 0.923117 0.923117 0.859715
0.854637 0.923198 0.923198 0.85976
0.854733 0.923279 0.923279 0.859805
0.854831 0.923362 0.923362 0.859851
0.854928 0.923444 0.923444 0.859897
0.855025 0.923526 0.923526 0.859944
0.855122 0.923608 0.923608 0.85999
0.855219 0.92369 0.92369 0.860036
0.855318 0.923773 0.923773 0.860083
0.855415 0.923856 0.923856 0.86013
0.855513 0.923939 0.923939 0.860178
0.855611 0.924022 0.924022 0.860225
0.855709 0.924105 0.924105 0.860273
0.855807 0.924188 0.924188 0.86032
0.855906 0.924272 0.924272 0.860369
0.856005 0.924356 0.924356 0.860418
0.856103 0.924439 0.924439 0.860466
0.856202 0.924523 0.924523 0.860515
0.856302 0.924607 0.924607 0.860565
0.856401 0.924691 0.924691 0.860614
0.8565 0.924775 0.924775 0.860663
0.8566 0.92486 0.92486 0.860713
0.8567 0.924945 0.924945 0.860763
0.8568 0.92503 0.92503 0.860813
0.856899 0.925115 0.925115 0.860863
0.857 0.9252 0.9252 0.860915
0.8571 0.925285 0.925285 0.860965
0.857201 0.925371 0.925371 0.861016
0.857301 0.925457 0.925457 0.861068
0.857402 0.925543 0.925543 0.861119
0.857503 0.925628 0.925628 0.861171
0.857605 0.925715 0.925715 0.861223
0.857705 0.925801 0.925801 0.861275
0.857807 0.925887 0.925887 0.861328
0.857908 0.925974 0.925974 0.861381
0.85801 0.92606 0.92606 0.861433
0.858112 0.926147 0.926147 0.861486
0.858214 0.926235 0.926235 0.86154
0.858316 0.926321 0.926321 0.861593
0.858418 0.926409 0.926409 0.861647
0.858521 0.926496 0.926496 0.861701
0.858623 0.926584 0.926584 0.861755
0.858725 0.926671 0.926671 0.861809
0.858829 0.926759 0.926759 0.861865
0.858931 0.926847 0.926847 0.861919
0.859035 0.926935 0.926935 0.861974
0.859138 0.927024 0.927024 0.86203
0.859241 0.927112 0.927112 0.862085
0.859345 0.9272 0.9272 0.86214
0.859449 0.92729 0.92729 0.862197
0.859552 0.927378 0.927378 0.862253
0.859656 0.927467 0.927467 0.862309
0.85976 0.927556 0.927556 0.862366
0.859865 0.927646 0.927646 0.862423
0.859969 0.927735 0.927735 0.862479
0.860074 0.927825 0.927825 0.862537
0.860178 0.927914 0.927914 0.862594
0.860283 0.928004 0.928004 0.862652
0.860388 0.928094 0.928094 0.86271
0.860493 0.928184 0.928184 0.862768
0.860598 0.928274 0.928274 0.862826
0.860704 0.928365 0.928365 0.862885
0.860809 0.928456 0.928456 0.862944
0.860915 0.928547 0.928547 0.863003
0.86102 0.928637 0.928637 0.863062
0.861126 0.928728 0.928728 0.863122
0.861232 0.928819 0.928819 0.863181
0.861338 0.92891 0.92891 0.86324
0.861445 0.929002 0.929002 0.863301
0.861551 0.929094 0.929094 0.863362
0.861657 0.929185 0.929185 0.863421
0.861764 0.929277 0.929277 0.863482
0.861871 0.929369 0.929369 0.863544
0.861978 0.929461 0.929461 0.863604
0.862085 0.929553 0.929553 0.863665
0.862192 0.929646 0.929646 0.863727
0.8623 0.929738 0.929738 0.863789
0.862407 0.929831 0.929831 0.863851
0.862515 0.929924 0.929924 0.863913
0.862622 0.930016 0.930016 0.863975
0.86273 0.93011 0.93011 0.864038
0.862838 0.930203 0.930203 0.8641
0.862946 0.930296 0.930296 0.864164
0.863055 0.93039 0.93039 0.864227
0.863163 0.930483 0.930483 0.86429
0.863271 0.930577 0.930577 0.864354
0.86338 0.930671 0.930671 0.864418
0.863489 0.930765 0.930765 0.864482
0.863598 0.930859 0.930859 0.864546
0.863707 0.930953 0.930953 0.864611
0.863816 0.931048 0.931048 0.864675
0.863925 0.931142 0.931142 0.86474
0.864034 0.931236 0.931236 0.864805
0.864144 0.931331 0.931331 0.864871
0.864253 0.931426 0.931426 0.864936
0.864363 0.931521 0.931521 0.865002
0.864473 0.931616 0.931616 0.865068
0.864583 0.931711 0.931711 0.865133
0.864693 0.931807 0.931807 0.8652
0.864804 0.931903 0.931903 0.865267
0.864913 0.931998 0.931998 0.865333
0.865024 0.932094 0.932094 0.8654
0.865135 0.93219 0.93219 0.865468
0.865246 0.932286 0.932286 0.865535
0.865356 0.932382 0.932382 0.865602
0.865467 0.932478 0.932478 0.86567
0.865579 0.932575 0.932575 0.865738
0.865689 0.932671 0.932671 0.865806
0.865801 0.932768 0.932768 0.865874
0.865913 0.932865 0.932865 0.865943
0.866024 0.932961 0.932961 0.866012
0.866135 0.933058 0.933058 0.86608
0.866247 0.933155 0.933155 0.866149
0.866359 0.933253 0.933253 0.866219
0.866472 0.933351 0.933351 0.866289
0.866583 0.933447 0.933447 0.866358
0.866695 0.933545 0.933545 0.866428
0.866807 0.933643 0.933643 0.866498
0.866921 0.933741 0.933741 0.866569
0.867033 0.933839 0.933839 0.866639
0.867146 0.933938 0.933938 0.86671
0.867258 0.934035 0.934035 0.866781
0.867371 0.934134 0.934134 0.866852
0.867484 0.934232 0.934232 0.866924
0.867597 0.934331 0.934331 0.866995
0.86771 0.934429 0.934429 0.867066
0.867824 0.934529 0.934529 0.867139
0.867937 0.934627 0.934627 0.867211
0.868051 0.934726 0.934726 0.867283
0.868165 0.934826 0.934826 0.867356
0.868279 0.934925 0.934925 0.867429
0.868393 0.935024 0.935024 0.867501
0.868506 0.935124 0.935124 0.867574
0.868621 0.935224 0.935224 0.867648
0.868735 0.935323 0.935323 0.867721
0.868849 0.935423 0.935423 0.867795
0.868964 0.935523 0.935523 0.867869
0.869079 0.935624 0.935624 0.867943
0.869193 0.935724 0.935724 0.868018
0.869307 0.935824 0.935824 0.868092
0.869423 0.935925 0.935925 0.868167
0.869537 0.936025 0.936025 0.868241
0.869653 0.936126 0.936126 0.868317
0.869768 0.936227 0.936227 0.868392
0.869883 0.936328 0.936328 0.868468
0.869999 0.936428 0.936428 0.868543
0.870114 0.936529 0.936529 0.868619
0.87023 0.936631 0.936631 0.868695
0.870345 0.936732 0.936732 0.868771
0.870462 0.936834 0.936834 0.868848
0.870578 0.936936 0.936936 0.868924
0.870694 0.937037 0.937037 0.869001
0.87081 0.937139 0.937139 0.869078
0.870926 0.937241 0.937241 0.869155
0.871042 0.937343 0.937343 0.869233
0.871158 0.937445 0.937445 0.86931
0.871275 0.937547 0.937547 0.869388
0.871392 0.93765 0.93765 0.869466
0.871509 0.937752 0.937752 0.869545
0.871626 0.937855 0.937855 0.869623
0.871742 0.937958 0.937958 0.869701
0.871859 0.93806 0.93806 0.86978
0.871977 0.938163 0.938163 0.869859
0.872093 0.938266 0.938266 0.869937
0.872211 0.938369 0.938369 0.870017
0.872328 0.938472 0.938472 0.870097
0.872446 0.938576 0.938576 0.870176
0.872563 0.938679 0.938679 0.870256
0.872681 0.938782 0.938782 0.870336
0.872799 0.938886 0.938886 0.870416
0.872916 0.93899 0.93899 0.870496
0.873034 0.939094 0.939094 0.870577
0.873153 0.939198 0.939198 0.870658
0.873271 0.939302 0.939302 0.870739
0.873389 0.939406 0.939406 0.87082
0.873507 0.93951 0.93951 0.870901
0.873625 0.939614 0.939614 0.870982
0.873744 0.939719 0.939719 0.871064
0.873863 0.939824 0.939824 0.871146
0.873981 0.939928 0.939928 0.871228
0.8741 0.940033 0.940033 0.87131
0.874219 0.940137 0.940137 0.871392
0.874338 0.940242 0.940242 0.871475
0.874458 0.940348 0.940348 0.871558
0.874577 0.940453 0.940453 0.871641
0.874695 0.940557 0.940557 0.871724
0.874815 0.940663 0.940663 0.871807
0.874934 0.940769 0.940769 0.871891
0.875054 0.940874 0.940874 0.871975
0.875174 0.94098 0.94098 0.872058
0.875293 0.941085 0.941085 0.872142
0.875413 0.941191 0.941191 0.872226
0.875533 0.941297 0.941297 0.872311
0.875652 0.941403 0.941403 0.872395
0.875773 0.941509 0.941509 0.87248
0.875893 0.941616 0.941616 0.872565
0.876013 0.941722 0.941722 0.872651
0.876134 0.941828 0.941828 0.872736
0.876254 0.941935 0.941935 0.872821
0.876374 0.942041 0.942041 0.872906
0.876495 0.942148 0.942148 0.872993
0.876615 0.942254 0.942254 0.873078
0.876736 0.942362 0.942362 0.873165
0.876857 0.942469 0.942469 0.873251
0.876978 0.942576 0.942576 0.873338
0.877099 0.942683 0.942683 0.873424
0.877219 0.94279 0.94279 0.873511
0.87734 0.942897 0.942897 0.873598
0.877461 0.943004 0.943004 0.873684
0.877583 0.943112 0.943112 0.873772
0.877704 0.94322 0.94322 0.87386
0.877825 0.943327 0.943327 0.873947
0.877947 0.943435 0.943435 0.874035
0.878068 0.943542 0.943542 0.874123
0.87819 0.94365 0.94365 0.874211
0.878312 0.943759 0.943759 0.8743
0.878433 0.943867 0.943867 0.874389
0.878556 0.943975 0.943975 0.874478
0.878677 0.944083 0.944083 0.874566
0.878799 0.944191 0.944191 0.874655
0.878921 0.9443 0.9443 0.874745
0.879044 0.944409 0.944409 0.874834
0.879166 0.944517 0.944517 0.874924
0.879288 0.944626 0.944626 0.875013
0.87941 0.944734 0.944734 0.875103
0.879533 0.944844 0.944844 0.875193
0.879655 0.944952 0.944952 0.875283
0.879778 0.945061 0.945061 0.875374
0.879901 0.945171 0.945171 0.875465
0.880023 0.94528 0.94528 0.875555
0.880146 0.945389 0.945389 0.875646
0.880269 0.945498 0.945498 0.875737
0.880391 0.945608 0.945608 0.875828
0.880514 0.945717 0.945717 0.875919
0.880638 0.945827 0.945827 0.876011
0.88076 0.945936 0.945936 0.876102
0.880884 0.946046 0.946046 0.876195
0.881007 0.946156 0.946156 0.876287
0.88113 0.946266 0.946266 0.876379
0.881254 0.946376 0.946376 0.876472
0.881377 0.946486 0.946486 0.876564
0.8815 0.946596 0.946596 0.876656
0.881625 0.946707 0.946707 0.87675
0.881748 0.946816 0.946816 0.876843
0.881872 0.946927 0.946927 0.876936
0.881995 0.947037 0.947037 0.877029
0.882119 0.947148 0.947148 0.877122
0.882243 0.947258 0.947258 0.877216
0.882367 0.947369 0.947369 0.87731
0.882491 0.94748 0.94748 0.877404
0.882616 0.947591 0.947591 0.877499
0.882739 0.947702 0.947702 0.877593
0.882863 0.947812 0.947812 0.877687
0.882988 0.947924 0.947924 0.877782
0.883112 0.948035 0.948035 0.877877
0.883237 0.948146 0.948146 0.877972
0.88336 0.948257 0.948257 0.878066
0.883485 0.948368 0.948368 0.878162
0.88361 0.94848 0.94848 0.878258
0.883735 0.948592 0.948592 0.878353
0.883859 0.948703 0.948703 0.878448
0.883984 0.948815 0.948815 0.878545
0.884109 0.948926 0.948926 0.87864
0.884234 0.949038 0.949038 0.878737
0.884358 0.94915 0.94915 0.878833
0.884483 0.949262 0.949262 0.878929
0.884608 0.949374 0.949374 0.879026
0.884733 0.949486 0.949486 0.879123
0.884859 0.949599 0.949599 0.87922
0.884984 0.949711 0.949711 0.879317
0.885109 0.949822 0.949822 0.879414
0.885235 0.949935 0.949935 0.879512
0.88536 0.950047 0.950047 0.879609
0.885485 0.95016 0.95016 0.879707
0.885611 0.950273 0.950273 0.879805
0.885737 0.950385 0.950385 0.879903
0.885861 0.950497 0.950497 0.880001
0.885988 0.950611 0.950611 0.8801
0.886113 0.950723 0.950723 0.880198
0.886238 0.950836 0.950836 0.880297
0.886364 0.950948 0.950948 0.880395
0.88649 0.951062 0.951062 0.880494
0.886615 0.951174 0.951174 0.880593
0.886742 0.951288 0.951288 0.880692
0.886868 0.951401 0.951401 0.880792
0.886994 0.951514 0.951514 0.880892
0.88712 0.951628 0.951628 0.880991
0.887246 0.951741 0.951741 0.881091
0.887372 0.951854 0.951854 0.881191
0.887498 0.951967 0.951967 0.881291
0.887625 0.952081 0.952081 0.881392
0.887751 0.952195 0.952195 0.881492
0.887877 0.952309 0.952309 0.881593
0.888003 0.952422 0.952422 0.881693
0.88813 0.952536 0.952536 0.881794
0.888256 0.95265 0.95265 0.881895
0.888383 0.952764 0.952764 0.881996
0.888509 0.952878 0.952878 0.882097
0.888636 0.952992 0.952992 0.882199
0.888762 0.953105 0.953105 0.8823
0.888889 0.953219 0.953219 0.882401
0.889016 0.953334 0.953334 0.882504
0.889142 0.953448 0.953448 0.882605
0.88927 0.953562 0.953562 0.882708
0.889396 0.953676 0.953676 0.882809
0.889523 0.953791 0.953791 0.882912
0.88965 0.953905 0.953905 0.883015
0.889777 0.95402 0.95402 0.883117
0.889904 0.954134 0.954134 0.88322
0.890031 0.954249 0.954249 0.883323
0.890157 0.954363 0.954363 0.883426
0.890285 0.954479 0.954479 0.88353
0.890412 0.954593 0.954593 0.883632
0.890539 0.954707 0.954707 0.883736
0.890666 0.954823 0.954823 0.88384
0.890794 0.954938 0.954938 0.883944
0.89092 0.955052 0.955052 0.884047
0.891048 0.955167 0.955167 0.884151
0.891176 0.955283 0.955283 0.884255
0.891303 0.955398 0.955398 0.88436
0.89143 0.955513 0.955513 0.884464
0.891557 0.955628 0.955628 0.884568
0.891685 0.955743 0.955743 0.884673
0.891813 0.955859 0.955859 0.884778
0.89194 0.955974 0.955974 0.884883
0.892068 0.956089 0.956089 0.884989
0.892195 0.956204 0.956204 0.885093
0.892323 0.95632 0.95632 0.885199
0.892451 0.956436 0.956436 0.885305
0.892579 0.956552 0.956552 0.88541
0.892706 0.956666 0.956666 0.885515
0.892833 0.956782 0.956782 0.885621
0.892962 0.956899 0.956899 0.885728
0.89309 0.957014 0.957014 0.885834
0.893217 0.95713 0.95713 0.88594
0.893345 0.957245 0.957245 0.886046
0.893473 0.957362 0.957362 0.886153
0.893601 0.957477 0.957477 0.886259
0.893729 0.957594 0.957594 0.886367
0.893856 0.957709 0.957709 0.886473
0.893985 0.957825 0.957825 0.88658
0.894113 0.957942 0.957942 0.886688
0.894241 0.958058 0.958058 0.886795
0.894369 0.958174 0.958174 0.886902
0.894497 0.95829 0.95829 0.88701
0.894625 0.958407 0.958407 0.887117
0.894753 0.958523 0.958523 0.887225
0.894881 0.958639 0.958639 0.887333
0.89501 0.958756 0.958756 0.887441
0.895138 0.958872 0.958872 0.887549
0.895266 0.958989 0.958989 0.887658
0.895394 0.959105 0.959105 0.887766
0.895523 0.959221 0.959221 0.887875
0.895651 0.959338 0.959338 0.887984
0.895779 0.959454 0.959454 0.888092
0.895907 0.959571 0.959571 0.888201
0.896036 0.959688 0.959688 0.88831
0.896164 0.959804 0.959804 0.888419
0.896292 0.959921 0.959921 0.888528
0.896421 0.960039 0.960039 0.888638
0.89655 0.960155 0.960155 0.888747
0.896678 0.960272 0.960272 0.888857
0.896806 0.960388 0.960388 0.888966
0.896935 0.960506 0.960506 0.889077
0.897063 0.960622 0.960622 0.889186
0.897192 0.96074 0.96074 0.889297
0.897321 0.960857 0.960857 0.889407
0.897448 0.960973 0.960973 0.889517
0.897577 0.96109 0.96109 0.889627
0.897706 0.961208 0.961208 0.889738
0.897835 0.961325 0.961325 0.889849
0.897963 0.961442 0.961442 0.88996
0.898092 0.961559 0.961559 0.890071
0.89822 0.961676 0.961676 0.890181
0.898349 0.961793 0.961793 0.890292
0.898478 0.961911 0.961911 0.890404
0.898606 0.962028 0.962028 0.890515
0.898735 0.962146 0.962146 0.890627
0.898864 0.962263 0.962263 0.890738
0.898993 0.962381 0.962381 0.890851
0.899121 0.962498 0.962498 0.890962
0.89925 0.962616 0.962616 0.891074
0.899379 0.962733 0.962733 0.891186
0.899507 0.96285 0.96285 0.891298
0.899636 0.962968 0.962968 0.89141
0.899765 0.963085 0.963085 0.891523
0.899893 0.963203 0.963203 0.891635
0.900022 0.963321 0.963321 0.891748
0.900151 0.963438 0.963438 0.89186
0.90028 0.963557 0.963557 0.891974
0.900409 0.963674 0.963674 0.892087
0.900537 0.963791 0.963791 0.892199
0.900666 0.963909 0.963909 0.892312
0.900795 0.964027 0.964027 0.892426
0.900924 0.964144 0.964144 0.892539
0.901053 0.964263 0.964263 0.892653
0.901181 0.96438 0.96438 0.892766
0.90131 0.964498 0.964498 0.892879
0.901439 0.964616 0.964616 0.892994
0.901568 0.964734 0.964734 0.893108
0.901697 0.964852 0.964852 0.893222
0.901825 0.964969 0.964969 0.893335
0.901954 0.965087 0.965087 0.893449
0.902083 0.965205 0.965205 0.893564
0.902212 0.965323 0.965323 0.893678
0.902341 0.965442 0.965442 0.893793
0.90247 0.96556 0.96556 0.893908
0.902598 0.965678 0.965678 0.894022
0.902727 0.965795 0.965795 0.894137
0.902857 0.965914 0.965914 0.894252
0.902985 0.966032 0.966032 0.894367
0.903114 0.96615 0.96615 0.894483
0.903243 0.966268 0.966268 0.894597
0.903372 0.966387 0.966387 0.894713
0.9035 0.966504 0.966504 0.894828
0.903629 0.966623 0.966623 0.894944
0.903758 0.966741 0.966741 0.895059
0.903886 0.966859 0.966859 0.895174
0.904015 0.966977 0.966977 0.89529
0.904144 0.967095 0.967095 0.895406
0.904273 0.967214 0.967214 0.895522
0.904402 0.967332 0.967332 0.895638
0.904531 0.96745 0.96745 0.895755
0.904659 0.967568 0.967568 0.895871
0.904788 0.967686 0.967686 0.895987
0.904917 0.967805 0.967805 0.896103
0.905046 0.967924 0.967924 0.896221
0.905175 0.968042 0.968042 0.896337
0.905303 0.96816 0.96816 0.896454
0.905432 0.968279 0.968279 0.896571
0.905561 0.968397 0.968397 0.896688
0.90569 0.968515 0.968515 0.896805
0.905818 0.968633 0.968633 0.896922
0.905947 0.968752 0.968752 0.89704
0.906075 0.96887 0.96887 0.897156
0.906204 0.968989 0.968989 0.897274
0.906333 0.969107 0.969107 0.897392
0.906461 0.969225 0.969225 0.897509
0.90659 0.969344 0.969344 0.897626
0.906719 0.969462 0.969462 0.897744
0.906847 0.969581 0.969581 0.897862
0.906976 0.969699 0.969699 0.89798
0.907105 0.969818 0.969818 0.898098
0.907233 0.969936 0.969936 0.898217
0.907362 0.970055 0.970055 0.898335
0.90749 0.970173 0.970173 0.898453
0.907618 0.970291 0.970291 0.898571
0.907747 0.97041 0.97041 0.898689
0.907875 0.970528 0.970528 0.898808
0.908004 0.970647 0.970647 0.898927
0.908132 0.970765 0.970765 0.899046
0.908261 0.970883 0.970883 0.899164
0.90839 0.971002 0.971002 0.899284
0.908518 0.97112 0.97112 0.899402
0.908647 0.971239 0.971239 0.899522
0.908774 0.971357 0.971357 0.899641
0.908903 0.971476 0.971476 0.89976
0.909031 0.971594 0.971594 0.899879
0.90916 0.971713 0.971713 0.899999
0.909287 0.971831 0.971831 0.900118
0.909416 0.97195 0.97195 0.900238
0.909545 0.972068 0.972068 0.900357
0.909673 0.972187 0.972187 0.900477
0.9098 0.972305 0.972305 0.900596
0.909929 0.972423 0.972423 0.900716
0.910057 0.972542 0.972542 0.900837
0.910185 0.972661 0.972661 0.900957
0.910314 0.972779 0.972779 0.901077
0.910442 0.972898 0.972898 0.901197
0.91057 0.973016 0.973016 0.901317
0.910698 0.973134 0.973134 0.901438
0.910826 0.973253 0.973253 0.901558
0.910954 0.973371 0.973371 0.901679
0.911081 0.973489 0.973489 0.901799
0.911209 0.973608 0.973608 0.90192
0.911337 0.973726 0.973726 0.90204
0.911466 0.973845 0.973845 0.902162
0.911593 0.973963 0.973963 0.902282
0.911721 0.974081 0.974081 0.902403
0.911848 0.9742 0.9742 0.902524
0.911977 0.974319 0.974319 0.902645
0.912104 0.974437 0.974437 0.902766
0.912233 0.974555 0.974555 0.902888
0.91236 0.974673 0.974673 0.903009
0.912487 0.974791 0.974791 0.90313
0.912615 0.97491 0.97491 0.903252
0.912742 0.975028 0.975028 0.903373
0.91287 0.975147 0.975147 0.903495
0.912997 0.975264 0.975264 0.903616
0.913125 0.975383 0.975383 0.903739
0.913253 0.975502 0.975502 0.903861
0.91338 0.975619 0.975619 0.903982
0.913508 0.975738 0.975738 0.904104
0.913636 0.975857 0.975857 0.904227
0.913762 0.975974 0.975974 0.904348
0.91389 0.976093 0.976093 0.904471
0.914017 0.976211 0.976211 0.904593
0.914145 0.976329 0.976329 0.904716
0.914271 0.976447 0.976447 0.904837
0.914399 0.976565 0.976565 0.90496
0.914526 0.976683 0.976683 0.905082
0.914653 0.976802 0.976802 0.905205
0.91478 0.97692 0.97692 0.905328
0.914907 0.977038 0.977038 0.905451
0.915035 0.977156 0.977156 0.905574
0.915162 0.977274 0.977274 0.905696
0.915289 0.977392 0.977392 0.905819
0.915416 0.977511 0.977511 0.905942
0.915542 0.977628 0.977628 0.906065
0.915669 0.977746 0.977746 0.906188
0.915796 0.977864 0.977864 0.906312
0.915923 0.977982 0.977982 0.906435
0.916049 0.9781 0.9781 0.906558
0.916176 0.978218 0.978218 0.906681
0.916302 0.978336 0.978336 0.906804
0.916429 0.978453 0.978453 0.906928
0.916555 0.978571 0.978571 0.907051
0.916683 0.97869 0.97869 0.907175
0.916809 0.978807 0.978807 0.907299
0.916935 0.978925 0.978925 0.907423
0.917061 0.979043 0.979043 0.907546
0.917187 0.97916 0.97916 0.90767
0.917314 0.979279 0.979279 0.907794
0.917441 0.979396 0.979396 0.907918
0.917567 0.979514 0.979514 0.908042
0.917692 0.979631 0.979631 0.908165
0.917819 0.979749 0.979749 0.90829
0.917945 0.979867 0.979867 0.908414
0.918071 0.979984 0.979984 0.908538
0.918197 0.980102 0.980102 0.908663
0.918323 0.980219 0.980219 0.908787
0.918449 0.980337 0.980337 0.908911
0.918575 0.980455 0.980455 0.909036
0.9187 0.980572 0.980572 0.90916
0.918826 0.980689 0.980689 0.909284
0.918952 0.980807 0.980807 0.90941
0.919077 0.980924 0.980924 0.909534
0.919204 0.981042 0.981042 0.909659
0.919329 0.981159 0.981159 0.909783
0.919454 0.981276 0.981276 0.909908
0.91958 0.981393 0.981393 0.910033
0.919705 0.98151 0.98151 0.910158
0.919831 0.981628 0.981628 0.910283
0.919956 0.981745 0.981745 0.910408
0.920082 0.981862 0.981862 0.910533
0.920207 0.981979 0.981979 0.910658
0.920332 0.982097 0.982097 0.910784
0.920457 0.982213 0.982213 0.910908
0.920582 0.982331 0.982331 0.911034
0.920707 0.982447 0.982447 0.911159
0.920832 0.982565 0.982565 0.911285
0.920957 0.982681 0.982681 0.91141
0.921082 0.982799 0.982799 0.911536
0.921207 0.982915 0.982915 0.911661
0.921332 0.983033 0.983033 0.911787
0.921456 0.983149 0.983149 0.911912
0.921581 0.983266 0.983266 0.912038
0.921705 0.983382 0.983382 0.912163
0.92183 0.9835 0.9835 0.912289
0.921954 0.983616 0.983616 0.912414
0.921954 0.983616 0.983616 0.912414
0.921954 0.983616 0.983616 0.912414
0.921954 0.983616 0.983616 0.912414
0.921954 0.983616 0.983616 0.912414
0.921954 0.983616 0.983616 0.912414
0.921954 0.983616 0.983616 0.912414
0.921954 0.983616 0.983616 0.912414
0.921954 0.983616 0.983616 0.912414
0.921954 0.983616 0.983616 0.912414
0.921954 0.983616 0.983616 0.912414
0.921954 0.983616 0.983616 0.912414
0.921954 0.983616 0.983616 0.912414
0.921954 0.983616 0.983616 0.912414
0.921954 0.983616 0.983616 0.912414
0.921954 0.983616 0.983616 0.912414
0.921954 0.983616 0.983616 0.912414
0.921954 0.983616 0.983616 0.912414
0.921954 0.983616 0.983616 0.912414
0.921954 0.983616 0.983616 0.912414
0.921954 0.983616 0.983616 0.912414
0.921954 0.983616 0.983616 0.912414
0.921954 0.983616 0.983616 0.912414
0.921954 0.983616 0.983616 0.912414
0.921954 0.983616 0.983616 0.912414
0.921954 0.983616 0.983616 0.912414
0.921954 0.983616 0.983616 0.912414
0.921954 0.983616 0.983616 0.912414
0.921954 0.983616 0.983616 0.912414
0.921954 0.983616 0.983616 0.912414
0.921954 0.983616 0.983616 0.912414
0.921954 0.983616 0.983616 0.912414
0.921954 0.983616 0.983616 0.912414
0.921954 0.983616 0.983616 0.912414
0.921954 0.983616 0.983616 0.912414
0.921954 0.983616 0.983616 0.912414
0.921954 0.983616 0.983616 0.912414
0.921954 0.983616 0.983616 0.912414
0.921954 0.983616 0.983616 0.912414
0.921954 0.983616 0.983616 0.912414
0.921954 0.983616 0.983616 0.912414
0.921954 0.983616 0.983616 0.912414
0.921954 0.983616 0.983616 0.912414
0.921954 0.983616 0.983616 0.912414
0.921954 0.983616 0.983616 0.912414
0.921954 0.983616 0.983616 0.912414
0.921954 0.983616 0.983616 0.912414
0.921954 0.983616 0.983616 0.912414
0.921954 0.983616 0.983616 0.912414
0.921954 0.983616 0.983616 0.912414
0.921954 0.983616 0.983616 0.912414
0.921954 0.983616 0.983616 0.912414
0.921954 0.983616 0.983616 0.912414
0.921954 0.983616 0.983616 0.912414
0.921954 0.983616 0.983616 0.912414
0.921954 0.983616 0.983616 0.912414
0.921954 0.983616 0.983616 0.912414
0.921954 0.983616 0.983616 0.912414
0.921954 0.983616 0.983616 0.912414
0.921954 0.983616 0.983616 0.912414
0.921954 0.983616 0.983616 0.912414
0.921954 0.983616 0.983616 0.912414
0.921954 0.983616 0.983616 0.912414
0.921954 0.983616 0.983616 0.912414
0.921954 0.983616 0.983616 0.912414
0.921954 0.983616 0.983616 0.912414
0.921954 0.983616 0.983616 0.912414
0.921954 0.983616 0.983616 0.912414
0.921954 0.983616 0.983616 0.912414
0.921954 0.983616 0.983616 0.912414
0.921954 0.983616 0.983616 0.912414
0.921954 0.983616 0.983616 0.912414
0.921954 0.983616 0.983616 0.912414
0.921954 0.983616 0.983616 0.912414
0.921954 0.983616 0.983616 0.912414
0.921954 0.983616 0.983616 0.912414
0.921954 0.983616 0.983616 0.912414
0.921954 0.983616 0.983616 0.912414
0.921954 0.983616 0.983616 0.912414
0.921954 0.983616 0.983616 0.912414
0.921954 0.983616 0.983616 0.912414
0.921954 0.983616 0.983616 0.912414
0.921954 0.983616 0.983616 0.912414
0.921954 0.983616 0.983616 0.912414
0.921954 0.983616 0.983616 0.912414
0.921954 0.983616 0.983616 0.912414
0.921954 0.983616 0.983616 0.912414
0.921954 0.983616 0.983616 0.912414
0.921954 0.983616 0.983616 0.912414
0.921954 0.983616 0.983616 0.912414
0.921954 0.983616 0.983616 0.912414
0.921954 0.983616 0.983616 0.912414
0.921954 0.983616 0.983616 0.912414
0.921954 0.983616 0.983616 0.912414
0.921954 0.983616 0.983616 0.912414
0.921954 0.983616 0.983616 0.912414
0.921954 0.983616 0.983616 0.912414
0.921954 0.983616 0.983616 0.912414
0.921954 0.983616 0.983616 0.912414
0.921954 0.983616 0.983616 0.912414
0.921954 0.983616 0.983616 0.912414
0.921954 0.983616 0.983616 0.912414
0.921954 0.983616 0.983616 0.912414
0.921954 0.983616 0.983616 0.912414
0.921954 0.983616 0.983616 0.912414
0.921954 0.983616 0.983616 0.912414
0.921954 0.983616 0.983616 0.912414
0.921954 0.983616 0.983616 0.912414
0.921954 0.983616 0.983616 0.912414
0.921954 0.983616 0.983616 0.912414
0.921954 0.983616 0.983616 0.912414
0.921954 0.983616 0.983616 0.912414
0.921954 0.983616 0.983616 0.912414
0.921954 0.983616 0.983616 0.912414
0.921954 0.983616 0.983616 0.912414
0.921954 0.983616 0.983616 0.912414
0.921954 0.983616 0.983616 0.912414
0.921954 0.983616 0.983616 0.912414
0.921954 0.983616 0.983616 0.912414
0.921954 0.983616 0.983616 0.912414
0.921954 0.983616 0.983616 0.912414
0.921954 0.983616 0.983616 0.912414
0.921954 0.983616 0.983616 0.912414
0.921954 0.983616 0.983616 0.912414
0.921954 0.983616 0.983616 0.912414
0.921954 0.983616 0.983616 0.912414
0.921954 0.983616 0.983616 0.912414
0.921954 0.983616 0.983616 0.912414
0.921954 0.983616 0.983616 0.912414
0.921954 0.983616 0.983616 0.912414
0.921954 0.983616 0.983616 0.912414
0.921954 0.983616 0.983616 0.912414
0.921954 0.983616 0.983616 0.912414
0.921954 0.983616 0.983616 0.912414
0.921954 0.983616 0.983616 0.912414
0.921954 0.983616 0.983616 0.912414
0.921954 0.983616 0.983616 0.912414
0.921954 0.983616 0.983616 0.912414
0.921954 0.983616 0.983616 0.912414
0.921954 0.983616 0.983616 0.912414
0.921954 0.983616 0.983616 0.912414
0.921954 0.983616 0.983616 0.912414
0.921954 0.983616 0.983616 0.912414
0.921954 0.983616 0.983616 0.912414
0.921954 0.983616 0.983616 0.912414
0.921954 0.983616 0.983616 0.912414
0.921954 0.983616 0.983616 0.912414
0.921954 0.983616 0.983616 0.912414
0.921954 0.983616 0.983616 0.912414
0.921954 0.983616 0.983616 0.912414
0.921954 0.983616 0.983616 0.912414
0.921954 0.983616 0.983616 0.912414
