0 0 0 0
0 0 0 0
0 0 0 0
0 0 0 0
0 0 0 0
0 0 0 0
0 0 0 0
0 0 0 0
0 0 0 0
0 0 0 0
0 0 0 0
0 0 0 0
0 0 0 0
0 0 0 0
0 0 0 0
0 0 0 0
0 0 0 0
0 0 0 0
0 0 0 0
0 0 0 0
0 0 0 0
0 0 0 0
0 0 0 0
0 0 0 0
0 0 0 0
0 0 0 0
0 0 0 0
0 0 0 0
0 0 0 0
0 0 0 0
0 0 0 0
0 0 0 0
0 0 0 0
0 0 0 0
0 0 0 0
0 0 0 0
0 0 0 0
0 0 0 0
0 0 0 0
0 0 0 0
0 0 0 0
0 0 0 0
0 0 0 0
0 0 0 0
0 0 0 0
0 0 0 0
0 0 0 0
0 0 0 0
0 0 0 0
0 0 0 0
0 0 0 0
0 0 0 0
0 0 0 0
0 0 0 0
0 0 0 0
0 0 0 0
0 0 0 0
0 0 0 0
0 0 0 0
0 0 0 0
0 0 0 0
0 0 0 0
0 0 0 0
0 0 0 0
0 0 0 0
0 0 0 0
0 0 0 0
0 0 0 0
0 0 0 0
0 0 0 0
0 0 0 0
0 0 0 0
0 0 0 0
0 0 0 0
0 0 0 0
0 0 0 0
0 0 0 0
0 0 0 0
0 0 0 0
0 0 0 0
0 0 0 0
0 0 0 0
0 0 0 0
0 0 0 0
0 0 0 0
0 0 0 0
0 0 0 0
0 0 0 0
0 0 0 0
0 0 0 0
0 0 0 0
0 0 0 0
0 0 0 0
0 0 0 0
0 0 0 0
0 0 0 0
0 0 0 0
0 0 0 0
0 0 0 0
0 0 0 0
0 0 0 0
0 0 0 0
0 0 0 0
0 0 0 0
0 0 0 0
0 0 0 0
0 0 0 0
0 0 0 0
0 0 0 0
0 0 0 0
0 0 0 0
0 0 0 0
0 0 0 0
0 0 0 0
0 0 0 0
0 0 0 0
0 0 0 0
0 0 0 0
0 0 0 0
0 0 0 0
0 0 0 0
0 0 0 0
0 0 0 0
0 0 0 0
0 0 0 0
0 0 0 0
0 0 0 0
0 0 0 0
0 0 0 0
0 0 0 0
0 0 0 0
0 0 0 0
0 0 0 0
0 0 0 0
0 0 0 0
0 0 0 0
0 0 0 0
0 0 0 0
0 0 0 0
0 0 0 0
0 0 0 0
0 0 0 0
0 0 0 0
0 0 0 0
0 0 0 0
0 0 0 0
0 0 0 0
0 0 0 0
0 0 0 0
0 0 0 0
0 0 0 0
0 0 0 0
0 0 0 0
0 0 0 0
0 0 0 0
0 0 0 0
0 0 0 0
0 0 0 0
0 0 0 0
0 0 0 0
0 0 0 0
0 0 0 0
0 0 0 0
0 0 0 0
0 0 0 0
0 0 0 0
0 0 0 0
0 0 0 0
0 0 0 0
0 0 0 0
0 0 0 0
0 0 0 0
0 0 0 0
0 0 0 0
0 0 0 0
0 0 0 0
0 0 0 0
0 0 0 0
0 0 0 0
0 0 0 0
0 0 0 0
0 0 0 0
0 0 0 0
0 0 0 0
0 0 0 0
0 0 0 0
0 0 0 0
0 0 0 0
0 0 0 0
0 0 0 0
0 0 0 0
0 0 0 0
0 0 0 0
0 0 0 0
0 0 0 0
0 0 0 0
0 0 0 0
0 0 0 0
0 0 0 0
0 0 0 0
0 0 0 0
0 0 0 -0.00075
0 0 0 -0.0015
0 0 0 -0.00225
0 0 0 -0.003
0 0 0 -0.00375
0 0 0 -0.0045
0 0 0 -0.00525
0 0 0 -0.006
0 0 0 -0.00675
0 0 0 -0.0075
0 0 0 -0.00825
0 0 0 -0.009
0 0 0 -0.00975
0 0 0 -0.0105
0 0 0 -0.01125
0 0 0 -0.012
0 0 0 -0.01275
0 0 0 -0.0135
0 0 0 -0.01425
0 0 0 -0.015
0 0 0 -0.01575
0 0 0 -0.0165
0 0 0 -0.01725
0 0 0 -0.018
0 0 0 -0.01875
0 0 0 -0.0195
0 0 0 -0.02025
0 0 0 -0.021
0 0 0 -0.02175
0 0 0 -0.0225
0 0 0 -0.02325
0 0 0 -0.024
0 0 0 -0.02475
0 0 0 -0.0255
0 0 0 -0.02625
0 0 0 -0.027
0 0 0 -0.02775
0 0 0 -0.0285
0 0 0 -0.02925
0 0 0 -0.03
0 0 0 -0.03075
0 0 0 -0.0315
0 0 0 -0.03225
0 0 0 -0.033
0 0 0 -0.03375
0 0 0 -0.0345
0 0 0 -0.03525
0 0 0 -0.036
0 0 0 -0.03675
0 0 0 -0.0375
0 0 0 -0.03825
0 0 0 -0.039
0 0 0 -0.03975
0 0 0 -0.0405
0 0 0 -0.04125
0 0 0 -0.042
0 0 0 -0.04275
0 0 0 -0.0435
0 0 0 -0.04425
0 0 0 -0.045
0 0 0 -0.04575
0 0 0 -0.0465
0 0 0 -0.04725
0 0 0 -0.048
0 0 0 -0.04875
0 0 0 -0.0495
0 0 0 -0.05025
0 0 0 -0.051
0 0 0 -0.05175
0 0 0 -0.0525
0 0 0 -0.05325
0 0 0 -0.054
0 0 0 -0.05475
0 0 0 -0.0555
0 0 0 -0.05625
0 0 0 -0.057
0 0 0 -0.05775
0 0 0 -0.0585
0 0 0 -0.05925
0 0 0 -0.06
0 0 0 -0.06075
0 0 0 -0.0615
0 0 0 -0.06225
0 0 0 -0.063
0 0 0 -0.06375
0 0 0 -0.0645
0 0 0 -0.06525
0 0 0 -0.066
0 0 0 -0.06675
0 0 0 -0.0675
0 0 0 -0.06825
0 0 0 -0.069
0 0 0 -0.06975
0 0 0 -0.0705
0 0 0 -0.07125
0 0 0 -0.072
0 0 0 -0.07275
0 0 0 -0.0735
0 0 0 -0.07425
0 0 0 -0.075
0 0 0 -0.07575
0 0 0 -0.0765
0 0 0 -0.07725
0 0 0 -0.078
0 0 0 -0.07875
0 0 0 -0.0795
0 0 0 -0.08025
0 0 0 -0.081
0 0 0 -0.08175
0 0 0 -0.0825
0 0 0 -0.08325
0 0 0 -0.084
0 0 0 -0.08475
0 0 0 -0.0855
0 0 0 -0.08625
0 0 0 -0.087
0 0 0 -0.08775
0 0 0 -0.0885
0 0 0 -0.08925
0 0 0 -0.09
0 0 0 -0.09075
0 0 0 -0.0915
0 0 0 -0.09225
0 0 0 -0.093
0 0 0 -0.09375
0 0 0 -0.0945
0 0 0 -0.09525
0 0 0 -0.096
0 0 0 -0.09675
0 0 0 -0.0975
0 0 0 -0.09825
0 0 0 -0.099
0 0 0 -0.09975
0 0 0 -0.1005
0 0 0 -0.10125
0 0 0 -0.102
0 0 0 -0.10275
0 0 0 -0.1035
0 0 0 -0.10425
0 0 0 -0.105
0 0 0 -0.10575
0 0 0 -0.1065
0 0 0 -0.10725
0 0 0 -0.108
0 0 0 -0.10875
0 0 0 -0.1095
0 0 0 -0.11025
0 0 0 -0.111
0 0 0 -0.11175
0 0 0 -0.1125
0 0 0 -0.11325
0 0 0 -0.114
0 0 0 -0.11475
0 0 0 -0.1155
0 0 0 -0.11625
0 0 0 -0.117
0 0 0 -0.11775
0 0 0 -0.1185
0 0 0 -0.11925
0 0 0 -0.12
0 0 0 -0.12075
0 0 0 -0.1215
0 0 0 -0.12225
0 0 0 -0.123
0 0 0 -0.12375
0 0 0 -0.1245
0 0 0 -0.12525
0 0 0 -0.126
0 0 0 -0.12675
0 0 0 -0.1275
0 0 0 -0.12825
0 0 0 -0.129
0 0 0 -0.12975
0 0 0 -0.1305
0 0 0 -0.13125
0 0 0 -0.132
0 0 0 -0.13275
0 0 0 -0.1335
0 0 0 -0.13425
0 0 0 -0.135
0 0 0 -0.13575
0 0 0 -0.1365
0 0 0 -0.13725
0 0 0 -0.138
0 0 0 -0.13875
0 0 0 -0.1395
0 0 0 -0.14025
0 0 0 -0.141
0 0 0 -0.14175
0 0 0 -0.1425
0 0 0 -0.14325
0 0 0 -0.144
0 0 0 -0.14475
0 0 0 -0.1455
0 0 0 -0.14625
0 0 0 -0.147
0 0 0 -0.14775
0 0 0 -0.1485
0 0 0 -0.14925
0 0 0 -0.15
0 0 0 -0.15
0 0 0 -0.15
0 0 0 -0.15
0 0 0 -0.15
0 0 0 -0.15
0 0 0 -0.15
0 0 0 -0.15
0 0 0 -0.15
0 0 0 -0.15
0 0 0 -0.15
0 0 0 -0.15
0 0 0 -0.15
0 0 0 -0.15
0 0 0 -0.15
0 0 0 -0.15
0 0 0 -0.15
0 0 0 -0.15
0 0 0 -0.15
0 0 0 -0.15
0 0 0 -0.15
0 0 0 -0.15
0 0 0 -0.15
0 0 0 -0.15
0 0 0 -0.15
0 0 0 -0.15
0 0 0 -0.15
0 0 0 -0.15
0 0 0 -0.15
0 0 0 -0.15
0 0 0 -0.15
0 0 0 -0.15
0 0 0 -0.15
0 0 0 -0.15
0 0 0 -0.15
0 0 0 -0.15
0 0 0 -0.15
0 0 0 -0.15
0 0 0 -0.15
0 0 0 -0.15
0 0 0 -0.15
0 0 0 -0.15
0 0 0 -0.15
0 0 0 -0.15
0 0 0 -0.15
0 0 0 -0.15
0 0 0 -0.15
0 0 0 -0.15
0 0 0 -0.15
0 0 0 -0.15
0 0 0 -0.15
0 0 0 -0.15
0 0 0 -0.15
0 0 0 -0.15
0 0 0 -0.15
0 0 0 -0.15
0 0 0 -0.15
0 0 0 -0.15
0 0 0 -0.15
0 0 0 -0.15
0 0 0 -0.15
0 0 0 -0.15
0 0 0 -0.15
0 0 0 -0.15
0 0 0 -0.15
0 0 0 -0.15
0 0 0 -0.15
0 0 0 -0.15
0 0 0 -0.15
0 0 0 -0.15
0 0 0 -0.15
0 0 0 -0.15
0 0 0 -0.15
0 0 0 -0.15
0 0 0 -0.15
0 0 0 -0.15
0 0 0 -0.15
0 0 0 -0.15
0 0 0 -0.15
0 0 0 -0.15
0 0 0 -0.15
0 0 0 -0.15
0 0 0 -0.15
0 0 0 -0.15
0 0 0 -0.15
0 0 0 -0.15
0 0 0 -0.15
0 0 0 -0.15
0 0 0 -0.15
0 0 0 -0.15
0 0 0 -0.15
0 0 0 -0.15
0 0 0 -0.15
0 0 0 -0.15
0 0 0 -0.15
0 0 0 -0.15
0 0 0 -0.15
0 0 0 -0.15
0 0 0 -0.15
0 0 0 -0.15
0 0 0 -0.15
0 0 0 -0.15
0 0 0 -0.15
0 0 0 -0.15
0 0 0 -0.15
0 0 0 -0.15
0 0 0 -0.15
0 0 0 -0.15
0 0 0 -0.15
0 0 0 -0.15
0 0 0 -0.15
0 0 0 -0.15
0 0 0 -0.15
0 0 0 -0.15
0 0 0 -0.15
0 0 0 -0.15
0 0 0 -0.15
0 0 0 -0.15
0 0 0 -0.15
0 0 0 -0.15
0 0 0 -0.15
0 0 0 -0.15
0 0 0 -0.15
0 0 0 -0.15
0 0 0 -0.15
0 0 0 -0.15
0 0 0 -0.15
0 0 0 -0.15
0 0 0 -0.15
0 0 0 -0.15
0 0 0 -0.15
0 0 0 -0.15
0 0 0 -0.15
0 0 0 -0.15
0 0 0 -0.15
0 0 0 -0.15
0 0 0 -0.15
0 0 0 -0.15
0 0 0 -0.15
0 0 0 -0.15
0 0 0 -0.15
0 0 0 -0.15
0 0 0 -0.15
0 0 0 -0.15
0 0 0 -0.15
0 0 0 -0.15
0 0 0 -0.15
0 0 0 -0.15
0 0 0 -0.15
0 0 0 -0.15
0 0 0 -0.15
0 0 0 -0.15
0 0 0 -0.15
0 0 0 -0.15
0 0 0 -0.15
0 0 0 -0.15
0 0 0 -0.15
0 0 0 -0.15
0 0 0 -0.15
0 0 0 -0.15
0 0 0 -0.15
0 0 0 -0.15
0 0 0 -0.15
0 0 0 -0.15
0 0 0 -0.15
0 0 0 -0.15
0 0 0 -0.15
0 0 0 -0.15
0 0 0 -0.15
0 0 0 -0.15
0 0 0 -0.15
0 0 0 -0.15
0 0 0 -0.15
0 0 0 -0.15
0 0 0 -0.15
0 0 0 -0.15
0 0 0 -0.15
0 0 0 -0.15
0 0 0 -0.15
0 0 0 -0.15
0 0 0 -0.15
0 0 0 -0.15
0 0 0 -0.15
0 0 0 -0.15
0 0 0 -0.15
0 0 0 -0.15
0 0 0 -0.15
0 0 0 -0.15
0 0 0 -0.15
0 0 0 -0.15
0 0 0 -0.15
0 0 0 -0.15
0 0 0 -0.15
0 0 0 -0.15
0 0 0 -0.15
0 0 0 -0.15
0 0 0 -0.15
0 0 0 -0.15
0 0 0 -0.15
0 0 0 -0.15
0 0 0 -0.15
0 0 0 -0.15
0 0 0 -0.15
0 0 0 -0.15
0 0 0 -0.15
0 0 0 -0.15
0 0 0 -0.15
0 0 0 -0.15
0 0 0 -0.15
0 0 0 -0.15
0 0 0 -0.15
0 0 0 -0.15
0 0 0 -0.15
0 0 0 -0.15
0 0 0 -0.15
0 0 0 -0.15
0 0 0 -0.15
0 0 0 -0.15
0 0 0 -0.15
0 0 0 -0.15
0 0 0 -0.15
0 0 0 -0.15
0 0 0 -0.15
0 0 0 -0.15
0 0 0 -0.15
0 0 0 -0.15
0 0 0 -0.15
0 0 0 -0.15
0 0 0 -0.15
0 0 0 -0.15
0 0 0 -0.15
0 0 0 -0.15
0 0 0 -0.15
0 0 0 -0.15
0 0 0 -0.15
0 0 0 -0.15
0 0 0 -0.15
0 0 0 -0.15
0 0 0 -0.15
0 0 0 -0.15
0 0 0 -0.15
0 0 0 -0.15
0 0 0 -0.15
0 0 0 -0.15
0 0 0 -0.15
0 0 0 -0.15
0 0 0 -0.15
0 0 0 -0.15
0 0 0 -0.15
0 0 0 -0.15
0 0 0 -0.15
0 0 0 -0.15
0 0 0 -0.15
0 0 0 -0.15
0 0 0 -0.15
0 0 0 -0.15
0 0 0 -0.15
0 0 0 -0.15
0 0 0 -0.15
0 0 0 -0.15
0 0 0 -0.15
0 0 0 -0.15
0 0 0 -0.15
0 0 0 -0.15
0 0 0 -0.15
0 0 0 -0.15
0 0 0 -0.15
0 0 0 -0.15
0 0 0 -0.15
0 0 0 -0.15
0 0 0 -0.15
0 0 0 -0.15
0 0 0 -0.15
0 0 0 -0.15
0 0 0 -0.15
0 0 0 -0.15
0 0 0 -0.15
0 0 0 -0.15
0 0 0 -0.15
0 0 0 -0.15
0 0 0 -0.15
0 0 0 -0.15
0 0 0 -0.15
0 0 0 -0.15
0 0 0 -0.15
0 0 0 -0.15
0 0 0 -0.15
0 0 0 -0.15
0 0 0 -0.15
0 0 0 -0.15
0 0 0 -0.15
0 0 0 -0.15
0 0 0 -0.15
0 0 0 -0.15
0 0 0 -0.15
0 0 0 -0.15
0 0 0 -0.15
0 0 0 -0.15
0 0 0 -0.15
0 0 0 -0.15
0 0 0 -0.15
0 0 0 -0.15
0 0 0 -0.15
0 0 0 -0.15
0 0 0 -0.15
0 0 0 -0.15
0 0 0 -0.15
0 0 0 -0.15
0 0 0 -0.15
0 0 0 -0.15
0 0 0 -0.15
0 0 0 -0.15
0 0 0 -0.15
0 0 0 -0.15
0 0 0 -0.15
0 0 0 -0.15
0 0 0 -0.15
0 0 0 -0.15
0 0 0 -0.15
0 0 0 -0.15
0 0 0 -0.15
0 0 0 -0.15
0 0 0 -0.15
0 0 0 -0.15
0 0 0 -0.15
0 0 0 -0.15
0 0 0 -0.15
0 0 0 -0.15
0 0 0 -0.15
0 0 0 -0.15
0 0 0 -0.15
0 0 0 -0.15
0 0 0 -0.15
0 0 0 -0.15
0 0 0 -0.15
0 0 0 -0.15
0 0 0 -0.15
0 0 0 -0.15
0 0 0 -0.15
0 0 0 -0.15
0 0 0 -0.15
0 0 0 -0.15
0 0 0 -0.15
0 0 0 -0.15
0 0 0 -0.15
0 0 0 -0.15
0 0 0 -0.15
0 0 0 -0.15
0 0 0 -0.15
0 0 0 -0.15
0 0 0 -0.15
0 0 0 -0.15
0 0 0 -0.15
0 0 0 -0.15
0 0 0 -0.15
0 0 0 -0.15
0 0 0 -0.15
0 0 0 -0.15
0 0 0 -0.15
0 0 0 -0.15
0 0 0 -0.15
0 0 0 -0.15
0 0 0 -0.15
0 0 0 -0.15
0 0 0 -0.15
0 0 0 -0.15
0 0 0 -0.15
0 0 0 -0.15
0 0 0 -0.15
0 0 0 -0.15
0 0 0 -0.15
0 0 0 -0.15
0 0 0 -0.15
0 0 0 -0.15
0 0 0 -0.15
0 0 0 -0.15
0 0 0 -0.15
0 0 0 -0.15
0 0 0 -0.15
0 0 0 -0.15
0 0 0 -0.15
0 0 0 -0.15
0 0 0 -0.15
0 0 0 -0.15
0 0 0 -0.15
0 0 0 -0.15
0 0 0 -0.15
0 0 0 -0.15
0 0 0 -0.15
0 0 0 -0.15
0 0 0 -0.15
0 0 0 -0.15
0 0 0 -0.15
0 0 0 -0.15
0 0 0 -0.15
0 0 0 -0.15
0 0 0 -0.15
0 0 0 -0.15
0 0 0 -0.15
0 0 0 -0.15
0 0 0 -0.15
0 0 0 -0.15
0 0 0 -0.14925
0 0 0 -0.1485
0 0 0 -0.14775
0 0 0 -0.147
0 0 0 -0.14625
0 0 0 -0.1455
0 0 0 -0.14475
0 0 0 -0.144
0 0 0 -0.14325
0 0 0 -0.1425
0 0 0 -0.14175
0 0 0 -0.141
0 0 0 -0.14025
0 0 0 -0.1395
0 0 0 -0.13875
0 0 0 -0.138
0 0 0 -0.13725
0 0 0 -0.1365
0 0 0 -0.13575
0 0 0 -0.135
0 0 0 -0.13425
0 0 0 -0.1335
0 0 0 -0.13275
0 0 0 -0.132
0 0 0 -0.13125
0 0 0 -0.1305
0 0 0 -0.12975
0 0 0 -0.129
0 0 0 -0.12825
0 0 0 -0.1275
0 0 0 -0.12675
0 0 0 -0.126
0 0 0 -0.12525
0 0 0 -0.1245
0 0 0 -0.12375
0 0 0 -0.123
0 0 0 -0.12225
0 0 0 -0.1215
0 0 0 -0.12075
0 0 0 -0.12
0 0 0 -0.11925
0 0 0 -0.1185
0 0 0 -0.11775
0 0 0 -0.117
0 0 0 -0.11625
0 0 0 -0.1155
0 0 0 -0.11475
0 0 0 -0.114
0 0 0 -0.11325
0 0 0 -0.1125
0 0 0 -0.11175
0 0 0 -0.111
0 0 0 -0.11025
0 0 0 -0.1095
0 0 0 -0.10875
0 0 0 -0.108
0 0 0 -0.10725
0 0 0 -0.1065
0 0 0 -0.10575
0 0 0 -0.105
0 0 0 -0.10425
0 0 0 -0.1035
0 0 0 -0.10275
0 0 0 -0.102
0 0 0 -0.10125
0 0 0 -0.1005
0 0 0 -0.09975
0 0 0 -0.099
0 0 0 -0.09825
0 0 0 -0.0975
0 0 0 -0.09675
0 0 0 -0.096
0 0 0 -0.09525
0 0 0 -0.0945
0 0 0 -0.09375
0 0 0 -0.093
0 0 0 -0.09225
0 0 0 -0.0915
0 0 0 -0.09075
0 0 0 -0.09
0 0 0 -0.08925
0 0 0 -0.0885
0 0 0 -0.08775
0 0 0 -0.087
0 0 0 -0.08625
0 0 0 -0.0855
0 0 0 -0.08475
0 0 0 -0.084
0 0 0 -0.08325
0 0 0 -0.0825
0 0 0 -0.08175
0 0 0 -0.081
0 0 0 -0.08025
0 0 0 -0.0795
0 0 0 -0.07875
0 0 0 -0.078
0 0 0 -0.07725
0 0 0 -0.0765
0 0 0 -0.07575
0 0 0 -0.075
0 0 0 -0.07425
0 0 0 -0.0735
0 0 0 -0.07275
0 0 0 -0.072
0 0 0 -0.07125
0 0 0 -0.0705
0 0 0 -0.06975
0 0 0 -0.069
0 0 0 -0.06825
0 0 0 -0.0675
0 0 0 -0.06675
0 0 0 -0.066
0 0 0 -0.06525
0 0 0 -0.0645
0 0 0 -0.06375
0 0 0 -0.063
0 0 0 -0.06225
0 0 0 -0.0615
0 0 0 -0.06075
0 0 0 -0.06
0 0 0 -0.05925
0 0 0 -0.0585
0 0 0 -0.05775
0 0 0 -0.057
0 0 0 -0.05625
0 0 0 -0.0555
0 0 0 -0.05475
0 0 0 -0.054
0 0 0 -0.05325
0 0 0 -0.0525
0 0 0 -0.05175
0 0 0 -0.051
0 0 0 -0.05025
0 0 0 -0.0495
0 0 0 -0.04875
0 0 0 -0.048
0 0 0 -0.04725
0 0 0 -0.0465
0 0 0 -0.04575
0 0 0 -0.045
0 0 0 -0.04425
0 0 0 -0.0435
0 0 0 -0.04275
0 0 0 -0.042
0 0 0 -0.04125
0 0 0 -0.0405
0 0 0 -0.03975
0 0 0 -0.039
0 0 0 -0.03825
0 0 0 -0.0375
0 0 0 -0.03675
0 0 0 -0.036
0 0 0 -0.03525
0 0 0 -0.0345
0 0 0 -0.03375
0 0 0 -0.033
0 0 0 -0.03225
0 0 0 -0.0315
0 0 0 -0.03075
0 0 0 -0.03
0 0 0 -0.02925
0 0 0 -0.0285
0 0 0 -0.02775
0 0 0 -0.027
0 0 0 -0.02625
0 0 0 -0.0255
0 0 0 -0.02475
0 0 0 -0.024
0 0 0 -0.02325
0 0 0 -0.0225
0 0 0 -0.02175
0 0 0 -0.021
0 0 0 -0.02025
0 0 0 -0.0195
0 0 0 -0.01875
0 0 0 -0.018
0 0 0 -0.01725
0 0 0 -0.0165
0 0 0 -0.01575
0 0 0 -0.015
0 0 0 -0.01425
0 0 0 -0.0135
0 0 0 -0.01275
0 0 0 -0.012
0 0 0 -0.01125
0 0 0 -0.0105
0 0 0 -0.00975
0 0 0 -0.009
0 0 0 -0.00825
0 0 0 -0.0075
0 0 0 -0.00675
0 0 0 -0.006
0 0 0 -0.00525
0 0 0 -0.0045
0 0 0 -0.00375
0 0 0 -0.003
0 0 0 -0.00225
0 0 0 -0.0015
0 0 0 -0.00075
0 0 0 0
0 0 0 0
0 0 0 0
0 0 0 0
0 0 0 0
0 0 0 0
0 0 0 0
0 0 0 0
0 0 0 0
0 0 0 0
0 0 0 0
0 0 0 0
0 0 0 0
0 0 0 0
0 0 0 0
0 0 0 0
0 0 0 0
0 0 0 0
0 0 0 0
0 0 0 0
0 0 0 0
0 0 0 0
0 0 0 0
0 0 0 0
0 0 0 0
0 0 0 0
0 0 0 0
0 0 0 0
0 0 0 0
0 0 0 0
0 0 0 0
0 0 0 0
0 0 0 0
0 0 0 0
0 0 0 0
0 0 0 0
0 0 0 0
0 0 0 0
0 0 0 0
0 0 0 0
0 0 0 0
0 0 0 0
0 0 0 0
0 0 0 0
0 0 0 0
0 0 0 0
0 0 0 0
0 0 0 0
0 0 0 0
0 0 0 0
0 0 0 0
0 0 0 0
0 0 0 0
0 0 0 0
0 0 0 0
0 0 0 0
0 0 0 0
0 0 0 0
0 0 0 0
0 0 0 0
0 0 0 0
0 0 0 0
0 0 0 0
0 0 0 0
0 0 0 0
0 0 0 0
0 0 0 0
0 0 0 0
0 0 0 0
0 0 0 0
0 0 0 0
0 0 0 0
0 0 0 0
0 0 0 0
0 0 0 0
0 0 0 0
0 0 0 0
0 0 0 0
0 0 0 0
0 0 0 0
0 0 0 0
0 0 0 0
0 0 0 0
0 0 0 0
0 0 0 0
0 0 0 0
0 0 0 0
0 0 0 0
0 0 0 0
0 0 0 0
0 0 0 0
0 0 0 0
0 0 0 0
0 0 0 0
0 0 0 0
0 0 0 0
0 0 0 0
0 0 0 0
0 0 0 0
0 0 0 0
0 0 0 0
0 0 0 0
0 0 0 0
0 0 0 0
0 0 0 0
0 0 0 0
0 0 0 0
0 0 0 0
0 0 0 0
0 0 0 0
0 0 0 0
0 0 0 0
0 0 0 0
0 0 0 0
0 0 0 0
0 0 0 0
0 0 0 0
0 0 0 0
0 0 0 0
0 0 0 0
0 0 0 0
0 0 0 0
0 0 0 0
0 0 0 0
0 0 0 0
0 0 0 0
0 0 0 0
0 0 0 0
0 0 0 0
0 0 0 0
0 0 0 0
0 0 0 0
0 0 0 0
0 0 0 0
0 0 0 0
0 0 0 0
0 0 0 0
0 0 0 0
0 0 0 0
0 0 0 0
0 0 0 0
0 0 0 0
0 0 0 0
0 0 0 0
0 0 0 0
0 0 0 0
0 0 0 0
0 0 0 0
0 0 0 0
0 0 0 0
0 0 0 0
0 0 0 0
0 0 0 0
0 0 0 0
0 0 0 0
0 0 0 0
0 0 0 0
0 0 0 0
0 0 0 0
0 0 0 0
0 0 0 0
0 0 0 0
0 0 0 0
0 0 0 0
0 0 0 0
0 0 0 0
0 0 0 0
0 0 0 0
0 0 0 0
0 0 0 0
0 0 0 0
0 0 0 0
0 0 0 0
0 0 0 0
0 0 0 0
0 0 0 0
0 0 0 0
0 0 0 0
0 0 0 0
0 0 0 0
0 0 0 0
0 0 0 0
0 0 0 0
0 0 0 0
0 0 0 0
0 0 0 0
0 0 0 0
0 0 0 0
0 0 0 0
0 0 0 0
0 0 0 0
0 0 0 0
0 0 0 0
0 0 0 0
0 0 0 0
0 0 0 0
0 0 0 0
0 0 0 0
0 0 0 0
0 0 0 0
0 0 0 0
0 0 0 0
0 0 0 0
0 0 0 0
0 0 0 0
0 0 0 0
0 0 0 0
0 0 0 0
0 0 0 0
0 0 0 0
0 0 0 0
0 0 0 0
0 0 0 0
0 0 0 0
0 0 0 0
0 0 0 0
0 0 0 0
0 0 0 0
0 0 0 0
0 0 0 0
0 0 0 0
0 0 0 0
0 0 0 0
0 0 0 0
0 0 0 0
0 0 0 0
0 0 0 0
0 0 0 0
0 0 0 0
0 0 0 0
0 0 0 0
0 0 0 0
0 0 0 0
0 0 0 0
0 0 0 0
0 0 0 0
0 0 0 0
0 0 0 0
0 0 0 0
0 0 0 0
0 0 0 0
0 0 0 0
0 0 0 0
0 0 0 0
0 0 0 0
0 0 0 0
0 0 0 0
0 0 0 0
0 0 0 0
0 0 0 0
0 0 0 0
0 0 0 0
0 0 0 0
0 0 0 0
0 0 0 0
0 0 0 0
0 0 0 0
0 0 0 0
0 0 0 0
0 0 0 0
0 0 0 0
0 0 0 0
0 0 0 0
0 0 0 0
0 0 0 0
0 0 0 0
0 0 0 0
0 0 0 0
0 0 0 0
0 0 0 0
0 0 0 0
0 0 0 0
0 0 0 0
0 0 0 0
0 0 0 0
0 0 0 0
0 0 0 0
0 0 0 0
0 0 0 0
0 0 0 0
0 0 0 0
0 0 0 0
0 0 0 0
0 0 0 0
0 0 0 0
0 0 0 0
0 0 0 0
0 0 0 0
0 0 0 0
0 0 0 0
0 0 0 0
0 0 0 0
0 0 0 0
0 0 0 0
0 0 0 0
0 0 0 0
0 0 0 0
0 0 0 0
0 0 0 0
0 0 0 0
0 0 0 0
0 0 0 0
0 0 0 0
0 0 0 0
0 0 0 0
0 0 0 0
0 0 0 0
0 0 0 0
0 0 0 0
0 0 0 0
0 0 0 0
0 0 0 0
0 0 0 0
0 0 0 0
0 0 0 0
0 0 0 0
0 0 0 0
0 0 0 0
0 0 0 0
0 0 0 0
0 0 0 0
0 0 0 0
0 0 0 0
0 0 0 0
0 0 0 0
0 0 0 0
0 0 0 0
0 0 0 0
0 0 0 0
0 0 0 0
0 0 0 0
0 0 0 0
0 0 0 0
0 0 0 0
0 0 0 0
0 0 0 0
0 0 0 0
0 0 0 0
0 0 0 0
0 0 0 0
0 0 0 0
0 0 0 0
0 0 0 0
0 0 0 0
0 0 0 0
0 0 0 0
0 0 0 0
0 0 0 0
0 0 0 0
0 0 0 0
0 0 0 0
0 0 0 0
0 0 0 0
0 0 0 0
0 0 0 0
0 0 0 0
0 0 0 0
0 0 0 0
0 0 0 0
0 0 0 0
0 0 0 0
0 0 0 0
0 0 0 0
0 0 0 0
0 0 0 0
0 0 0 0
0 0 0 0
0 0 0 0
0 0 0 0
0 0 0 0
0 0 0 0
0 0 0 0
0 0 0 0
0 0 0 0
0 0 0 0
0 0 0 0
0 0 0 0
0 0 0 0
0 0 0 0
0 0 0 0
0 0 0 0
0 0 0 0
0 0 0 0
0 0 0 0
0 0 0 0
0 0 0 0
0 0 0 0
0 0 0 0
0 0 0 0
0 0 0 0
0 0 0 0
0 0 0 0
0 0 0 0
0 0 0 0
0 0 0 0
0 0 0 0
0 0 0 0
0 0 0 0
0 0 0 0
0 0 0 0
0 0 0 0
0 0 0 0
0 0 0 -0.00075
0 0 0 -0.0015
0 0 0 -0.00225
0 0 0 -0.003
0 0 0 -0.00375
0 0 0 -0.0045
0 0 0 -0.00525
0 0 0 -0.006
0 0 0 -0.00675
0 0 0 -0.0075
0 0 0 -0.00825
0 0 0 -0.009
0 0 0 -0.00975
0 0 0 -0.0105
0 0 0 -0.01125
0 0 0 -0.012
0 0 0 -0.01275
0 0 0 -0.0135
0 0 0 -0.01425
0 0 0 -0.015
0 0 0 -0.01575
0 0 0 -0.0165
0 0 0 -0.01725
0 0 0 -0.018
0 0 0 -0.01875
0 0 0 -0.0195
0 0 0 -0.02025
0 0 0 -0.021
0 0 0 -0.02175
0 0 0 -0.0225
0 0 0 -0.02325
0 0 0 -0.024
0 0 0 -0.02475
0 0 0 -0.0255
0 0 0 -0.02625
0 0 0 -0.027
0 0 0 -0.02775
0 0 0 -0.0285
0 0 0 -0.02925
0 0 0 -0.03
0 0 0 -0.03075
0 0 0 -0.0315
0 0 0 -0.03225
0 0 0 -0.033
0 0 0 -0.03375
0 0 0 -0.0345
0 0 0 -0.03525
0 0 0 -0.036
0 0 0 -0.03675
0 0 0 -0.0375
0 0 0 -0.03825
0 0 0 -0.039
0 0 0 -0.03975
0 0 0 -0.0405
0 0 0 -0.04125
0 0 0 -0.042
0 0 0 -0.04275
0 0 0 -0.0435
0 0 0 -0.04425
0 0 0 -0.045
0 0 0 -0.04575
0 0 0 -0.0465
0 0 0 -0.04725
0 0 0 -0.048
0 0 0 -0.04875
0 0 0 -0.0495
0 0 0 -0.05025
0 0 0 -0.051
0 0 0 -0.05175
0 0 0 -0.0525
0 0 0 -0.05325
0 0 0 -0.054
0 0 0 -0.05475
0 0 0 -0.0555
0 0 0 -0.05625
0 0 0 -0.057
0 0 0 -0.05775
0 0 0 -0.0585
0 0 0 -0.05925
0 0 0 -0.06
0 0 0 -0.06075
0 0 0 -0.0615
0 0 0 -0.06225
0 0 0 -0.063
0 0 0 -0.06375
0 0 0 -0.0645
0 0 0 -0.06525
0 0 0 -0.066
0 0 0 -0.06675
0 0 0 -0.0675
0 0 0 -0.06825
0 0 0 -0.069
0 0 0 -0.06975
0 0 0 -0.0705
0 0 0 -0.07125
0 0 0 -0.072
0 0 0 -0.07275
0 0 0 -0.0735
0 0 0 -0.07425
0 0 0 -0.075
0 0 0 -0.07575
0 0 0 -0.0765
0 0 0 -0.07725
0 0 0 -0.078
0 0 0 -0.07875
0 0 0 -0.0795
0 0 0 -0.08025
0 0 0 -0.081
0 0 0 -0.08175
0 0 0 -0.0825
0 0 0 -0.08325
0 0 0 -0.084
0 0 0 -0.08475
0 0 0 -0.0855
0 0 0 -0.08625
0 0 0 -0.087
0 0 0 -0.08775
0 0 0 -0.0885
0 0 0 -0.08925
0 0 0 -0.09
0 0 0 -0.09075
0 0 0 -0.0915
0 0 0 -0.09225
0 0 0 -0.093
0 0 0 -0.09375
0 0 0 -0.0945
0 0 0 -0.09525
0 0 0 -0.096
0 0 0 -0.09675
0 0 0 -0.0975
0 0 0 -0.09825
0 0 0 -0.099
0 0 0 -0.09975
0 0 0 -0.1005
0 0 0 -0.10125
0 0 0 -0.102
0 0 0 -0.10275
0 0 0 -0.1035
0 0 0 -0.10425
0 0 0 -0.105
0 0 0 -0.10575
0 0 0 -0.1065
0 0 0 -0.10725
0 0 0 -0.108
0 0 0 -0.10875
0 0 0 -0.1095
0 0 0 -0.11025
0 0 0 -0.111
0 0 0 -0.11175
0 0 0 -0.1125
0 0 0 -0.11325
0 0 0 -0.114
0 0 0 -0.11475
0 0 0 -0.1155
0 0 0 -0.11625
0 0 0 -0.117
0 0 0 -0.11775
0 0 0 -0.1185
0 0 0 -0.11925
0 0 0 -0.12
0 0 0 -0.12075
0 0 0 -0.1215
0 0 0 -0.12225
0 0 0 -0.123
0 0 0 -0.12375
0 0 0 -0.1245
0 0 0 -0.12525
0 0 0 -0.126
0 0 0 -0.12675
0 0 0 -0.1275
0 0 0 -0.12825
0 0 0 -0.129
0 0 0 -0.12975
0 0 0 -0.1305
0 0 0 -0.13125
0 0 0 -0.132
0 0 0 -0.13275
0 0 0 -0.1335
0 0 0 -0.13425
0 0 0 -0.135
0 0 0 -0.13575
0 0 0 -0.1365
0 0 0 -0.13725
0 0 0 -0.138
0 0 0 -0.13875
0 0 0 -0.1395
0 0 0 -0.14025
0 0 0 -0.141
0 0 0 -0.14175
0 0 0 -0.1425
0 0 0 -0.14325
0 0 0 -0.144
0 0 0 -0.14475
0 0 0 -0.1455
0 0 0 -0.14625
0 0 0 -0.147
0 0 0 -0.14775
0 0 0 -0.1485
0 0 0 -0.14925
0 0 0 -0.15
0 0 0 -0.15
0 0 0 -0.15
0 0 0 -0.15
0 0 0 -0.15
0 0 0 -0.15
0 0 0 -0.15
0 0 0 -0.15
0 0 0 -0.15
0 0 0 -0.15
0 0 0 -0.15
0 0 0 -0.15
0 0 0 -0.15
0 0 0 -0.15
0 0 0 -0.15
0 0 0 -0.15
0 0 0 -0.15
0 0 0 -0.15
0 0 0 -0.15
0 0 0 -0.15
0 0 0 -0.15
0 0 0 -0.15
0 0 0 -0.15
0 0 0 -0.15
0 0 0 -0.15
0 0 0 -0.15
0 0 0 -0.15
0 0 0 -0.15
0 0 0 -0.15
0 0 0 -0.15
0 0 0 -0.15
0 0 0 -0.15
0 0 0 -0.15
0 0 0 -0.15
0 0 0 -0.15
0 0 0 -0.15
0 0 0 -0.15
0 0 0 -0.15
0 0 0 -0.15
0 0 0 -0.15
0 0 0 -0.15
0 0 0 -0.15
0 0 0 -0.15
0 0 0 -0.15
0 0 0 -0.15
0 0 0 -0.15
0 0 0 -0.15
0 0 0 -0.15
0 0 0 -0.15
0 0 0 -0.15
0 0 0 -0.15
0 0 0 -0.15
0 0 0 -0.15
0 0 0 -0.15
0 0 0 -0.15
0 0 0 -0.15
0 0 0 -0.15
0 0 0 -0.15
0 0 0 -0.15
0 0 0 -0.15
0 0 0 -0.15
0 0 0 -0.15
0 0 0 -0.15
0 0 0 -0.15
0 0 0 -0.15
0 0 0 -0.15
0 0 0 -0.15
0 0 0 -0.15
0 0 0 -0.15
0 0 0 -0.15
0 0 0 -0.15
0 0 0 -0.15
0 0 0 -0.15
0 0 0 -0.15
0 0 0 -0.15
0 0 0 -0.15
0 0 0 -0.15
0 0 0 -0.15
0 0 0 -0.15
0 0 0 -0.15
0 0 0 -0.15
0 0 0 -0.15
0 0 0 -0.15
0 0 0 -0.15
0 0 0 -0.15
0 0 0 -0.15
0 0 0 -0.15
0 0 0 -0.15
0 0 0 -0.15
0 0 0 -0.15
0 0 0 -0.15
0 0 0 -0.15
0 0 0 -0.15
0 0 0 -0.15
0 0 0 -0.15
0 0 0 -0.15
0 0 0 -0.15
0 0 0 -0.15
0 0 0 -0.15
0 0 0 -0.15
0 0 0 -0.15
0 0 0 -0.15
0 0 0 -0.15
0 0 0 -0.15
0 0 0 -0.15
0 0 0 -0.15
0 0 0 -0.15
0 0 0 -0.15
0 0 0 -0.15
0 0 0 -0.15
0 0 0 -0.15
0 0 0 -0.15
0 0 0 -0.15
0 0 0 -0.15
0 0 0 -0.15
0 0 0 -0.15
0 0 0 -0.15
0 0 0 -0.15
0 0 0 -0.15
0 0 0 -0.15
0 0 0 -0.15
0 0 0 -0.15
0 0 0 -0.15
0 0 0 -0.15
0 0 0 -0.15
0 0 0 -0.15
0 0 0 -0.15
0 0 0 -0.15
0 0 0 -0.15
0 0 0 -0.15
0 0 0 -0.15
0 0 0 -0.15
0 0 0 -0.15
0 0 0 -0.15
0 0 0 -0.15
0 0 0 -0.15
0 0 0 -0.15
0 0 0 -0.15
0 0 0 -0.15
0 0 0 -0.15
0 0 0 -0.15
0 0 0 -0.15
0 0 0 -0.15
0 0 0 -0.15
0 0 0 -0.15
0 0 0 -0.15
0 0 0 -0.15
0 0 0 -0.15
0 0 0 -0.15
0 0 0 -0.15
0 0 0 -0.15
0 0 0 -0.15
0 0 0 -0.15
0 0 0 -0.15
0 0 0 -0.15
0 0 0 -0.15
0 0 0 -0.15
0 0 0 -0.15
0 0 0 -0.15
0 0 0 -0.15
0 0 0 -0.15
0 0 0 -0.15
0 0 0 -0.15
0 0 0 -0.15
0 0 0 -0.15
0 0 0 -0.15
0 0 0 -0.15
0 0 0 -0.15
0 0 0 -0.15
0 0 0 -0.15
0 0 0 -0.15
0 0 0 -0.15
0 0 0 -0.15
0 0 0 -0.15
0 0 0 -0.15
0 0 0 -0.15
0 0 0 -0.15
0 0 0 -0.15
0 0 0 -0.15
0 0 0 -0.15
0 0 0 -0.15
0 0 0 -0.15
0 0 0 -0.15
0 0 0 -0.15
0 0 0 -0.15
0 0 0 -0.15
0 0 0 -0.15
0 0 0 -0.15
0 0 0 -0.15
0 0 0 -0.15
0 0 0 -0.15
0 0 0 -0.15
0 0 0 -0.15
0 0 0 -0.15
0 0 0 -0.15
0 0 0 -0.15
0 0 0 -0.15
0 0 0 -0.15
0 0 0 -0.15
0 0 0 -0.15
0 0 0 -0.15
0 0 0 -0.15
0 0 0 -0.15
0 0 0 -0.15
0 0 0 -0.15
0 0 0 -0.15
0 0 0 -0.15
0 0 0 -0.15
0 0 0 -0.15
0 0 0 -0.15
0 0 0 -0.15
0 0 0 -0.15
0 0 0 -0.15
0 0 0 -0.15
0 0 0 -0.15
0 0 0 -0.15
0 0 0 -0.15
0 0 0 -0.15
0 0 0 -0.15
0 0 0 -0.15
0 0 0 -0.15
0 0 0 -0.15
0 0 0 -0.15
0 0 0 -0.15
0 0 0 -0.15
0 0 0 -0.15
0 0 0 -0.15
0 0 0 -0.15
0 0 0 -0.15
0 0 0 -0.15
0 0 0 -0.15
0 0 0 -0.15
0 0 0 -0.15
0 0 0 -0.15
0 0 0 -0.15
0 0 0 -0.15
0 0 0 -0.15
0 0 0 -0.15
0 0 0 -0.15
0 0 0 -0.15
0 0 0 -0.15
0 0 0 -0.15
0 0 0 -0.15
0 0 0 -0.15
0 0 0 -0.15
0 0 0 -0.15
0 0 0 -0.15
0 0 0 -0.15
0 0 0 -0.15
0 0 0 -0.15
0 0 0 -0.15
0 0 0 -0.15
0 0 0 -0.15
0 0 0 -0.15
0 0 0 -0.15
0 0 0 -0.15
0 0 0 -0.15
0 0 0 -0.15
0 0 0 -0.15
0 0 0 -0.15
0 0 0 -0.15
0 0 0 -0.15
0 0 0 -0.15
0 0 0 -0.15
0 0 0 -0.15
0 0 0 -0.15
0 0 0 -0.15
0 0 0 -0.15
0 0 0 -0.15
0 0 0 -0.15
0 0 0 -0.15
0 0 0 -0.15
0 0 0 -0.15
0 0 0 -0.15
0 0 0 -0.15
0 0 0 -0.15
0 0 0 -0.15
0 0 0 -0.15
0 0 0 -0.15
0 0 0 -0.15
0 0 0 -0.15
0 0 0 -0.15
0 0 0 -0.15
0 0 0 -0.15
0 0 0 -0.15
0 0 0 -0.15
0 0 0 -0.15
0 0 0 -0.15
0 0 0 -0.15
0 0 0 -0.15
0 0 0 -0.15
0 0 0 -0.15
0 0 0 -0.15
0 0 0 -0.15
0 0 0 -0.15
0 0 0 -0.15
0 0 0 -0.15
0 0 0 -0.15
0 0 0 -0.15
0 0 0 -0.15
0 0 0 -0.15
0 0 0 -0.15
0 0 0 -0.15
0 0 0 -0.15
0 0 0 -0.15
0 0 0 -0.15
0 0 0 -0.15
0 0 0 -0.15
0 0 0 -0.15
0 0 0 -0.15
0 0 0 -0.15
0 0 0 -0.15
0 0 0 -0.15
0 0 0 -0.15
0 0 0 -0.15
0 0 0 -0.15
0 0 0 -0.15
0 0 0 -0.15
0 0 0 -0.15
0 0 0 -0.15
0 0 0 -0.15
0 0 0 -0.15
0 0 0 -0.15
0 0 0 -0.15
0 0 0 -0.15
0 0 0 -0.15
0 0 0 -0.15
0 0 0 -0.15
0 0 0 -0.15
0 0 0 -0.15
0 0 0 -0.15
0 0 0 -0.15
0 0 0 -0.15
0 0 0 -0.15
0 0 0 -0.15
0 0 0 -0.15
0 0 0 -0.15
0 0 0 -0.15
0 0 0 -0.15
0 0 0 -0.15
0 0 0 -0.15
0 0 0 -0.15
0 0 0 -0.15
0 0 0 -0.15
0 0 0 -0.15
0 0 0 -0.15
0 0 0 -0.15
0 0 0 -0.15
0 0 0 -0.15
0 0 0 -0.15
0 0 0 -0.15
0 0 0 -0.15
0 0 0 -0.15
0 0 0 -0.15
0 0 0 -0.15
0 0 0 -0.15
0 0 0 -0.15
0 0 0 -0.15
0 0 0 -0.15
0 0 0 -0.15
0 0 0 -0.15
0 0 0 -0.15
0 0 0 -0.15
0 0 0 -0.15
0 0 0 -0.15
0 0 0 -0.15
0 0 0 -0.15
0 0 0 -0.15
0 0 0 -0.15
0 0 0 -0.15
0 0 0 -0.15
0 0 0 -0.15
0 0 0 -0.15
0 0 0 -0.15
0 0 0 -0.15
0 0 0 -0.15
0 0 0 -0.15
0 0 0 -0.15
0 0 0 -0.15
0 0 0 -0.15
0 0 0 -0.15
0 0 0 -0.15
0 0 0 -0.15
0 0 0 -0.15
0 0 0 -0.15
0 0 0 -0.15
0 0 0 -0.15
0 0 0 -0.15
0 0 0 -0.15
0 0 0 -0.15
0 0 0 -0.15
0 0 0 -0.15
0 0 0 -0.15
0 0 0 -0.15
0 0 0 -0.15
0 0 0 -0.15
0 0 0 -0.15
0 0 0 -0.15
0 0 0 -0.15
0 0 0 -0.15
0 0 0 -0.15
0 0 0 -0.15
0 0 0 -0.14925
0 0 0 -0.1485
0 0 0 -0.14775
0 0 0 -0.147
0 0 0 -0.14625
0 0 0 -0.1455
0 0 0 -0.14475
0 0 0 -0.144
0 0 0 -0.14325
0 0 0 -0.1425
0 0 0 -0.14175
0 0 0 -0.141
0 0 0 -0.14025
0 0 0 -0.1395
0 0 0 -0.13875
0 0 0 -0.138
0 0 0 -0.13725
0 0 0 -0.1365
0 0 0 -0.13575
0 0 0 -0.135
0 0 0 -0.13425
0 0 0 -0.1335
0 0 0 -0.13275
0 0 0 -0.132
0 0 0 -0.13125
0 0 0 -0.1305
0 0 0 -0.12975
0 0 0 -0.129
0 0 0 -0.12825
0 0 0 -0.1275
0 0 0 -0.12675
0 0 0 -0.126
0 0 0 -0.12525
0 0 0 -0.1245
0 0 0 -0.12375
0 0 0 -0.123
0 0 0 -0.12225
0 0 0 -0.1215
0 0 0 -0.12075
0 0 0 -0.12
0 0 0 -0.11925
0 0 0 -0.1185
0 0 0 -0.11775
0 0 0 -0.117
0 0 0 -0.11625
0 0 0 -0.1155
0 0 0 -0.11475
0 0 0 -0.114
0 0 0 -0.11325
0 0 0 -0.1125
0 0 0 -0.11175
0 0 0 -0.111
0 0 0 -0.11025
0 0 0 -0.1095
0 0 0 -0.10875
0 0 0 -0.108
0 0 0 -0.10725
0 0 0 -0.1065
0 0 0 -0.10575
0 0 0 -0.105
0 0 0 -0.10425
0 0 0 -0.1035
0 0 0 -0.10275
0 0 0 -0.102
0 0 0 -0.10125
0 0 0 -0.1005
0 0 0 -0.09975
0 0 0 -0.099
0 0 0 -0.09825
0 0 0 -0.0975
0 0 0 -0.09675
0 0 0 -0.096
0 0 0 -0.09525
0 0 0 -0.0945
0 0 0 -0.09375
0 0 0 -0.093
0 0 0 -0.09225
0 0 0 -0.0915
0 0 0 -0.09075
0 0 0 -0.09
0 0 0 -0.08925
0 0 0 -0.0885
0 0 0 -0.08775
0 0 0 -0.087
0 0 0 -0.08625
0 0 0 -0.0855
0 0 0 -0.08475
0 0 0 -0.084
0 0 0 -0.08325
0 0 0 -0.0825
0 0 0 -0.08175
0 0 0 -0.081
0 0 0 -0.08025
0 0 0 -0.0795
0 0 0 -0.07875
0 0 0 -0.078
0 0 0 -0.07725
0 0 0 -0.0765
0 0 0 -0.07575
0 0 0 -0.075
0 0 0 -0.07425
0 0 0 -0.0735
0 0 0 -0.07275
0 0 0 -0.072
0 0 0 -0.07125
0 0 0 -0.0705
0 0 0 -0.06975
0 0 0 -0.069
0 0 0 -0.06825
0 0 0 -0.0675
0 0 0 -0.06675
0 0 0 -0.066
0 0 0 -0.06525
0 0 0 -0.0645
0 0 0 -0.06375
0 0 0 -0.063
0 0 0 -0.06225
0 0 0 -0.0615
0 0 0 -0.06075
0 0 0 -0.06
0 0 0 -0.05925
0 0 0 -0.0585
0 0 0 -0.05775
0 0 0 -0.057
0 0 0 -0.05625
0 0 0 -0.0555
0 0 0 -0.05475
0 0 0 -0.054
0 0 0 -0.05325
0 0 0 -0.0525
0 0 0 -0.05175
0 0 0 -0.051
0 0 0 -0.05025
0 0 0 -0.0495
0 0 0 -0.04875
0 0 0 -0.048
0 0 0 -0.04725
0 0 0 -0.0465
0 0 0 -0.04575
0 0 0 -0.045
0 0 0 -0.04425
0 0 0 -0.0435
0 0 0 -0.04275
0 0 0 -0.042
0 0 0 -0.04125
0 0 0 -0.0405
0 0 0 -0.03975
0 0 0 -0.039
0 0 0 -0.03825
0 0 0 -0.0375
0 0 0 -0.03675
0 0 0 -0.036
0 0 0 -0.03525
0 0 0 -0.0345
0 0 0 -0.03375
0 0 0 -0.033
0 0 0 -0.03225
0 0 0 -0.0315
0 0 0 -0.03075
0 0 0 -0.03
0 0 0 -0.02925
0 0 0 -0.0285
0 0 0 -0.02775
0 0 0 -0.027
0 0 0 -0.02625
0 0 0 -0.0255
0 0 0 -0.02475
0 0 0 -0.024
0 0 0 -0.02325
0 0 0 -0.0225
0 0 0 -0.02175
0 0 0 -0.021
0 0 0 -0.02025
0 0 0 -0.0195
0 0 0 -0.01875
0 0 0 -0.018
0 0 0 -0.01725
0 0 0 -0.0165
0 0 0 -0.01575
0 0 0 -0.015
0 0 0 -0.01425
0 0 0 -0.0135
0 0 0 -0.01275
0 0 0 -0.012
0 0 0 -0.01125
0 0 0 -0.0105
0 0 0 -0.00975
0 0 0 -0.009
0 0 0 -0.00825
0 0 0 -0.0075
0 0 0 -0.00675
0 0 0 -0.006
0 0 0 -0.00525
0 0 0 -0.0045
0 0 0 -0.00375
0 0 0 -0.003
0 0 0 -0.00225
0 0 0 -0.0015
0 0 0 -0.00075
0 0 0 0
0 0 0 0
0 0 0 0
0 0 0 0
0 0 0 0
0 0 0 0
0 0 0 0
0 0 0 0
0 0 0 0
0 0 0 0
0 0 0 0
0 0 0 0
0 0 0 0
0 0 0 0
0 0 0 0
0 0 0 0
0 0 0 0
0 0 0 0
0 0 0 0
0 0 0 0
0 0 0 0
0 0 0 0
0 0 0 0
0 0 0 0
0 0 0 0
0 0 0 0
0 0 0 0
0 0 0 0
0 0 0 0
0 0 0 0
0 0 0 0
0 0 0 0
0 0 0 0
0 0 0 0
0 0 0 0
0 0 0 0
0 0 0 0
0 0 0 0
0 0 0 0
0 0 0 0
0 0 0 0
0 0 0 0
0 0 0 0
0 0 0 0
0 0 0 0
0 0 0 0
0 0 0 0
0 0 0 0
0 0 0 0
0 0 0 0
0 0 0 0
0 0 0 0
0 0 0 0
0 0 0 0
0 0 0 0
0 0 0 0
0 0 0 0
0 0 0 0
0 0 0 0
0 0 0 0
0 0 0 0
0 0 0 0
0 0 0 0
0 0 0 0
0 0 0 0
0 0 0 0
0 0 0 0
0 0 0 0
0 0 0 0
0 0 0 0
0 0 0 0
0 0 0 0
0 0 0 0
0 0 0 0
0 0 0 0
0 0 0 0
0 0 0 0
0 0 0 0
0 0 0 0
0 0 0 0
0 0 0 0
0 0 0 0
0 0 0 0
0 0 0 0
0 0 0 0
0 0 0 0
0 0 0 0
0 0 0 0
0 0 0 0
0 0 0 0
0 0 0 0
0 0 0 0
0 0 0 0
0 0 0 0
0 0 0 0
0 0 0 0
0 0 0 0
0 0 0 0
0 0 0 0
0 0 0 0
0 0 0 0
0 0 0 0
0 0 0 0
0 0 0 0
0 0 0 0
0 0 0 0
0 0 0 0
0 0 0 0
0 0 0 0
0 0 0 0
0 0 0 0
0 0 0 0
0 0 0 0
0 0 0 0
0 0 0 0
0 0 0 0
0 0 0 0
0 0 0 0
0 0 0 0
0 0 0 0
0 0 0 0
0 0 0 0
0 0 0 0
0 0 0 0
0 0 0 0
0 0 0 0
0 0 0 0
0 0 0 0
0 0 0 0
0 0 0 0
0 0 0 0
0 0 0 0
0 0 0 0
0 0 0 0
0 0 0 0
0 0 0 0
0 0 0 0
0 0 0 0
0 0 0 0
0 0 0 0
0 0 0 0
0 0 0 0
0 0 0 0
0 0 0 0
0 0 0 0
0 0 0 0
0 0 0 0
0 0 0 0
0 0 0 0
0 0 0 0
0 0 0 0
0 0 0 0
0 0 0 0
0 0 0 0
0 0 0 0
0 0 0 0
0 0 0 0
0 0 0 0
0 0 0 0
0 0 0 0
0 0 0 0
0 0 0 0
0 0 0 0
0 0 0 0
0 0 0 0
0 0 0 0
0 0 0 0
0 0 0 0
0 0 0 0
0 0 0 0
0 0 0 0
0 0 0 0
0 0 0 0
0 0 0 0
0 0 0 0
0 0 0 0
0 0 0 0
0 0 0 0
0 0 0 0
0 0 0 0
0 0 0 0
0 0 0 0
0 0 0 0
0 0 0 0
0 0 0 0
0 0 0 0
0 0 0 0
0 0 0 0
0 0 0 0
0 0 0 0
0 0 0 0
0 0 0 0
0 0 0 0
0 0 0 0
0 0 0 0
0 0 0 0
0 0 0 0
0 0 0 0
0 0 0 0
0 0 0 0
0 0 0 0
0 0 0 0
0 0 0 0
0 0 0 0
0 0 0 0
0 0 0 0
0 0 0 0
0 0 0 0
0 0 0 0
0 0 0 0
0 0 0 0
0 0 0 0
0 0 0 0
0 0 0 0
0 0 0 0
0 0 0 0
0 0 0 0
0 0 0 0
0 0 0 0
0 0 0 0
0 0 0 0
0 0 0 0
0 0 0 0
0 0 0 0
0 0 0 0
0 0 0 0
0 0 0 0
0 0 0 0
0 0 0 0
0 0 0 0
0 0 0 0
0 0 0 0
0 0 0 0
0 0 0 0
0 0 0 0
0 0 0 0
0 0 0 0
0 0 0 0
0 0 0 0
0 0 0 0
0 0 0 0
0 0 0 0
0 0 0 0
0 0 0 0
0 0 0 0
0 0 0 0
0 0 0 0
0 0 0 0
0 0 0 0
0 0 0 0
0 0 0 0
0 0 0 0
0 0 0 0
0 0 0 0
0 0 0 0
0 0 0 0
0 0 0 0
0 0 0 0
0 0 0 0
0 0 0 0
0 0 0 0
0 0 0 0
0 0 0 0
0 0 0 0
0 0 0 0
0 0 0 0
0 0 0 0
0 0 0 0
0 0 0 0
0 0 0 0
0 0 0 0
0 0 0 0
0 0 0 0
0 0 0 0
0 0 0 0
0 0 0 0
0 0 0 0
0 0 0 0
0 0 0 0
0 0 0 0
0 0 0 0
0 0 0 0
0 0 0 0
0 0 0 0
0 0 0 0
0 0 0 0
0 0 0 0
0 0 0 0
0 0 0 0
0 0 0 0
0 0 0 0
0 0 0 0
0 0 0 0
0 0 0 0
0 0 0 0
0 0 0 0
0 0 0 0
0 0 0 0
0 0 0 0
0 0 0 0
0 0 0 0
0 0 0 0
0 0 0 0
0 0 0 0
0 0 0 0
0 0 0 0
0 0 0 0
0 0 0 0
0 0 0 0
0 0 0 0
0 0 0 0
0 0 0 0
0 0 0 0
0 0 0 0
0 0 0 0
0 0 0 0
0 0 0 0
0 0 0 0
0 0 0 0
0 0 0 0
0 0 0 0
0 0 0 0
0 0 0 0
0 0 0 0
0 0 0 0
0 0 0 0
0 0 0 0
0 0 0 0
0 0 0 0
0 0 0 0
0 0 0 0
0 0 0 0
0 0 0 0
0 0 0 0
0 0 0 0
0 0 0 0
0 0 0 0
0 0 0 0
0 0 0 0
0 0 0 0
0 0 0 0
0 0 0 0
0 0 0 0
0 0 0 0
0 0 0 0
0 0 0 0
0 0 0 0
0 0 0 0
0 0 0 0
0 0 0 0
0 0 0 0
0 0 0 0
0 0 0 0
0 0 0 0
0 0 0 0
0 0 0 0
0 0 0 0
0 0 0 0
0 0 0 0
0 0 0 0
0 0 0 0
0 0 0 0
0 0 0 0
0 0 0 0
0 0 0 0
0 0 0 0
0 0 0 0
0 0 0 0
0 0 0 0
0 0 0 0
0 0 0 0
0 0 0 0
0 0 0 0
0 0 0 0
0 0 0 0
0 0 0 0
0 0 0 0
0 0 0 0
0 0 0 0
0 0 0 0
0 0 0 0
0 0 0 0
0 0 0 0
0 0 0 0
0 0 0 0
0 0 0 0
0 0 0 0
0 0 0 0
0 0 0 0
0 0 0 0
0 0 0 0
0 0 0 0
0 0 0 0
0 0 0 0
0 0 0 0
0 0 0 0
0 0 0 0
0 0 0 0
0 0 0 0
0 0 0 0
0 0 0 0
0 0 0 0
0 0 0 -0.00075
0 0 0 -0.0015
0 0 0 -0.00225
0 0 0 -0.003
0 0 0 -0.00375
0 0 0 -0.0045
0 0 0 -0.00525
0 0 0 -0.006
0 0 0 -0.00675
0 0 0 -0.0075
0 0 0 -0.00825
0 0 0 -0.009
0 0 0 -0.00975
0 0 0 -0.0105
0 0 0 -0.01125
0 0 0 -0.012
0 0 0 -0.01275
0 0 0 -0.0135
0 0 0 -0.01425
0 0 0 -0.015
0 0 0 -0.01575
0 0 0 -0.0165
0 0 0 -0.01725
0 0 0 -0.018
0 0 0 -0.01875
0 0 0 -0.0195
0 0 0 -0.02025
0 0 0 -0.021
0 0 0 -0.02175
0 0 0 -0.0225
0 0 0 -0.02325
0 0 0 -0.024
0 0 0 -0.02475
0 0 0 -0.0255
0 0 0 -0.02625
0 0 0 -0.027
0 0 0 -0.02775
0 0 0 -0.0285
0 0 0 -0.02925
0 0 0 -0.03
0 0 0 -0.03075
0 0 0 -0.0315
0 0 0 -0.03225
0 0 0 -0.033
0 0 0 -0.03375
0 0 0 -0.0345
0 0 0 -0.03525
0 0 0 -0.036
0 0 0 -0.03675
0 0 0 -0.0375
0 0 0 -0.03825
0 0 0 -0.039
0 0 0 -0.03975
0 0 0 -0.0405
0 0 0 -0.04125
0 0 0 -0.042
0 0 0 -0.04275
0 0 0 -0.0435
0 0 0 -0.04425
0 0 0 -0.045
0 0 0 -0.04575
0 0 0 -0.0465
0 0 0 -0.04725
0 0 0 -0.048
0 0 0 -0.04875
0 0 0 -0.0495
0 0 0 -0.05025
0 0 0 -0.051
0 0 0 -0.05175
0 0 0 -0.0525
0 0 0 -0.05325
0 0 0 -0.054
0 0 0 -0.05475
0 0 0 -0.0555
0 0 0 -0.05625
0 0 0 -0.057
0 0 0 -0.05775
0 0 0 -0.0585
0 0 0 -0.05925
0 0 0 -0.06
0 0 0 -0.06075
0 0 0 -0.0615
0 0 0 -0.06225
0 0 0 -0.063
0 0 0 -0.06375
0 0 0 -0.0645
0 0 0 -0.06525
0 0 0 -0.066
0 0 0 -0.06675
0 0 0 -0.0675
0 0 0 -0.06825
0 0 0 -0.069
0 0 0 -0.06975
0 0 0 -0.0705
0 0 0 -0.07125
0 0 0 -0.072
0 0 0 -0.07275
0 0 0 -0.0735
0 0 0 -0.07425
0 0 0 -0.075
0 0 0 -0.07575
0 0 0 -0.0765
0 0 0 -0.07725
0 0 0 -0.078
0 0 0 -0.07875
0 0 0 -0.0795
0 0 0 -0.08025
0 0 0 -0.081
0 0 0 -0.08175
0 0 0 -0.0825
0 0 0 -0.08325
0 0 0 -0.084
0 0 0 -0.08475
0 0 0 -0.0855
0 0 0 -0.08625
0 0 0 -0.087
0 0 0 -0.08775
0 0 0 -0.0885
0 0 0 -0.08925
0 0 0 -0.09
0 0 0 -0.09075
0 0 0 -0.0915
0 0 0 -0.09225
0 0 0 -0.093
0 0 0 -0.09375
0 0 0 -0.0945
0 0 0 -0.09525
0 0 0 -0.096
0 0 0 -0.09675
0 0 0 -0.0975
0 0 0 -0.09825
0 0 0 -0.099
0 0 0 -0.09975
0 0 0 -0.1005
0 0 0 -0.10125
0 0 0 -0.102
0 0 0 -0.10275
0 0 0 -0.1035
0 0 0 -0.10425
0 0 0 -0.105
0 0 0 -0.10575
0 0 0 -0.1065
0 0 0 -0.10725
0 0 0 -0.108
0 0 0 -0.10875
0 0 0 -0.1095
0 0 0 -0.11025
0 0 0 -0.111
0 0 0 -0.11175
0 0 0 -0.1125
0 0 0 -0.11325
0 0 0 -0.114
0 0 0 -0.11475
0 0 0 -0.1155
0 0 0 -0.11625
0 0 0 -0.117
0 0 0 -0.11775
0 0 0 -0.1185
0 0 0 -0.11925
0 0 0 -0.12
0 0 0 -0.12075
0 0 0 -0.1215
0 0 0 -0.12225
0 0 0 -0.123
0 0 0 -0.12375
0 0 0 -0.1245
0 0 0 -0.12525
0 0 0 -0.126
0 0 0 -0.12675
0 0 0 -0.1275
0 0 0 -0.12825
0 0 0 -0.129
0 0 0 -0.12975
0 0 0 -0.1305
0 0 0 -0.13125
0 0 0 -0.132
0 0 0 -0.13275
0 0 0 -0.1335
0 0 0 -0.13425
0 0 0 -0.135
0 0 0 -0.13575
0 0 0 -0.1365
0 0 0 -0.13725
0 0 0 -0.138
0 0 0 -0.13875
0 0 0 -0.1395
0 0 0 -0.14025
0 0 0 -0.141
0 0 0 -0.14175
0 0 0 -0.1425
0 0 0 -0.14325
0 0 0 -0.144
0 0 0 -0.14475
0 0 0 -0.1455
0 0 0 -0.14625
0 0 0 -0.147
0 0 0 -0.14775
0 0 0 -0.1485
0 0 0 -0.14925
0 0 0 -0.15
0 0 0 -0.15
0 0 0 -0.15
0 0 0 -0.15
0 0 0 -0.15
0 0 0 -0.15
0 0 0 -0.15
0 0 0 -0.15
0 0 0 -0.15
0 0 0 -0.15
0 0 0 -0.15
0 0 0 -0.15
0 0 0 -0.15
0 0 0 -0.15
0 0 0 -0.15
0 0 0 -0.15
0 0 0 -0.15
0 0 0 -0.15
0 0 0 -0.15
0 0 0 -0.15
0 0 0 -0.15
0 0 0 -0.15
0 0 0 -0.15
0 0 0 -0.15
0 0 0 -0.15
0 0 0 -0.15
0 0 0 -0.15
0 0 0 -0.15
0 0 0 -0.15
0 0 0 -0.15
0 0 0 -0.15
0 0 0 -0.15
0 0 0 -0.15
0 0 0 -0.15
0 0 0 -0.15
0 0 0 -0.15
0 0 0 -0.15
0 0 0 -0.15
0 0 0 -0.15
0 0 0 -0.15
0 0 0 -0.15
0 0 0 -0.15
0 0 0 -0.15
0 0 0 -0.15
0 0 0 -0.15
0 0 0 -0.15
0 0 0 -0.15
0 0 0 -0.15
0 0 0 -0.15
0 0 0 -0.15
0 0 0 -0.15
0 0 0 -0.15
0 0 0 -0.15
0 0 0 -0.15
0 0 0 -0.15
0 0 0 -0.15
0 0 0 -0.15
0 0 0 -0.15
0 0 0 -0.15
0 0 0 -0.15
0 0 0 -0.15
0 0 0 -0.15
0 0 0 -0.15
0 0 0 -0.15
0 0 0 -0.15
0 0 0 -0.15
0 0 0 -0.15
0 0 0 -0.15
0 0 0 -0.15
0 0 0 -0.15
0 0 0 -0.15
0 0 0 -0.15
0 0 0 -0.15
0 0 0 -0.15
0 0 0 -0.15
0 0 0 -0.15
0 0 0 -0.15
0 0 0 -0.15
0 0 0 -0.15
0 0 0 -0.15
0 0 0 -0.15
0 0 0 -0.15
0 0 0 -0.15
0 0 0 -0.15
0 0 0 -0.15
0 0 0 -0.15
0 0 0 -0.15
0 0 0 -0.15
0 0 0 -0.15
0 0 0 -0.15
0 0 0 -0.15
0 0 0 -0.15
0 0 0 -0.15
0 0 0 -0.15
0 0 0 -0.15
0 0 0 -0.15
0 0 0 -0.15
0 0 0 -0.15
0 0 0 -0.15
0 0 0 -0.15
0 0 0 -0.15
0 0 0 -0.15
0 0 0 -0.15
0 0 0 -0.15
0 0 0 -0.15
0 0 0 -0.15
0 0 0 -0.15
0 0 0 -0.15
0 0 0 -0.15
0 0 0 -0.15
0 0 0 -0.15
0 0 0 -0.15
0 0 0 -0.15
0 0 0 -0.15
0 0 0 -0.15
0 0 0 -0.15
0 0 0 -0.15
0 0 0 -0.15
0 0 0 -0.15
0 0 0 -0.15
0 0 0 -0.15
0 0 0 -0.15
0 0 0 -0.15
0 0 0 -0.15
0 0 0 -0.15
0 0 0 -0.15
0 0 0 -0.15
0 0 0 -0.15
0 0 0 -0.15
0 0 0 -0.15
0 0 0 -0.15
0 0 0 -0.15
0 0 0 -0.15
0 0 0 -0.15
0 0 0 -0.15
0 0 0 -0.15
0 0 0 -0.15
0 0 0 -0.15
0 0 0 -0.15
0 0 0 -0.15
0 0 0 -0.15
0 0 0 -0.15
0 0 0 -0.15
0 0 0 -0.15
0 0 0 -0.15
0 0 0 -0.15
0 0 0 -0.15
0 0 0 -0.15
0 0 0 -0.15
0 0 0 -0.15
0 0 0 -0.15
0 0 0 -0.15
0 0 0 -0.15
0 0 0 -0.15
0 0 0 -0.15
0 0 0 -0.15
0 0 0 -0.15
0 0 0 -0.15
0 0 0 -0.15
0 0 0 -0.15
0 0 0 -0.15
0 0 0 -0.15
0 0 0 -0.15
0 0 0 -0.15
0 0 0 -0.15
0 0 0 -0.15
0 0 0 -0.15
0 0 0 -0.15
0 0 0 -0.15
0 0 0 -0.15
0 0 0 -0.15
0 0 0 -0.15
0 0 0 -0.15
0 0 0 -0.15
0 0 0 -0.15
0 0 0 -0.15
0 0 0 -0.15
0 0 0 -0.15
0 0 0 -0.15
0 0 0 -0.15
0 0 0 -0.15
0 0 0 -0.15
0 0 0 -0.15
0 0 0 -0.15
0 0 0 -0.15
0 0 0 -0.15
0 0 0 -0.15
0 0 0 -0.15
0 0 0 -0.15
0 0 0 -0.15
0 0 0 -0.15
0 0 0 -0.15
0 0 0 -0.15
0 0 0 -0.15
0 0 0 -0.15
0 0 0 -0.15
0 0 0 -0.15
0 0 0 -0.15
0 0 0 -0.15
0 0 0 -0.15
0 0 0 -0.15
0 0 0 -0.15
0 0 0 -0.15
0 0 0 -0.15
0 0 0 -0.15
0 0 0 -0.15
0 0 0 -0.15
0 0 0 -0.15
0 0 0 -0.15
0 0 0 -0.15
0 0 0 -0.15
0 0 0 -0.15
0 0 0 -0.15
0 0 0 -0.15
0 0 0 -0.15
0 0 0 -0.15
0 0 0 -0.15
0 0 0 -0.15
0 0 0 -0.15
0 0 0 -0.15
0 0 0 -0.15
0 0 0 -0.15
0 0 0 -0.15
0 0 0 -0.15
0 0 0 -0.15
0 0 0 -0.15
0 0 0 -0.15
0 0 0 -0.15
0 0 0 -0.15
0 0 0 -0.15
0 0 0 -0.15
0 0 0 -0.15
0 0 0 -0.15
0 0 0 -0.15
0 0 0 -0.15
0 0 0 -0.15
0 0 0 -0.15
0 0 0 -0.15
0 0 0 -0.15
0 0 0 -0.15
0 0 0 -0.15
0 0 0 -0.15
0 0 0 -0.15
0 0 0 -0.15
0 0 0 -0.15
0 0 0 -0.15
0 0 0 -0.15
0 0 0 -0.15
0 0 0 -0.15
0 0 0 -0.15
0 0 0 -0.15
0 0 0 -0.15
0 0 0 -0.15
0 0 0 -0.15
0 0 0 -0.15
0 0 0 -0.15
0 0 0 -0.15
0 0 0 -0.15
0 0 0 -0.15
0 0 0 -0.15
0 0 0 -0.15
0 0 0 -0.15
0 0 0 -0.15
0 0 0 -0.15
0 0 0 -0.15
0 0 0 -0.15
0 0 0 -0.15
0 0 0 -0.15
0 0 0 -0.15
0 0 0 -0.15
0 0 0 -0.15
0 0 0 -0.15
0 0 0 -0.15
0 0 0 -0.15
0 0 0 -0.15
0 0 0 -0.15
0 0 0 -0.15
0 0 0 -0.15
0 0 0 -0.15
0 0 0 -0.15
0 0 0 -0.15
0 0 0 -0.15
0 0 0 -0.15
0 0 0 -0.15
0 0 0 -0.15
0 0 0 -0.15
0 0 0 -0.15
0 0 0 -0.15
0 0 0 -0.15
0 0 0 -0.15
0 0 0 -0.15
0 0 0 -0.15
0 0 0 -0.15
0 0 0 -0.15
0 0 0 -0.15
0 0 0 -0.15
0 0 0 -0.15
0 0 0 -0.15
0 0 0 -0.15
0 0 0 -0.15
0 0 0 -0.15
0 0 0 -0.15
0 0 0 -0.15
0 0 0 -0.15
0 0 0 -0.15
0 0 0 -0.15
0 0 0 -0.15
0 0 0 -0.15
0 0 0 -0.15
0 0 0 -0.15
0 0 0 -0.15
0 0 0 -0.15
0 0 0 -0.15
0 0 0 -0.15
0 0 0 -0.15
0 0 0 -0.15
0 0 0 -0.15
0 0 0 -0.15
0 0 0 -0.15
0 0 0 -0.15
0 0 0 -0.15
0 0 0 -0.15
0 0 0 -0.15
0 0 0 -0.15
0 0 0 -0.15
0 0 0 -0.15
0 0 0 -0.15
0 0 0 -0.15
0 0 0 -0.15
0 0 0 -0.15
0 0 0 -0.15
0 0 0 -0.15
0 0 0 -0.15
0 0 0 -0.15
0 0 0 -0.15
0 0 0 -0.15
0 0 0 -0.15
0 0 0 -0.15
0 0 0 -0.15
0 0 0 -0.15
0 0 0 -0.15
0 0 0 -0.15
0 0 0 -0.15
0 0 0 -0.15
0 0 0 -0.15
0 0 0 -0.15
0 0 0 -0.15
0 0 0 -0.15
0 0 0 -0.15
0 0 0 -0.15
0 0 0 -0.15
0 0 0 -0.15
0 0 0 -0.15
0 0 0 -0.15
0 0 0 -0.15
0 0 0 -0.15
0 0 0 -0.15
0 0 0 -0.15
0 0 0 -0.15
0 0 0 -0.15
0 0 0 -0.15
0 0 0 -0.15
0 0 0 -0.15
0 0 0 -0.15
0 0 0 -0.15
0 0 0 -0.15
0 0 0 -0.15
0 0 0 -0.15
0 0 0 -0.15
0 0 0 -0.15
0 0 0 -0.15
0 0 0 -0.15
0 0 0 -0.15
0 0 0 -0.15
0 0 0 -0.15
0 0 0 -0.15
0 0 0 -0.15
0 0 0 -0.15
0 0 0 -0.15
0 0 0 -0.15
0 0 0 -0.15
0 0 0 -0.15
0 0 0 -0.15
0 0 0 -0.15
0 0 0 -0.15
0 0 0 -0.15
0 0 0 -0.15
0 0 0 -0.15
0 0 0 -0.15
0 0 0 -0.15
0 0 0 -0.15
0 0 0 -0.15
0 0 0 -0.15
0 0 0 -0.15
0 0 0 -0.15
0 0 0 -0.15
0 0 0 -0.15
0 0 0 -0.15
0 0 0 -0.15
0 0 0 -0.15
0 0 0 -0.15
0 0 0 -0.15
0 0 0 -0.14925
0 0 0 -0.1485
0 0 0 -0.14775
0 0 0 -0.147
0 0 0 -0.14625
0 0 0 -0.1455
0 0 0 -0.14475
0 0 0 -0.144
0 0 0 -0.14325
0 0 0 -0.1425
0 0 0 -0.14175
0 0 0 -0.141
0 0 0 -0.14025
0 0 0 -0.1395
0 0 0 -0.13875
0 0 0 -0.138
0 0 0 -0.13725
0 0 0 -0.1365
0 0 0 -0.13575
0 0 0 -0.135
0 0 0 -0.13425
0 0 0 -0.1335
0 0 0 -0.13275
0 0 0 -0.132
0 0 0 -0.13125
0 0 0 -0.1305
0 0 0 -0.12975
0 0 0 -0.129
0 0 0 -0.12825
0 0 0 -0.1275
0 0 0 -0.12675
0 0 0 -0.126
0 0 0 -0.12525
0 0 0 -0.1245
0 0 0 -0.12375
0 0 0 -0.123
0 0 0 -0.12225
0 0 0 -0.1215
0 0 0 -0.12075
0 0 0 -0.12
0 0 0 -0.11925
0 0 0 -0.1185
0 0 0 -0.11775
0 0 0 -0.117
0 0 0 -0.11625
0 0 0 -0.1155
0 0 0 -0.11475
0 0 0 -0.114
0 0 0 -0.11325
0 0 0 -0.1125
0 0 0 -0.11175
0 0 0 -0.111
0 0 0 -0.11025
0 0 0 -0.1095
0 0 0 -0.10875
0 0 0 -0.108
0 0 0 -0.10725
0 0 0 -0.1065
0 0 0 -0.10575
0 0 0 -0.105
0 0 0 -0.10425
0 0 0 -0.1035
0 0 0 -0.10275
0 0 0 -0.102
0 0 0 -0.10125
0 0 0 -0.1005
0 0 0 -0.09975
0 0 0 -0.099
0 0 0 -0.09825
0 0 0 -0.0975
0 0 0 -0.09675
0 0 0 -0.096
0 0 0 -0.09525
0 0 0 -0.0945
0 0 0 -0.09375
0 0 0 -0.093
0 0 0 -0.09225
0 0 0 -0.0915
0 0 0 -0.09075
0 0 0 -0.09
0 0 0 -0.08925
0 0 0 -0.0885
0 0 0 -0.08775
0 0 0 -0.087
0 0 0 -0.08625
0 0 0 -0.0855
0 0 0 -0.08475
0 0 0 -0.084
0 0 0 -0.08325
0 0 0 -0.0825
0 0 0 -0.08175
0 0 0 -0.081
0 0 0 -0.08025
0 0 0 -0.0795
0 0 0 -0.07875
0 0 0 -0.078
0 0 0 -0.07725
0 0 0 -0.0765
0 0 0 -0.07575
0 0 0 -0.075
0 0 0 -0.07425
0 0 0 -0.0735
0 0 0 -0.07275
0 0 0 -0.072
0 0 0 -0.07125
0 0 0 -0.0705
0 0 0 -0.06975
0 0 0 -0.069
0 0 0 -0.06825
0 0 0 -0.0675
0 0 0 -0.06675
0 0 0 -0.066
0 0 0 -0.06525
0 0 0 -0.0645
0 0 0 -0.06375
0 0 0 -0.063
0 0 0 -0.06225
0 0 0 -0.0615
0 0 0 -0.06075
0 0 0 -0.06
0 0 0 -0.05925
0 0 0 -0.0585
0 0 0 -0.05775
0 0 0 -0.057
0 0 0 -0.05625
0 0 0 -0.0555
0 0 0 -0.05475
0 0 0 -0.054
0 0 0 -0.05325
0 0 0 -0.0525
0 0 0 -0.05175
0 0 0 -0.051
0 0 0 -0.05025
0 0 0 -0.0495
0 0 0 -0.04875
0 0 0 -0.048
0 0 0 -0.04725
0 0 0 -0.0465
0 0 0 -0.04575
0 0 0 -0.045
0 0 0 -0.04425
0 0 0 -0.0435
0 0 0 -0.04275
0 0 0 -0.042
0 0 0 -0.04125
0 0 0 -0.0405
0 0 0 -0.03975
0 0 0 -0.039
0 0 0 -0.03825
0 0 0 -0.0375
0 0 0 -0.03675
0 0 0 -0.036
0 0 0 -0.03525
0 0 0 -0.0345
0 0 0 -0.03375
0 0 0 -0.033
0 0 0 -0.03225
0 0 0 -0.0315
0 0 0 -0.03075
0 0 0 -0.03
0 0 0 -0.02925
0 0 0 -0.0285
0 0 0 -0.02775
0 0 0 -0.027
0 0 0 -0.02625
0 0 0 -0.0255
0 0 0 -0.02475
0 0 0 -0.024
0 0 0 -0.02325
0 0 0 -0.0225
0 0 0 -0.02175
0 0 0 -0.021
0 0 0 -0.02025
0 0 0 -0.0195
0 0 0 -0.01875
0 0 0 -0.018
0 0 0 -0.01725
0 0 0 -0.0165
0 0 0 -0.01575
0 0 0 -0.015
0 0 0 -0.01425
0 0 0 -0.0135
0 0 0 -0.01275
0 0 0 -0.012
0 0 0 -0.01125
0 0 0 -0.0105
0 0 0 -0.00975
0 0 0 -0.009
0 0 0 -0.00825
0 0 0 -0.0075
0 0 0 -0.00675
0 0 0 -0.006
0 0 0 -0.00525
0 0 0 -0.0045
0 0 0 -0.00375
0 0 0 -0.003
0 0 0 -0.00225
0 0 0 -0.0015
0 0 0 -0.00075
0 0 0 0
0 0 0 0
0 0 0 0
0 0 0 0
0 0 0 0
0 0 0 0
0 0 0 0
0 0 0 0
0 0 0 0
0 0 0 0
0 0 0 0
0 0 0 0
0 0 0 0
0 0 0 0
0 0 0 0
0 0 0 0
0 0 0 0
0 0 0 0
0 0 0 0
0 0 0 0
0 0 0 0
0 0 0 0
0 0 0 0
0 0 0 0
0 0 0 0
0 0 0 0
0 0 0 0
0 0 0 0
0 0 0 0
0 0 0 0
0 0 0 0
0 0 0 0
0 0 0 0
0 0 0 0
0 0 0 0
0 0 0 0
0 0 0 0
0 0 0 0
0 0 0 0
0 0 0 0
0 0 0 0
0 0 0 0
0 0 0 0
0 0 0 0
0 0 0 0
0 0 0 0
0 0 0 0
0 0 0 0
0 0 0 0
0 0 0 0
0 0 0 0
0 0 0 0
0 0 0 0
0 0 0 0
0 0 0 0
0 0 0 0
0 0 0 0
0 0 0 0
0 0 0 0
0 0 0 0
0 0 0 0
0 0 0 0
0 0 0 0
0 0 0 0
0 0 0 0
0 0 0 0
0 0 0 0
0 0 0 0
0 0 0 0
0 0 0 0
0 0 0 0
0 0 0 0
0 0 0 0
0 0 0 0
0 0 0 0
0 0 0 0
0 0 0 0
0 0 0 0
0 0 0 0
0 0 0 0
0 0 0 0
0 0 0 0
0 0 0 0
0 0 0 0
0 0 0 0
0 0 0 0
0 0 0 0
0 0 0 0
0 0 0 0
0 0 0 0
0 0 0 0
0 0 0 0
0 0 0 0
0 0 0 0
0 0 0 0
0 0 0 0
0 0 0 0
0 0 0 0
0 0 0 0
0 0 0 0
0 0 0 0
0 0 0 0
0 0 0 0
0 0 0 0
0 0 0 0
0 0 0 0
0 0 0 0
0 0 0 0
0 0 0 0
0 0 0 0
0 0 0 0
0 0 0 0
0 0 0 0
0 0 0 0
0 0 0 0
0 0 0 0
0 0 0 0
0 0 0 0
0 0 0 0
0 0 0 0
0 0 0 0
0 0 0 0
0 0 0 0
0 0 0 0
0 0 0 0
0 0 0 0
0 0 0 0
0 0 0 0
0 0 0 0
0 0 0 0
0 0 0 0
0 0 0 0
0 0 0 0
0 0 0 0
0 0 0 0
0 0 0 0
0 0 0 0
0 0 0 0
0 0 0 0
0 0 0 0
0 0 0 0
0 0 0 0
0 0 0 0
0 0 0 0
0 0 0 0
0 0 0 0
0 0 0 0
0 0 0 0
0 0 0 0
0 0 0 0
0 0 0 0
0 0 0 0
0 0 0 0
0 0 0 0
0 0 0 0
0 0 0 0
0 0 0 0
0 0 0 0
0 0 0 0
0 0 0 0
0 0 0 0
0 0 0 0
0 0 0 0
0 0 0 0
0 0 0 0
0 0 0 0
0 0 0 0
0 0 0 0
0 0 0 0
0 0 0 0
0 0 0 0
0 0 0 0
0 0 0 0
0 0 0 0
0 0 0 0
0 0 0 0
0 0 0 0
0 0 0 0
0 0 0 0
0 0 0 0
0 0 0 0
0 0 0 0
0 0 0 0
0 0 0 0
0 0 0 0
0 0 0 0
0 0 0 0
0 0 0 0
0 0 0 0
0 0 0 0
0 0 0 0
0 0 0 0
0 0 0 0
0 0 0 0
0 0 0 0
0 0 0 0
0 0 0 0
0 0 0 0
0 0 0 0
0 0 0 0
0 0 0 0
0 0 0 0
0 0 0 0
0 0 0 0
0 0 0 0
0 0 0 0
0 0 0 0
0 0 0 0
0 0 0 0
0 0 0 0
0 0 0 0
0 0 0 0
0 0 0 0
0 0 0 0
0 0 0 0
0 0 0 0
0 0 0 0
0 0 0 0
0 0 0 0
0 0 0 0
0 0 0 0
0 0 0 0
0 0 0 0
0 0 0 0
0 0 0 0
0 0 0 0
0 0 0 0
0 0 0 0
0 0 0 0
0 0 0 0
0 0 0 0
0 0 0 0
0 0 0 0
0 0 0 0
0 0 0 0
0 0 0 0
0 0 0 0
0 0 0 0
0 0 0 0
0 0 0 0
0 0 0 0
0 0 0 0
0 0 0 0
0 0 0 0
0 0 0 0
0 0 0 0
0 0 0 0
0 0 0 0
0 0 0 0
0 0 0 0
0 0 0 0
0 0 0 0
0 0 0 0
0 0 0 0
0 0 0 0
0 0 0 0
0 0 0 0
0 0 0 0
0 0 0 0
0 0 0 0
0 0 0 0
0 0 0 0
0 0 0 0
0 0 0 0
0 0 0 0
0 0 0 0
0 0 0 0
0 0 0 0
0 0 0 0
0 0 0 0
0 0 0 0
0 0 0 0
0 0 0 0
0 0 0 0
0 0 0 0
0 0 0 0
0 0 0 0
0 0 0 0
0 0 0 0
0 0 0 0
0 0 0 0
0 0 0 0
0 0 0 0
0 0 0 0
0 0 0 0
0 0 0 0
0 0 0 0
0 0 0 0
0 0 0 0
0 0 0 0
0 0 0 0
0 0 0 0
0 0 0 0
0 0 0 0
0 0 0 0
0 0 0 0
0 0 0 0
0 0 0 0
0 0 0 0
0 0 0 0
0 0 0 0
0 0 0 0
0 0 0 0
0 0 0 0
0 0 0 0
0 0 0 0
0 0 0 0
0 0 0 0
0 0 0 0
0 0 0 0
0 0 0 0
0 0 0 0
0 0 0 0
0 0 0 0
0 0 0 0
0 0 0 0
0 0 0 0
0 0 0 0
0 0 0 0
0 0 0 0
0 0 0 0
0 0 0 0
0 0 0 0
0 0 0 0
0 0 0 0
0 0 0 0
0 0 0 0
0 0 0 0
0 0 0 0
0 0 0 0
0 0 0 0
0 0 0 0
0 0 0 0
0 0 0 0
0 0 0 0
0 0 0 0
0 0 0 0
0 0 0 0
0 0 0 0
0 0 0 0
0 0 0 0
0 0 0 0
0 0 0 0
0 0 0 0
0 0 0 0
0 0 0 0
0 0 0 0
0 0 0 0
0 0 0 0
0 0 0 0
0 0 0 0
0 0 0 0
0 0 0 0
0 0 0 0
0 0 0 0
0 0 0 0
0 0 0 0
0 0 0 0
0 0 0 0
0 0 0 0
0 0 0 0
0 0 0 0
0 0 0 0
0 0 0 0
0 0 0 0
0 0 0 0
0 0 0 0
0 0 0 0
0 0 0 0
0 0 0 0
0 0 0 0
0 0 0 0
0 0 0 0
0 0 0 0
0 0 0 0
0 0 0 0
0 0 0 0
0 0 0 0
0 0 0 0
0 0 0 0
0 0 0 0
0 0 0 0
0 0 0 0
0 0 0 0
0 0 0 0
0 0 0 0
0 0 0 0
0 0 0 0
0 0 0 0
0 0 0 0
0 0 0 0
0 0 0 0
0 0 0 0
0 0 0 0
0 0 0 0
0 0 0 0
0 0 0 0
0 0 0 0
0 0 0 0
0 0 0 0
0 0 0 0
0 0 0 0
0 0 0 -0.00075
0 0 0 -0.0015
0 0 0 -0.00225
0 0 0 -0.003
0 0 0 -0.00375
0 0 0 -0.0045
0 0 0 -0.00525
0 0 0 -0.006
0 0 0 -0.00675
0 0 0 -0.0075
0 0 0 -0.00825
0 0 0 -0.009
0 0 0 -0.00975
0 0 0 -0.0105
0 0 0 -0.01125
0 0 0 -0.012
0 0 0 -0.01275
0 0 0 -0.0135
0 0 0 -0.01425
0 0 0 -0.015
0 0 0 -0.01575
0 0 0 -0.0165
0 0 0 -0.01725
0 0 0 -0.018
0 0 0 -0.01875
0 0 0 -0.0195
0 0 0 -0.02025
0 0 0 -0.021
0 0 0 -0.02175
0 0 0 -0.0225
0 0 0 -0.02325
0 0 0 -0.024
0 0 0 -0.02475
0 0 0 -0.0255
0 0 0 -0.02625
0 0 0 -0.027
0 0 0 -0.02775
0 0 0 -0.0285
0 0 0 -0.02925
0 0 0 -0.03
0 0 0 -0.03075
0 0 0 -0.0315
0 0 0 -0.03225
0 0 0 -0.033
0 0 0 -0.03375
0 0 0 -0.0345
0 0 0 -0.03525
0 0 0 -0.036
0 0 0 -0.03675
0 0 0 -0.0375
0 0 0 -0.03825
0 0 0 -0.039
0 0 0 -0.03975
0 0 0 -0.0405
0 0 0 -0.04125
0 0 0 -0.042
0 0 0 -0.04275
0 0 0 -0.0435
0 0 0 -0.04425
0 0 0 -0.045
0 0 0 -0.04575
0 0 0 -0.0465
0 0 0 -0.04725
0 0 0 -0.048
0 0 0 -0.04875
0 0 0 -0.0495
0 0 0 -0.05025
0 0 0 -0.051
0 0 0 -0.05175
0 0 0 -0.0525
0 0 0 -0.05325
0 0 0 -0.054
0 0 0 -0.05475
0 0 0 -0.0555
0 0 0 -0.05625
0 0 0 -0.057
0 0 0 -0.05775
0 0 0 -0.0585
0 0 0 -0.05925
0 0 0 -0.06
0 0 0 -0.06075
0 0 0 -0.0615
0 0 0 -0.06225
0 0 0 -0.063
0 0 0 -0.06375
0 0 0 -0.0645
0 0 0 -0.06525
0 0 0 -0.066
0 0 0 -0.06675
0 0 0 -0.0675
0 0 0 -0.06825
0 0 0 -0.069
0 0 0 -0.06975
0 0 0 -0.0705
0 0 0 -0.07125
0 0 0 -0.072
0 0 0 -0.07275
0 0 0 -0.0735
0 0 0 -0.07425
0 0 0 -0.075
0 0 0 -0.07575
0 0 0 -0.0765
0 0 0 -0.07725
0 0 0 -0.078
0 0 0 -0.07875
0 0 0 -0.0795
0 0 0 -0.08025
0 0 0 -0.081
0 0 0 -0.08175
0 0 0 -0.0825
0 0 0 -0.08325
0 0 0 -0.084
0 0 0 -0.08475
0 0 0 -0.0855
0 0 0 -0.08625
0 0 0 -0.087
0 0 0 -0.08775
0 0 0 -0.0885
0 0 0 -0.08925
0 0 0 -0.09
0 0 0 -0.09075
0 0 0 -0.0915
0 0 0 -0.09225
0 0 0 -0.093
0 0 0 -0.09375
0 0 0 -0.0945
0 0 0 -0.09525
0 0 0 -0.096
0 0 0 -0.09675
0 0 0 -0.0975
0 0 0 -0.09825
0 0 0 -0.099
0 0 0 -0.09975
0 0 0 -0.1005
0 0 0 -0.10125
0 0 0 -0.102
0 0 0 -0.10275
0 0 0 -0.1035
0 0 0 -0.10425
0 0 0 -0.105
0 0 0 -0.10575
0 0 0 -0.1065
0 0 0 -0.10725
0 0 0 -0.108
0 0 0 -0.10875
0 0 0 -0.1095
0 0 0 -0.11025
0 0 0 -0.111
0 0 0 -0.11175
0 0 0 -0.1125
0 0 0 -0.11325
0 0 0 -0.114
0 0 0 -0.11475
0 0 0 -0.1155
0 0 0 -0.11625
0 0 0 -0.117
0 0 0 -0.11775
0 0 0 -0.1185
0 0 0 -0.11925
0 0 0 -0.12
0 0 0 -0.12075
0 0 0 -0.1215
0 0 0 -0.12225
0 0 0 -0.123
0 0 0 -0.12375
0 0 0 -0.1245
0 0 0 -0.12525
0 0 0 -0.126
0 0 0 -0.12675
0 0 0 -0.1275
0 0 0 -0.12825
0 0 0 -0.129
0 0 0 -0.12975
0 0 0 -0.1305
0 0 0 -0.13125
0 0 0 -0.132
0 0 0 -0.13275
0 0 0 -0.1335
0 0 0 -0.13425
0 0 0 -0.135
0 0 0 -0.13575
0 0 0 -0.1365
0 0 0 -0.13725
0 0 0 -0.138
0 0 0 -0.13875
0 0 0 -0.1395
0 0 0 -0.14025
0 0 0 -0.141
0 0 0 -0.14175
0 0 0 -0.1425
0 0 0 -0.14325
0 0 0 -0.144
0 0 0 -0.14475
0 0 0 -0.1455
0 0 0 -0.14625
0 0 0 -0.147
0 0 0 -0.14775
0 0 0 -0.1485
0 0 0 -0.14925
0 0 0 -0.15
0 0 0 -0.15
0 0 0 -0.15
0 0 0 -0.15
0 0 0 -0.15
0 0 0 -0.15
0 0 0 -0.15
0 0 0 -0.15
0 0 0 -0.15
0 0 0 -0.15
0 0 0 -0.15
0 0 0 -0.15
0 0 0 -0.15
0 0 0 -0.15
0 0 0 -0.15
0 0 0 -0.15
0 0 0 -0.15
0 0 0 -0.15
0 0 0 -0.15
0 0 0 -0.15
0 0 0 -0.15
0 0 0 -0.15
0 0 0 -0.15
0 0 0 -0.15
0 0 0 -0.15
0 0 0 -0.15
0 0 0 -0.15
0 0 0 -0.15
0 0 0 -0.15
0 0 0 -0.15
0 0 0 -0.15
0 0 0 -0.15
0 0 0 -0.15
0 0 0 -0.15
0 0 0 -0.15
0 0 0 -0.15
0 0 0 -0.15
0 0 0 -0.15
0 0 0 -0.15
0 0 0 -0.15
0 0 0 -0.15
0 0 0 -0.15
0 0 0 -0.15
0 0 0 -0.15
0 0 0 -0.15
0 0 0 -0.15
0 0 0 -0.15
0 0 0 -0.15
0 0 0 -0.15
0 0 0 -0.15
0 0 0 -0.15
0 0 0 -0.15
0 0 0 -0.15
0 0 0 -0.15
0 0 0 -0.15
0 0 0 -0.15
0 0 0 -0.15
0 0 0 -0.15
0 0 0 -0.15
0 0 0 -0.15
0 0 0 -0.15
0 0 0 -0.15
0 0 0 -0.15
0 0 0 -0.15
0 0 0 -0.15
0 0 0 -0.15
0 0 0 -0.15
0 0 0 -0.15
0 0 0 -0.15
0 0 0 -0.15
0 0 0 -0.15
0 0 0 -0.15
0 0 0 -0.15
0 0 0 -0.15
0 0 0 -0.15
0 0 0 -0.15
0 0 0 -0.15
0 0 0 -0.15
0 0 0 -0.15
0 0 0 -0.15
0 0 0 -0.15
0 0 0 -0.15
0 0 0 -0.15
0 0 0 -0.15
0 0 0 -0.15
0 0 0 -0.15
0 0 0 -0.15
0 0 0 -0.15
0 0 0 -0.15
0 0 0 -0.15
0 0 0 -0.15
0 0 0 -0.15
0 0 0 -0.15
0 0 0 -0.15
0 0 0 -0.15
0 0 0 -0.15
0 0 0 -0.15
0 0 0 -0.15
0 0 0 -0.15
0 0 0 -0.15
0 0 0 -0.15
0 0 0 -0.15
0 0 0 -0.15
0 0 0 -0.15
0 0 0 -0.15
0 0 0 -0.15
0 0 0 -0.15
0 0 0 -0.15
0 0 0 -0.15
0 0 0 -0.15
0 0 0 -0.15
0 0 0 -0.15
0 0 0 -0.15
0 0 0 -0.15
0 0 0 -0.15
0 0 0 -0.15
0 0 0 -0.15
0 0 0 -0.15
0 0 0 -0.15
0 0 0 -0.15
0 0 0 -0.15
0 0 0 -0.15
0 0 0 -0.15
0 0 0 -0.15
0 0 0 -0.15
0 0 0 -0.15
0 0 0 -0.15
0 0 0 -0.15
0 0 0 -0.15
0 0 0 -0.15
0 0 0 -0.15
0 0 0 -0.15
0 0 0 -0.15
0 0 0 -0.15
0 0 0 -0.15
0 0 0 -0.15
0 0 0 -0.15
0 0 0 -0.15
0 0 0 -0.15
0 0 0 -0.15
0 0 0 -0.15
0 0 0 -0.15
0 0 0 -0.15
0 0 0 -0.15
0 0 0 -0.15
0 0 0 -0.15
0 0 0 -0.15
0 0 0 -0.15
0 0 0 -0.15
0 0 0 -0.15
0 0 0 -0.15
0 0 0 -0.15
0 0 0 -0.15
0 0 0 -0.15
0 0 0 -0.15
0 0 0 -0.15
0 0 0 -0.15
0 0 0 -0.15
0 0 0 -0.15
0 0 0 -0.15
0 0 0 -0.15
0 0 0 -0.15
0 0 0 -0.15
0 0 0 -0.15
0 0 0 -0.15
0 0 0 -0.15
0 0 0 -0.15
0 0 0 -0.15
0 0 0 -0.15
0 0 0 -0.15
0 0 0 -0.15
0 0 0 -0.15
0 0 0 -0.15
0 0 0 -0.15
0 0 0 -0.15
0 0 0 -0.15
0 0 0 -0.15
0 0 0 -0.15
0 0 0 -0.15
0 0 0 -0.15
0 0 0 -0.15
0 0 0 -0.15
0 0 0 -0.15
0 0 0 -0.15
0 0 0 -0.15
0 0 0 -0.15
0 0 0 -0.15
0 0 0 -0.15
0 0 0 -0.15
0 0 0 -0.15
0 0 0 -0.15
0 0 0 -0.15
0 0 0 -0.15
0 0 0 -0.15
0 0 0 -0.15
0 0 0 -0.15
0 0 0 -0.15
0 0 0 -0.15
0 0 0 -0.15
0 0 0 -0.15
0 0 0 -0.15
0 0 0 -0.15
0 0 0 -0.15
0 0 0 -0.15
0 0 0 -0.15
0 0 0 -0.15
0 0 0 -0.15
0 0 0 -0.15
0 0 0 -0.15
0 0 0 -0.15
0 0 0 -0.15
0 0 0 -0.15
0 0 0 -0.15
0 0 0 -0.15
0 0 0 -0.15
0 0 0 -0.15
0 0 0 -0.15
0 0 0 -0.15
0 0 0 -0.15
0 0 0 -0.15
0 0 0 -0.15
0 0 0 -0.15
0 0 0 -0.15
0 0 0 -0.15
0 0 0 -0.15
0 0 0 -0.15
0 0 0 -0.15
0 0 0 -0.15
0 0 0 -0.15
0 0 0 -0.15
0 0 0 -0.15
0 0 0 -0.15
0 0 0 -0.15
0 0 0 -0.15
0 0 0 -0.15
0 0 0 -0.15
0 0 0 -0.15
0 0 0 -0.15
0 0 0 -0.15
0 0 0 -0.15
0 0 0 -0.15
0 0 0 -0.15
0 0 0 -0.15
0 0 0 -0.15
0 0 0 -0.15
0 0 0 -0.15
0 0 0 -0.15
0 0 0 -0.15
0 0 0 -0.15
0 0 0 -0.15
0 0 0 -0.15
0 0 0 -0.15
0 0 0 -0.15
0 0 0 -0.15
0 0 0 -0.15
0 0 0 -0.15
0 0 0 -0.15
0 0 0 -0.15
0 0 0 -0.15
0 0 0 -0.15
0 0 0 -0.15
0 0 0 -0.15
0 0 0 -0.15
0 0 0 -0.15
0 0 0 -0.15
0 0 0 -0.15
0 0 0 -0.15
0 0 0 -0.15
0 0 0 -0.15
0 0 0 -0.15
0 0 0 -0.15
0 0 0 -0.15
0 0 0 -0.15
0 0 0 -0.15
0 0 0 -0.15
0 0 0 -0.15
0 0 0 -0.15
0 0 0 -0.15
0 0 0 -0.15
0 0 0 -0.15
0 0 0 -0.15
0 0 0 -0.15
0 0 0 -0.15
0 0 0 -0.15
0 0 0 -0.15
0 0 0 -0.15
0 0 0 -0.15
0 0 0 -0.15
0 0 0 -0.15
0 0 0 -0.15
0 0 0 -0.15
0 0 0 -0.15
0 0 0 -0.15
0 0 0 -0.15
0 0 0 -0.15
0 0 0 -0.15
0 0 0 -0.15
0 0 0 -0.15
0 0 0 -0.15
0 0 0 -0.15
0 0 0 -0.15
0 0 0 -0.15
0 0 0 -0.15
0 0 0 -0.15
0 0 0 -0.15
0 0 0 -0.15
0 0 0 -0.15
0 0 0 -0.15
0 0 0 -0.15
0 0 0 -0.15
0 0 0 -0.15
0 0 0 -0.15
0 0 0 -0.15
0 0 0 -0.15
0 0 0 -0.15
0 0 0 -0.15
0 0 0 -0.15
0 0 0 -0.15
0 0 0 -0.15
0 0 0 -0.15
0 0 0 -0.15
0 0 0 -0.15
0 0 0 -0.15
0 0 0 -0.15
0 0 0 -0.15
0 0 0 -0.15
0 0 0 -0.15
0 0 0 -0.15
0 0 0 -0.15
0 0 0 -0.15
0 0 0 -0.15
0 0 0 -0.15
0 0 0 -0.15
0 0 0 -0.15
0 0 0 -0.15
0 0 0 -0.15
0 0 0 -0.15
0 0 0 -0.15
0 0 0 -0.15
0 0 0 -0.15
0 0 0 -0.15
0 0 0 -0.15
0 0 0 -0.15
0 0 0 -0.15
0 0 0 -0.15
0 0 0 -0.15
0 0 0 -0.15
0 0 0 -0.15
0 0 0 -0.15
0 0 0 -0.15
0 0 0 -0.15
0 0 0 -0.15
0 0 0 -0.15
0 0 0 -0.15
0 0 0 -0.15
0 0 0 -0.15
0 0 0 -0.15
0 0 0 -0.15
0 0 0 -0.15
0 0 0 -0.15
0 0 0 -0.15
0 0 0 -0.15
0 0 0 -0.15
0 0 0 -0.15
0 0 0 -0.15
0 0 0 -0.15
0 0 0 -0.15
0 0 0 -0.15
0 0 0 -0.15
0 0 0 -0.15
0 0 0 -0.15
0 0 0 -0.15
0 0 0 -0.15
0 0 0 -0.15
0 0 0 -0.15
0 0 0 -0.15
0 0 0 -0.15
0 0 0 -0.15
0 0 0 -0.15
0 0 0 -0.15
0 0 0 -0.15
0 0 0 -0.15
0 0 0 -0.15
0 0 0 -0.15
0 0 0 -0.15
0 0 0 -0.15
0 0 0 -0.15
0 0 0 -0.15
0 0 0 -0.15
0 0 0 -0.15
0 0 0 -0.15
0 0 0 -0.15
0 0 0 -0.15
0 0 0 -0.15
0 0 0 -0.15
0 0 0 -0.15
0 0 0 -0.15
0 0 0 -0.15
0 0 0 -0.15
0 0 0 -0.15
0 0 0 -0.15
0 0 0 -0.15
0 0 0 -0.14925
0 0 0 -0.1485
0 0 0 -0.14775
0 0 0 -0.147
0 0 0 -0.14625
0 0 0 -0.1455
0 0 0 -0.14475
0 0 0 -0.144
0 0 0 -0.14325
0 0 0 -0.1425
0 0 0 -0.14175
0 0 0 -0.141
0 0 0 -0.14025
0 0 0 -0.1395
0 0 0 -0.13875
0 0 0 -0.138
0 0 0 -0.13725
0 0 0 -0.1365
0 0 0 -0.13575
0 0 0 -0.135
0 0 0 -0.13425
0 0 0 -0.1335
0 0 0 -0.13275
0 0 0 -0.132
0 0 0 -0.13125
0 0 0 -0.1305
0 0 0 -0.12975
0 0 0 -0.129
0 0 0 -0.12825
0 0 0 -0.1275
0 0 0 -0.12675
0 0 0 -0.126
0 0 0 -0.12525
0 0 0 -0.1245
0 0 0 -0.12375
0 0 0 -0.123
0 0 0 -0.12225
0 0 0 -0.1215
0 0 0 -0.12075
0 0 0 -0.12
0 0 0 -0.11925
0 0 0 -0.1185
0 0 0 -0.11775
0 0 0 -0.117
0 0 0 -0.11625
0 0 0 -0.1155
0 0 0 -0.11475
0 0 0 -0.114
0 0 0 -0.11325
0 0 0 -0.1125
0 0 0 -0.11175
0 0 0 -0.111
0 0 0 -0.11025
0 0 0 -0.1095
0 0 0 -0.10875
0 0 0 -0.108
0 0 0 -0.10725
0 0 0 -0.1065
0 0 0 -0.10575
0 0 0 -0.105
0 0 0 -0.10425
0 0 0 -0.1035
0 0 0 -0.10275
0 0 0 -0.102
0 0 0 -0.10125
0 0 0 -0.1005
0 0 0 -0.09975
0 0 0 -0.099
0 0 0 -0.09825
0 0 0 -0.0975
0 0 0 -0.09675
0 0 0 -0.096
0 0 0 -0.09525
0 0 0 -0.0945
0 0 0 -0.09375
0 0 0 -0.093
0 0 0 -0.09225
0 0 0 -0.0915
0 0 0 -0.09075
0 0 0 -0.09
0 0 0 -0.08925
0 0 0 -0.0885
0 0 0 -0.08775
0 0 0 -0.087
0 0 0 -0.08625
0 0 0 -0.0855
0 0 0 -0.08475
0 0 0 -0.084
0 0 0 -0.08325
0 0 0 -0.0825
0 0 0 -0.08175
0 0 0 -0.081
0 0 0 -0.08025
0 0 0 -0.0795
0 0 0 -0.07875
0 0 0 -0.078
0 0 0 -0.07725
0 0 0 -0.0765
0 0 0 -0.07575
0 0 0 -0.075
0 0 0 -0.07425
0 0 0 -0.0735
0 0 0 -0.07275
0 0 0 -0.072
0 0 0 -0.07125
0 0 0 -0.0705
0 0 0 -0.06975
0 0 0 -0.069
0 0 0 -0.06825
0 0 0 -0.0675
0 0 0 -0.06675
0 0 0 -0.066
0 0 0 -0.06525
0 0 0 -0.0645
0 0 0 -0.06375
0 0 0 -0.063
0 0 0 -0.06225
0 0 0 -0.0615
0 0 0 -0.06075
0 0 0 -0.06
0 0 0 -0.05925
0 0 0 -0.0585
0 0 0 -0.05775
0 0 0 -0.057
0 0 0 -0.05625
0 0 0 -0.0555
0 0 0 -0.05475
0 0 0 -0.054
0 0 0 -0.05325
0 0 0 -0.0525
0 0 0 -0.05175
0 0 0 -0.051
0 0 0 -0.05025
0 0 0 -0.0495
0 0 0 -0.04875
0 0 0 -0.048
0 0 0 -0.04725
0 0 0 -0.0465
0 0 0 -0.04575
0 0 0 -0.045
0 0 0 -0.04425
0 0 0 -0.0435
0 0 0 -0.04275
0 0 0 -0.042
0 0 0 -0.04125
0 0 0 -0.0405
0 0 0 -0.03975
0 0 0 -0.039
0 0 0 -0.03825
0 0 0 -0.0375
0 0 0 -0.03675
0 0 0 -0.036
0 0 0 -0.03525
0 0 0 -0.0345
0 0 0 -0.03375
0 0 0 -0.033
0 0 0 -0.03225
0 0 0 -0.0315
0 0 0 -0.03075
0 0 0 -0.03
0 0 0 -0.02925
0 0 0 -0.0285
0 0 0 -0.02775
0 0 0 -0.027
0 0 0 -0.02625
0 0 0 -0.0255
0 0 0 -0.02475
0 0 0 -0.024
0 0 0 -0.02325
0 0 0 -0.0225
0 0 0 -0.02175
0 0 0 -0.021
0 0 0 -0.02025
0 0 0 -0.0195
0 0 0 -0.01875
0 0 0 -0.018
0 0 0 -0.01725
0 0 0 -0.0165
0 0 0 -0.01575
0 0 0 -0.015
0 0 0 -0.01425
0 0 0 -0.0135
0 0 0 -0.01275
0 0 0 -0.012
0 0 0 -0.01125
0 0 0 -0.0105
0 0 0 -0.00975
0 0 0 -0.009
0 0 0 -0.00825
0 0 0 -0.0075
0 0 0 -0.00675
0 0 0 -0.006
0 0 0 -0.00525
0 0 0 -0.0045
0 0 0 -0.00375
0 0 0 -0.003
0 0 0 -0.00225
0 0 0 -0.0015
0 0 0 -0.00075
0 0 0 0
0 0 0 0
0 0 0 0
0 0 0 0
0 0 0 0
0 0 0 0
0 0 0 0
0 0 0 0
0 0 0 0
0 0 0 0
0 0 0 0
0 0 0 0
0 0 0 0
0 0 0 0
0 0 0 0
0 0 0 0
0 0 0 0
0 0 0 0
0 0 0 0
0 0 0 0
0 0 0 0
0 0 0 0
0 0 0 0
0 0 0 0
0 0 0 0
0 0 0 0
0 0 0 0
0 0 0 0
0 0 0 0
0 0 0 0
0 0 0 0
0 0 0 0
0 0 0 0
0 0 0 0
0 0 0 0
0 0 0 0
0 0 0 0
0 0 0 0
0 0 0 0
0 0 0 0
0 0 0 0
0 0 0 0
0 0 0 0
0 0 0 0
0 0 0 0
0 0 0 0
0 0 0 0
0 0 0 0
0 0 0 0
0 0 0 0
0 0 0 0
0 0 0 0
0 0 0 0
0 0 0 0
0 0 0 0
0 0 0 0
0 0 0 0
0 0 0 0
0 0 0 0
0 0 0 0
0 0 0 0
0 0 0 0
0 0 0 0
0 0 0 0
0 0 0 0
0 0 0 0
0 0 0 0
0 0 0 0
0 0 0 0
0 0 0 0
0 0 0 0
0 0 0 0
0 0 0 0
0 0 0 0
0 0 0 0
0 0 0 0
0 0 0 0
0 0 0 0
0 0 0 0
0 0 0 0
0 0 0 0
0 0 0 0
0 0 0 0
0 0 0 0
0 0 0 0
0 0 0 0
0 0 0 0
0 0 0 0
0 0 0 0
0 0 0 0
0 0 0 0
0 0 0 0
0 0 0 0
0 0 0 0
0 0 0 0
0 0 0 0
0 0 0 0
0 0 0 0
0 0 0 0
0 0 0 0
0 0 0 0
0 0 0 0
0 0 0 0
0 0 0 0
0 0 0 0
0 0 0 0
0 0 0 0
0 0 0 0
0 0 0 0
0 0 0 0
0 0 0 0
0 0 0 0
0 0 0 0
0 0 0 0
0 0 0 0
0 0 0 0
0 0 0 0
0 0 0 0
0 0 0 0
0 0 0 0
0 0 0 0
0 0 0 0
0 0 0 0
0 0 0 0
0 0 0 0
0 0 0 0
0 0 0 0
0 0 0 0
0 0 0 0
0 0 0 0
0 0 0 0
0 0 0 0
0 0 0 0
0 0 0 0
0 0 0 0
0 0 0 0
0 0 0 0
0 0 0 0
0 0 0 0
0 0 0 0
0 0 0 0
0 0 0 0
0 0 0 0
0 0 0 0
0 0 0 0
0 0 0 0
0 0 0 0
0 0 0 0
0 0 0 0
0 0 0 0
0 0 0 0
0 0 0 0
0 0 0 0
0 0 0 0
0 0 0 0
0 0 0 0
0 0 0 0
0 0 0 0
0 0 0 0
0 0 0 0
0 0 0 0
0 0 0 0
0 0 0 0
0 0 0 0
0 0 0 0
0 0 0 0
0 0 0 0
0 0 0 0
0 0 0 0
0 0 0 0
0 0 0 0
0 0 0 0
0 0 0 0
0 0 0 0
0 0 0 0
0 0 0 0
0 0 0 0
0 0 0 0
0 0 0 0
0 0 0 0
0 0 0 0
0 0 0 0
0 0 0 0
0 0 0 0
0 0 0 0
0 0 0 0
0 0 0 0
0 0 0 0
0 0 0 0
0 0 0 0
0 0 0 0
0 0 0 0
0 0 0 0
0 0 0 0
0 0 0 0
0 0 0 0
0 0 0 0
0 0 0 0
0 0 0 0
0 0 0 0
0 0 0 0
0 0 0 0
0 0 0 0
0 0 0 0
0 0 0 0
0 0 0 0
0 0 0 0
0 0 0 0
0 0 0 0
0 0 0 0
0 0 0 0
0 0 0 0
0 0 0 0
0 0 0 0
0 0 0 0
0 0 0 0
0 0 0 0
0 0 0 0
0 0 0 0
0 0 0 0
0 0 0 0
0 0 0 0
0 0 0 0
0 0 0 0
0 0 0 0
0 0 0 0
0 0 0 0
0 0 0 0
0 0 0 0
0 0 0 0
0 0 0 0
0 0 0 0
0 0 0 0
0 0 0 0
0 0 0 0
0 0 0 0
0 0 0 0
0 0 0 0
0 0 0 0
0 0 0 0
0 0 0 0
0 0 0 0
0 0 0 0
0 0 0 0
0 0 0 0
0 0 0 0
0 0 0 0
0 0 0 0
0 0 0 0
0 0 0 0
0 0 0 0
0 0 0 0
0 0 0 0
0 0 0 0
0 0 0 0
0 0 0 0
0 0 0 0
0 0 0 0
0 0 0 0
0 0 0 0
0 0 0 0
0 0 0 0
0 0 0 0
0 0 0 0
0 0 0 0
0 0 0 0
0 0 0 0
0 0 0 0
0 0 0 0
0 0 0 0
0 0 0 0
0 0 0 0
0 0 0 0
0 0 0 0
0 0 0 0
0 0 0 0
0 0 0 0
0 0 0 0
0 0 0 0
0 0 0 0
0 0 0 0
0 0 0 0
0 0 0 0
0 0 0 0
0 0 0 0
0 0 0 0
0 0 0 0
0 0 0 0
0 0 0 0
0 0 0 0
0 0 0 0
0 0 0 0
0 0 0 0
0 0 0 0
0 0 0 0
0 0 0 0
0 0 0 0
0 0 0 0
0 0 0 0
0 0 0 0
0 0 0 0
0 0 0 0
0 0 0 0
0 0 0 0
0 0 0 0
0 0 0 0
0 0 0 0
0 0 0 0
0 0 0 0
0 0 0 0
0 0 0 0
0 0 0 0
0 0 0 0
0 0 0 0
0 0 0 0
0 0 0 0
0 0 0 0
0 0 0 0
0 0 0 0
0 0 0 0
0 0 0 0
0 0 0 0
0 0 0 0
0 0 0 0
0 0 0 0
0 0 0 0
0 0 0 0
0 0 0 0
0 0 0 0
0 0 0 0
0 0 0 0
0 0 0 0
0 0 0 0
0 0 0 0
0 0 0 0
0 0 0 0
0 0 0 0
0 0 0 0
0 0 0 0
0 0 0 0
0 0 0 0
0 0 0 0
0 0 0 0
0 0 0 0
0 0 0 0
0 0 0 0
0 0 0 0
0 0 0 0
0 0 0 0
0 0 0 0
0 0 0 0
0 0 0 0
0 0 0 0
0 0 0 0
0 0 0 0
0 0 0 0
0 0 0 0
0 0 0 0
0 0 0 0
0 0 0 0
0 0 0 0
0 0 0 0
0 0 0 0
0 0 0 0
0 0 0 0
0 0 0 0
0 0 0 0
0 0 0 0
0 0 0 0
0 0 0 0
0 0 0 0
0 0 0 0
0 0 0 0
0 0 0 0
0 0 0 0
0 0 0 0
0 0 0 0
0 0 0 0
0 0 0 0
0 0 0 0
0 0 0 0
0 0 0 0
0 0 0 0
0 0 0 0
0 0 0 0
0 0 0 0
0 0 0 0
0 0 0 0
0 0 0 0
0 0 0 0
0 0 0 0
0 0 0 0
0 0 0 0
0 0 0 0
0 0 0 0
0 0 0 0
0 0 0 0
0 0 0 0
0 0 0 0
0 0 0 0
0 0 0 0
0 0 0 0
0 0 0 -0.00075
0 0 0 -0.0015
0 0 0 -0.00225
0 0 0 -0.003
0 0 0 -0.00375
0 0 0 -0.0045
0 0 0 -0.00525
0 0 0 -0.006
0 0 0 -0.00675
0 0 0 -0.0075
0 0 0 -0.00825
0 0 0 -0.009
0 0 0 -0.00975
0 0 0 -0.0105
0 0 0 -0.01125
0 0 0 -0.012
0 0 0 -0.01275
0 0 0 -0.0135
0 0 0 -0.01425
0 0 0 -0.015
0 0 0 -0.01575
0 0 0 -0.0165
0 0 0 -0.01725
0 0 0 -0.018
0 0 0 -0.01875
0 0 0 -0.0195
0 0 0 -0.02025
0 0 0 -0.021
0 0 0 -0.02175
0 0 0 -0.0225
0 0 0 -0.02325
0 0 0 -0.024
0 0 0 -0.02475
0 0 0 -0.0255
0 0 0 -0.02625
0 0 0 -0.027
0 0 0 -0.02775
0 0 0 -0.0285
0 0 0 -0.02925
0 0 0 -0.03
0 0 0 -0.03075
0 0 0 -0.0315
0 0 0 -0.03225
0 0 0 -0.033
0 0 0 -0.03375
0 0 0 -0.0345
0 0 0 -0.03525
0 0 0 -0.036
0 0 0 -0.03675
0 0 0 -0.0375
0 0 0 -0.03825
0 0 0 -0.039
0 0 0 -0.03975
0 0 0 -0.0405
0 0 0 -0.04125
0 0 0 -0.042
0 0 0 -0.04275
0 0 0 -0.0435
0 0 0 -0.04425
0 0 0 -0.045
0 0 0 -0.04575
0 0 0 -0.0465
0 0 0 -0.04725
0 0 0 -0.048
0 0 0 -0.04875
0 0 0 -0.0495
0 0 0 -0.05025
0 0 0 -0.051
0 0 0 -0.05175
0 0 0 -0.0525
0 0 0 -0.05325
0 0 0 -0.054
0 0 0 -0.05475
0 0 0 -0.0555
0 0 0 -0.05625
0 0 0 -0.057
0 0 0 -0.05775
0 0 0 -0.0585
0 0 0 -0.05925
0 0 0 -0.06
0 0 0 -0.06075
0 0 0 -0.0615
0 0 0 -0.06225
0 0 0 -0.063
0 0 0 -0.06375
0 0 0 -0.0645
0 0 0 -0.06525
0 0 0 -0.066
0 0 0 -0.06675
0 0 0 -0.0675
0 0 0 -0.06825
0 0 0 -0.069
0 0 0 -0.06975
0 0 0 -0.0705
0 0 0 -0.07125
0 0 0 -0.072
0 0 0 -0.07275
0 0 0 -0.0735
0 0 0 -0.07425
0 0 0 -0.075
0 0 0 -0.07575
0 0 0 -0.0765
0 0 0 -0.07725
0 0 0 -0.078
0 0 0 -0.07875
0 0 0 -0.0795
0 0 0 -0.08025
0 0 0 -0.081
0 0 0 -0.08175
0 0 0 -0.0825
0 0 0 -0.08325
0 0 0 -0.084
0 0 0 -0.08475
0 0 0 -0.0855
0 0 0 -0.08625
0 0 0 -0.087
0 0 0 -0.08775
0 0 0 -0.0885
0 0 0 -0.08925
0 0 0 -0.09
0 0 0 -0.09075
0 0 0 -0.0915
0 0 0 -0.09225
0 0 0 -0.093
0 0 0 -0.09375
0 0 0 -0.0945
0 0 0 -0.09525
0 0 0 -0.096
0 0 0 -0.09675
0 0 0 -0.0975
0 0 0 -0.09825
0 0 0 -0.099
0 0 0 -0.09975
0 0 0 -0.1005
0 0 0 -0.10125
0 0 0 -0.102
0 0 0 -0.10275
0 0 0 -0.1035
0 0 0 -0.10425
0 0 0 -0.105
0 0 0 -0.10575
0 0 0 -0.1065
0 0 0 -0.10725
0 0 0 -0.108
0 0 0 -0.10875
0 0 0 -0.1095
0 0 0 -0.11025
0 0 0 -0.111
0 0 0 -0.11175
0 0 0 -0.1125
0 0 0 -0.11325
0 0 0 -0.114
0 0 0 -0.11475
0 0 0 -0.1155
0 0 0 -0.11625
0 0 0 -0.117
0 0 0 -0.11775
0 0 0 -0.1185
0 0 0 -0.11925
0 0 0 -0.12
0 0 0 -0.12075
0 0 0 -0.1215
0 0 0 -0.12225
0 0 0 -0.123
0 0 0 -0.12375
0 0 0 -0.1245
0 0 0 -0.12525
0 0 0 -0.126
0 0 0 -0.12675
0 0 0 -0.1275
0 0 0 -0.12825
0 0 0 -0.129
0 0 0 -0.12975
0 0 0 -0.1305
0 0 0 -0.13125
0 0 0 -0.132
0 0 0 -0.13275
0 0 0 -0.1335
0 0 0 -0.13425
0 0 0 -0.135
0 0 0 -0.13575
0 0 0 -0.1365
0 0 0 -0.13725
0 0 0 -0.138
0 0 0 -0.13875
0 0 0 -0.1395
0 0 0 -0.14025
0 0 0 -0.141
0 0 0 -0.14175
0 0 0 -0.1425
0 0 0 -0.14325
0 0 0 -0.144
0 0 0 -0.14475
0 0 0 -0.1455
0 0 0 -0.14625
0 0 0 -0.147
0 0 0 -0.14775
0 0 0 -0.1485
0 0 0 -0.14925
0 0 0 -0.15
0 0 0 -0.15
0 0 0 -0.15
0 0 0 -0.15
0 0 0 -0.15
0 0 0 -0.15
0 0 0 -0.15
0 0 0 -0.15
0 0 0 -0.15
0 0 0 -0.15
0 0 0 -0.15
0 0 0 -0.15
0 0 0 -0.15
0 0 0 -0.15
0 0 0 -0.15
0 0 0 -0.15
0 0 0 -0.15
0 0 0 -0.15
0 0 0 -0.15
0 0 0 -0.15
0 0 0 -0.15
0 0 0 -0.15
0 0 0 -0.15
0 0 0 -0.15
0 0 0 -0.15
0 0 0 -0.15
0 0 0 -0.15
0 0 0 -0.15
0 0 0 -0.15
0 0 0 -0.15
0 0 0 -0.15
0 0 0 -0.15
0 0 0 -0.15
0 0 0 -0.15
0 0 0 -0.15
0 0 0 -0.15
0 0 0 -0.15
0 0 0 -0.15
0 0 0 -0.15
0 0 0 -0.15
0 0 0 -0.15
0 0 0 -0.15
0 0 0 -0.15
0 0 0 -0.15
0 0 0 -0.15
0 0 0 -0.15
0 0 0 -0.15
0 0 0 -0.15
0 0 0 -0.15
0 0 0 -0.15
0 0 0 -0.15
0 0 0 -0.15
0 0 0 -0.15
0 0 0 -0.15
0 0 0 -0.15
0 0 0 -0.15
0 0 0 -0.15
0 0 0 -0.15
0 0 0 -0.15
0 0 0 -0.15
0 0 0 -0.15
0 0 0 -0.15
0 0 0 -0.15
0 0 0 -0.15
0 0 0 -0.15
0 0 0 -0.15
0 0 0 -0.15
0 0 0 -0.15
0 0 0 -0.15
0 0 0 -0.15
0 0 0 -0.15
0 0 0 -0.15
0 0 0 -0.15
0 0 0 -0.15
0 0 0 -0.15
0 0 0 -0.15
0 0 0 -0.15
0 0 0 -0.15
0 0 0 -0.15
0 0 0 -0.15
0 0 0 -0.15
0 0 0 -0.15
0 0 0 -0.15
0 0 0 -0.15
0 0 0 -0.15
0 0 0 -0.15
0 0 0 -0.15
0 0 0 -0.15
0 0 0 -0.15
0 0 0 -0.15
0 0 0 -0.15
0 0 0 -0.15
0 0 0 -0.15
0 0 0 -0.15
0 0 0 -0.15
0 0 0 -0.15
0 0 0 -0.15
0 0 0 -0.15
0 0 0 -0.15
0 0 0 -0.15
0 0 0 -0.15
0 0 0 -0.15
0 0 0 -0.15
0 0 0 -0.15
0 0 0 -0.15
0 0 0 -0.15
0 0 0 -0.15
0 0 0 -0.15
0 0 0 -0.15
0 0 0 -0.15
0 0 0 -0.15
0 0 0 -0.15
0 0 0 -0.15
0 0 0 -0.15
0 0 0 -0.15
0 0 0 -0.15
0 0 0 -0.15
0 0 0 -0.15
0 0 0 -0.15
0 0 0 -0.15
0 0 0 -0.15
0 0 0 -0.15
0 0 0 -0.15
0 0 0 -0.15
0 0 0 -0.15
0 0 0 -0.15
0 0 0 -0.15
0 0 0 -0.15
0 0 0 -0.15
0 0 0 -0.15
0 0 0 -0.15
0 0 0 -0.15
0 0 0 -0.15
0 0 0 -0.15
0 0 0 -0.15
0 0 0 -0.15
0 0 0 -0.15
0 0 0 -0.15
0 0 0 -0.15
0 0 0 -0.15
0 0 0 -0.15
0 0 0 -0.15
0 0 0 -0.15
0 0 0 -0.15
0 0 0 -0.15
0 0 0 -0.15
0 0 0 -0.15
0 0 0 -0.15
0 0 0 -0.15
0 0 0 -0.15
0 0 0 -0.15
0 0 0 -0.15
0 0 0 -0.15
0 0 0 -0.15
0 0 0 -0.15
0 0 0 -0.15
0 0 0 -0.15
0 0 0 -0.15
0 0 0 -0.15
0 0 0 -0.15
0 0 0 -0.15
0 0 0 -0.15
0 0 0 -0.15
0 0 0 -0.15
0 0 0 -0.15
0 0 0 -0.15
0 0 0 -0.15
0 0 0 -0.15
0 0 0 -0.15
0 0 0 -0.15
0 0 0 -0.15
0 0 0 -0.15
0 0 0 -0.15
0 0 0 -0.15
0 0 0 -0.15
0 0 0 -0.15
0 0 0 -0.15
0 0 0 -0.15
0 0 0 -0.15
0 0 0 -0.15
0 0 0 -0.15
0 0 0 -0.15
0 0 0 -0.15
0 0 0 -0.15
0 0 0 -0.15
0 0 0 -0.15
0 0 0 -0.15
0 0 0 -0.15
0 0 0 -0.15
0 0 0 -0.15
0 0 0 -0.15
0 0 0 -0.15
0 0 0 -0.15
0 0 0 -0.15
0 0 0 -0.15
0 0 0 -0.15
0 0 0 -0.15
0 0 0 -0.15
0 0 0 -0.15
0 0 0 -0.15
0 0 0 -0.15
0 0 0 -0.15
0 0 0 -0.15
0 0 0 -0.15
0 0 0 -0.15
0 0 0 -0.15
0 0 0 -0.15
0 0 0 -0.15
0 0 0 -0.15
0 0 0 -0.15
0 0 0 -0.15
0 0 0 -0.15
0 0 0 -0.15
0 0 0 -0.15
0 0 0 -0.15
0 0 0 -0.15
0 0 0 -0.15
0 0 0 -0.15
0 0 0 -0.15
0 0 0 -0.15
0 0 0 -0.15
0 0 0 -0.15
0 0 0 -0.15
0 0 0 -0.15
0 0 0 -0.15
0 0 0 -0.15
0 0 0 -0.15
0 0 0 -0.15
0 0 0 -0.15
0 0 0 -0.15
0 0 0 -0.15
0 0 0 -0.15
0 0 0 -0.15
0 0 0 -0.15
0 0 0 -0.15
0 0 0 -0.15
0 0 0 -0.15
0 0 0 -0.15
0 0 0 -0.15
0 0 0 -0.15
0 0 0 -0.15
0 0 0 -0.15
0 0 0 -0.15
0 0 0 -0.15
0 0 0 -0.15
0 0 0 -0.15
0 0 0 -0.15
0 0 0 -0.15
0 0 0 -0.15
0 0 0 -0.15
0 0 0 -0.15
0 0 0 -0.15
0 0 0 -0.15
0 0 0 -0.15
0 0 0 -0.15
0 0 0 -0.15
0 0 0 -0.15
0 0 0 -0.15
0 0 0 -0.15
0 0 0 -0.15
0 0 0 -0.15
0 0 0 -0.15
0 0 0 -0.15
0 0 0 -0.15
0 0 0 -0.15
0 0 0 -0.15
0 0 0 -0.15
0 0 0 -0.15
0 0 0 -0.15
0 0 0 -0.15
0 0 0 -0.15
0 0 0 -0.15
0 0 0 -0.15
0 0 0 -0.15
0 0 0 -0.15
0 0 0 -0.15
0 0 0 -0.15
0 0 0 -0.15
0 0 0 -0.15
0 0 0 -0.15
0 0 0 -0.15
0 0 0 -0.15
0 0 0 -0.15
0 0 0 -0.15
0 0 0 -0.15
0 0 0 -0.15
0 0 0 -0.15
0 0 0 -0.15
0 0 0 -0.15
0 0 0 -0.15
0 0 0 -0.15
0 0 0 -0.15
0 0 0 -0.15
0 0 0 -0.15
0 0 0 -0.15
0 0 0 -0.15
0 0 0 -0.15
0 0 0 -0.15
0 0 0 -0.15
0 0 0 -0.15
0 0 0 -0.15
0 0 0 -0.15
0 0 0 -0.15
0 0 0 -0.15
0 0 0 -0.15
0 0 0 -0.15
0 0 0 -0.15
0 0 0 -0.15
0 0 0 -0.15
0 0 0 -0.15
0 0 0 -0.15
0 0 0 -0.15
0 0 0 -0.15
0 0 0 -0.15
0 0 0 -0.15
0 0 0 -0.15
0 0 0 -0.15
0 0 0 -0.15
0 0 0 -0.15
0 0 0 -0.15
0 0 0 -0.15
0 0 0 -0.15
0 0 0 -0.15
0 0 0 -0.15
0 0 0 -0.15
0 0 0 -0.15
0 0 0 -0.15
0 0 0 -0.15
0 0 0 -0.15
0 0 0 -0.15
0 0 0 -0.15
0 0 0 -0.15
0 0 0 -0.15
0 0 0 -0.15
0 0 0 -0.15
0 0 0 -0.15
0 0 0 -0.15
0 0 0 -0.15
0 0 0 -0.15
0 0 0 -0.15
0 0 0 -0.15
0 0 0 -0.15
0 0 0 -0.15
0 0 0 -0.15
0 0 0 -0.15
0 0 0 -0.15
0 0 0 -0.15
0 0 0 -0.15
0 0 0 -0.15
0 0 0 -0.15
0 0 0 -0.15
0 0 0 -0.15
0 0 0 -0.15
0 0 0 -0.15
0 0 0 -0.15
0 0 0 -0.15
0 0 0 -0.15
0 0 0 -0.15
0 0 0 -0.15
0 0 0 -0.15
0 0 0 -0.15
0 0 0 -0.15
0 0 0 -0.15
0 0 0 -0.15
0 0 0 -0.15
0 0 0 -0.15
0 0 0 -0.15
0 0 0 -0.15
0 0 0 -0.15
0 0 0 -0.15
0 0 0 -0.15
0 0 0 -0.15
0 0 0 -0.15
0 0 0 -0.15
0 0 0 -0.15
0 0 0 -0.15
0 0 0 -0.15
0 0 0 -0.15
0 0 0 -0.15
0 0 0 -0.15
0 0 0 -0.15
0 0 0 -0.15
0 0 0 -0.15
0 0 0 -0.15
0 0 0 -0.15
0 0 0 -0.15
0 0 0 -0.15
0 0 0 -0.15
0 0 0 -0.15
0 0 0 -0.15
0 0 0 -0.15
0 0 0 -0.15
0 0 0 -0.15
0 0 0 -0.15
0 0 0 -0.15
0 0 0 -0.15
0 0 0 -0.15
0 0 0 -0.15
0 0 0 -0.15
0 0 0 -0.15
0 0 0 -0.15
0 0 0 -0.15
0 0 0 -0.14925
0 0 0 -0.1485
0 0 0 -0.14775
0 0 0 -0.147
0 0 0 -0.14625
0 0 0 -0.1455
0 0 0 -0.14475
0 0 0 -0.144
0 0 0 -0.14325
0 0 0 -0.1425
0 0 0 -0.14175
0 0 0 -0.141
0 0 0 -0.14025
0 0 0 -0.1395
0 0 0 -0.13875
0 0 0 -0.138
0 0 0 -0.13725
0 0 0 -0.1365
0 0 0 -0.13575
0 0 0 -0.135
0 0 0 -0.13425
0 0 0 -0.1335
0 0 0 -0.13275
0 0 0 -0.132
0 0 0 -0.13125
0 0 0 -0.1305
0 0 0 -0.12975
0 0 0 -0.129
0 0 0 -0.12825
0 0 0 -0.1275
0 0 0 -0.12675
0 0 0 -0.126
0 0 0 -0.12525
0 0 0 -0.1245
0 0 0 -0.12375
0 0 0 -0.123
0 0 0 -0.12225
0 0 0 -0.1215
0 0 0 -0.12075
0 0 0 -0.12
0 0 0 -0.11925
0 0 0 -0.1185
0 0 0 -0.11775
0 0 0 -0.117
0 0 0 -0.11625
0 0 0 -0.1155
0 0 0 -0.11475
0 0 0 -0.114
0 0 0 -0.11325
0 0 0 -0.1125
0 0 0 -0.11175
0 0 0 -0.111
0 0 0 -0.11025
0 0 0 -0.1095
0 0 0 -0.10875
0 0 0 -0.108
0 0 0 -0.10725
0 0 0 -0.1065
0 0 0 -0.10575
0 0 0 -0.105
0 0 0 -0.10425
0 0 0 -0.1035
0 0 0 -0.10275
0 0 0 -0.102
0 0 0 -0.10125
0 0 0 -0.1005
0 0 0 -0.09975
0 0 0 -0.099
0 0 0 -0.09825
0 0 0 -0.0975
0 0 0 -0.09675
0 0 0 -0.096
0 0 0 -0.09525
0 0 0 -0.0945
0 0 0 -0.09375
0 0 0 -0.093
0 0 0 -0.09225
0 0 0 -0.0915
0 0 0 -0.09075
0 0 0 -0.09
0 0 0 -0.08925
0 0 0 -0.0885
0 0 0 -0.08775
0 0 0 -0.087
0 0 0 -0.08625
0 0 0 -0.0855
0 0 0 -0.08475
0 0 0 -0.084
0 0 0 -0.08325
0 0 0 -0.0825
0 0 0 -0.08175
0 0 0 -0.081
0 0 0 -0.08025
0 0 0 -0.0795
0 0 0 -0.07875
0 0 0 -0.078
0 0 0 -0.07725
0 0 0 -0.0765
0 0 0 -0.07575
0 0 0 -0.075
0 0 0 -0.07425
0 0 0 -0.0735
0 0 0 -0.07275
0 0 0 -0.072
0 0 0 -0.07125
0 0 0 -0.0705
0 0 0 -0.06975
0 0 0 -0.069
0 0 0 -0.06825
0 0 0 -0.0675
0 0 0 -0.06675
0 0 0 -0.066
0 0 0 -0.06525
0 0 0 -0.0645
0 0 0 -0.06375
0 0 0 -0.063
0 0 0 -0.06225
0 0 0 -0.0615
0 0 0 -0.06075
0 0 0 -0.06
0 0 0 -0.05925
0 0 0 -0.0585
0 0 0 -0.05775
0 0 0 -0.057
0 0 0 -0.05625
0 0 0 -0.0555
0 0 0 -0.05475
0 0 0 -0.054
0 0 0 -0.05325
0 0 0 -0.0525
0 0 0 -0.05175
0 0 0 -0.051
0 0 0 -0.05025
0 0 0 -0.0495
0 0 0 -0.04875
0 0 0 -0.048
0 0 0 -0.04725
0 0 0 -0.0465
0 0 0 -0.04575
0 0 0 -0.045
0 0 0 -0.04425
0 0 0 -0.0435
0 0 0 -0.04275
0 0 0 -0.042
0 0 0 -0.04125
0 0 0 -0.0405
0 0 0 -0.03975
0 0 0 -0.039
0 0 0 -0.03825
0 0 0 -0.0375
0 0 0 -0.03675
0 0 0 -0.036
0 0 0 -0.03525
0 0 0 -0.0345
0 0 0 -0.03375
0 0 0 -0.033
0 0 0 -0.03225
0 0 0 -0.0315
0 0 0 -0.03075
0 0 0 -0.03
0 0 0 -0.02925
0 0 0 -0.0285
0 0 0 -0.02775
0 0 0 -0.027
0 0 0 -0.02625
0 0 0 -0.0255
0 0 0 -0.02475
0 0 0 -0.024
0 0 0 -0.02325
0 0 0 -0.0225
0 0 0 -0.02175
0 0 0 -0.021
0 0 0 -0.02025
0 0 0 -0.0195
0 0 0 -0.01875
0 0 0 -0.018
0 0 0 -0.01725
0 0 0 -0.0165
0 0 0 -0.01575
0 0 0 -0.015
0 0 0 -0.01425
0 0 0 -0.0135
0 0 0 -0.01275
0 0 0 -0.012
0 0 0 -0.01125
0 0 0 -0.0105
0 0 0 -0.00975
0 0 0 -0.009
0 0 0 -0.00825
0 0 0 -0.0075
0 0 0 -0.00675
0 0 0 -0.006
0 0 0 -0.00525
0 0 0 -0.0045
0 0 0 -0.00375
0 0 0 -0.003
0 0 0 -0.00225
0 0 0 -0.0015
0 0 0 -0.00075
0 0 0 0
0 0 0 0
0 0 0 0
0 0 0 0
0 0 0 0
0 0 0 0
0 0 0 0
0 0 0 0
0 0 0 0
0 0 0 0
0 0 0 0
0 0 0 0
0 0 0 0
0 0 0 0
0 0 0 0
0 0 0 0
0 0 0 0
0 0 0 0
0 0 0 0
0 0 0 0
0 0 0 0
0 0 0 0
0 0 0 0
0 0 0 0
0 0 0 0
0 0 0 0
0 0 0 0
0 0 0 0
0 0 0 0
0 0 0 0
0 0 0 0
0 0 0 0
0 0 0 0
0 0 0 0
0 0 0 0
0 0 0 0
0 0 0 0
0 0 0 0
0 0 0 0
0 0 0 0
0 0 0 0
0 0 0 0
0 0 0 0
0 0 0 0
0 0 0 0
0 0 0 0
0 0 0 0
0 0 0 0
0 0 0 0
0 0 0 0
0 0 0 0
0 0 0 0
0 0 0 0
0 0 0 0
0 0 0 0
0 0 0 0
0 0 0 0
0 0 0 0
0 0 0 0
0 0 0 0
0 0 0 0
0 0 0 0
0 0 0 0
0 0 0 0
0 0 0 0
0 0 0 0
0 0 0 0
0 0 0 0
0 0 0 0
0 0 0 0
0 0 0 0
0 0 0 0
0 0 0 0
0 0 0 0
0 0 0 0
0 0 0 0
0 0 0 0
0 0 0 0
0 0 0 0
0 0 0 0
0 0 0 0
0 0 0 0
0 0 0 0
0 0 0 0
0 0 0 0
0 0 0 0
0 0 0 0
0 0 0 0
0 0 0 0
0 0 0 0
0 0 0 0
0 0 0 0
0 0 0 0
0 0 0 0
0 0 0 0
0 0 0 0
0 0 0 0
0 0 0 0
0 0 0 0
0 0 0 0
0 0 0 0
0 0 0 0
0 0 0 0
0 0 0 0
0 0 0 0
0 0 0 0
0 0 0 0
0 0 0 0
0 0 0 0
0 0 0 0
0 0 0 0
0 0 0 0
0 0 0 0
0 0 0 0
0 0 0 0
0 0 0 0
0 0 0 0
0 0 0 0
0 0 0 0
0 0 0 0
0 0 0 0
0 0 0 0
0 0 0 0
0 0 0 0
0 0 0 0
0 0 0 0
0 0 0 0
0 0 0 0
0 0 0 0
0 0 0 0
0 0 0 0
0 0 0 0
0 0 0 0
0 0 0 0
0 0 0 0
0 0 0 0
0 0 0 0
0 0 0 0
0 0 0 0
0 0 0 0
0 0 0 0
0 0 0 0
0 0 0 0
0 0 0 0
0 0 0 0
0 0 0 0
0 0 0 0
0 0 0 0
0 0 0 0
0 0 0 0
0 0 0 0
0 0 0 0
0 0 0 0
0 0 0 0
0 0 0 0
0 0 0 0
0 0 0 0
0 0 0 0
0 0 0 0
0 0 0 0
0 0 0 0
0 0 0 0
0 0 0 0
0 0 0 0
0 0 0 0
0 0 0 0
0 0 0 0
0 0 0 0
0 0 0 0
0 0 0 0
0 0 0 0
0 0 0 0
0 0 0 0
0 0 0 0
0 0 0 0
0 0 0 0
0 0 0 0
0 0 0 0
0 0 0 0
0 0 0 0
0 0 0 0
0 0 0 0
0 0 0 0
0 0 0 0
0 0 0 0
0 0 0 0
0 0 0 0
0 0 0 0
0 0 0 0
0 0 0 0
0 0 0 0
0 0 0 0
0 0 0 0
0 0 0 0
0 0 0 0
0 0 0 0
0 0 0 0
0 0 0 0
0 0 0 0
0 0 0 0
0 0 0 0
0 0 0 0
0 0 0 0
0 0 0 0
0 0 0 0
0 0 0 0
0 0 0 0
0 0 0 0
0 0 0 0
0 0 0 0
0 0 0 0
0 0 0 0
0 0 0 0
0 0 0 0
0 0 0 0
0 0 0 0
0 0 0 0
0 0 0 0
0 0 0 0
0 0 0 0
0 0 0 0
0 0 0 0
0 0 0 0
0 0 0 0
0 0 0 0
0 0 0 0
0 0 0 0
0 0 0 0
0 0 0 0
0 0 0 0
0 0 0 0
0 0 0 0
0 0 0 0
0 0 0 0
0 0 0 0
0 0 0 0
0 0 0 0
0 0 0 0
0 0 0 0
0 0 0 0
0 0 0 0
0 0 0 0
0 0 0 0
0 0 0 0
0 0 0 0
0 0 0 0
0 0 0 0
0 0 0 0
0 0 0 0
0 0 0 0
0 0 0 0
0 0 0 0
0 0 0 0
0 0 0 0
0 0 0 0
0 0 0 0
0 0 0 0
0 0 0 0
0 0 0 0
0 0 0 0
0 0 0 0
0 0 0 0
0 0 0 0
0 0 0 0
0 0 0 0
0 0 0 0
0 0 0 0
0 0 0 0
0 0 0 0
0 0 0 0
0 0 0 0
0 0 0 0
0 0 0 0
0 0 0 0
0 0 0 0
0 0 0 0
0 0 0 0
0 0 0 0
0 0 0 0
0 0 0 0
0 0 0 0
0 0 0 0
0 0 0 0
0 0 0 0
0 0 0 0
0 0 0 0
0 0 0 0
0 0 0 0
0 0 0 0
0 0 0 0
0 0 0 0
0 0 0 0
0 0 0 0
0 0 0 0
0 0 0 0
0 0 0 0
0 0 0 0
0 0 0 0
0 0 0 0
0 0 0 0
0 0 0 0
0 0 0 0
0 0 0 0
0 0 0 0
0 0 0 0
0 0 0 0
0 0 0 0
0 0 0 0
0 0 0 0
0 0 0 0
0 0 0 0
0 0 0 0
0 0 0 0
0 0 0 0
0 0 0 0
0 0 0 0
0 0 0 0
0 0 0 0
0 0 0 0
0 0 0 0
0 0 0 0
0 0 0 0
0 0 0 0
0 0 0 0
0 0 0 0
0 0 0 0
0 0 0 0
0 0 0 0
0 0 0 0
0 0 0 0
0 0 0 0
0 0 0 0
0 0 0 0
0 0 0 0
0 0 0 0
0 0 0 0
0 0 0 0
0 0 0 0
0 0 0 0
0 0 0 0
0 0 0 0
0 0 0 0
0 0 0 0
0 0 0 0
0 0 0 0
0 0 0 0
0 0 0 0
0 0 0 0
0 0 0 0
0 0 0 0
0 0 0 0
0 0 0 0
0 0 0 0
0 0 0 0
0 0 0 0
0 0 0 0
0 0 0 0
0 0 0 0
0 0 0 0
0 0 0 0
0 0 0 0
0 0 0 0
0 0 0 0
0 0 0 0
0 0 0 0
0 0 0 0
0 0 0 0
0 0 0 0
0 0 0 0
0 0 0 0
0 0 0 0
0 0 0 0
0 0 0 0
0 0 0 0
0 0 0 0
0 0 0 0
0 0 0 0
0 0 0 0
0 0 0 0
0 0 0 0
0 0 0 0
0 0 0 0
0 0 0 0
0 0 0 0
0 0 0 0
0 0 0 0
0 0 0 0
0 0 0 0
0 0 0 0
0 0 0 0
0 0 0 0
0 0 0 0
0 0 0 0
0 0 0 0
0 0 0 0
0 0 0 0
0 0 0 0
0 0 0 0
0 0 0 0
0 0 0 0
0 0 0 0
0 0 0 0
0 0 0 -0.00075
0 0 0 -0.0015
0 0 0 -0.00225
0 0 0 -0.003
0 0 0 -0.00375
0 0 0 -0.0045
0 0 0 -0.00525
0 0 0 -0.006
0 0 0 -0.00675
0 0 0 -0.0075
0 0 0 -0.00825
0 0 0 -0.009
0 0 0 -0.00975
0 0 0 -0.0105
0 0 0 -0.01125
0 0 0 -0.012
0 0 0 -0.01275
0 0 0 -0.0135
0 0 0 -0.01425
0 0 0 -0.015
0 0 0 -0.01575
0 0 0 -0.0165
0 0 0 -0.01725
0 0 0 -0.018
0 0 0 -0.01875
0 0 0 -0.0195
0 0 0 -0.02025
0 0 0 -0.021
0 0 0 -0.02175
0 0 0 -0.0225
0 0 0 -0.02325
0 0 0 -0.024
0 0 0 -0.02475
0 0 0 -0.0255
0 0 0 -0.02625
0 0 0 -0.027
0 0 0 -0.02775
0 0 0 -0.0285
0 0 0 -0.02925
0 0 0 -0.03
0 0 0 -0.03075
0 0 0 -0.0315
0 0 0 -0.03225
0 0 0 -0.033
0 0 0 -0.03375
0 0 0 -0.0345
0 0 0 -0.03525
0 0 0 -0.036
0 0 0 -0.03675
0 0 0 -0.0375
0 0 0 -0.03825
0 0 0 -0.039
0 0 0 -0.03975
0 0 0 -0.0405
0 0 0 -0.04125
0 0 0 -0.042
0 0 0 -0.04275
0 0 0 -0.0435
0 0 0 -0.04425
0 0 0 -0.045
0 0 0 -0.04575
0 0 0 -0.0465
0 0 0 -0.04725
0 0 0 -0.048
0 0 0 -0.04875
0 0 0 -0.0495
0 0 0 -0.05025
0 0 0 -0.051
0 0 0 -0.05175
0 0 0 -0.0525
0 0 0 -0.05325
0 0 0 -0.054
0 0 0 -0.05475
0 0 0 -0.0555
0 0 0 -0.05625
0 0 0 -0.057
0 0 0 -0.05775
0 0 0 -0.0585
0 0 0 -0.05925
0 0 0 -0.06
0 0 0 -0.06075
0 0 0 -0.0615
0 0 0 -0.06225
0 0 0 -0.063
0 0 0 -0.06375
0 0 0 -0.0645
0 0 0 -0.06525
0 0 0 -0.066
0 0 0 -0.06675
0 0 0 -0.0675
0 0 0 -0.06825
0 0 0 -0.069
0 0 0 -0.06975
0 0 0 -0.0705
0 0 0 -0.07125
0 0 0 -0.072
0 0 0 -0.07275
0 0 0 -0.0735
0 0 0 -0.07425
0 0 0 -0.075
0 0 0 -0.07575
0 0 0 -0.0765
0 0 0 -0.07725
0 0 0 -0.078
0 0 0 -0.07875
0 0 0 -0.0795
0 0 0 -0.08025
0 0 0 -0.081
0 0 0 -0.08175
0 0 0 -0.0825
0 0 0 -0.08325
0 0 0 -0.084
0 0 0 -0.08475
0 0 0 -0.0855
0 0 0 -0.08625
0 0 0 -0.087
0 0 0 -0.08775
0 0 0 -0.0885
0 0 0 -0.08925
0 0 0 -0.09
0 0 0 -0.09075
0 0 0 -0.0915
0 0 0 -0.09225
0 0 0 -0.093
0 0 0 -0.09375
0 0 0 -0.0945
0 0 0 -0.09525
0 0 0 -0.096
0 0 0 -0.09675
0 0 0 -0.0975
0 0 0 -0.09825
0 0 0 -0.099
0 0 0 -0.09975
0 0 0 -0.1005
0 0 0 -0.10125
0 0 0 -0.102
0 0 0 -0.10275
0 0 0 -0.1035
0 0 0 -0.10425
0 0 0 -0.105
0 0 0 -0.10575
0 0 0 -0.1065
0 0 0 -0.10725
0 0 0 -0.108
0 0 0 -0.10875
0 0 0 -0.1095
0 0 0 -0.11025
0 0 0 -0.111
0 0 0 -0.11175
0 0 0 -0.1125
0 0 0 -0.11325
0 0 0 -0.114
0 0 0 -0.11475
0 0 0 -0.1155
0 0 0 -0.11625
0 0 0 -0.117
0 0 0 -0.11775
0 0 0 -0.1185
0 0 0 -0.11925
0 0 0 -0.12
0 0 0 -0.12075
0 0 0 -0.1215
0 0 0 -0.12225
0 0 0 -0.123
0 0 0 -0.12375
0 0 0 -0.1245
0 0 0 -0.12525
0 0 0 -0.126
0 0 0 -0.12675
0 0 0 -0.1275
0 0 0 -0.12825
0 0 0 -0.129
0 0 0 -0.12975
0 0 0 -0.1305
0 0 0 -0.13125
0 0 0 -0.132
0 0 0 -0.13275
0 0 0 -0.1335
0 0 0 -0.13425
0 0 0 -0.135
0 0 0 -0.13575
0 0 0 -0.1365
0 0 0 -0.13725
0 0 0 -0.138
0 0 0 -0.13875
0 0 0 -0.1395
0 0 0 -0.14025
0 0 0 -0.141
0 0 0 -0.14175
0 0 0 -0.1425
0 0 0 -0.14325
0 0 0 -0.144
0 0 0 -0.14475
0 0 0 -0.1455
0 0 0 -0.14625
0 0 0 -0.147
0 0 0 -0.14775
0 0 0 -0.1485
0 0 0 -0.14925
0 0 0 -0.15
0 0 0 -0.15
0 0 0 -0.15
0 0 0 -0.15
0 0 0 -0.15
0 0 0 -0.15
0 0 0 -0.15
0 0 0 -0.15
0 0 0 -0.15
0 0 0 -0.15
0 0 0 -0.15
0 0 0 -0.15
0 0 0 -0.15
0 0 0 -0.15
0 0 0 -0.15
0 0 0 -0.15
0 0 0 -0.15
0 0 0 -0.15
0 0 0 -0.15
0 0 0 -0.15
0 0 0 -0.15
0 0 0 -0.15
0 0 0 -0.15
0 0 0 -0.15
0 0 0 -0.15
0 0 0 -0.15
0 0 0 -0.15
0 0 0 -0.15
0 0 0 -0.15
0 0 0 -0.15
0 0 0 -0.15
0 0 0 -0.15
0 0 0 -0.15
0 0 0 -0.15
0 0 0 -0.15
0 0 0 -0.15
0 0 0 -0.15
0 0 0 -0.15
0 0 0 -0.15
0 0 0 -0.15
0 0 0 -0.15
0 0 0 -0.15
0 0 0 -0.15
0 0 0 -0.15
0 0 0 -0.15
0 0 0 -0.15
0 0 0 -0.15
0 0 0 -0.15
0 0 0 -0.15
0 0 0 -0.15
0 0 0 -0.15
0 0 0 -0.15
0 0 0 -0.15
0 0 0 -0.15
0 0 0 -0.15
0 0 0 -0.15
0 0 0 -0.15
0 0 0 -0.15
0 0 0 -0.15
0 0 0 -0.15
0 0 0 -0.15
0 0 0 -0.15
0 0 0 -0.15
0 0 0 -0.15
0 0 0 -0.15
0 0 0 -0.15
0 0 0 -0.15
0 0 0 -0.15
0 0 0 -0.15
0 0 0 -0.15
0 0 0 -0.15
0 0 0 -0.15
0 0 0 -0.15
0 0 0 -0.15
0 0 0 -0.15
0 0 0 -0.15
0 0 0 -0.15
0 0 0 -0.15
0 0 0 -0.15
0 0 0 -0.15
0 0 0 -0.15
0 0 0 -0.15
0 0 0 -0.15
0 0 0 -0.15
0 0 0 -0.15
0 0 0 -0.15
0 0 0 -0.15
0 0 0 -0.15
0 0 0 -0.15
0 0 0 -0.15
0 0 0 -0.15
0 0 0 -0.15
0 0 0 -0.15
0 0 0 -0.15
0 0 0 -0.15
0 0 0 -0.15
0 0 0 -0.15
0 0 0 -0.15
0 0 0 -0.15
0 0 0 -0.15
0 0 0 -0.15
0 0 0 -0.15
0 0 0 -0.15
0 0 0 -0.15
0 0 0 -0.15
0 0 0 -0.15
0 0 0 -0.15
0 0 0 -0.15
0 0 0 -0.15
0 0 0 -0.15
0 0 0 -0.15
0 0 0 -0.15
0 0 0 -0.15
0 0 0 -0.15
0 0 0 -0.15
0 0 0 -0.15
0 0 0 -0.15
0 0 0 -0.15
0 0 0 -0.15
0 0 0 -0.15
0 0 0 -0.15
0 0 0 -0.15
0 0 0 -0.15
0 0 0 -0.15
0 0 0 -0.15
0 0 0 -0.15
0 0 0 -0.15
0 0 0 -0.15
0 0 0 -0.15
0 0 0 -0.15
0 0 0 -0.15
0 0 0 -0.15
0 0 0 -0.15
0 0 0 -0.15
0 0 0 -0.15
0 0 0 -0.15
0 0 0 -0.15
0 0 0 -0.15
0 0 0 -0.15
0 0 0 -0.15
0 0 0 -0.15
0 0 0 -0.15
0 0 0 -0.15
0 0 0 -0.15
0 0 0 -0.15
0 0 0 -0.15
0 0 0 -0.15
0 0 0 -0.15
0 0 0 -0.15
0 0 0 -0.15
0 0 0 -0.15
0 0 0 -0.15
0 0 0 -0.15
0 0 0 -0.15
0 0 0 -0.15
0 0 0 -0.15
0 0 0 -0.15
0 0 0 -0.15
0 0 0 -0.15
0 0 0 -0.15
0 0 0 -0.15
0 0 0 -0.15
0 0 0 -0.15
0 0 0 -0.15
0 0 0 -0.15
0 0 0 -0.15
0 0 0 -0.15
0 0 0 -0.15
0 0 0 -0.15
0 0 0 -0.15
0 0 0 -0.15
0 0 0 -0.15
0 0 0 -0.15
0 0 0 -0.15
0 0 0 -0.15
0 0 0 -0.15
0 0 0 -0.15
0 0 0 -0.15
0 0 0 -0.15
0 0 0 -0.15
0 0 0 -0.15
0 0 0 -0.15
0 0 0 -0.15
0 0 0 -0.15
0 0 0 -0.15
0 0 0 -0.15
0 0 0 -0.15
0 0 0 -0.15
0 0 0 -0.15
0 0 0 -0.15
0 0 0 -0.15
0 0 0 -0.15
0 0 0 -0.15
0 0 0 -0.15
0 0 0 -0.15
0 0 0 -0.15
0 0 0 -0.15
0 0 0 -0.15
0 0 0 -0.15
0 0 0 -0.15
0 0 0 -0.15
0 0 0 -0.15
0 0 0 -0.15
0 0 0 -0.15
0 0 0 -0.15
0 0 0 -0.15
0 0 0 -0.15
0 0 0 -0.15
0 0 0 -0.15
0 0 0 -0.15
0 0 0 -0.15
0 0 0 -0.15
0 0 0 -0.15
0 0 0 -0.15
0 0 0 -0.15
0 0 0 -0.15
0 0 0 -0.15
0 0 0 -0.15
0 0 0 -0.15
0 0 0 -0.15
0 0 0 -0.15
0 0 0 -0.15
0 0 0 -0.15
0 0 0 -0.15
0 0 0 -0.15
0 0 0 -0.15
0 0 0 -0.15
0 0 0 -0.15
0 0 0 -0.15
0 0 0 -0.15
0 0 0 -0.15
0 0 0 -0.15
0 0 0 -0.15
0 0 0 -0.15
0 0 0 -0.15
0 0 0 -0.15
0 0 0 -0.15
0 0 0 -0.15
0 0 0 -0.15
0 0 0 -0.15
0 0 0 -0.15
0 0 0 -0.15
0 0 0 -0.15
0 0 0 -0.15
0 0 0 -0.15
0 0 0 -0.15
0 0 0 -0.15
0 0 0 -0.15
0 0 0 -0.15
0 0 0 -0.15
0 0 0 -0.15
0 0 0 -0.15
0 0 0 -0.15
0 0 0 -0.15
0 0 0 -0.15
0 0 0 -0.15
0 0 0 -0.15
0 0 0 -0.15
0 0 0 -0.15
0 0 0 -0.15
0 0 0 -0.15
0 0 0 -0.15
0 0 0 -0.15
0 0 0 -0.15
0 0 0 -0.15
0 0 0 -0.15
0 0 0 -0.15
0 0 0 -0.15
0 0 0 -0.15
0 0 0 -0.15
0 0 0 -0.15
0 0 0 -0.15
0 0 0 -0.15
0 0 0 -0.15
0 0 0 -0.15
0 0 0 -0.15
0 0 0 -0.15
0 0 0 -0.15
0 0 0 -0.15
0 0 0 -0.15
0 0 0 -0.15
0 0 0 -0.15
0 0 0 -0.15
0 0 0 -0.15
0 0 0 -0.15
0 0 0 -0.15
0 0 0 -0.15
0 0 0 -0.15
0 0 0 -0.15
0 0 0 -0.15
0 0 0 -0.15
0 0 0 -0.15
0 0 0 -0.15
0 0 0 -0.15
0 0 0 -0.15
0 0 0 -0.15
0 0 0 -0.15
0 0 0 -0.15
0 0 0 -0.15
0 0 0 -0.15
0 0 0 -0.15
0 0 0 -0.15
0 0 0 -0.15
0 0 0 -0.15
0 0 0 -0.15
0 0 0 -0.15
0 0 0 -0.15
0 0 0 -0.15
0 0 0 -0.15
0 0 0 -0.15
0 0 0 -0.15
0 0 0 -0.15
0 0 0 -0.15
0 0 0 -0.15
0 0 0 -0.15
0 0 0 -0.15
0 0 0 -0.15
0 0 0 -0.15
0 0 0 -0.15
0 0 0 -0.15
0 0 0 -0.15
0 0 0 -0.15
0 0 0 -0.15
0 0 0 -0.15
0 0 0 -0.15
0 0 0 -0.15
0 0 0 -0.15
0 0 0 -0.15
0 0 0 -0.15
0 0 0 -0.15
0 0 0 -0.15
0 0 0 -0.15
0 0 0 -0.15
0 0 0 -0.15
0 0 0 -0.15
0 0 0 -0.15
0 0 0 -0.15
0 0 0 -0.15
0 0 0 -0.15
0 0 0 -0.15
0 0 0 -0.15
0 0 0 -0.15
0 0 0 -0.15
0 0 0 -0.15
0 0 0 -0.15
0 0 0 -0.15
0 0 0 -0.15
0 0 0 -0.15
0 0 0 -0.15
0 0 0 -0.15
0 0 0 -0.15
0 0 0 -0.15
0 0 0 -0.15
0 0 0 -0.15
0 0 0 -0.15
0 0 0 -0.15
0 0 0 -0.15
0 0 0 -0.15
0 0 0 -0.15
0 0 0 -0.15
0 0 0 -0.15
0 0 0 -0.15
0 0 0 -0.15
0 0 0 -0.15
0 0 0 -0.15
0 0 0 -0.15
0 0 0 -0.15
0 0 0 -0.15
0 0 0 -0.15
0 0 0 -0.15
0 0 0 -0.15
0 0 0 -0.15
0 0 0 -0.15
0 0 0 -0.15
0 0 0 -0.15
0 0 0 -0.15
0 0 0 -0.15
0 0 0 -0.15
0 0 0 -0.15
0 0 0 -0.15
0 0 0 -0.15
0 0 0 -0.15
0 0 0 -0.15
0 0 0 -0.15
0 0 0 -0.15
0 0 0 -0.15
0 0 0 -0.15
0 0 0 -0.15
0 0 0 -0.15
0 0 0 -0.15
0 0 0 -0.15
0 0 0 -0.15
0 0 0 -0.15
0 0 0 -0.15
0 0 0 -0.15
0 0 0 -0.15
0 0 0 -0.15
0 0 0 -0.15
0 0 0 -0.15
0 0 0 -0.15
0 0 0 -0.15
0 0 0 -0.15
0 0 0 -0.14925
0 0 0 -0.1485
0 0 0 -0.14775
0 0 0 -0.147
0 0 0 -0.14625
0 0 0 -0.1455
0 0 0 -0.14475
0 0 0 -0.144
0 0 0 -0.14325
0 0 0 -0.1425
0 0 0 -0.14175
0 0 0 -0.141
0 0 0 -0.14025
0 0 0 -0.1395
0 0 0 -0.13875
0 0 0 -0.138
0 0 0 -0.13725
0 0 0 -0.1365
0 0 0 -0.13575
0 0 0 -0.135
0 0 0 -0.13425
0 0 0 -0.1335
0 0 0 -0.13275
0 0 0 -0.132
0 0 0 -0.13125
0 0 0 -0.1305
0 0 0 -0.12975
0 0 0 -0.129
0 0 0 -0.12825
0 0 0 -0.1275
0 0 0 -0.12675
0 0 0 -0.126
0 0 0 -0.12525
0 0 0 -0.1245
0 0 0 -0.12375
0 0 0 -0.123
0 0 0 -0.12225
0 0 0 -0.1215
0 0 0 -0.12075
0 0 0 -0.12
0 0 0 -0.11925
0 0 0 -0.1185
0 0 0 -0.11775
0 0 0 -0.117
0 0 0 -0.11625
0 0 0 -0.1155
0 0 0 -0.11475
0 0 0 -0.114
0 0 0 -0.11325
0 0 0 -0.1125
0 0 0 -0.11175
0 0 0 -0.111
0 0 0 -0.11025
0 0 0 -0.1095
0 0 0 -0.10875
0 0 0 -0.108
0 0 0 -0.10725
0 0 0 -0.1065
0 0 0 -0.10575
0 0 0 -0.105
0 0 0 -0.10425
0 0 0 -0.1035
0 0 0 -0.10275
0 0 0 -0.102
0 0 0 -0.10125
0 0 0 -0.1005
0 0 0 -0.09975
0 0 0 -0.099
0 0 0 -0.09825
0 0 0 -0.0975
0 0 0 -0.09675
0 0 0 -0.096
0 0 0 -0.09525
0 0 0 -0.0945
0 0 0 -0.09375
0 0 0 -0.093
0 0 0 -0.09225
0 0 0 -0.0915
0 0 0 -0.09075
0 0 0 -0.09
0 0 0 -0.08925
0 0 0 -0.0885
0 0 0 -0.08775
0 0 0 -0.087
0 0 0 -0.08625
0 0 0 -0.0855
0 0 0 -0.08475
0 0 0 -0.084
0 0 0 -0.08325
0 0 0 -0.0825
0 0 0 -0.08175
0 0 0 -0.081
0 0 0 -0.08025
0 0 0 -0.0795
0 0 0 -0.07875
0 0 0 -0.078
0 0 0 -0.07725
0 0 0 -0.0765
0 0 0 -0.07575
0 0 0 -0.075
0 0 0 -0.07425
0 0 0 -0.0735
0 0 0 -0.07275
0 0 0 -0.072
0 0 0 -0.07125
0 0 0 -0.0705
0 0 0 -0.06975
0 0 0 -0.069
0 0 0 -0.06825
0 0 0 -0.0675
0 0 0 -0.06675
0 0 0 -0.066
0 0 0 -0.06525
0 0 0 -0.0645
0 0 0 -0.06375
0 0 0 -0.063
0 0 0 -0.06225
0 0 0 -0.0615
0 0 0 -0.06075
0 0 0 -0.06
0 0 0 -0.05925
0 0 0 -0.0585
0 0 0 -0.05775
0 0 0 -0.057
0 0 0 -0.05625
0 0 0 -0.0555
0 0 0 -0.05475
0 0 0 -0.054
0 0 0 -0.05325
0 0 0 -0.0525
0 0 0 -0.05175
0 0 0 -0.051
0 0 0 -0.05025
0 0 0 -0.0495
0 0 0 -0.04875
0 0 0 -0.048
0 0 0 -0.04725
0 0 0 -0.0465
0 0 0 -0.04575
0 0 0 -0.045
0 0 0 -0.04425
0 0 0 -0.0435
0 0 0 -0.04275
0 0 0 -0.042
0 0 0 -0.04125
0 0 0 -0.0405
0 0 0 -0.03975
0 0 0 -0.039
0 0 0 -0.03825
0 0 0 -0.0375
0 0 0 -0.03675
0 0 0 -0.036
0 0 0 -0.03525
0 0 0 -0.0345
0 0 0 -0.03375
0 0 0 -0.033
0 0 0 -0.03225
0 0 0 -0.0315
0 0 0 -0.03075
0 0 0 -0.03
0 0 0 -0.02925
0 0 0 -0.0285
0 0 0 -0.02775
0 0 0 -0.027
0 0 0 -0.02625
0 0 0 -0.0255
0 0 0 -0.02475
0 0 0 -0.024
0 0 0 -0.02325
0 0 0 -0.0225
0 0 0 -0.02175
0 0 0 -0.021
0 0 0 -0.02025
0 0 0 -0.0195
0 0 0 -0.01875
0 0 0 -0.018
0 0 0 -0.01725
0 0 0 -0.0165
0 0 0 -0.01575
0 0 0 -0.015
0 0 0 -0.01425
0 0 0 -0.0135
0 0 0 -0.01275
0 0 0 -0.012
0 0 0 -0.01125
0 0 0 -0.0105
0 0 0 -0.00975
0 0 0 -0.009
0 0 0 -0.00825
0 0 0 -0.0075
0 0 0 -0.00675
0 0 0 -0.006
0 0 0 -0.00525
0 0 0 -0.0045
0 0 0 -0.00375
0 0 0 -0.003
0 0 0 -0.00225
0 0 0 -0.0015
0 0 0 -0.00075
0 0 0 0
0 0 0 0
0 0 0 0
0 0 0 0
0 0 0 0
0 0 0 0
0 0 0 0
0 0 0 0
0 0 0 0
0 0 0 0
0 0 0 0
0 0 0 0
0 0 0 0
0 0 0 0
0 0 0 0
0 0 0 0
0 0 0 0
0 0 0 0
0 0 0 0
0 0 0 0
0 0 0 0
0 0 0 0
0 0 0 0
0 0 0 0
0 0 0 0
0 0 0 0
0 0 0 0
0 0 0 0
0 0 0 0
0 0 0 0
0 0 0 0
0 0 0 0
0 0 0 0
0 0 0 0
0 0 0 0
0 0 0 0
0 0 0 0
0 0 0 0
0 0 0 0
0 0 0 0
0 0 0 0
0 0 0 0
0 0 0 0
0 0 0 0
0 0 0 0
0 0 0 0
0 0 0 0
0 0 0 0
0 0 0 0
0 0 0 0
0 0 0 0
0 0 0 0
0 0 0 0
0 0 0 0
0 0 0 0
0 0 0 0
0 0 0 0
0 0 0 0
0 0 0 0
0 0 0 0
0 0 0 0
0 0 0 0
0 0 0 0
0 0 0 0
0 0 0 0
0 0 0 0
0 0 0 0
0 0 0 0
0 0 0 0
0 0 0 0
0 0 0 0
0 0 0 0
0 0 0 0
0 0 0 0
0 0 0 0
0 0 0 0
0 0 0 0
0 0 0 0
0 0 0 0
0 0 0 0
0 0 0 0
0 0 0 0
0 0 0 0
0 0 0 0
0 0 0 0
0 0 0 0
0 0 0 0
0 0 0 0
0 0 0 0
0 0 0 0
0 0 0 0
0 0 0 0
0 0 0 0
0 0 0 0
0 0 0 0
0 0 0 0
0 0 0 0
0 0 0 0
0 0 0 0
0 0 0 0
0 0 0 0
0 0 0 0
0 0 0 0
0 0 0 0
0 0 0 0
0 0 0 0
0 0 0 0
0 0 0 0
0 0 0 0
0 0 0 0
0 0 0 0
0 0 0 0
0 0 0 0
0 0 0 0
0 0 0 0
0 0 0 0
0 0 0 0
0 0 0 0
0 0 0 0
0 0 0 0
0 0 0 0
0 0 0 0
0 0 0 0
0 0 0 0
0 0 0 0
0 0 0 0
0 0 0 0
0 0 0 0
0 0 0 0
0 0 0 0
0 0 0 0
0 0 0 0
0 0 0 0
0 0 0 0
0 0 0 0
0 0 0 0
0 0 0 0
0 0 0 0
0 0 0 0
0 0 0 0
0 0 0 0
0 0 0 0
0 0 0 0
0 0 0 0
0 0 0 0
0 0 0 0
0 0 0 0
0 0 0 0
0 0 0 0
0 0 0 0
0 0 0 0
0 0 0 0
0 0 0 0
0 0 0 0
0 0 0 0
0 0 0 0
0 0 0 0
0 0 0 0
0 0 0 0
0 0 0 0
0 0 0 0
0 0 0 0
0 0 0 0
0 0 0 0
0 0 0 0
0 0 0 0
0 0 0 0
0 0 0 0
0 0 0 0
0 0 0 0
0 0 0 0
0 0 0 0
0 0 0 0
0 0 0 0
0 0 0 0
0 0 0 0
0 0 0 0
0 0 0 0
0 0 0 0
0 0 0 0
0 0 0 0
0 0 0 0
0 0 0 0
0 0 0 0
0 0 0 0
0 0 0 0
0 0 0 0
0 0 0 0
0 0 0 0
0 0 0 0
0 0 0 0
0 0 0 0
0 0 0 0
0 0 0 0
0 0 0 0
0 0 0 0
0 0 0 0
0 0 0 0
0 0 0 0
0 0 0 0
0 0 0 0
