0 0 0 0 0 0 
0.05 -0.00413088 0.0166225 0.00132859 -0.0466419 0.0497328 
0.1 -0.0780266 -0.00387508 -0.0156735 0.117021 0.141654 
0.15 -0.235435 -0.0668281 -0.0852756 0.486918 0.551596 
0.2 -0.137751 -0.0196874 -0.0438614 0.348495 0.377801 
0.25 -0.161225 -0.0240141 -0.069599 0.342697 0.385817 
0.3 -0.08558 0.00874506 -0.0280275 0.162743 0.186185 
0.35 -0.10213 -0.00684631 -0.0519845 0.271976 0.295282 
0.4 -0.0967512 -0.0116622 -0.0389767 0.167779 0.198386 
0.45 -0.103905 0.00247344 -0.0492428 0.169182 0.204641 
0.5 -0.0914578 -0.0143787 -0.0272527 0.0206579 0.0988401 
0.55 0.0211089 0.0372969 0.00611435 -0.118925 0.126736 
0.6 0.119998 0.0670439 0.0628364 -0.403419 0.430886 
0.65 -0.0748793 0.0189914 -0.0438546 0.365587 0.375721 
0.7 -0.268121 -0.0720265 -0.0990776 0.671688 0.733519 
0.75 -0.254599 -0.0623072 -0.104336 0.627036 0.687769 
0.8 -0.195644 -0.0607678 -0.097682 0.44961 0.503503 
0.85 0.0682861 0.062479 0.0223876 -0.0764663 0.121219 
0.9 -0.0425785 0.0254781 -0.0335064 0.0819506 0.102544 
0.95 -0.179217 -0.0381384 -0.0819062 0.485155 0.525026 
1 -0.162621 -0.029758 -0.0630368 0.398201 0.435679 
1.05 -0.0834994 0.00447827 -0.0350395 0.215778 0.233948 
1.1 -0.0898956 -0.00588738 -0.0441197 0.186276 0.212011 
1.15 -0.0577595 0.0142379 -0.0376813 0.146467 0.161947 
1.2 -0.113584 -0.0162656 -0.0568098 0.259848 0.289653 
1.25 -0.128823 -0.0363238 -0.0789981 0.27352 0.314417 
1.3 -0.101958 -0.0133382 -0.0564505 0.220634 0.250242 
1.35 0.0235066 0.0537744 0.00620567 -0.073061 0.0956046 
1.4 0.0615268 0.0556467 0.0214488 -0.243572 0.25804 
1.45 0.0176344 0.0374344 -0.0160224 -0.12856 0.136311 
1.5 -0.110544 -0.00485103 -0.0622997 0.231163 0.263648 
1.55 -0.101475 -0.00027346 -0.0475363 0.28136 0.303999 
1.6 -0.032061 0.0197238 -0.0277685 0.0032245 0.0428229 
1.65 0.0291542 0.0334443 -0.0189238 -0.107845 0.118538 
1.7 0.150057 0.079632 0.0293082 -0.448044 0.480124 
1.75 0.144803 0.0881615 0.0435056 -0.599588 0.624577 
1.8 0.0507142 0.0603237 0.0138892 -0.440081 0.447937 
1.85 0.0636406 0.0560889 0.0201824 -0.341352 0.352658 
1.9 0.092711 0.0524191 0.0288052 -0.578754 0.589185 
1.95 0.122645 0.0759679 0.0326799 -0.521935 0.542423 
2 0.0669043 0.05565 0.00858025 -0.328211 0.340297 
2.05 0.0171634 0.0502007 -0.00877069 -0.171774 0.179632 
2.1 -0.0384972 0.0283842 -0.0179859 -0.0471316 0.133418 
2.15 -0.00709906 0.0404238 -0.0137452 -0.087742 0.0981305 
2.2 0.0574055 0.0648069 -0.0045961 -0.255413 0.269429 
2.25 0.148093 0.0863667 0.034609 -0.45738 0.489633 
2.3 0.0595173 0.0633603 -0.00419032 -0.222958 0.246382 
2.35 -0.126398 0.00592902 -0.08264 0.37528 0.405224 
2.4 -0.117787 0.00682531 -0.0612143 0.272087 0.303153 
2.45 -0.0724563 0.0131065 -0.0536199 0.267911 0.282022 
2.5 0.0593827 0.0650329 -0.0174702 -0.10147 0.141427 
2.55 0.0899182 0.0857783 -0.0036929 -0.175892 0.216486 
2.6 -0.0390452 0.0333673 -0.0509892 0.101013 0.123963 
2.65 -0.0555124 0.0389442 -0.0505057 0.0271005 0.120797 
2.7 -0.0268565 0.04929 -0.0372822 0.0502249 0.0884006 
2.75 -0.0266699 0.0357501 -0.0327291 0.0873889 0.103564 
2.8 0.0298057 0.0645623 -0.00511165 -0.0897769 0.13454 
2.85 -0.0844021 0.0161332 -0.0680297 0.202777 0.230005 
2.9 -0.066627 0.0297128 -0.0510967 0.0942337 0.134295 
2.95 -0.118823 0.00457124 -0.0546853 0.197753 0.236545 
3 -0.0576954 0.0177208 -0.0317398 0.0153137 0.0820852 
3.05 0.0960741 0.0882284 0.0199064 -0.381889 0.406672 
3.1 0.0153824 0.0458641 -0.0114805 -0.107239 0.17526 
3.15 -0.169454 -0.0153331 -0.0911694 0.405188 0.449251 
3.2 -0.125566 0.0200129 -0.0626871 0.324299 0.353633 
3.25 -0.172818 -0.0132186 -0.0930432 0.458214 0.498525 
3.3 -0.0424512 0.0186058 -0.0463108 0.139808 0.150412 
3.35 0.0611774 0.0707676 -0.00578785 -0.142283 0.171516 
3.4 -0.0310497 0.0325058 -0.0407976 0.0101193 0.129287 
3.45 -0.0744583 0.0177445 -0.0451756 0.0312809 0.0928341 
3.5 -0.00522747 0.0443339 -0.0255648 -0.149326 0.176396 
3.55 -0.0461387 0.025723 -0.0528671 0.0919243 0.111362 
3.6 -0.0338328 0.0272288 -0.0434901 -0.000350454 0.0657877 
3.65 -0.0476521 0.0262864 -0.0443376 0.0613324 0.098183 
3.7 -0.0583245 0.0203466 -0.0492958 0.0791431 0.119484 
3.75 -0.0159957 0.038004 -0.0310322 0.0315656 0.0790939 
3.8 0.0103572 0.0515483 -0.0158855 -0.123066 0.132588 
3.85 0.0788183 0.0567468 0.017907 -0.301929 0.317866 
3.9 0.0451366 0.0591254 0.000804243 -0.14341 0.16489 
3.95 -0.0642836 0.0296989 -0.0416011 0.161509 0.181374 
4 -0.123505 0.00292244 -0.067781 0.241241 0.278704 
4.05 -0.129036 -0.016725 -0.0743614 0.405847 0.432401 
4.1 0.011071 0.033859 -0.0278571 -0.0745997 0.0871386 
4.15 0.0685178 0.056106 0.00472729 -0.277122 0.291302 
4.2 0.0630942 0.0715368 0.019884 -0.109809 0.144759 
4.25 -0.0502704 0.024635 -0.0337171 0.0881886 0.0968054 
4.3 0.0121518 0.0432222 -0.0121076 -0.145045 0.152084 
4.35 0.00507319 0.0316276 -0.017425 -0.0536544 0.0727125 
4.4 -0.0266344 0.00875638 -0.0271762 -0.0892582 0.132465 
4.45 -0.015851 0.0417116 -0.013641 0.102158 0.110414 
4.5 -0.132384 -0.0137605 -0.0621995 0.299347 0.336482 
4.55 -0.0911118 -0.0109448 -0.0345959 0.0830999 0.129819 
4.6 0.0249982 0.0372258 0.0185255 -0.122087 0.124086 
4.65 0.148174 0.0739413 0.0632261 -0.320163 0.366019 
4.7 0.0769336 0.0384156 0.0270093 -0.182965 0.203093 
4.75 -0.0495218 0.0147941 -0.0239916 0.211597 0.219077 
4.8 -0.037264 0.0181619 -0.0139489 0.0891681 0.102197 
4.85 -0.00540487 0.00954147 0.00819452 -0.157606 0.148362 
4.9 0.100334 0.0505777 0.0345077 -0.310404 0.332709 
4.95 0.204066 0.109725 0.0786688 -0.525083 0.579336 
5 0.130302 0.0764011 0.0595319 -0.529181 0.553804 
5.05 0.0822578 0.0651548 0.043317 -0.333655 0.352748 
5.1 0.355159 0.196047 0.139954 -0.936649 1.03014 
5.15 1.26465 0.507987 0.472208 -3.28256 3.58541 
5.2 2.00666 0.665638 0.690697 -4.72732 5.22448 
5.25 2.75427 0.799757 0.876081 -6.5726 7.22444 
5.3 2.44862 0.639237 0.711383 -5.54128 6.1333 
5.35 3.2781 0.884213 1.08564 -7.58316 8.37918 
5.4 4.01164 1.17124 1.34922 -8.95955 9.9782 
5.45 4.46548 1.23147 1.48089 -9.96093 11.0847 
5.5 4.34056 1.10765 1.36284 -9.4072 10.5081 
5.55 4.90019 1.27349 1.60956 -10.7697 12.009 
5.6 4.74869 1.19184 1.5086 -10.3003 11.5042 
5.65 5.2219 1.38592 1.68762 -11.3833 12.7129 
5.7 5.49239 1.42776 1.76453 -12.0734 13.4568 
5.75 5.5047 1.3721 1.71761 -12.0575 13.4357 
5.8 5.52799 1.35578 1.74091 -11.8817 13.2892 
5.85 6.73319 1.76044 2.23133 -14.9651 16.6544 
5.9 5.66936 1.23808 1.68974 -11.9777 13.4164 
5.95 5.92932 1.3006 1.77241 -12.8811 14.3496 
6 4.92443 0.802368 1.27732 -10.544 11.7347 
6.05 4.79277 0.708835 1.20259 -10.4576 11.588 
6.1 4.61873 0.609377 1.10852 -10.1599 11.2319 
6.15 4.93845 0.736883 1.15573 -11.0972 12.2236 
6.2 4.01493 0.335958 0.742315 -8.73237 9.64564 
6.25 4.21091 0.362413 0.78665 -9.71865 10.6271 
6.3 3.63199 0.142897 0.5222 -8.23098 9.01304 
6.35 3.88946 0.208471 0.591662 -9.16231 9.97352 
6.4 3.36386 -0.0235894 0.365616 -7.88652 8.58184 
6.45 3.55817 -0.018498 0.450662 -8.41167 9.14417 
6.5 2.53881 -0.486111 -0.0304838 -6.10932 6.6337 
6.55 2.45216 -0.580788 -0.0552399 -6.12697 6.62525 
6.6 2.12876 -0.825603 -0.155626 -5.63888 6.086 
6.65 1.70686 -1.1163 -0.271409 -4.75093 5.17734 
6.7 1.42059 -1.26685 -0.377641 -4.16028 4.59076 
6.75 1.47649 -1.27915 -0.374122 -4.46136 4.88473 
6.8 0.690609 -1.63068 -0.724415 -2.89439 3.46907 
6.85 0.855654 -1.64217 -0.605056 -3.31194 3.84275 
6.9 0.452814 -1.84717 -0.791781 -2.4787 3.22244 
6.95 0.304467 -1.89237 -0.858441 -2.21193 3.05102 
7 0.0788702 -1.96274 -1.06722 -2.01317 3.00487 
7.05 -0.36925 -2.161 -1.27017 -1.03283 2.73594 
7.1 -1.07874 -2.49533 -1.61157 0.289158 3.17295 
7.15 -1.05868 -2.47135 -1.59017 0.201023 3.13008 
7.2 -1.0161 -2.40605 -1.65286 -0.0813103 3.09266 
7.25 -1.41199 -2.65442 -1.73996 0.632664 3.53068 
7.3 -1.6741 -2.74345 -1.90569 0.980103 3.86287 
7.35 -1.89405 -2.85606 -2.01635 1.51159 4.25358 
7.4 -2.00443 -2.95171 -2.04741 1.75784 4.47342 
7.45 -2.52409 -3.21846 -2.27047 2.9367 5.52347 
7.5 -2.54765 -3.26811 -2.30267 2.56252 5.38874 
7.55 -3.61688 -3.77367 -2.70621 5.34033 7.94765 
7.6 -3.18161 -3.68814 -2.47692 3.84345 6.68075 
7.65 -3.72518 -3.99418 -2.67431 5.21175 8.00903 
7.7 -4.0191 -4.13712 -2.80862 5.77377 8.63097 
7.75 -4.5941 -4.41422 -3.05125 7.10534 10.0193 
7.8 -4.16603 -4.25017 -2.86235 5.94758 8.88744 
7.85 -4.78727 -4.54011 -3.11972 7.44706 10.427 
7.9 -4.83209 -4.56262 -3.18425 7.44909 10.4783 
7.95 -5.17958 -4.67599 -3.38362 7.91162 11.0786 
8 -4.96902 -4.56026 -3.36135 7.15649 10.3924 
8.05 -5.87602 -4.9219 -3.77899 9.51396 12.7886 
8.1 -5.65297 -4.82326 -3.72542 8.48812 11.8805 
8.15 -6.55274 -5.18889 -4.16398 10.5374 14.0797 
8.2 -6.59717 -5.15108 -4.19322 10.7085 14.2236 
8.25 -6.43562 -5.1865 -4.0936 9.78933 13.4501 
8.3 -6.35995 -5.17603 -4.05292 9.73851 13.3606 
8.35 -6.70421 -5.36321 -4.19903 10.6629 14.3192 
8.4 -7.27143 -5.68017 -4.41733 11.8391 15.6466 
8.45 -7.49954 -5.87558 -4.45176 12.2951 16.1788 
8.5 -8.10033 -6.24543 -4.63405 13.65 17.6753 
8.55 -8.19704 -6.33912 -4.6482 13.9076 17.9556 
8.6 -8.09571 -6.3106 -4.58226 13.5229 17.585 
8.65 -8.39515 -6.48907 -4.70407 14.0652 18.2359 
8.7 -8.45264 -6.52029 -4.71111 14.2307 18.4029 
8.75 -8.78555 -6.67832 -4.90005 14.8743 19.1583 
8.8 -9.20764 -6.81787 -5.15055 15.51 19.9588 
8.85 -9.22637 -6.8107 -5.17197 15.416 19.8976 
8.9 -9.40848 -6.85305 -5.29849 15.7426 20.2827 
8.95 -9.89829 -7.004 -5.58831 16.8476 21.4966 
9 -9.86959 -6.96578 -5.60627 16.5365 21.2324 
9.05 -10.2244 -7.08901 -5.7653 17.7573 22.4355 
9.1 -10.3207 -7.13979 -5.85643 17.4563 22.2826 
9.15 -10.1535 -7.05902 -5.81366 17.0158 21.8234 
9.2 -10.4984 -7.27865 -5.9297 18.0501 22.8947 
9.25 -10.8212 -7.53514 -6.03564 18.4741 23.4861 
9.3 -11.4308 -7.83728 -6.22379 20.2804 25.34 
9.35 -11.469 -7.96724 -6.2239 20.0869 25.2435 
9.4 -11.8098 -8.11331 -6.33092 20.958 26.1651 
9.45 -11.5264 -8.03531 -6.21372 20.0137 25.2306 
9.5 -11.9382 -8.27266 -6.38912 20.9803 26.305 
9.55 -11.8598 -8.26276 -6.34137 20.8173 26.1247 
9.6 -12.5166 -8.52128 -6.6854 22.221 27.7083 
9.65 -12.512 -8.45694 -6.741 21.9766 27.5042 
9.7 -13.0007 -8.64397 -6.99751 23.1362 28.7747 
9.75 -12.5732 -8.44238 -6.84869 21.7629 27.3841 
9.8 -13.3069 -8.72405 -7.23802 23.2923 29.1223 
9.85 -13.0904 -8.58372 -7.19237 22.6985 28.4954 
9.9 -13.818 -8.92857 -7.48052 24.6842 30.5928 
9.95 -13.64 -8.87079 -7.44306 23.9916 29.9289 
10 -13.7162 -8.90424 -7.49814 24.0604 30.0424 
10.05 -13.8364 -9.01001 -7.56601 24.3179 30.3518 
10.1 -14.1706 -9.19947 -7.67081 25.3093 31.3822 
10.15 -14.5237 -9.40429 -7.79463 26.0687 32.2446 
10.2 -14.7657 -9.57462 -7.86443 26.6037 32.8528 
10.25 -14.6666 -9.59245 -7.81341 26.333 32.5822 
10.3 -14.7941 -9.687 -7.84101 26.6998 32.9707 
10.35 -15.0004 -9.78025 -7.96209 26.9559 33.3269 
10.4 -15.2532 -9.90021 -8.10711 27.4402 33.9022 
10.45 -15.524 -9.98797 -8.26669 28.0018 34.5426 
10.5 -15.6046 -10.0264 -8.35489 27.8237 34.4674 
10.55 -16.0007 -10.1572 -8.57492 28.8043 35.5303 
10.6 -15.9864 -10.1032 -8.65744 28.456 35.2468 
10.65 -16.2378 -10.197 -8.77997 29.257 36.0653 
10.7 -16.5419 -10.3533 -8.95367 29.6593 36.6151 
10.75 -16.25 -10.2327 -8.84016 28.9017 35.8082 
10.8 -16.6262 -10.3952 -9.0181 30.0601 37.0057 
10.85 -16.6335 -10.429 -9.05499 29.9602 36.9465 
10.9 -17.1515 -10.7312 -9.25256 31.2479 38.3586 
10.95 -17.2632 -10.8606 -9.27326 31.487 38.6444 
11 -17.4484 -11.0378 -9.28106 31.9292 39.1394 
11.05 -17.2708 -11.0189 -9.12441 31.606 38.7542 
11.1 -17.6169 -11.178 -9.34206 32.1907 39.4819 
11.15 -17.7268 -11.2195 -9.4668 32.1687 39.5545 
11.2 -18.0835 -11.3445 -9.66576 33.0936 40.5503 
11.25 -18.0686 -11.3325 -9.70809 32.8355 40.3401 
11.3 -18.4073 -11.4053 -9.93194 33.6604 41.2381 
11.35 -18.3668 -11.323 -9.98982 33.4053 41.0031 
11.4 -18.6603 -11.4727 -10.1295 34.0609 41.7443 
11.45 -18.8727 -11.6194 -10.2584 34.4609 42.2372 
11.5 -19.0905 -11.7231 -10.3828 34.7185 42.6035 
11.55 -18.7728 -11.5713 -10.2978 33.9611 41.7817 
11.6 -19.4001 -11.8641 -10.582 35.5825 43.534 
11.65 -19.2919 -11.9126 -10.502 35.2602 43.2165 
11.7 -19.8835 -12.2393 -10.7259 36.8166 44.8962 
11.75 -19.6187 -12.2394 -10.5356 35.9967 44.062 
11.8 -20.2748 -12.5914 -10.8093 37.4035 45.6669 
11.85 -19.8479 -12.4036 -10.6473 36.36 44.5332 
11.9 -20.5352 -12.6877 -11.0241 37.7447 46.1396 
11.95 -20.3773 -12.584 -11.0216 37.2949 45.6725 
12 -20.9805 -12.7854 -11.359 38.6517 47.1872 
12.05 -20.7892 -12.6524 -11.3374 37.9516 46.4881 
12.1 -21.0036 -12.7064 -11.494 38.3819 46.9881 
12.15 -21.2696 -12.8181 -11.6105 39.0228 47.6894 
12.2 -20.9815 -12.6837 -11.5299 38.3076 46.9203 
12.25 -21.6985 -12.9794 -11.9107 39.9651 48.7685 
12.3 -21.5125 -12.9268 -11.8313 39.4391 48.2215 
12.35 -21.8562 -13.1284 -11.9676 40.5085 49.3377 
12.4 -21.8989 -13.207 -11.9519 40.524 49.3865 
12.45 -22.1456 -13.3738 -12.0597 40.9659 49.9292 
12.5 -22.2726 -13.4286 -12.0822 41.4808 50.4285 
12.55 -22.3356 -13.3718 -12.2348 41.3073 50.3355 
12.6 -22.7148 -13.4136 -12.5353 42.2104 51.3297 
12.65 -22.5945 -13.3485 -12.5497 41.8653 50.9794 
12.7 -23.1664 -13.5534 -12.9004 43.0421 52.3395 
12.75 -23.1718 -13.5123 -12.9383 42.9486 52.2638 
12.8 -23.5078 -13.5892 -13.166 43.6485 53.0643 
12.85 -23.6209 -13.5567 -13.2628 43.9855 53.4075 
12.9 -23.321 -13.4499 -13.123 43.3672 52.7039 
12.95 -23.8407 -13.7136 -13.3714 44.7088 54.1675 
13 -24.0252 -13.8238 -13.4934 44.9595 54.5137 
13.05 -24.2497 -13.9317 -13.5835 45.6393 55.2232 
13.1 -24.0119 -13.8296 -13.4712 45.321 54.8024 
13.15 -24.5329 -14.0889 -13.7047 46.3669 56.0185 
13.2 -24.5427 -14.1018 -13.7295 46.2465 55.9325 
13.25 -24.7055 -14.114 -13.8644 46.6076 56.3388 
13.3 -24.4513 -13.9997 -13.7868 46.0017 55.6785 
13.35 -25.1768 -14.3454 -14.1865 47.5954 57.4999 
13.4 -25.2057 -14.3368 -14.2208 47.5758 57.5027 
13.45 -25.3386 -14.3278 -14.3207 47.9101 57.8601 
13.5 -25.5466 -14.4218 -14.4535 48.3658 58.3847 
13.55 -25.478 -14.3916 -14.4323 48.2533 58.2487 
13.6 -25.6078 -14.4694 -14.5051 48.6611 58.6807 
13.65 -25.8978 -14.6669 -14.6304 49.378 59.4815 
13.7 -26.0699 -14.7983 -14.7439 49.6353 59.8304 
13.75 -26.2977 -14.9503 -14.8117 50.481 60.6861 
13.8 -26.328 -15.0383 -14.8129 50.3569 60.6181 
13.85 -26.6622 -15.2302 -14.9308 51.2679 61.5967 
13.9 -26.2964 -14.9992 -14.7655 50.8081 60.9586 
13.95 -26.4599 -15.0245 -14.8956 51.4689 61.6181 
14 -26.5491 -15.075 -14.9753 51.9178 62.0631 
14.05 -26.767 -15.1647 -15.1578 52.0577 62.3394 
14.1 -27.1689 -15.3266 -15.3568 53.1447 63.5079 
14.15 -27.0335 -15.295 -15.2852 52.8214 63.1545 
14.2 -27.1502 -15.4049 -15.3117 53.1382 63.5024 
14.25 -27.1394 -15.4512 -15.3283 53.0621 63.4494 
14.3 -27.4078 -15.6596 -15.4726 53.7574 64.2313 
14.35 -27.5349 -15.831 -15.4508 54.2525 64.7369 
14.4 -27.8558 -16.0965 -15.5947 54.8303 65.4569 
14.45 -27.8188 -16.0771 -15.5611 55.0734 65.6322 
14.5 -27.7831 -16.0842 -15.542 55.0484 65.5933 
14.55 -27.975 -16.2001 -15.6452 55.6692 66.2486 
14.6 -28.0503 -16.1767 -15.83 55.4305 66.1183 
14.65 -28.4726 -16.3104 -16.1291 56.5736 67.3605 
14.7 -28.4874 -16.3234 -16.1734 56.4146 67.2471 
14.75 -28.778 -16.4742 -16.339 57.0906 68.0138 
14.8 -28.8233 -16.4891 -16.3913 57.2889 68.2156 
14.85 -28.9613 -16.5533 -16.5051 57.3411 68.3607 
14.9 -29.1607 -16.6304 -16.6905 57.7001 68.8098 
14.95 -29.2318 -16.6927 -16.748 57.961 69.0878 
15 -29.3606 -16.8092 -16.7677 58.607 69.7175 
15.05 -29.6764 -17.0507 -16.8174 59.6319 70.7828 
15.1 -29.8732 -17.0914 -16.8691 59.9539 71.1587 
15.15 -29.5028 -16.7944 -16.6911 59.0377 70.1178 
15.2 -29.5862 -16.7904 -16.7833 59.0639 70.1961 
15.25 -29.8192 -16.9034 -16.8491 59.6555 70.8349 
15.3 -29.6021 -16.7996 -16.6693 59.2761 70.3564 
15.35 -29.818 -16.8697 -16.8044 59.7792 70.9199 
15.4 -29.8134 -16.866 -16.7942 59.5975 70.7617 
15.45 -29.6927 -16.8612 -16.6799 59.555 70.6468 
15.5 -30.024 -17.1655 -16.7309 60.0198 71.2629 
15.55 -29.8641 -17.0848 -16.6037 59.8337 70.9896 
15.6 -30.0038 -17.1164 -16.7112 60.0905 71.2976 
15.65 -29.9756 -17.0638 -16.6977 59.9219 71.1278 
15.7 -30.0204 -17.0781 -16.753 59.8798 71.1277 
15.75 -30.2554 -17.2122 -16.9082 59.8667 71.285 
15.8 -30.0976 -17.0876 -16.8432 59.5763 70.9287 
15.85 -30.2462 -17.1826 -16.8917 60.0228 71.4013 
15.9 -30.1825 -17.1062 -16.8552 59.9768 71.3086 
15.95 -30.2421 -17.1558 -16.9194 59.9984 71.3792 
16 -30.2524 -17.1375 -16.9487 59.9654 71.3584 
16.05 -30.1979 -17.1037 -16.9138 59.793 71.1739 
16.1 -30.2303 -17.0781 -16.9104 60.1309 71.4648 
16.15 -30.2452 -17.0489 -16.93 60.1275 71.4659 
16.2 -30.1535 -17.0122 -16.9053 60.119 71.4054 
16.25 -30.1844 -17.0168 -16.9198 60.2292 71.5158 
16.3 -30.1754 -17.0055 -16.898 60.1634 71.4488 
16.35 -30.1771 -16.9806 -16.8842 60.2392 71.5041 
16.4 -30.1791 -16.9717 -16.8934 60.0862 71.3762 
16.45 -30.1858 -16.9612 -16.8865 60.2449 71.5085 
16.5 -30.1806 -16.9757 -16.9005 60.1373 71.4225 
16.55 -30.2215 -16.9964 -16.9362 60.1866 71.4946 
16.6 -30.1737 -16.9738 -16.8772 60.2379 71.4983 
16.65 -30.2002 -16.9905 -16.8872 60.3136 71.5796 
16.7 -30.1657 -16.9641 -16.8711 60.2565 71.5068 
16.75 -30.1299 -16.9151 -16.8707 60.1843 71.4192 
16.8 -30.1423 -16.9422 -16.8777 60.2003 71.446 
16.85 -30.2029 -16.9942 -16.8909 60.2177 71.5017 
16.9 -30.1204 -16.933 -16.8265 60.1684 71.3957 
16.95 -30.2015 -16.9574 -16.894 60.2804 71.546 
17 -30.2116 -16.9581 -16.906 60.3274 71.5928 
17.05 -30.1886 -16.9489 -16.9013 60.3106 71.5656 
17.1 -30.1592 -16.9288 -16.8879 60.2343 71.481 
17.15 -30.2134 -16.9599 -16.8951 60.3925 71.6463 
17.2 -30.2897 -17.0006 -16.931 60.4616 71.7548 
17.25 -30.3163 -17.0278 -16.9345 60.468 71.7787 
17.3 -30.2987 -17.0212 -16.9439 60.372 71.691 
17.35 -30.1465 -16.9519 -16.8314 60.0715 71.3307 
17.4 -30.3491 -17.0368 -16.9631 60.4249 71.7651 
17.45 -30.2404 -16.9393 -16.8967 60.4662 71.7153 
17.5 -30.2694 -16.9811 -16.8871 60.405 71.6836 
17.55 -30.3108 -17.0046 -16.9083 60.529 71.8161 
17.6 -30.3084 -17.0185 -16.9218 60.3671 71.6852 
17.65 -30.344 -17.0359 -16.9399 60.4413 71.7711 
17.7 -30.3627 -17.0189 -16.9585 60.4465 71.7838 
17.75 -30.3096 -16.9875 -16.9405 60.3958 71.7069 
17.8 -30.3291 -17.0092 -16.9396 60.4327 71.7511 
17.85 -30.2552 -16.9751 -16.8941 60.385 71.6609 
17.9 -30.3149 -17.0157 -16.909 60.4351 71.7415 
17.95 -30.3949 -17.0752 -16.9417 60.5499 71.8939 
18 -30.3102 -17.024 -16.8953 60.3924 71.7023 
18.05 -30.3051 -17.0139 -16.8957 60.4732 71.7659 
18.1 -30.2722 -17.0006 -16.8774 60.405 71.6871 
18.15 -30.3109 -17.0111 -16.911 60.3736 71.6874 
18.2 -30.3371 -17.0463 -16.919 60.5291 71.8398 
18.25 -30.2482 -16.9912 -16.8591 60.3149 71.5945 
18.3 -30.4274 -17.0666 -16.9332 60.8418 72.1495 
18.35 -31.1066 -17.2591 -17.1299 62.567 73.9835 
18.4 -30.7141 -16.8432 -16.709 62.2555 73.362 
18.45 -30.5392 -16.5726 -16.4298 61.9772 72.9274 
18.5 -30.6515 -16.4247 -16.2989 62.5334 73.385 
18.55 -30.6261 -16.2484 -16.1284 62.667 73.4115 
18.6 -30.3029 -15.9756 -15.8366 62.1483 72.7096 
18.65 -30.6359 -16.059 -15.8641 63.0091 73.6089 
18.7 -30.5773 -16.0177 -15.7057 63.1644 73.6746 
18.75 -30.3501 -15.8997 -15.4494 62.6905 73.0939 
18.8 -30.3191 -15.8502 -15.3561 62.78 73.1274 
18.85 -30.3597 -15.826 -15.3286 62.8612 73.2029 
18.9 -30.3873 -15.7788 -15.2957 63.0492 73.3588 
18.95 -29.8782 -15.517 -14.9873 62.2341 72.327 
19 -29.8005 -15.553 -14.8452 61.9119 71.996 
19.05 -30.014 -15.7182 -14.8453 62.299 72.4531 
19.1 -29.7391 -15.5169 -14.7292 61.6172 71.6856 
19.15 -29.571 -15.3823 -14.6539 61.255 71.2599 
19.2 -29.3721 -15.2458 -14.5481 61.0292 70.9321 
19.25 -29.3561 -15.212 -14.4972 61.1633 71.0233 
19.3 -29.1611 -15.1256 -14.3598 60.8795 70.6518 
19.35 -29.0545 -15.1056 -14.2653 60.683 70.4149 
19.4 -28.6632 -14.8768 -14.0515 59.8974 69.4843 
19.45 -28.7531 -14.9649 -14.0762 59.8465 69.5014 
19.5 -28.8446 -14.9939 -14.084 60.1241 69.7861 
19.55 -28.4591 -14.8077 -13.8548 59.3192 68.847 
19.6 -28.5276 -14.8095 -13.8694 59.573 69.0974 
19.65 -28.426 -14.7776 -13.8549 59.3538 68.8567 
19.7 -27.9426 -14.539 -13.6681 57.9805 67.3849 
19.75 -28.1185 -14.5516 -13.7713 58.5168 67.9431 
19.8 -27.5592 -14.2436 -13.493 57.3267 66.5643 
19.85 -27.9146 -14.3711 -13.6257 58.2042 67.5214 
19.9 -27.5731 -14.2585 -13.3519 57.752 66.9115 
19.95 -27.5736 -14.3264 -13.2669 57.8392 66.9846 
20 -27.151 -14.137 -12.9635 57.1981 66.1567 
20.05 -27.1846 -14.1528 -12.988 56.8597 65.8864 
20.1 -27.003 -14.0239 -12.8722 56.8372 65.7419 
20.15 -26.8345 -13.9239 -12.7869 56.5268 65.3663 
20.2 -27.0039 -13.9813 -12.8261 57.1018 65.9531 
20.25 -26.7749 -13.7963 -12.7559 56.3619 65.166 
20.3 -26.5926 -13.6581 -12.6407 56.0654 64.7829 
20.35 -26.2816 -13.4663 -12.5418 55.1397 63.7946 
20.4 -26.1304 -13.3475 -12.4857 54.8976 63.4869 
20.45 -26.2748 -13.4102 -12.5166 55.4251 64.022 
20.5 -26.1259 -13.3719 -12.3991 55.1919 63.728 
20.55 -25.8594 -13.2955 -12.2202 54.6838 63.1279 
20.6 -25.7341 -13.2718 -12.1399 54.3006 62.7241 
20.65 -25.5729 -13.2432 -12.0102 53.9848 62.3535 
20.7 -25.8631 -13.4013 -12.0984 54.6703 63.1166 
20.75 -25.4252 -13.1814 -11.841 53.8789 62.1557 
20.8 -25.4197 -13.1817 -11.848 53.9075 62.1796 
20.85 -25.1546 -12.9855 -11.7871 53.0509 61.2757 
20.9 -25.2333 -12.9759 -11.7915 53.4113 61.619 
20.95 -25.0911 -12.8985 -11.7159 53.0464 61.2137 
21 -25.0176 -12.8536 -11.681 52.7803 60.9368 
21.05 -24.5278 -12.545 -11.4797 51.9017 59.8712 
21.1 -24.7046 -12.5549 -11.6273 52.2283 60.2572 
21.15 -24.5191 -12.4743 -11.5159 51.9298 59.8841 
21.2 -24.2209 -12.4132 -11.2741 51.4875 59.3196 
21.25 -24.0308 -12.3968 -11.1296 51.1563 58.9237 
21.3 -24.3077 -12.5432 -11.2329 51.9167 59.7471 
21.35 -23.8587 -12.3707 -10.9732 51.035 58.7133 
21.4 -23.681 -12.2905 -10.863 50.7244 58.3337 
21.45 -23.9897 -12.4415 -10.9941 51.3477 59.0572 
21.5 -23.8624 -12.3644 -10.9187 51.1622 58.8139 
21.55 -23.3813 -12.1288 -10.6924 49.9699 57.4901 
21.6 -23.3776 -12.0642 -10.7002 50.2675 57.7354 
21.65 -23.2809 -11.9782 -10.6597 50.0258 57.4603 
21.7 -23.4006 -12.0343 -10.7426 49.9096 57.435 
21.75 -23.0809 -11.8264 -10.5697 49.3638 56.7547 
21.8 -22.9058 -11.7779 -10.5441 48.6102 56.0136 
21.85 -22.7625 -11.667 -10.4162 48.8332 56.1019 
21.9 -22.5076 -11.6061 -10.2558 48.4004 55.5794 
21.95 -22.6847 -11.7545 -10.2657 49.0172 56.2213 
22 -22.2012 -11.5907 -10.0178 47.9333 55.0018 
22.05 -22.0552 -11.5519 -9.87381 47.9423 54.9166 
22.1 -22.2464 -11.6602 -9.95886 48.2199 55.2739 
22.15 -22.0198 -11.5035 -9.88594 47.6474 54.6371 
22.2 -21.8869 -11.4166 -9.80042 47.3504 54.2907 
22.25 -21.5731 -11.285 -9.63631 46.8162 53.6411 
22.3 -21.5252 -11.2231 -9.64894 46.6133 53.434 
22.35 -21.5868 -11.2238 -9.66593 46.9716 53.7748 
22.4 -21.7204 -11.2492 -9.72613 47.2748 54.1094 
22.45 -21.2282 -10.957 -9.51684 45.9457 52.6523 
22.5 -21.2561 -10.9515 -9.53207 46.2152 52.9005 
22.55 -20.7701 -10.7287 -9.34868 44.843 51.4276 
22.6 -20.8649 -10.7886 -9.34533 45.358 51.9271 
22.65 -20.7951 -10.8096 -9.26368 45.3425 51.8753 
22.7 -20.4101 -10.7146 -9.09358 44.4279 50.8715 
22.75 -20.6032 -10.7978 -9.12172 45.2211 51.6646 
22.8 -20.3942 -10.6966 -8.99851 44.7119 51.0927 
22.85 -20.2886 -10.6839 -8.89639 44.4572 50.8071 
22.9 -20.2401 -10.654 -8.89712 44.5538 50.8661 
22.95 -20.0181 -10.5537 -8.72084 44.2598 50.4686 
23 -19.9506 -10.4688 -8.76467 43.8043 50.0326 
23.05 -19.7373 -10.3203 -8.67329 43.3824 49.5311 
23.1 -19.7182 -10.2837 -8.69834 43.2795 49.4302 
23.15 -19.7605 -10.2537 -8.69437 43.5994 49.7204 
23.2 -19.4196 -10.0545 -8.55003 42.6673 48.7013 
23.25 -19.5169 -10.057 -8.67922 42.7421 48.829 
23.3 -19.0599 -9.85137 -8.43795 41.6979 47.6471 
23.35 -18.9715 -9.82183 -8.38744 41.5137 47.4355 
23.4 -18.8335 -9.77658 -8.3271 41.23 47.112 
23.45 -18.828 -9.75101 -8.28083 41.4454 47.2849 
23.5 -18.5874 -9.70497 -8.16292 40.8597 46.6458 
23.55 -18.4736 -9.69907 -8.05172 40.7214 46.4587 
23.6 -18.2345 -9.62586 -7.89168 40.4974 46.1246 
23.65 -18.0381 -9.6065 -7.77036 39.8612 45.4638 
23.7 -18.3874 -9.74408 -7.91248 40.8127 46.4901 
23.75 -18.0742 -9.58964 -7.76349 39.9454 45.5472 
23.8 -18.0194 -9.47726 -7.77108 39.9413 45.4996 
23.85 -17.3314 -9.17242 -7.49179 38.0982 43.4984 
23.9 -17.8727 -9.3283 -7.75306 39.6963 45.1924 
23.95 -17.493 -9.13381 -7.57318 38.75 44.1401 
24 -17.4945 -9.13043 -7.54372 39.1832 44.5158 
24.05 -17.3111 -9.03262 -7.43151 38.3937 43.71 
24.1 -17.2427 -8.93676 -7.47594 38.2454 43.5405 
24.15 -16.8729 -8.74105 -7.31629 37.4682 42.6438 
24.2 -16.7721 -8.72743 -7.24744 37.3932 42.5235 
24.25 -16.5813 -8.64702 -7.15973 36.929 42.0086 
24.3 -16.6949 -8.6548 -7.21668 37.3299 42.4173 
24.35 -16.4133 -8.54958 -7.0299 36.8438 41.8256 
24.4 -16.433 -8.6236 -6.95961 37.0233 41.9949 
24.45 -16.3384 -8.60065 -6.89632 36.9983 41.9208 
24.5 -15.7964 -8.33586 -6.67221 35.5722 40.3598 
24.55 -15.7574 -8.25126 -6.68227 35.832 40.5581 
24.6 -15.8412 -8.2839 -6.76227 35.6083 40.4134 
24.65 -15.953 -8.28135 -6.80266 36.0279 40.8334 
24.7 -15.5619 -8.05744 -6.66088 35.2193 39.8981 
24.75 -15.6618 -8.08482 -6.67579 35.6627 40.3367 
24.8 -15.1875 -7.81811 -6.49335 34.4919 39.0338 
24.85 -15.4546 -7.87036 -6.61206 35.1436 39.744 
24.9 -14.9995 -7.62201 -6.42955 33.7964 38.2964 
24.95 -15.1002 -7.62896 -6.47405 34.1706 38.6751 
25 -14.5977 -7.39455 -6.25061 32.8213 37.2032 
25.05 -14.945 -7.52551 -6.41922 33.6531 38.1278 
25.1 -14.455 -7.27594 -6.18501 32.6322 36.9459 
25.15 -14.678 -7.33149 -6.29295 33.4309 37.768 
25.2 -14.211 -7.14778 -6.04185 32.3801 36.579 
25.25 -14.4119 -7.24572 -6.09536 32.7332 36.9976 
25.3 -14.1225 -7.14648 -5.92136 32.294 36.4484 
25.35 -13.976 -7.11584 -5.80388 32.0768 36.1742 
25.4 -14.0205 -7.04102 -5.88 32.2035 36.3014 
25.45 -13.599 -6.87791 -5.6813 31.0708 35.07 
25.5 -13.7179 -6.90457 -5.70396 31.6172 35.6095 
25.55 -13.4023 -6.73505 -5.56978 30.9776 34.8657 
25.6 -13.42 -6.7188 -5.5921 31.05 34.9372 
25.65 -13.3412 -6.63804 -5.56117 30.7049 34.5799 
25.7 -13.381 -6.59868 -5.56641 30.9314 34.7898 
25.75 -12.6282 -6.25445 -5.2266 28.9288 32.6004 
25.8 -13.0633 -6.41414 -5.37317 30.3438 34.0795 
25.85 -12.6937 -6.23449 -5.21814 29.1622 32.8278 
25.9 -12.9257 -6.26894 -5.32115 29.9607 33.6501 
25.95 -12.5438 -6.06058 -5.17411 28.9114 32.5072 
26 -12.4698 -6.00308 -5.12725 28.7326 32.3014 
26.05 -12.2572 -5.89023 -5.01451 28.3309 31.8233 
26.1 -12.1414 -5.81442 -4.92413 28.1744 31.6112 
26.15 -11.8077 -5.67865 -4.7538 27.3476 30.6946 
26.2 -12.116 -5.80847 -4.86715 28.138 31.559 
26.25 -11.961 -5.69741 -4.78856 27.8827 31.2394 
26.3 -11.5822 -5.50411 -4.63213 26.9309 30.1857 
26.35 -11.4385 -5.41321 -4.55685 26.7375 29.93 
26.4 -11.4638 -5.41456 -4.54077 26.8753 30.0606 
26.45 -11.2125 -5.28483 -4.43983 26.0248 29.1659 
26.5 -11.3298 -5.30189 -4.49377 26.4021 29.5591 
26.55 -10.7159 -4.99691 -4.20619 25.179 28.1332 
26.6 -10.8854 -5.04249 -4.30137 25.7361 28.7187 
26.65 -10.9966 -5.06179 -4.28127 26.0453 29.0384 
26.7 -10.7816 -4.97028 -4.16762 25.2332 28.1963 
26.75 -10.7357 -4.89044 -4.10046 25.4601 28.3584 
26.8 -10.3452 -4.70681 -3.95954 24.0145 26.8619 
26.85 -10.3019 -4.59731 -3.94067 24.17 26.9626 
26.9 -10.3673 -4.54539 -3.98783 24.463 27.2486 
26.95 -10.3301 -4.46701 -3.96631 24.2502 27.0272 
27 -9.90422 -4.23706 -3.79595 23.1423 25.8074 
27.05 -9.81335 -4.12338 -3.75117 23.1824 25.7837 
27.1 -9.56716 -3.96485 -3.63626 22.4478 24.9875 
27.15 -9.74074 -4.03568 -3.65363 22.8992 25.4734 
27.2 -9.42002 -3.88292 -3.48509 22.2641 24.7316 
27.25 -9.46681 -3.84623 -3.49706 22.437 24.9011 
27.3 -9.141 -3.65189 -3.36785 21.4849 23.8713 
27.35 -8.93636 -3.42546 -3.38658 21.1341 23.446 
27.4 -8.62741 -3.25833 -3.24918 20.5013 22.7136 
27.45 -8.5618 -3.22447 -3.21175 20.1718 22.3812 
27.5 -8.70572 -3.25945 -3.23722 20.6806 22.9037 
27.55 -8.77893 -3.2415 -3.25655 20.8898 23.1207 
27.6 -8.42006 -3.02062 -3.0476 20.2696 22.3644 
27.65 -8.01852 -2.83492 -2.84627 18.9836 20.9955 
27.7 -8.31128 -2.90551 -2.97409 19.6952 21.7777 
27.75 -8.02344 -2.74834 -2.85444 18.9346 20.9426 
27.8 -7.63953 -2.55441 -2.67948 18.0356 19.9337 
27.85 -7.06011 -2.24836 -2.46626 16.4884 18.2442 
27.9 -7.46186 -2.31733 -2.68792 17.9794 19.7872 
27.95 -6.88671 -1.96267 -2.48565 16.7346 18.3713 
28 -6.86559 -1.87398 -2.49816 16.8613 18.4714 
28.05 -5.16761 -1.1054 -1.8688 12.69 13.8728 
28.1 -6.18689 -1.55933 -2.41909 15.3533 16.8013 
28.15 -6.62716 -1.73677 -2.55397 16.5427 18.0865 
28.2 -5.61082 -1.37533 -2.09121 13.58 14.9051 
28.25 -5.97526 -1.5941 -2.23355 14.6482 16.0563 
28.3 -6.32757 -1.69455 -2.42229 15.8246 17.2973 
28.35 -5.69332 -1.42575 -2.15654 13.9529 15.2899 
28.4 -6.07619 -1.62407 -2.3084 15.2223 16.6314 
28.45 -5.85883 -1.62599 -2.15394 14.6793 16.0341 
28.5 -5.47636 -1.67242 -1.76144 13.4951 14.7651 
28.55 -5.73941 -1.92018 -1.71997 14.1749 15.5085 
28.6 -5.56217 -1.88936 -1.5879 13.8214 15.1016 
28.65 -5.37039 -1.81511 -1.51743 13.2129 14.4575 
28.7 -5.53653 -1.90572 -1.59826 13.9079 15.1746 
28.75 -5.32722 -1.84478 -1.50915 13.2262 14.4566 
28.8 -5.27775 -1.84881 -1.48479 13.074 14.2971 
28.85 -5.38819 -1.89724 -1.53947 13.4711 14.713 
28.9 -5.22984 -1.81984 -1.47768 13.2009 14.3914 
28.95 -5.36201 -1.9015 -1.53618 13.2417 14.4938 
29 -5.22797 -1.82925 -1.47393 13.0344 14.2389 
29.05 -5.11744 -1.78216 -1.44345 12.7877 13.9632 
29.1 -5.19631 -1.81542 -1.47106 12.9895 14.1841 
29.15 -5.39878 -1.86917 -1.52821 13.7038 14.9255 
29.2 -5.33101 -1.87479 -1.50106 13.2596 14.4916 
29.25 -5.31356 -1.88786 -1.5155 13.1332 14.3728 
29.3 -5.1758 -1.79605 -1.49435 12.9893 14.1764 
29.35 -5.03787 -1.71778 -1.45768 12.5605 13.7194 
29.4 -5.12229 -1.76193 -1.48589 12.6873 13.8751 
29.45 -5.14648 -1.80084 -1.48513 12.7069 13.9069 
29.5 -5.12065 -1.79273 -1.47262 12.6305 13.8251 
29.55 -5.11501 -1.77881 -1.48017 12.7519 13.9331 
29.6 -4.99352 -1.73662 -1.42286 12.3659 13.5237 
29.65 -5.18254 -1.79805 -1.52413 12.9263 14.1246 
29.7 -5.1468 -1.77443 -1.52546 12.8298 14.0203 
29.75 -5.13883 -1.77413 -1.51993 12.8423 14.0281 
29.8 -5.11675 -1.76502 -1.51269 12.736 13.9209 
29.85 -5.14045 -1.76078 -1.50522 12.7878 13.9756 
29.9 -4.9647 -1.74387 -1.38202 12.1327 13.2967 
29.95 -5.06322 -1.83058 -1.40553 12.3917 13.5837 
30 -5.09184 -1.82038 -1.42411 12.4859 13.6808 
30.05 -4.97854 -1.75663 -1.37871 12.2722 13.4305 
30.1 -4.99645 -1.77635 -1.42862 12.4017 13.5633 
30.15 -4.86695 -1.75435 -1.37101 12.0833 13.2155 
30.2 -4.8783 -1.74614 -1.37532 11.9308 13.0799 
30.25 -4.89843 -1.74884 -1.35655 12.0932 13.234 
30.3 -4.94385 -1.76973 -1.38789 12.1482 13.3071 
30.35 -4.98754 -1.77715 -1.44191 12.2366 13.4107 
30.4 -4.88345 -1.74832 -1.37457 11.9848 13.1312 
30.45 -4.8421 -1.73156 -1.36251 12.0074 13.1331 
30.5 -4.83119 -1.72721 -1.35885 11.954 13.0793 
30.55 -4.83386 -1.7217 -1.36563 11.8498 12.9851 
30.6 -4.95968 -1.7859 -1.42064 12.0455 13.225 
30.65 -4.80843 -1.70499 -1.34943 11.7912 12.9182 
30.7 -4.73246 -1.69762 -1.31806 11.6411 12.7487 
30.75 -4.64005 -1.65172 -1.28362 11.3665 12.454 
30.8 -4.89031 -1.7449 -1.40393 11.9972 13.1478 
30.85 -4.95796 -1.76721 -1.42903 12.1638 13.3305 
30.9 -4.98935 -1.77927 -1.41502 12.3034 13.4698 
30.95 -4.79207 -1.73088 -1.30421 11.6657 12.7965 
