0 0 0 0 0 0 
0.05 0.0940868 0.0558155 0.0467926 -0.129934 0.175563 
0.1 0.108018 0.0503432 0.0297368 -0.139787 0.185755 
0.15 -0.0235104 0.00489969 -0.0213 0.303803 0.305472 
0.2 -0.0735048 -0.00305395 -0.0507805 0.316589 0.328962 
0.25 -0.0817415 -0.00690633 -0.0661206 0.457181 0.469054 
0.3 -0.129238 -0.0318213 -0.0880189 0.525478 0.549198 
0.35 -0.0620474 0.000683856 -0.055859 0.457366 0.465005 
0.4 -0.150727 -0.0199862 -0.103665 0.612158 0.639201 
0.45 -0.153235 -0.0159494 -0.118107 0.593695 0.624953 
0.5 -0.00638365 0.0298728 -0.0631373 0.285706 0.294226 
0.55 -0.0654461 0.0142681 -0.0919168 0.649808 0.659675 
0.6 -0.225521 -0.033576 -0.160103 1.03262 1.06954 
0.65 -0.268402 -0.0518112 -0.173925 1.12353 1.16934 
0.7 -0.26952 -0.0715929 -0.178866 1.12739 1.17524 
0.75 -0.202579 -0.0417909 -0.157962 0.942314 0.977595 
0.8 -0.158061 -0.0154449 -0.140912 0.854331 0.880308 
0.85 -0.197157 -0.0271533 -0.171308 1.01062 1.04422 
0.9 -0.24161 -0.0452064 -0.188273 0.969719 1.01781 
0.95 -0.162895 -0.00757224 -0.14612 0.915448 0.941267 
1 -0.197341 -0.011896 -0.163808 0.976807 1.00999 
1.05 -0.192678 -0.00304144 -0.168335 0.857053 0.894433 
1.1 -0.160486 -0.00109901 -0.149121 0.921249 0.947013 
1.15 -0.293292 -0.0701217 -0.23282 1.1477 1.20952 
1.2 -0.224596 -0.0311967 -0.193356 0.976824 1.02148 
1.25 -0.21253 -0.0224658 -0.163336 1.10383 1.13613 
1.3 -0.22237 -0.033292 -0.166821 1.03104 1.06836 
1.35 -0.106675 0.0202735 -0.132075 0.722047 0.742025 
1.4 -0.165418 -0.0105462 -0.155392 1.02244 1.04742 
1.45 -0.369489 -0.0715676 -0.257611 1.66917 1.73028 
1.5 -0.489696 -0.11568 -0.296361 1.87843 1.96709 
1.55 -0.482877 -0.128314 -0.280047 1.8608 1.94715 
1.6 -0.395308 -0.0941753 -0.266179 1.6858 1.75446 
1.65 -0.257749 -0.0238114 -0.198019 1.34445 1.3834 
1.7 -0.32727 -0.0656529 -0.214014 1.46546 1.51806 
1.75 -0.34048 -0.0642008 -0.222829 1.50217 1.55775 
1.8 -0.393107 -0.0993234 -0.261231 1.55882 1.63176 
1.85 -0.29078 -0.0449096 -0.210357 1.36007 1.40734 
1.9 -0.29992 -0.0622467 -0.204367 1.25845 1.31126 
1.95 -0.295725 -0.0476545 -0.211625 1.26643 1.31851 
2 -0.365753 -0.086026 -0.2475 1.47606 1.5431 
2.05 -0.371035 -0.0848379 -0.251622 1.60707 1.67054 
2.1 -0.469507 -0.133646 -0.29225 1.60345 1.7012 
2.15 -0.305964 -0.053634 -0.201356 1.45771 1.50369 
2.2 -0.197643 -0.0204841 -0.163338 1.04153 1.07288 
2.25 -0.188926 0.00053054 -0.166615 1.09086 1.11956 
2.3 -0.434867 -0.0907699 -0.263596 1.82839 1.90009 
2.35 -0.519668 -0.127863 -0.302399 1.95833 2.05256 
2.4 -0.474728 -0.115423 -0.297346 1.80277 1.89147 
2.45 -0.34182 -0.0641374 -0.252429 1.64126 1.69657 
2.5 -0.261049 -0.038749 -0.213448 1.27149 1.3172 
2.55 -0.328542 -0.0577694 -0.239955 1.43337 1.49113 
2.6 -0.417225 -0.0975149 -0.273143 1.61219 1.69036 
2.65 -0.372782 -0.0798963 -0.259388 1.49922 1.56842 
2.7 -0.374377 -0.0724057 -0.261001 1.57758 1.64381 
2.75 -0.379701 -0.0724736 -0.257271 1.59095 1.65724 
2.8 -0.359589 -0.0683653 -0.257827 1.52084 1.58537 
2.85 -0.342928 -0.0576033 -0.248655 1.47887 1.53942 
2.9 -0.40329 -0.0829991 -0.277835 1.66919 1.74159 
2.95 -0.434816 -0.0784779 -0.280035 1.75917 1.83516 
3 -0.484053 -0.116378 -0.308725 1.73698 1.83348 
3.05 -0.334547 -0.0507985 -0.239283 1.44387 1.50204 
3.1 -0.22355 -0.0232175 -0.191025 1.08404 1.12459 
3.15 -0.310757 -0.0301667 -0.234383 1.36639 1.42111 
3.2 -0.459657 -0.0693394 -0.311514 1.77735 1.8637 
3.25 -0.438406 -0.0654005 -0.306488 1.54624 1.63762 
3.3 -0.34344 -0.0398596 -0.280537 1.32174 1.39467 
3.35 -0.185964 0.0108963 -0.205009 0.841156 0.88625 
3.4 -0.0447849 0.0597424 -0.133859 0.39609 0.425606 
3.45 -0.114592 0.0454633 -0.166227 0.488705 0.530806 
3.5 -0.126115 0.0316041 -0.170258 0.467614 0.514071 
3.55 -0.0692122 0.0637167 -0.138811 0.31985 0.361602 
3.6 -0.0594747 0.0562751 -0.123019 0.313741 0.346688 
3.65 -0.123859 0.0309517 -0.158804 0.458742 0.502394 
3.7 -0.11411 0.040847 -0.160416 0.459909 0.501916 
3.75 -0.0980589 0.0472295 -0.163067 0.41865 0.463031 
3.8 -0.0473863 0.0632209 -0.134868 0.210771 0.26195 
3.85 -0.126582 0.0357777 -0.16019 0.454806 0.501738 
3.9 -0.130098 0.0319983 -0.167774 0.328122 0.392608 
3.95 0.0568138 0.0932925 -0.0846205 -0.139874 0.195301 
4 0.135518 0.113441 -0.0520372 -0.235936 0.299203 
4.05 0.0207126 0.0903114 -0.0974749 0.0786001 0.170481 
4.1 -0.162084 0.0281242 -0.156396 0.598214 0.639575 
4.15 -0.209458 0.00298453 -0.174915 0.558209 0.623168 
4.2 -0.142465 0.0359157 -0.178129 0.602799 0.645524 
4.25 -0.0848688 0.035087 -0.154209 0.491047 0.522671 
4.3 -0.133554 0.0373621 -0.167885 0.662039 0.697801 
4.35 -0.230594 0.0129999 -0.214087 0.911592 0.964454 
4.4 -0.199612 0.0210162 -0.190536 0.818268 0.864046 
4.45 -0.216066 -0.000701957 -0.22811 1.02354 1.07066 
4.5 -0.245491 0.00865885 -0.251512 1.1146 1.16862 
4.55 -0.266151 0.00135655 -0.251232 1.10685 1.16588 
4.6 -0.232276 0.00389702 -0.231043 1.09406 1.14205 
4.65 -0.180647 0.0292254 -0.222056 0.984254 1.02547 
4.7 -0.255124 0.00349409 -0.249704 1.1458 1.20028 
4.75 -0.208569 0.0130889 -0.220462 1.02046 1.06508 
4.8 -0.140832 0.0417657 -0.203336 0.855825 0.891894 
4.85 -0.165109 0.0303898 -0.222603 0.836017 0.880933 
4.9 -0.207466 0.0382652 -0.221252 1.15878 1.19829 
4.95 -0.391019 -0.0359276 -0.302451 1.59039 1.66586 
5 -0.384628 -0.0309155 -0.302567 1.46996 1.54969 
5.05 -0.299791 -0.0160977 -0.27417 1.31033 1.3718 
5.1 0.156386 0.186363 -0.084882 0.421704 0.49602 
5.15 0.726471 0.386923 0.121851 -1.04654 1.34006 
5.2 1.89679 0.677806 0.499045 -4.08653 4.58325 
5.25 1.98537 0.507555 0.386964 -3.98011 4.49331 
5.3 2.57278 0.788973 0.603499 -5.34191 6.01165 
5.35 2.93026 0.847518 0.710916 -6.13462 6.88788 
5.4 3.76918 1.16381 1.02054 -8.11453 9.0801 
5.45 3.98011 1.21709 1.0724 -8.14397 9.20864 
5.5 3.80246 1.03121 0.946361 -7.75544 8.75014 
5.55 4.30992 1.2249 1.1047 -9.1354 10.235 
5.6 4.35118 1.23373 1.10727 -8.86833 10.0164 
5.65 4.73327 1.31235 1.28398 -9.88727 11.1146 
5.7 4.88092 1.33654 1.3141 -10.2656 11.5204 
5.75 5.09997 1.42303 1.40107 -10.7138 12.0326 
5.8 5.92988 1.67435 1.70804 -12.9948 14.4827 
5.85 6.02137 1.6595 1.71324 -12.8725 14.41 
5.9 5.25497 1.23895 1.34938 -10.9755 12.3058 
5.95 5.53391 1.20448 1.50362 -11.6964 13.0821 
6 4.80216 0.827306 1.18006 -10.0923 11.2691 
6.05 4.38191 0.609207 0.964079 -9.25561 10.3037 
6.1 4.80449 0.754473 1.11867 -10.7141 11.8193 
6.15 4.51187 0.640464 0.992539 -9.809 10.8614 
6.2 4.41789 0.542566 0.905359 -9.71892 10.728 
6.25 4.70459 0.701319 0.962363 -10.474 11.5436 
6.3 3.8118 0.308073 0.524288 -8.46234 9.30117 
6.35 4.07764 0.347095 0.628123 -9.72032 10.5654 
6.4 3.04688 -0.117663 0.194528 -6.96641 7.60697 
6.45 3.5239 0.0118862 0.422659 -8.58384 9.28873 
6.5 3.16195 -0.195358 0.243361 -7.7268 8.35446 
6.55 2.60269 -0.492902 0.0182376 -6.46157 6.98376 
6.6 2.4279 -0.627254 -0.0503221 -6.31148 6.79156 
6.65 1.88012 -0.828594 -0.319902 -5.00604 5.42069 
6.7 1.71913 -0.922955 -0.403052 -4.94444 5.33062 
6.75 1.47814 -1.02773 -0.524105 -4.53095 4.90368 
6.8 1.3516 -1.12093 -0.567005 -4.13048 4.52341 
6.85 1.06328 -1.31922 -0.669442 -3.67707 4.10286 
6.9 0.639954 -1.52467 -0.891025 -2.94488 3.493 
6.95 0.785571 -1.49651 -0.841418 -3.58059 4.04777 
7 -0.0556464 -1.81957 -1.27147 -1.52358 2.6944 
7.05 -0.597054 -2.04922 -1.53678 -0.689441 2.71954 
7.1 -0.330424 -1.88957 -1.46644 -1.46056 2.82176 
7.15 -0.51892 -2.05298 -1.52465 -1.4538 2.98456 
7.2 -1.04093 -2.20024 -1.7811 0.05977 3.01547 
7.25 -0.904414 -2.22587 -1.74568 -0.798629 3.07337 
7.3 -1.60784 -2.53557 -1.9938 1.27972 3.82421 
7.35 -1.38578 -2.52912 -1.90048 0.00716857 3.45155 
7.4 -2.05311 -2.77773 -2.21218 1.91617 4.52717 
7.45 -2.20045 -2.8986 -2.29778 1.77491 4.65531 
7.5 -2.5678 -3.08858 -2.42222 2.91357 5.52169 
7.55 -2.8861 -3.32888 -2.50713 3.47614 6.14655 
7.6 -3.03358 -3.38619 -2.6 3.58682 6.34777 
7.65 -3.50698 -3.61401 -2.79732 4.7812 7.4863 
7.7 -3.39477 -3.60887 -2.70382 4.55684 7.25422 
7.75 -3.89646 -3.90903 -2.91285 5.28756 8.17961 
7.8 -3.96335 -3.89569 -2.94348 5.73451 8.51077 
7.85 -4.17547 -3.98152 -3.08211 5.84279 8.77067 
7.9 -4.50388 -4.10992 -3.27892 6.35876 9.40008 
7.95 -4.45366 -4.08477 -3.24476 6.27241 9.29474 
8 -5.23318 -4.40898 -3.65828 7.84085 11.0312 
8.05 -5.24229 -4.33183 -3.73571 7.71293 10.9403 
8.1 -5.63236 -4.51101 -3.93375 8.55231 11.8612 
8.15 -5.77173 -4.57858 -3.98192 8.80462 12.1513 
8.2 -5.67858 -4.58777 -3.93239 8.4264 11.8221 
8.25 -6.23091 -4.86623 -4.17734 9.74649 13.2268 
8.3 -6.50248 -5.02014 -4.29756 10.2405 13.8138 
8.35 -6.69644 -5.18724 -4.31438 10.719 14.3269 
8.4 -7.19822 -5.47717 -4.45529 12.1648 15.8002 
8.45 -7.29567 -5.60259 -4.48358 11.9136 15.7051 
8.5 -7.50443 -5.73465 -4.53992 12.6328 16.4134 
8.55 -7.72192 -5.86171 -4.62131 12.8725 16.7644 
8.6 -7.56238 -5.86189 -4.5064 12.398 16.2963 
8.65 -8.38875 -6.21859 -4.88059 14.4085 18.4517 
8.7 -8.06526 -6.05568 -4.78577 13.2566 17.3309 
8.75 -8.62387 -6.24529 -5.09075 14.4747 18.6764 
8.8 -8.50831 -6.12513 -5.10219 14.2303 18.3968 
8.85 -8.90684 -6.33762 -5.28222 15.0218 19.3146 
8.9 -9.1996 -6.42299 -5.44329 15.4965 19.8911 
8.95 -9.43203 -6.45446 -5.63138 15.8909 20.368 
9 -9.74039 -6.52193 -5.81816 16.7605 21.2644 
9.05 -9.69261 -6.61467 -5.78013 16.0727 20.723 
9.1 -9.40311 -6.5153 -5.62635 15.3932 19.987 
9.15 -9.9842 -6.78576 -5.87803 17.1058 21.7461 
9.2 -10.1948 -6.92628 -5.98893 17.2554 22.0347 
9.25 -10.8774 -7.26648 -6.2185 19.3003 24.1307 
9.3 -11.0875 -7.43019 -6.25081 19.8838 24.7503 
9.35 -10.9363 -7.43776 -6.12253 19.3313 24.2097 
9.4 -10.995 -7.49779 -6.166 19.5657 24.4529 
9.45 -11.3174 -7.66947 -6.29473 20.2438 25.2258 
9.5 -11.4829 -7.76384 -6.40593 20.4108 25.4906 
9.55 -11.7198 -7.8205 -6.50981 20.9491 26.0722 
9.6 -12.0708 -7.94107 -6.77699 21.3819 26.681 
9.65 -12.4568 -8.07487 -6.97695 22.1367 27.5515 
9.7 -12.3418 -8.00545 -6.96696 21.5862 27.0354 
9.75 -12.6621 -8.12489 -7.14788 22.2901 27.826 
9.8 -12.7363 -8.09104 -7.22551 22.6256 28.139 
9.85 -12.9654 -8.19104 -7.34467 22.9498 28.5628 
9.9 -13.0227 -8.25885 -7.41489 22.65 28.3867 
9.95 -12.9825 -8.27238 -7.38237 22.4421 28.1981 
10 -13.3432 -8.45014 -7.55334 23.4784 29.287 
10.05 -13.6962 -8.70092 -7.67343 24.308 30.2168 
10.1 -14.2142 -8.99269 -7.87319 25.4287 31.4884 
10.15 -13.9677 -8.92806 -7.72912 24.6778 30.7171 
10.2 -14.0617 -8.9768 -7.75611 25.2088 31.2083 
10.25 -14.1953 -9.08972 -7.8237 25.1657 31.2834 
10.3 -14.5917 -9.26768 -8.04512 26.0454 32.2784 
10.35 -14.7225 -9.29131 -8.13881 26.3513 32.6146 
10.4 -15.021 -9.36173 -8.35525 26.8883 33.2576 
10.45 -15.1253 -9.39329 -8.44852 26.7051 33.1895 
10.5 -15.3316 -9.44484 -8.58978 27.1858 33.7211 
10.55 -15.3881 -9.43142 -8.67483 27.2743 33.8362 
10.6 -16.1176 -9.74704 -9.00626 29.114 35.8262 
10.65 -15.6171 -9.52717 -8.84618 27.6064 34.2787 
10.7 -15.6558 -9.508 -8.89544 27.9235 34.5594 
10.75 -16.0427 -9.73667 -9.08213 28.8501 35.5948 
10.8 -16.4808 -9.99572 -9.27569 29.8058 36.6872 
10.85 -16.7081 -10.1695 -9.33065 30.2651 37.224 
10.9 -16.835 -10.3295 -9.3125 30.6068 37.5981 
10.95 -16.8991 -10.3861 -9.32167 30.7884 37.7925 
11 -16.8805 -10.381 -9.36623 30.3577 37.4437 
11.05 -17.053 -10.4075 -9.50704 30.8642 37.975 
11.1 -17.3259 -10.5197 -9.66931 31.3088 38.5304 
11.15 -17.7596 -10.6806 -9.92959 32.292 39.6339 
11.2 -17.7295 -10.631 -9.97451 32.1135 39.4731 
11.25 -17.9596 -10.7085 -10.1389 32.4043 39.8755 
11.3 -17.9629 -10.7303 -10.1468 32.3033 39.8028 
11.35 -18.204 -10.8247 -10.2931 32.778 40.3597 
11.4 -18.3863 -10.888 -10.4194 33.249 40.8738 
11.45 -18.6902 -11.0379 -10.5911 34.009 41.7126 
11.5 -18.722 -11.0821 -10.6108 34.0047 41.74 
11.55 -18.732 -11.135 -10.6086 34.2067 41.9228 
11.6 -19.106 -11.3703 -10.7403 35.0164 42.8465 
11.65 -19.3456 -11.556 -10.8223 35.5126 43.4288 
11.7 -19.5346 -11.7155 -10.8683 35.8263 43.8235 
11.75 -19.5105 -11.7314 -10.833 35.738 43.7361 
11.8 -19.8285 -11.8805 -10.994 36.4608 44.5485 
11.85 -19.8999 -11.8626 -11.1236 36.4033 44.5608 
11.9 -20.2596 -11.8737 -11.4554 36.9604 45.2629 
11.95 -20.5013 -11.9278 -11.6338 37.3515 45.75 
12 -20.5229 -11.9551 -11.5959 37.5962 45.9571 
12.05 -20.635 -11.9773 -11.696 37.6365 46.0713 
12.1 -20.9665 -12.1183 -11.8683 38.443 46.9592 
12.15 -20.8046 -12.0906 -11.8261 37.8191 46.359 
12.2 -21.3855 -12.3648 -12.0726 39.4569 48.0918 
12.25 -20.8084 -12.1229 -11.802 38.172 46.6513 
12.3 -21.8218 -12.649 -12.2577 40.5571 49.3084 
12.35 -21.6101 -12.6406 -12.0999 40.142 48.8321 
12.4 -22.0691 -12.9155 -12.2581 41.2558 50.0616 
12.45 -21.7822 -12.7987 -12.0706 40.7489 49.4414 
12.5 -22.2532 -12.9949 -12.3823 41.1994 50.1476 
12.55 -22.2615 -12.9532 -12.4481 41.2891 50.2305 
12.6 -22.6066 -13.0679 -12.6784 41.9735 51.0328 
12.65 -22.9391 -13.2364 -12.861 42.4551 51.6647 
12.7 -23.1961 -13.3295 -13.0328 42.814 52.1404 
12.75 -23.0972 -13.2411 -12.973 42.8585 52.0957 
12.8 -23.3725 -13.3992 -13.1376 43.0284 52.439 
12.85 -23.3319 -13.3813 -13.1347 43.0925 52.4682 
12.9 -23.6835 -13.5538 -13.2965 44.037 53.4852 
12.95 -23.921 -13.7275 -13.4115 44.412 53.9718 
13 -24.2502 -13.9126 -13.5224 45.239 54.8731 
13.05 -24.0289 -13.8605 -13.4037 44.6912 54.2813 
13.1 -24.4584 -14.1207 -13.5461 45.8308 55.5119 
13.15 -24.388 -14.1153 -13.5081 45.5468 55.2359 
13.2 -24.6028 -14.1816 -13.6754 45.8388 55.6294 
13.25 -24.711 -14.212 -13.7749 45.9975 55.8402 
13.3 -24.903 -14.3346 -13.8752 46.3628 56.2821 
13.35 -25.4579 -14.6137 -14.1479 47.415 57.5327 
13.4 -25.42 -14.5285 -14.1858 47.3517 57.4514 
13.45 -25.6985 -14.6187 -14.3962 47.9026 58.1036 
13.5 -25.5193 -14.5658 -14.3188 47.2237 57.4326 
13.55 -26.0362 -14.7873 -14.5749 48.6183 58.9298 
13.6 -26.0312 -14.8479 -14.5759 48.5856 58.916 
13.65 -26.4139 -15.0931 -14.7503 49.3265 59.8011 
13.7 -26.5198 -15.2072 -14.7642 49.8281 60.2941 
13.75 -26.6619 -15.3292 -14.7608 50.355 60.8223 
13.8 -26.6656 -15.3216 -14.7701 50.2911 60.7713 
13.85 -26.9199 -15.4532 -14.9911 50.6513 61.2681 
13.9 -27.0074 -15.4509 -15.0753 50.7859 61.4378 
13.95 -27.2519 -15.4984 -15.3019 51.2218 61.9732 
14 -27.6035 -15.6391 -15.4811 51.9256 62.7891 
14.05 -27.5648 -15.6506 -15.4745 51.7598 62.6362 
14.1 -28.1271 -15.9179 -15.8033 52.764 63.8615 
14.15 -27.8215 -15.749 -15.7033 52.2643 63.2472 
14.2 -27.9725 -15.826 -15.8405 52.5371 63.5924 
14.25 -28.509 -16.1228 -16.0793 53.7711 64.9815 
14.3 -28.4279 -16.1575 -16.0365 53.7083 64.8919 
14.35 -28.6337 -16.2584 -16.1052 54.4284 65.6205 
14.4 -28.6841 -16.3902 -16.1002 54.388 65.6406 
14.45 -29.0471 -16.5952 -16.2734 55.0243 66.4201 
14.5 -29.1564 -16.6308 -16.3903 55.2398 66.684 
14.55 -29.0552 -16.5485 -16.4399 54.8458 66.3053 
14.6 -29.69 -16.812 -16.8014 56.2026 67.8613 
14.65 -29.6092 -16.7581 -16.7835 56.0502 67.682 
14.7 -29.9023 -16.9406 -17.0011 56.7473 68.4867 
14.75 -30.3649 -17.1757 -17.2432 57.617 69.5275 
14.8 -29.9721 -16.9938 -17.0517 56.6194 68.4371 
14.85 -30.2773 -17.1533 -17.2327 57.3963 69.2983 
14.9 -30.2095 -17.1558 -17.2218 57.4537 69.3142 
14.95 -30.6964 -17.4798 -17.4633 58.4823 70.5193 
15 -30.8098 -17.6187 -17.4929 58.5733 70.6859 
15.05 -31.1305 -17.7539 -17.5956 59.8272 71.925 
15.1 -31.2085 -17.7502 -17.6161 59.7642 71.9105 
15.15 -31.2253 -17.6472 -17.6149 59.7612 71.8897 
15.2 -30.9701 -17.5059 -17.4758 59.3122 71.3369 
15.25 -31.2375 -17.6226 -17.6088 59.9864 72.0748 
15.3 -31.0157 -17.5007 -17.4615 59.5531 71.5522 
15.35 -31.154 -17.5281 -17.5352 59.9327 71.9529 
15.4 -31.3185 -17.615 -17.6038 60.3059 72.3728 
15.45 -31.0267 -17.4596 -17.4101 59.938 71.8552 
15.5 -31.2251 -17.5603 -17.537 60.183 72.2005 
15.55 -31.142 -17.49 -17.4904 59.9802 71.9671 
15.6 -31.1302 -17.4783 -17.4741 59.9792 71.9544 
15.65 -31.1134 -17.4643 -17.4511 60.1834 72.1084 
15.7 -31.0088 -17.3748 -17.3838 59.9759 71.8522 
15.75 -31.1725 -17.4546 -17.4972 60.2692 72.2143 
15.8 -31.1232 -17.4326 -17.4644 60.12 72.0553 
15.85 -31.1685 -17.472 -17.4952 60.0634 72.0447 
15.9 -31.2827 -17.5284 -17.531 60.3906 72.3893 
15.95 -31.345 -17.5208 -17.5575 60.3195 72.3616 
16 -31.3935 -17.5723 -17.5804 60.4017 72.4692 
16.05 -31.3761 -17.5889 -17.57 60.244 72.3317 
16.1 -31.3919 -17.5886 -17.5848 60.2032 72.3081 
16.15 -31.3733 -17.5664 -17.557 60.347 72.4076 
16.2 -31.3723 -17.5486 -17.5515 60.429 72.4699 
16.25 -31.3586 -17.5473 -17.5492 60.3864 72.4277 
16.3 -31.3516 -17.5592 -17.5565 60.3198 72.3738 
16.35 -31.3921 -17.5625 -17.575 60.3752 72.4427 
16.4 -31.4473 -17.5942 -17.5972 60.3535 72.4617 
16.45 -31.5078 -17.6251 -17.6047 60.4383 72.5678 
16.5 -31.525 -17.6441 -17.594 60.4464 72.5842 
16.55 -31.4517 -17.5997 -17.5532 60.4491 72.5339 
16.6 -31.5827 -17.7142 -17.6213 60.561 72.7283 
16.65 -31.5319 -17.6643 -17.5816 60.5256 72.655 
16.7 -31.5764 -17.6986 -17.6276 60.4782 72.6543 
16.75 -31.6323 -17.7762 -17.672 60.5868 72.7987 
16.8 -31.643 -17.7971 -17.6918 60.2828 72.5606 
16.85 -31.6687 -17.8043 -17.6978 60.3276 72.6122 
16.9 -31.5822 -17.6992 -17.6145 60.3701 72.5639 
16.95 -31.6587 -17.7039 -17.6266 60.6871 72.8651 
17 -31.4703 -17.6033 -17.5259 60.4627 72.5476 
17.05 -31.4429 -17.6001 -17.5401 60.4068 72.4917 
17.1 -31.4936 -17.613 -17.5638 60.4789 72.5827 
17.15 -31.4036 -17.5455 -17.5027 60.5405 72.5639 
17.2 -31.3577 -17.5168 -17.4701 60.5184 72.5109 
17.25 -31.3984 -17.5294 -17.5044 60.584 72.5945 
17.3 -31.3637 -17.5164 -17.4939 60.5328 72.5312 
17.35 -31.3463 -17.5086 -17.4743 60.5352 72.519 
17.4 -31.4075 -17.5285 -17.5106 60.5898 72.6046 
17.45 -31.4049 -17.5375 -17.4795 60.6702 72.6652 
17.5 -31.3755 -17.5306 -17.4688 60.5238 72.5261 
17.55 -31.457 -17.5774 -17.5189 60.6718 72.7083 
17.6 -31.3869 -17.5452 -17.4751 60.5274 72.539 
17.65 -31.3217 -17.486 -17.4406 60.6631 72.6016 
17.7 -31.4468 -17.5357 -17.5202 60.9021 72.8864 
17.75 -31.3592 -17.4717 -17.4492 60.8092 72.7386 
17.8 -31.3085 -17.4644 -17.429 60.6325 72.5623 
17.85 -31.4388 -17.5375 -17.5004 60.8308 72.819 
17.9 -31.245 -17.4198 -17.3744 60.568 72.4572 
17.95 -31.4113 -17.4956 -17.4646 60.8205 72.7799 
18 -31.415 -17.506 -17.4735 60.9169 72.8667 
18.05 -31.3608 -17.4972 -17.4307 60.7195 72.666 
18.1 -31.4425 -17.565 -17.4443 60.981 72.9393 
18.15 -31.3717 -17.5247 -17.4012 60.8299 72.7625 
18.2 -31.49 -17.561 -17.4627 61.146 73.1012 
18.25 -31.4429 -17.5296 -17.4387 60.9096 72.87 
18.3 -31.3906 -17.5016 -17.3867 60.9225 72.8391 
18.35 -32.1644 -17.7707 -17.6998 62.5557 74.6783 
18.4 -31.7438 -17.2967 -17.2502 62.2872 74.0548 
18.45 -31.5351 -16.9799 -16.9679 62.2281 73.7768 
18.5 -31.5477 -16.8101 -16.7754 62.6181 74.029 
18.55 -31.539 -16.566 -16.6142 63.103 74.3449 
18.6 -31.4056 -16.3402 -16.4412 62.7547 73.9038 
18.65 -31.0593 -16.0676 -16.1719 62.3228 73.2702 
18.7 -31.3562 -16.1743 -16.2086 63.0651 74.0591 
18.75 -31.0947 -16.0424 -15.9573 62.7711 73.6144 
18.8 -30.974 -15.954 -15.8188 62.7605 73.5054 
18.85 -30.9213 -15.9096 -15.7234 62.6258 73.338 
18.9 -30.8442 -15.8387 -15.6457 62.5614 73.2185 
18.95 -30.5436 -15.6872 -15.4276 61.8585 72.4119 
19 -30.6307 -15.7241 -15.4202 62.3291 72.8573 
19.05 -30.3544 -15.5971 -15.2247 61.8518 72.264 
19.1 -30.3943 -15.5758 -15.2315 61.823 72.2531 
19.15 -30.15 -15.4044 -15.0949 61.2889 71.6276 
19.2 -30.0559 -15.3023 -15.0696 61.0332 71.3419 
19.25 -29.7783 -15.1604 -14.9182 60.3841 70.6072 
19.3 -29.8263 -15.1914 -14.8882 60.5858 70.8004 
19.35 -29.4404 -15.0372 -14.646 60.055 70.0997 
19.4 -29.5328 -15.0671 -14.6551 60.3903 70.4341 
19.45 -29.2418 -14.9386 -14.4998 59.7689 69.7196 
19.5 -29.2877 -14.9324 -14.4754 59.9153 69.8578 
19.55 -28.7052 -14.6269 -14.1964 58.6572 68.4115 
19.6 -29.0205 -14.7886 -14.3477 59.0304 68.93 
19.65 -28.8434 -14.6251 -14.2401 59.053 68.8177 
19.7 -28.672 -14.5232 -14.1495 58.4074 68.1516 
19.75 -28.4572 -14.3756 -14.001 58.1271 67.7589 
19.8 -28.1943 -14.2325 -13.8953 57.3809 66.9562 
19.85 -28.0516 -14.1154 -13.8191 57.2838 66.7723 
19.9 -27.9437 -14.0653 -13.7575 57.0196 66.4769 
19.95 -28.15 -14.2182 -13.7759 57.6526 67.1429 
20 -27.4537 -13.9535 -13.3912 56.4627 65.6945 
20.05 -27.469 -13.9683 -13.3649 56.34 65.5932 
20.1 -27.5802 -13.992 -13.3879 56.7402 65.9934 
20.15 -27.1451 -13.7957 -13.1224 55.901 64.9946 
20.2 -27.092 -13.74 -13.1032 55.8409 64.9051 
20.25 -27.0409 -13.7174 -13.0569 55.6081 64.6693 
20.3 -26.754 -13.5501 -12.919 55.3784 64.2888 
20.35 -26.8447 -13.5187 -12.9775 55.3512 64.3083 
20.4 -26.3941 -13.2678 -12.7581 54.4973 63.2883 
20.45 -26.2391 -13.1581 -12.7056 54.0906 62.8399 
20.5 -26.2223 -13.1402 -12.6893 54.0933 62.8281 
20.55 -25.9979 -13.0775 -12.5517 53.6563 62.3174 
20.6 -25.9969 -13.1026 -12.4695 54.1887 62.7648 
20.65 -25.8916 -13.1059 -12.4003 53.7249 62.3079 
20.7 -25.5832 -12.9726 -12.1865 53.4728 61.8922 
20.75 -25.1912 -12.8284 -11.9887 52.5562 60.8691 
20.8 -25.4815 -12.8927 -12.1527 53.1239 61.5253 
20.85 -25.3153 -12.7986 -12.0577 52.7003 61.0523 
20.9 -25.0952 -12.6908 -11.9614 52.3643 60.6294 
20.95 -24.9213 -12.5805 -11.853 51.9425 60.1486 
21 -24.8728 -12.5168 -11.8459 51.9772 60.1438 
21.05 -25.0421 -12.5606 -11.9566 52.1527 60.3965 
21.1 -24.3788 -12.21 -11.6504 50.64 58.6818 
21.15 -24.387 -12.1979 -11.6432 50.9126 58.9167 
21.2 -24.1388 -12.1183 -11.5146 50.3398 58.2771 
21.25 -24.0686 -12.1277 -11.4267 50.2602 58.1638 
21.3 -23.8942 -12.0914 -11.3095 50.1635 57.9777 
21.35 -23.6896 -12.0465 -11.1353 49.926 57.6447 
21.4 -23.542 -12.0299 -11.0158 49.782 57.4329 
21.45 -23.4779 -11.9963 -10.9841 49.6217 57.2546 
21.5 -23.5161 -12.0129 -10.9801 49.7671 57.399 
21.55 -23.1306 -11.7937 -10.8564 48.8513 56.3775 
21.6 -23.337 -11.8595 -10.9271 49.2826 56.8633 
21.65 -22.8295 -11.6112 -10.6555 48.2449 55.6517 
21.7 -23.0112 -11.6768 -10.7615 48.5547 56.0288 
21.75 -22.5654 -11.4151 -10.5752 47.424 54.7756 
21.8 -22.5335 -11.3812 -10.5433 47.6353 54.9324 
21.85 -22.1816 -11.1793 -10.4144 46.8425 54.0341 
21.9 -22.257 -11.2318 -10.446 47.0481 54.2602 
21.95 -22.1822 -11.228 -10.3756 47.0308 54.2003 
22 -21.9391 -11.2322 -10.2037 46.577 53.6751 
22.05 -21.8107 -11.1553 -10.1327 46.3667 53.4106 
22.1 -21.5328 -11.0687 -9.96431 45.9795 52.9111 
22.15 -21.5185 -11.1302 -9.90307 45.8944 52.8327 
22.2 -21.5736 -11.1542 -9.91373 46.2015 53.1291 
22.25 -21.1816 -10.9113 -9.70707 45.4882 52.2601 
22.3 -20.9053 -10.7902 -9.61524 44.6697 51.3936 
22.35 -21.041 -10.8022 -9.69531 45.0014 51.7545 
22.4 -20.7619 -10.6489 -9.56254 44.4255 51.0835 
22.45 -20.9245 -10.6808 -9.59446 44.9967 51.6591 
22.5 -20.623 -10.5753 -9.47755 43.8267 50.4753 
22.55 -20.3569 -10.3546 -9.37321 43.6014 50.1055 
22.6 -20.155 -10.2961 -9.3212 42.8113 49.3145 
22.65 -20.1718 -10.2872 -9.33729 43.048 49.5282 
22.7 -20.1366 -10.2784 -9.2682 43.4206 49.8234 
22.75 -19.9472 -10.2673 -9.13684 42.8607 49.2324 
22.8 -19.7564 -10.2694 -8.98969 42.5532 48.8607 
22.85 -19.5428 -10.1512 -8.85073 42.5165 48.6924 
22.9 -19.3709 -10.1144 -8.75332 41.909 48.0679 
22.95 -19.458 -10.1464 -8.77966 42.2811 48.439 
23 -19.281 -10.0888 -8.66448 41.6966 47.8249 
23.05 -19.2441 -10.0082 -8.66227 41.6821 47.7801 
23.1 -18.8056 -9.82458 -8.47145 40.5054 46.504 
23.15 -18.7668 -9.73644 -8.51367 40.6314 46.5874 
23.2 -18.7811 -9.71853 -8.50303 40.5606 46.5257 
23.25 -18.5178 -9.54251 -8.38872 40.1887 46.0377 
23.3 -18.4216 -9.46914 -8.37536 40.0296 45.8425 
23.35 -18.0299 -9.24382 -8.24677 39.0582 44.7669 
23.4 -17.9002 -9.17885 -8.17499 38.7987 44.4617 
23.45 -17.6571 -9.04984 -8.0492 38.453 44.0124 
23.5 -17.7348 -9.15198 -8.0574 38.3348 43.9631 
23.55 -17.8193 -9.18558 -8.06002 38.9025 44.5003 
23.6 -17.4112 -9.04541 -7.86522 37.9227 43.4161 
23.65 -17.415 -9.10085 -7.78845 38.3539 43.7926 
23.7 -17.0264 -8.94081 -7.6046 37.4694 42.7975 
23.75 -17.102 -8.97124 -7.62074 37.7374 43.0714 
23.8 -16.9396 -8.867 -7.55678 37.5302 42.7925 
23.85 -16.9109 -8.81637 -7.5614 37.2722 42.5453 
23.9 -16.6952 -8.70948 -7.45946 36.8795 42.0752 
23.95 -16.5315 -8.58761 -7.41104 36.2685 41.4411 
24 -16.1433 -8.35539 -7.27331 35.3139 40.3781 
24.05 -16.4856 -8.44304 -7.47874 36.2465 41.386 
24.1 -16.3562 -8.37149 -7.45444 35.5782 40.7306 
24.15 -16.2329 -8.25526 -7.34837 35.6376 40.6902 
24.2 -15.5843 -7.95331 -7.10578 33.8692 38.7781 
24.25 -15.4832 -7.83235 -7.08266 33.8532 38.6947 
24.3 -15.4294 -7.83333 -7.05434 33.7502 38.578 
24.35 -15.4366 -7.89319 -6.99446 33.8556 38.6745 
24.4 -15.4926 -7.90516 -6.98351 34.5007 39.2629 
24.45 -15.2228 -7.81761 -6.79579 33.7802 38.4725 
24.5 -14.8712 -7.7618 -6.57026 33.0069 37.6035 
24.55 -14.8189 -7.75405 -6.49463 33.1168 37.6647 
24.6 -14.6533 -7.68455 -6.39063 32.8338 37.3185 
24.65 -14.5739 -7.58389 -6.42152 32.7327 37.1831 
24.7 -14.5981 -7.54057 -6.47496 32.7467 37.2053 
24.75 -14.5172 -7.48317 -6.39677 32.7449 37.1469 
24.8 -14.2693 -7.37708 -6.26982 32.0363 36.3822 
24.85 -13.9009 -7.15358 -6.12943 31.334 35.5499 
24.9 -13.7556 -7.05221 -6.11526 30.7399 34.9469 
24.95 -13.9003 -7.02025 -6.17 31.5377 35.71 
25 -13.7725 -6.91675 -6.14571 31.0892 35.2397 
25.05 -13.5678 -6.83197 -6.05538 30.4169 34.5342 
25.1 -13.2404 -6.63981 -5.90712 30.0151 33.9881 
25.15 -13.0697 -6.55274 -5.859 29.33 33.2917 
25.2 -12.9036 -6.4262 -5.80127 29.023 32.921 
25.25 -13.3129 -6.62009 -5.93743 30.3931 34.3519 
25.3 -12.8605 -6.43494 -5.68553 29.2233 33.0625 
25.35 -12.8114 -6.41643 -5.62346 29.3537 33.1446 
25.4 -12.3534 -6.22777 -5.42491 28.1328 31.8164 
25.45 -12.5409 -6.35396 -5.45729 28.8188 32.5262 
25.5 -12.3247 -6.16441 -5.36582 28.6303 32.224 
25.55 -12.04 -6.09526 -5.23086 27.5757 31.1432 
25.6 -12.1322 -6.06035 -5.28021 28.0655 31.6145 
25.65 -12.0678 -5.99327 -5.23141 28.2017 31.6899 
25.7 -11.3711 -5.74748 -4.95621 25.977 29.3548 
25.75 -11.6316 -5.74242 -5.03929 27.2681 30.614 
25.8 -11.2295 -5.55959 -4.92595 25.8563 29.1517 
25.85 -11.5723 -5.60688 -5.06182 27.1852 30.4961 
25.9 -10.839 -5.28909 -4.79498 24.9765 28.1474 
25.95 -11.2916 -5.40364 -4.9475 26.821 30.0091 
26 -10.4359 -5.02979 -4.58856 24.2496 27.2637 
26.05 -10.8815 -5.18375 -4.7695 25.4941 28.6004 
26.1 -10.1532 -4.85743 -4.43167 23.6444 26.5592 
26.15 -10.5044 -5.00108 -4.52696 24.9061 27.8596 
26.2 -10.247 -4.86633 -4.45225 23.9827 26.9012 
26.25 -10.1666 -4.80618 -4.34019 24.1375 26.9799 
26.3 -10.0806 -4.79002 -4.30444 23.7763 26.6158 
26.35 -9.96636 -4.68694 -4.276 23.4956 26.2988 
26.4 -9.87137 -4.58335 -4.22123 23.5072 26.2461 
26.45 -9.51362 -4.4637 -4.03849 22.568 25.2202 
26.5 -9.80533 -4.54551 -4.15886 23.6287 26.3139 
26.55 -9.28511 -4.31097 -3.92781 22.1486 24.7141 
26.6 -9.34126 -4.27963 -3.90809 22.6812 25.2049 
26.65 -8.96379 -4.12572 -3.73552 21.4589 23.9125 
26.7 -9.31901 -4.21436 -3.89979 22.6203 25.1295 
26.75 -9.01703 -4.05223 -3.77394 21.8716 24.2969 
26.8 -8.98894 -3.99027 -3.73876 22.2554 24.6171 
26.85 -8.68538 -3.83203 -3.60342 21.2871 23.5849 
26.9 -8.60986 -3.71304 -3.60411 21.0545 23.3281 
26.95 -8.26366 -3.50201 -3.46584 20.1327 22.3134 
27 -8.55584 -3.53021 -3.60748 21.131 23.3495 
27.05 -7.99632 -3.25569 -3.34701 19.6673 21.7381 
27.1 -7.95175 -3.19965 -3.32125 19.6092 21.6569 
27.15 -7.7411 -3.04275 -3.24022 19.1431 21.1221 
27.2 -7.71405 -2.95949 -3.25871 19.0863 21.0517 
27.25 -7.52443 -2.83913 -3.13995 18.7847 20.6738 
27.3 -7.61071 -2.81609 -3.13411 19.2191 21.0962 
27.35 -6.83641 -2.50486 -2.80541 16.897 18.6116 
27.4 -7.20438 -2.64838 -2.92307 18.0093 19.794 
27.45 -6.5706 -2.2616 -2.75574 16.3723 17.9982 
27.5 -6.58292 -2.22434 -2.7151 16.7998 18.3817 
27.55 -6.63728 -2.21582 -2.72972 16.8731 18.4694 
27.6 -6.2016 -2.01433 -2.51721 15.7524 17.2335 
27.65 -6.22459 -1.99367 -2.50176 15.9043 17.376 
27.7 -5.84414 -1.7988 -2.3151 15.0465 16.4057 
27.75 -5.87212 -1.76326 -2.30827 15.0328 16.3984 
27.8 -5.28812 -1.44244 -2.03584 13.6486 14.8484 
27.85 -5.1464 -1.35458 -1.98348 13.3477 14.5058 
27.9 -5.60962 -1.49702 -2.15204 14.8951 16.1308 
27.95 -4.86958 -1.11337 -1.83968 12.8786 13.9354 
28 -4.50361 -0.886565 -1.69809 11.8438 12.8151 
28.05 -3.55864 -0.464171 -1.34592 9.45128 10.1989 
28.1 -4.11032 -0.763998 -1.6232 11.0447 11.9205 
28.15 -4.52959 -0.962882 -1.78781 12.3167 13.2796 
28.2 -3.75188 -0.647963 -1.45859 9.9356 10.7397 
28.25 -3.99018 -0.774868 -1.57661 10.7283 11.5803 
28.3 -4.18386 -0.861814 -1.65444 11.4643 12.3457 
28.35 -3.87881 -0.742778 -1.50703 10.5536 11.3686 
28.4 -4.40974 -0.995738 -1.71655 11.9812 12.9203 
28.45 -4.18817 -0.954111 -1.57693 11.4252 12.3074 
28.5 -3.82257 -0.931926 -1.30458 10.4964 11.2853 
28.55 -3.9759 -1.10083 -1.2715 11.026 11.841 
28.6 -3.74929 -1.04606 -1.13578 10.4349 11.195 
28.65 -3.74484 -1.05945 -1.13424 10.5315 11.2847 
28.7 -3.8061 -1.10269 -1.15781 10.5831 11.3598 
28.75 -3.69349 -1.06814 -1.09635 10.2169 10.9713 
28.8 -3.64417 -1.07095 -1.09813 10.0791 10.8269 
28.85 -3.68188 -1.08441 -1.10068 10.2483 10.9987 
28.9 -3.59016 -1.06063 -1.07557 10.0702 10.7973 
28.95 -3.55777 -1.04375 -1.07222 10.0172 10.735 
29 -3.61212 -1.07557 -1.08777 10.1753 10.9052 
29.05 -3.58689 -1.08056 -1.07306 10.0025 10.7347 
29.1 -3.56807 -1.0555 -1.08191 9.99873 10.7234 
29.15 -3.47512 -1.01842 -1.02664 9.71128 10.4152 
29.2 -3.39451 -1.00605 -0.977366 9.46681 10.1543 
29.25 -3.4149 -1.03631 -0.953561 9.21312 9.92604 
29.3 -3.73234 -1.16416 -1.05758 9.94493 10.7381 
29.35 -3.56603 -1.11635 -0.978872 9.46907 10.2266 
29.4 -3.4639 -1.05999 -0.952979 9.45164 10.1668 
29.45 -3.40604 -1.05646 -0.951366 9.30798 10.013 
29.5 -3.30006 -1.03503 -0.904574 8.96941 9.65558 
29.55 -3.41634 -1.06013 -0.963073 9.3714 10.077 
29.6 -3.44296 -1.08074 -0.984239 9.22088 9.95064 
29.65 -3.22948 -0.990445 -0.866855 8.70173 9.37455 
29.7 -3.39955 -1.07922 -0.957185 9.27145 9.97987 
29.75 -3.30492 -1.04012 -0.928435 8.85143 9.5506 
29.8 -3.16621 -0.989923 -0.864656 8.58205 9.24143 
29.85 -3.3108 -1.04983 -0.943984 9.15252 9.8348 
29.9 -3.2456 -1.01426 -0.927966 8.82968 9.50721 
29.95 -3.22749 -1.03453 -0.907003 8.82629 9.49805 
30 -3.27729 -1.04229 -0.920407 8.92167 9.60575 
30.05 -3.18683 -1.0041 -0.895315 8.63295 9.30018 
30.1 -2.97757 -0.912467 -0.801759 8.15157 8.76298 
30.15 -3.0705 -0.9659 -0.847863 8.40557 9.04066 
30.2 -3.26646 -1.01919 -0.940944 8.92781 9.60727 
30.25 -3.28441 -1.03249 -0.940263 8.90776 9.59613 
30.3 -3.26427 -1.04033 -0.928459 8.87149 9.55527 
30.35 -3.21017 -1.03152 -0.917143 8.73664 9.40953 
30.4 -3.05784 -0.951127 -0.865511 8.35202 8.98667 
30.45 -3.06089 -0.958083 -0.85089 8.4536 9.08154 
30.5 -3.16763 -1.00422 -0.905689 8.58814 9.25303 
30.55 -2.99627 -0.926771 -0.811157 8.15932 8.7789 
30.6 -3.03171 -0.956299 -0.855339 8.20536 8.84112 
30.65 -3.11681 -0.999471 -0.892018 8.30752 8.97352 
30.7 -3.06695 -0.96807 -0.878827 8.34938 8.99043 
30.75 -3.01232 -0.953356 -0.84897 8.17967 8.80969 
30.8 -2.94013 -0.923004 -0.815744 8.16072 8.76123 
30.85 -2.8964 -0.899879 -0.786817 7.97686 8.5702 
30.9 -2.96915 -0.923461 -0.834838 8.04255 8.66303 
30.95 -2.86602 -0.88469 -0.814756 7.75652 8.35609 
