0 0 0 0 0 0 
0.05 -0.263789 0.653888 -0.0368242 0.00139774 0.706062 
0.1 -0.289513 0.659841 -0.0463229 0.00652599 0.722074 
0.15 -0.350736 0.777576 -0.0479194 0.00917089 0.854421 
0.2 -0.382944 0.910366 -0.0534266 0.0114001 0.989135 
0.25 -0.401841 0.858009 -0.0566358 0.012176 0.949232 
0.3 -0.313214 0.985867 -0.056903 0.010679 1.03612 
0.35 -0.427044 1.06657 -0.0660736 0.00452292 1.15079 
0.4 -0.444196 1.10035 -0.0755867 0.00494515 1.18907 
0.45 -0.342853 0.8152 -0.0702764 0.00632548 0.887259 
0.5 -0.408496 1.31761 -0.0628786 -0.0156919 1.381 
0.55 -0.49707 1.34397 -0.0686277 -0.018654 1.43471 
0.6 -0.56653 1.40499 -0.0778586 -0.00785616 1.51693 
0.65 -0.614689 1.33803 -0.0757554 0.00274349 1.47442 
0.7 -0.620414 1.34375 -0.0867745 0.00448746 1.48258 
0.75 -0.671093 1.41262 -0.0901121 -0.00603557 1.56656 
0.8 -0.707036 1.28417 -0.0959013 -0.00557407 1.4691 
0.85 -0.881619 1.6692 -0.111137 -0.0145433 1.89106 
0.9 -0.799036 1.4106 -0.107653 -0.0116172 1.62476 
0.95 -0.685645 1.35204 -0.0972436 -0.00977699 1.51919 
1 -0.587207 1.06894 -0.0914703 -0.012858 1.22348 
1.05 -0.828435 1.58333 -0.118619 -0.0132491 1.79091 
1.1 -1.06286 2.32993 -0.150167 -0.0230244 2.56552 
1.15 -1.01459 2.13296 -0.158016 -0.0170669 2.36739 
1.2 -0.964525 1.98491 -0.158424 -0.00470926 2.21252 
1.25 -1.00687 1.94392 -0.145222 -0.0118219 2.19404 
1.3 -1.0598 2.08373 -0.146716 -0.0228558 2.34242 
1.35 -1.0116 2.15998 -0.149594 -0.0239988 2.38989 
1.4 -1.03289 2.08277 -0.150598 -0.0182701 2.32976 
1.45 -1.00412 1.95031 -0.159679 -0.015626 2.19951 
1.5 -0.872913 1.58499 -0.13511 -0.01469 1.8146 
1.55 -0.924139 1.7623 -0.140775 -0.0253286 1.99504 
1.6 -0.919254 1.88218 -0.133074 -0.0311081 2.09902 
1.65 -0.92612 1.7662 -0.123387 -0.031527 1.99832 
1.7 -1.03646 1.87578 -0.128472 -0.0158884 2.14685 
1.75 -1.0303 1.91072 -0.144226 -0.00206414 2.17559 
1.8 -0.987727 1.86225 -0.13498 -0.000512719 2.11249 
1.85 -1.0419 1.86068 -0.127706 -0.00400779 2.13661 
1.9 -1.0491 1.88212 -0.152881 -0.00891217 2.16012 
1.95 -1.01303 1.8407 -0.151892 -0.0104203 2.10652 
2 -1.03971 2.03796 -0.145592 -0.018223 2.29256 
2.05 -0.857775 1.58704 -0.140321 -0.0169282 1.80995 
2.1 -0.869095 1.70326 -0.143123 -0.0174425 1.91775 
2.15 -1.12066 2.0478 -0.173002 -0.0148453 2.34055 
2.2 -1.13972 2.45397 -0.193745 -0.0193464 2.71276 
2.25 -1.15741 2.41343 -0.188102 -0.0170483 2.68334 
2.3 -1.19394 2.3429 -0.19369 -0.0110105 2.6368 
2.35 -1.08247 2.22577 -0.175487 -0.0161016 2.48141 
2.4 -1.05629 2.12028 -0.165195 -0.0222523 2.37477 
2.45 -1.06933 2.45091 -0.194799 -0.0225145 2.68096 
2.5 -1.08715 2.29287 -0.1882 -0.0256594 2.54465 
2.55 -1.13807 2.38602 -0.186574 -0.0306002 2.6503 
2.6 -1.10362 2.23216 -0.188632 -0.0258809 2.49741 
2.65 -1.05763 2.12447 -0.177501 -0.0272447 2.37995 
2.7 -0.967198 1.87687 -0.162249 -0.0309464 2.11788 
2.75 -1.03835 2.08008 -0.183597 -0.032443 2.33254 
2.8 -1.06659 2.15312 -0.188554 -0.0256333 2.41029 
2.85 -1.02513 2.09475 -0.181614 -0.0309679 2.3394 
2.9 -1.09726 2.204 -0.185209 -0.0405142 2.46944 
2.95 -1.07738 2.16582 -0.194982 -0.0313707 2.42706 
3 -1.10106 2.32662 -0.198849 -0.0318509 2.58187 
3.05 -1.01664 2.05842 -0.196116 -0.0350755 2.30441 
3.1 -1.12493 2.53237 -0.204448 -0.0419414 2.77875 
3.15 -1.05857 2.1386 -0.175209 -0.0425749 2.39316 
3.2 -0.955664 2.091 -0.180313 -0.0384791 2.30663 
3.25 -1.06721 2.22692 -0.190144 -0.0348498 2.47703 
3.3 -1.21863 2.608 -0.209537 -0.0328221 2.88646 
3.35 -1.28324 2.6429 -0.21837 -0.0392629 2.94647 
3.4 -1.34469 2.68537 -0.21704 -0.0406871 3.01144 
3.45 -1.37697 2.88801 -0.204587 -0.0466466 3.20635 
3.5 -1.21914 2.39405 -0.195724 -0.035104 2.69396 
3.55 -1.1262 2.38492 -0.189613 -0.0325983 2.6442 
3.6 -1.23243 2.25974 -0.202502 -0.020539 2.58233 
3.65 -1.29626 2.52939 -0.202439 -0.0368414 2.84963 
3.7 -1.43437 2.55647 -0.205087 -0.0335669 2.93873 
3.75 -1.33972 2.41905 -0.211991 -0.0267158 2.77352 
3.8 -1.17122 2.0661 -0.189656 -0.0190173 2.38268 
3.85 -1.33268 2.39956 -0.204399 -0.0293019 2.75253 
3.9 -1.49102 2.76537 -0.218216 -0.0395473 3.14958 
3.95 -1.36997 2.41211 -0.211276 -0.0292465 2.78219 
4 -1.35161 2.32482 -0.21015 -0.0301312 2.69775 
4.05 -1.27812 2.3314 -0.202307 -0.0376569 2.6667 
4.1 -1.23266 2.15075 -0.191253 -0.033976 2.48656 
4.15 -1.36485 2.53283 -0.204918 -0.0444972 2.88485 
4.2 -1.33639 2.41722 -0.208846 -0.0511712 2.77051 
4.25 -1.35607 2.5778 -0.204048 -0.0526315 2.92023 
4.3 -1.18131 2.05541 -0.187917 -0.0438138 2.37852 
4.35 -1.06923 1.87704 -0.177199 -0.0467457 2.16807 
4.4 -1.22088 2.10089 -0.193721 -0.0486325 2.43848 
4.45 -1.43743 2.66954 -0.229295 -0.0481555 3.04091 
4.5 -1.45192 2.69848 -0.236093 -0.0517458 3.07398 
4.55 -1.40336 2.51794 -0.223396 -0.0488192 2.89167 
4.6 -1.31834 2.54703 -0.229294 -0.0461765 2.87748 
4.65 -1.43234 2.71943 -0.226107 -0.0489653 3.08221 
4.7 -1.54786 2.97373 -0.244389 -0.05608 3.36179 
4.75 -1.35649 2.47088 -0.223044 -0.0525882 2.82814 
4.8 -1.20527 2.20176 -0.200002 -0.0543835 2.51854 
4.85 -1.26954 2.32701 -0.220708 -0.0536181 2.66048 
4.9 -1.42176 2.76556 -0.241783 -0.05693 3.1195 
4.95 -1.35722 2.60738 -0.227175 -0.0540464 2.94864 
5 -1.17056 2.18777 -0.216363 -0.0488533 2.49112 
5.05 -1.2101 2.42439 -0.220341 -0.0552531 2.71909 
5.1 -1.0951 2.56316 -0.204166 -0.0654312 2.79632 
5.15 -0.654609 1.62419 -0.136244 -0.0638578 1.75767 
5.2 -0.129997 0.207683 -0.0427982 -0.0836624 0.245623 
5.25 -0.187172 -0.284258 -0.0294142 -0.0557284 0.34674 
5.3 -0.0875519 -0.255628 0.0275687 -0.0728916 0.286323 
5.35 0.0337109 -0.888302 0.0684017 -0.0812136 0.895011 
5.4 0.0566699 -0.875254 0.0746052 -0.0861857 0.884285 
5.45 0.149163 -1.26931 0.0956388 -0.0861047 1.28342 
5.5 -0.170815 -1.2566 0.0808074 -0.0768997 1.27244 
5.55 0.239998 -2.27636 0.127792 -0.0733421 2.29395 
5.6 0.0164552 -2.06629 0.115665 -0.078046 2.0708 
5.65 -0.138023 -1.96496 0.10128 -0.0924418 1.97432 
5.7 -0.10004 -2.32415 0.120015 -0.0936189 2.33122 
5.75 -0.0797521 -2.39394 0.119177 -0.0871788 2.39981 
5.8 -0.0870191 -3.08246 0.147336 -0.0710051 3.08796 
5.85 0.215078 -4.31298 0.194095 -0.0735954 4.32318 
5.9 -0.0927597 -4.12566 0.193401 -0.0754257 4.13319 
5.95 -0.273549 -4.09567 0.203749 -0.0757275 4.11038 
6 -0.280324 -4.80379 0.268657 -0.0839975 4.82031 
6.05 -0.299484 -4.8546 0.286759 -0.0950663 4.87322 
6.1 -0.110177 -5.22822 0.319101 -0.101715 5.24009 
6.15 -0.125109 -5.6848 0.341929 -0.0899023 5.69717 
6.2 -0.33567 -5.81544 0.357102 -0.084417 5.83668 
6.25 -0.304667 -6.19556 0.375121 -0.0852512 6.21494 
6.3 -0.155651 -6.51354 0.396923 -0.0826769 6.52805 
6.35 -0.757057 -5.63736 0.357659 -0.100768 5.70048 
6.4 -0.477384 -6.66178 0.420431 -0.0966254 6.69276 
6.45 -0.761534 -6.21778 0.386379 -0.0984632 6.27692 
6.5 -0.613387 -6.72029 0.432392 -0.0956726 6.76281 
6.55 -0.892773 -6.70033 0.423133 -0.0910822 6.77339 
6.6 -0.761824 -7.29247 0.446029 -0.0951494 7.34632 
6.65 -0.892741 -7.43404 0.45697 -0.106423 7.5022 
6.7 -1.10398 -7.24434 0.469354 -0.110342 7.34381 
6.75 -1.34795 -7.0243 0.454863 -0.111705 7.16777 
6.8 -1.33034 -7.71302 0.473857 -0.114667 7.84207 
6.85 -1.59331 -7.35343 0.472525 -0.120545 7.53984 
6.9 -1.74986 -7.48039 0.452086 -0.12358 7.69658 
6.95 -1.63272 -7.95575 0.487276 -0.127905 8.13717 
7 -1.94047 -7.63157 0.464644 -0.123177 7.88916 
7.05 -2.13741 -7.21354 0.438805 -0.14981 7.53765 
7.1 -2.0267 -8.26718 0.478212 -0.146362 8.52689 
7.15 -2.8761 -6.67686 0.379043 -0.153376 7.28128 
7.2 -1.99602 -8.96488 0.500194 -0.163785 9.19931 
7.25 -2.62336 -7.74974 0.423249 -0.157277 8.1941 
7.3 -2.36581 -8.51296 0.478599 -0.173997 8.85025 
7.35 -3.09049 -7.41028 0.417395 -0.164272 8.0414 
7.4 -2.7005 -8.44733 0.477694 -0.170564 8.88299 
7.45 -2.92527 -8.18407 0.451972 -0.174969 8.70465 
7.5 -3.01733 -8.20257 0.455529 -0.175331 8.75355 
7.55 -3.20504 -8.29889 0.446126 -0.186961 8.90942 
7.6 -3.39495 -8.16051 0.43618 -0.188868 8.85133 
7.65 -3.2717 -8.39285 0.444289 -0.19846 9.02113 
7.7 -3.55931 -8.50144 0.447153 -0.191662 9.22931 
7.75 -3.3904 -9.05011 0.46661 -0.207924 9.67782 
7.8 -3.7899 -8.61239 0.44326 -0.212151 9.42221 
7.85 -3.43658 -9.21897 0.488147 -0.2094 9.85301 
7.9 -4.07141 -8.59505 0.439606 -0.211944 9.52309 
7.95 -3.98508 -8.93656 0.455015 -0.223298 9.79795 
8 -4.25353 -8.92323 0.430207 -0.210034 9.89681 
8.05 -4.32853 -8.97202 0.449475 -0.215891 9.97397 
8.1 -4.36446 -8.97141 0.438779 -0.218092 9.98875 
8.15 -4.32683 -9.52151 0.462151 -0.229676 10.4713 
8.2 -4.85529 -8.81666 0.421461 -0.225802 10.0765 
8.25 -4.60418 -9.31792 0.441379 -0.218762 10.405 
8.3 -4.79179 -9.38393 0.449038 -0.233191 10.5487 
8.35 -4.64301 -9.61331 0.451541 -0.244202 10.6882 
8.4 -5.02059 -9.17297 0.410106 -0.246349 10.468 
8.45 -4.9263 -9.66303 0.426548 -0.249453 10.8576 
8.5 -4.96739 -9.89515 0.426844 -0.255837 11.0831 
8.55 -5.04692 -10.1875 0.432728 -0.26545 11.3804 
8.6 -5.31779 -10.0319 0.413033 -0.254432 11.3647 
8.65 -5.26947 -10.3336 0.422571 -0.258824 11.6102 
8.7 -5.10243 -10.7904 0.464779 -0.271785 11.9481 
8.75 -5.23473 -11.1456 0.490598 -0.269581 12.3264 
8.8 -5.09082 -11.3321 0.493379 -0.289627 12.4362 
8.85 -5.42368 -11.0124 0.480517 -0.296628 12.2883 
8.9 -5.33597 -11.1995 0.482713 -0.286351 12.4184 
8.95 -5.40489 -11.7059 0.504026 -0.287568 12.9067 
9 -5.55634 -11.4087 0.480358 -0.296786 12.7024 
9.05 -5.43952 -12.0553 0.505603 -0.300683 13.2387 
9.1 -5.77377 -11.6245 0.480381 -0.303947 12.9919 
9.15 -5.75501 -11.8997 0.492565 -0.306471 13.231 
9.2 -5.73665 -12.3969 0.513047 -0.317071 13.6732 
9.25 -5.80362 -12.3631 0.499991 -0.317919 13.6706 
9.3 -5.56917 -13.0057 0.558867 -0.321854 14.1628 
9.35 -5.83474 -13.053 0.54485 -0.335908 14.3118 
9.4 -5.94567 -12.7908 0.533521 -0.338378 14.1194 
9.45 -5.93673 -12.9627 0.545283 -0.350261 14.2722 
9.5 -6.27365 -12.7814 0.525826 -0.347778 14.2521 
9.55 -6.31726 -13.0899 0.522654 -0.341442 14.548 
9.6 -6.42675 -13.1112 0.521705 -0.345871 14.6151 
9.65 -6.35469 -13.4195 0.527606 -0.355255 14.8616 
9.7 -6.47027 -13.1925 0.522039 -0.363171 14.7076 
9.75 -6.50723 -13.3605 0.527426 -0.361128 14.8747 
9.8 -6.47782 -13.1674 0.535872 -0.367615 14.6893 
9.85 -6.3679 -13.966 0.583773 -0.382367 15.3651 
9.9 -6.89208 -13.2597 0.542949 -0.385882 14.9587 
9.95 -6.84998 -13.2532 0.539073 -0.39702 14.9338 
10 -7.06221 -13.1821 0.529539 -0.39369 14.9693 
10.05 -6.94766 -13.6455 0.531667 -0.387609 15.3265 
10.1 -7.09857 -13.6667 0.516927 -0.388732 15.4139 
10.15 -7.27379 -13.525 0.491312 -0.385797 15.3696 
10.2 -7.49189 -13.4762 0.478001 -0.393088 15.4311 
10.25 -7.37832 -13.9143 0.506177 -0.390914 15.7625 
10.3 -7.88511 -13.6377 0.47196 -0.402232 15.7653 
10.35 -7.61097 -13.9631 0.500427 -0.414133 15.9159 
10.4 -7.88514 -13.6795 0.473679 -0.42153 15.8021 
10.45 -7.79732 -14.1373 0.492837 -0.422937 16.158 
10.5 -8.05055 -13.8402 0.467554 -0.430487 16.0239 
10.55 -8.07349 -14.2446 0.466959 -0.443014 16.3861 
10.6 -8.19013 -14.1202 0.452664 -0.443515 16.3359 
10.65 -8.34747 -14.2221 0.449442 -0.442677 16.5028 
10.7 -8.62702 -13.9709 0.416319 -0.448722 16.4313 
10.75 -8.49373 -14.0094 0.425804 -0.452293 16.3949 
10.8 -8.51493 -14.1099 0.416608 -0.453147 16.4916 
10.85 -8.65406 -14.2019 0.424153 -0.456839 16.6428 
10.9 -8.98896 -13.9871 0.400199 -0.459059 16.6376 
10.95 -8.97563 -14.2713 0.39878 -0.466518 16.8705 
11 -9.01272 -14.1634 0.400529 -0.467801 16.799 
11.05 -8.71704 -14.9402 0.428824 -0.466339 17.309 
11.1 -9.23324 -14.3842 0.394881 -0.470124 17.1035 
11.15 -9.19743 -14.5862 0.410148 -0.486666 17.2555 
11.2 -9.39545 -14.7285 0.4129 -0.496843 17.4821 
11.25 -9.04262 -15.1778 0.444882 -0.504838 17.6802 
11.3 -9.17241 -15.4374 0.451718 -0.500825 17.9694 
11.35 -9.54999 -14.7753 0.409023 -0.513772 17.6052 
11.4 -9.64662 -15.1901 0.424739 -0.505046 18.0064 
11.45 -9.95025 -14.3736 0.411904 -0.506654 17.4937 
11.5 -10.0473 -14.526 0.396869 -0.501398 17.6737 
11.55 -10.089 -14.3977 0.386938 -0.502704 17.5922 
11.6 -9.899 -15.2408 0.399779 -0.490826 18.1847 
11.65 -10.0966 -15.3766 0.392585 -0.483341 18.4057 
11.7 -10.003 -15.4979 0.396634 -0.497193 18.4567 
11.75 -10.2339 -15.1724 0.409083 -0.521221 18.3131 
11.8 -10.2344 -15.3126 0.420892 -0.535733 18.4304 
11.85 -10.1189 -15.3137 0.429107 -0.555966 18.369 
11.9 -10.5582 -15.2759 0.414088 -0.553153 18.5823 
11.95 -10.1889 -15.8581 0.452628 -0.562124 18.863 
12 -10.4533 -15.7424 0.429931 -0.567672 18.9103 
12.05 -10.5442 -15.5437 0.434052 -0.56535 18.7962 
12.1 -10.8263 -15.7119 0.396436 -0.563196 19.0931 
12.15 -10.7177 -16.1612 0.423732 -0.553329 19.4046 
12.2 -10.7207 -16.3349 0.455393 -0.547191 19.5517 
12.25 -10.6647 -16.6299 0.455587 -0.557607 19.7692 
12.3 -10.6957 -16.5512 0.466516 -0.578048 19.7201 
12.35 -11.3314 -15.7548 0.39619 -0.575277 19.4191 
12.4 -11.1415 -16.5597 0.41426 -0.591752 19.9719 
12.45 -11.2349 -16.5572 0.409573 -0.595395 20.0222 
12.5 -11.0125 -16.9095 0.425961 -0.603556 20.1932 
12.55 -11.4829 -17.0088 0.418523 -0.61434 20.5353 
12.6 -11.5493 -16.8929 0.388713 -0.631233 20.4772 
12.65 -11.6734 -16.98 0.394904 -0.628909 20.6192 
12.7 -11.8291 -16.8478 0.370316 -0.625548 20.5987 
12.75 -11.7713 -17.6673 0.382379 -0.62786 21.2423 
12.8 -11.956 -17.1691 0.366427 -0.634296 20.9347 
12.85 -12.1729 -17.375 0.366883 -0.639025 21.2276 
12.9 -12.3501 -17.6464 0.343867 -0.646187 21.5513 
12.95 -12.3727 -17.1904 0.347789 -0.654641 21.193 
13 -12.344 -17.8264 0.360882 -0.653738 21.696 
13.05 -12.5296 -17.8418 0.347002 -0.661439 21.8147 
13.1 -12.7889 -17.9341 0.344473 -0.663891 22.0396 
13.15 -12.7249 -18.044 0.342741 -0.665093 22.0924 
13.2 -12.9759 -18.1446 0.319314 -0.670426 22.3193 
13.25 -12.6141 -18.631 0.350563 -0.682514 22.5125 
13.3 -13.2561 -18.299 0.334894 -0.695898 22.6091 
13.35 -13.1657 -18.519 0.325456 -0.698533 22.7349 
13.4 -13.2804 -18.9956 0.349061 -0.698098 23.1907 
13.45 -13.6562 -18.3927 0.307844 -0.68478 22.9205 
13.5 -13.6864 -18.7142 0.300952 -0.685617 23.1969 
13.55 -14.0406 -18.2022 0.271804 -0.688486 23.0001 
13.6 -13.8551 -18.746 0.30093 -0.692235 23.3226 
13.65 -13.7435 -19.1008 0.295506 -0.716371 23.5441 
13.7 -14.0615 -18.6293 0.300096 -0.719677 23.3535 
13.75 -13.9694 -19.2161 0.304641 -0.726165 23.7702 
13.8 -14.3432 -18.9358 0.275201 -0.72474 23.7675 
13.85 -14.4822 -18.8447 0.273131 -0.706241 23.7788 
13.9 -15.1681 -18.5323 0.191437 -0.684778 23.9588 
13.95 -15.183 -18.8147 0.201586 -0.68142 24.1873 
14 -15.2108 -19.1085 0.210806 -0.673917 24.4337 
14.05 -15.0432 -19.6805 0.266433 -0.704231 24.7828 
14.1 -15.0631 -19.9488 0.279869 -0.723667 25.009 
14.15 -15.0545 -19.7844 0.292102 -0.724031 24.873 
14.2 -15.3426 -19.4693 0.268733 -0.737565 24.8005 
14.25 -15.418 -19.4209 0.251266 -0.724218 24.8087 
14.3 -15.5459 -19.3961 0.258566 -0.705875 24.8687 
14.35 -15.6885 -19.5082 0.238077 -0.703612 25.045 
14.4 -15.7272 -19.8468 0.259595 -0.706641 25.3339 
14.45 -15.7122 -19.8764 0.244941 -0.726933 25.3484 
14.5 -15.9654 -20.5242 0.265998 -0.733165 26.0143 
14.55 -16.0639 -20.1439 0.268588 -0.745608 25.777 
14.6 -15.9595 -20.4998 0.266747 -0.768037 25.9924 
14.65 -16.1324 -20.1465 0.224126 -0.776036 25.8222 
14.7 -16.4218 -19.6577 0.210708 -0.767106 25.6268 
14.75 -16.4963 -20.0466 0.201125 -0.759894 25.9733 
14.8 -16.5498 -19.6243 0.174239 -0.766983 25.6831 
14.85 -17.1099 -19.0346 0.132759 -0.763168 25.6059 
14.9 -16.6028 -20.4548 0.156188 -0.773585 26.3567 
14.95 -17.378 -20.3116 0.142655 -0.79011 26.7433 
15 -17.1224 -20.4586 0.151871 -0.790481 26.6904 
15.05 -17.9043 -19.7655 0.0979932 -0.795236 26.681 
15.1 -18.1426 -19.175 0.0259737 -0.807096 26.41 
15.15 -17.9404 -18.5999 0.011678 -0.794449 25.8543 
15.2 -17.6281 -18.7865 0.0057594 -0.793072 25.7742 
15.25 -17.9586 -18.7077 -0.0128272 -0.806508 25.945 
15.3 -17.6085 -18.5809 -0.0243805 -0.803349 25.6116 
15.35 -17.6293 -19.1683 -0.0133548 -0.809571 26.0551 
15.4 -17.452 -19.8482 0.0255566 -0.824906 26.4425 
15.45 -17.1901 -19.4653 0.0411617 -0.853858 25.9832 
15.5 -17.7104 -19.181 0.00437737 -0.858971 26.121 
15.55 -17.4564 -19.2038 0.00655378 -0.851954 25.9661 
15.6 -17.2276 -19.9747 0.03857 -0.825189 26.3905 
15.65 -17.324 -19.3181 0.020749 -0.82319 25.9613 
15.7 -17.5109 -18.5617 -0.0200347 -0.824166 25.5314 
15.75 -17.5058 -18.9421 -0.0347722 -0.816018 25.8055 
15.8 -17.1698 -19.9309 0.00901267 -0.808059 26.3191 
15.85 -17.208 -19.7051 0.0307387 -0.837985 26.1746 
15.9 -17.512 -19.4734 0.00559713 -0.844686 26.203 
15.95 -17.4055 -19.0875 -0.0158073 -0.841868 25.8456 
16 -17.6452 -18.9522 -0.0182162 -0.817937 25.9077 
16.05 -17.4841 -19.2918 -0.0333103 -0.798262 26.0481 
16.1 -17.4583 -19.3643 -0.039582 -0.794499 26.0845 
16.15 -17.502 -19.6252 -0.042971 -0.789974 26.3077 
16.2 -17.4784 -19.236 -0.0574435 -0.812372 26.0035 
16.25 -17.6164 -19.3845 -0.0577011 -0.822956 26.2064 
16.3 -17.4659 -19.4383 -0.0608463 -0.827356 26.1456 
16.35 -17.3855 -19.6465 -0.0536318 -0.825613 26.2474 
16.4 -17.4344 -19.6618 -0.0571656 -0.822487 26.2912 
16.45 -17.3776 -19.4389 -0.0622673 -0.821529 26.087 
16.5 -17.3855 -19.8091 -0.0550962 -0.825801 26.3693 
16.55 -17.4296 -19.61 -0.0579678 -0.828592 26.2495 
16.6 -17.2097 -20.1025 -0.0448461 -0.830204 26.4759 
16.65 -17.253 -20.0229 -0.041766 -0.838701 26.4441 
16.7 -17.221 -19.8654 -0.0514956 -0.842747 26.3042 
16.75 -17.1837 -19.9281 -0.0563101 -0.841436 26.3272 
16.8 -17.2679 -19.9337 -0.058263 -0.836787 26.3863 
16.85 -17.257 -20.0085 -0.0648364 -0.831847 26.4356 
16.9 -17.2424 -20.0508 -0.0734606 -0.840147 26.4584 
16.95 -17.1951 -20.0435 -0.075928 -0.854112 26.4226 
17 -17.211 -20.4414 -0.0534156 -0.8458 26.7355 
17.05 -17.2495 -19.9765 -0.06903 -0.856469 26.4072 
17.1 -17.1637 -20.3146 -0.0634856 -0.861697 26.6086 
17.15 -17.2237 -20.4622 -0.061951 -0.853395 26.7599 
17.2 -17.1308 -20.6033 -0.0526992 -0.864284 26.8087 
17.25 -17.1803 -20.4971 -0.0534447 -0.872357 26.7593 
17.3 -17.1365 -20.5925 -0.0566369 -0.878433 26.8046 
17.35 -17.0732 -20.7181 -0.0516939 -0.878051 26.8608 
17.4 -17.1438 -20.4896 -0.0536161 -0.872837 26.7301 
17.45 -17.0806 -20.7485 -0.0516341 -0.872442 26.8889 
17.5 -17.0325 -20.5639 -0.0569921 -0.871417 26.716 
17.55 -17.0899 -20.5602 -0.0617981 -0.869229 26.7497 
17.6 -17.0969 -20.4866 -0.0532975 -0.882485 26.698 
17.65 -17.0325 -20.3226 -0.0572714 -0.888278 26.5313 
17.7 -16.9315 -20.6563 -0.035159 -0.895414 26.7238 
17.75 -16.9685 -20.6523 -0.0282372 -0.877218 26.7436 
17.8 -16.9407 -20.6655 -0.0351196 -0.886077 26.7365 
17.85 -17.0019 -20.2995 -0.0480486 -0.892904 26.494 
17.9 -17.0462 -20.0606 -0.0556357 -0.885692 26.3399 
17.95 -17.0011 -20.2586 -0.0529635 -0.88945 26.4621 
18 -16.9253 -20.3054 -0.046214 -0.88035 26.449 
18.05 -16.9446 -20.4849 -0.0452882 -0.889387 26.5997 
18.1 -16.9858 -19.8839 -0.0596772 -0.892024 26.1665 
18.15 -16.9744 -20.1473 -0.053539 -0.889543 26.3598 
18.2 -16.9271 -20.3323 -0.0613565 -0.886152 26.4711 
18.25 -17.0278 -19.9964 -0.0770874 -0.889352 26.2795 
18.3 -17.659 -19.2032 -0.154916 -0.894411 26.1041 
18.35 -17.7587 -18.4095 -0.265311 -0.885969 25.5955 
18.4 -17.8771 -17.5192 -0.378714 -0.878826 25.0486 
18.45 -17.7691 -16.7333 -0.468352 -0.877719 24.4284 
18.5 -18.2485 -15.9116 -0.54161 -0.860666 24.2327 
18.55 -18.3981 -15.6022 -0.57019 -0.840228 24.1444 
18.6 -18.2327 -15.2091 -0.522267 -0.792449 23.7623 
18.65 -17.8345 -15.7241 -0.358715 -0.736488 23.7905 
18.7 -17.9346 -15.2008 -0.383716 -0.747436 23.526 
18.75 -18.1539 -14.6889 -0.408965 -0.744128 23.3678 
18.8 -17.8604 -14.7202 -0.380893 -0.718147 23.159 
18.85 -17.8281 -14.2465 -0.387845 -0.706763 22.8354 
18.9 -18.1132 -13.749 -0.465142 -0.714787 22.7563 
18.95 -17.6143 -13.5625 -0.452725 -0.714051 22.2468 
19 -17.6988 -13.574 -0.45407 -0.688128 22.32 
19.05 -17.6326 -13.0816 -0.450428 -0.679086 21.9705 
19.1 -17.53 -13.0013 -0.436361 -0.684206 21.8402 
19.15 -17.8058 -12.5306 -0.46149 -0.678959 21.7884 
19.2 -17.5887 -12.2742 -0.440567 -0.673225 21.4632 
19.25 -17.3527 -12.6437 -0.408612 -0.652004 21.4842 
19.3 -17.028 -12.4905 -0.38916 -0.643812 21.1312 
19.35 -17.3981 -12.2286 -0.411138 -0.631389 21.2791 
19.4 -17.1065 -12.4384 -0.368795 -0.61691 21.163 
19.45 -17.3897 -12.1715 -0.351079 -0.604122 21.2375 
19.5 -16.9584 -11.6702 -0.355771 -0.611223 20.5981 
19.55 -16.6462 -11.9589 -0.309854 -0.609875 20.508 
19.6 -17.1496 -11.1274 -0.36703 -0.59652 20.4552 
19.65 -16.6739 -11.1372 -0.356971 -0.604215 20.0637 
19.7 -16.6389 -11.3507 -0.35264 -0.59834 20.155 
19.75 -16.8368 -10.739 -0.393242 -0.600453 19.983 
19.8 -16.4496 -10.9802 -0.375498 -0.607531 19.7905 
19.85 -16.2884 -10.6905 -0.35653 -0.598353 19.4963 
19.9 -16.5467 -10.7172 -0.355722 -0.601922 19.7266 
19.95 -16.4307 -9.72002 -0.394945 -0.60327 19.1041 
20 -16.0195 -10.2724 -0.363963 -0.597843 19.0427 
20.05 -16.4423 -9.32111 -0.423454 -0.604082 18.9149 
20.1 -15.9999 -9.49839 -0.416309 -0.603206 18.6214 
20.15 -16.1425 -9.05478 -0.420214 -0.60218 18.5237 
20.2 -15.9996 -9.23113 -0.403799 -0.5899 18.4851 
20.25 -15.6306 -9.85378 -0.38874 -0.585581 18.4907 
20.3 -15.8505 -9.22398 -0.418723 -0.598557 18.3544 
20.35 -15.8581 -8.69302 -0.42419 -0.598919 18.0993 
20.4 -15.7683 -8.60554 -0.436486 -0.59942 17.979 
20.45 -15.8191 -8.21639 -0.470223 -0.605218 17.842 
20.5 -15.6036 -7.49893 -0.469098 -0.590062 17.3283 
20.55 -15.7064 -7.40117 -0.48968 -0.593356 17.3801 
20.6 -15.6313 -7.162 -0.51186 -0.595618 17.2119 
20.65 -15.7667 -7.13742 -0.531848 -0.580994 17.3248 
20.7 -15.5245 -7.16656 -0.543963 -0.588388 17.1176 
20.75 -15.7571 -6.81839 -0.574566 -0.574345 17.1883 
20.8 -15.3419 -7.31629 -0.536975 -0.570156 17.0152 
20.85 -15.3477 -6.4833 -0.556071 -0.582684 16.6803 
20.9 -15.3619 -6.72698 -0.541658 -0.571127 16.7885 
20.95 -15.4713 -6.43894 -0.533802 -0.559513 16.7755 
21 -15.6142 -6.2737 -0.541482 -0.553057 16.8452 
21.05 -15.0664 -6.51845 -0.509265 -0.550023 16.4331 
21.1 -15.1414 -6.47268 -0.511562 -0.537163 16.4836 
21.15 -14.8755 -6.25184 -0.521235 -0.548859 16.1535 
21.2 -15.038 -5.81059 -0.54288 -0.546502 16.14 
21.25 -15.1122 -5.97363 -0.535927 -0.545118 16.2685 
21.3 -15.1855 -4.80301 -0.588521 -0.540414 15.9469 
21.35 -14.6891 -5.77568 -0.547764 -0.539009 15.8023 
21.4 -14.9178 -5.23327 -0.57114 -0.528052 15.8282 
21.45 -14.719 -5.08466 -0.578198 -0.527959 15.5917 
21.5 -14.7533 -4.70301 -0.578396 -0.527646 15.5045 
21.55 -14.4554 -4.88933 -0.57907 -0.522698 15.28 
21.6 -14.762 -4.89769 -0.593492 -0.518095 15.5732 
21.65 -14.5816 -4.33833 -0.596386 -0.515749 15.2339 
21.7 -14.6384 -4.31102 -0.596031 -0.523948 15.2807 
21.75 -14.4795 -4.09134 -0.617087 -0.524994 15.0682 
21.8 -14.3031 -3.84639 -0.604631 -0.524973 14.833 
21.85 -14.0392 -4.23327 -0.583835 -0.517538 14.6843 
21.9 -14.1252 -3.76058 -0.587457 -0.503913 14.6376 
21.95 -13.986 -3.84707 -0.563042 -0.495221 14.5248 
22 -14.094 -3.53935 -0.57014 -0.491734 14.5511 
22.05 -13.9729 -2.96596 -0.580693 -0.494549 14.3045 
22.1 -13.8646 -3.34239 -0.553937 -0.486922 14.2809 
22.15 -13.7993 -3.03079 -0.567747 -0.480908 14.1482 
22.2 -13.7946 -2.82293 -0.572862 -0.475162 14.1002 
22.25 -13.9426 -2.38741 -0.586453 -0.453453 14.1649 
22.3 -13.3637 -3.08411 -0.547765 -0.459323 13.734 
22.35 -13.5312 -2.67243 -0.554824 -0.45604 13.8113 
22.4 -13.2841 -2.42531 -0.51137 -0.457118 13.5214 
22.45 -13.1941 -2.56205 -0.487935 -0.449961 13.4569 
22.5 -13.3145 -2.13147 -0.498524 -0.449442 13.5007 
22.55 -13.3524 -1.67732 -0.50777 -0.448766 13.4744 
22.6 -13.0205 -2.28536 -0.46404 -0.442958 13.2351 
22.65 -12.7878 -1.99011 -0.472617 -0.429432 12.9576 
22.7 -12.5817 -2.38213 -0.460538 -0.43298 12.8208 
22.75 -12.7837 -1.95882 -0.47553 -0.429147 12.9488 
22.8 -12.5988 -2.16872 -0.464853 -0.435051 12.7998 
22.85 -12.4658 -1.71238 -0.465738 -0.438314 12.599 
22.9 -12.1582 -1.78079 -0.434228 -0.442526 12.3036 
22.95 -12.5467 -0.759322 -0.491149 -0.435747 12.5868 
23 -12.3177 -1.29436 -0.460691 -0.434344 12.4017 
23.05 -12.2641 -0.927259 -0.48146 -0.434719 12.3162 
23.1 -11.8625 -1.30612 -0.454754 -0.442227 11.951 
23.15 -12.2003 -0.653996 -0.485297 -0.430818 12.2351 
23.2 -11.8554 -0.893888 -0.46939 -0.440965 11.9065 
23.25 -11.9539 -0.834535 -0.488021 -0.428555 12.0006 
23.3 -11.9357 -0.292717 -0.478209 -0.417884 11.9562 
23.35 -11.7437 -0.24346 -0.482556 -0.409221 11.7632 
23.4 -11.5571 -0.468186 -0.463303 -0.425755 11.5836 
23.45 -11.5523 0.177659 -0.467454 -0.416527 11.5706 
23.5 -11.3085 0.0955106 -0.466157 -0.423746 11.3264 
23.55 -11.5444 0.670189 -0.488099 -0.412585 11.5815 
23.6 -11.3849 0.243141 -0.478552 -0.412913 11.4051 
23.65 -10.9912 -0.21969 -0.445161 -0.425903 11.0107 
23.7 -11.1191 0.435922 -0.47633 -0.426262 11.146 
23.75 -10.6648 0.0336191 -0.420357 -0.428541 10.6817 
23.8 -10.9937 0.492385 -0.455439 -0.428699 11.0225 
23.85 -10.62 0.558849 -0.453784 -0.435428 10.6534 
23.9 -10.4307 -0.119216 -0.427472 -0.429177 10.449 
23.95 -10.4531 0.269797 -0.450407 -0.425817 10.475 
24 -10.4989 0.828426 -0.449871 -0.429716 10.5497 
24.05 -10.2267 0.60259 -0.439103 -0.435645 10.263 
24.1 -10.4013 1.35596 -0.479111 -0.433171 10.5091 
24.15 -10.2665 0.946767 -0.466645 -0.428349 10.3296 
24.2 -10.211 1.2272 -0.474033 -0.440128 10.3047 
24.25 -9.93885 1.00925 -0.463793 -0.430387 10.0101 
24.3 -9.65261 1.05516 -0.445243 -0.427801 9.72969 
24.35 -9.63429 0.999675 -0.463707 -0.427819 9.7066 
24.4 -9.89581 1.71304 -0.491001 -0.424871 10.0641 
24.45 -9.78121 1.54084 -0.466057 -0.423819 9.92178 
24.5 -9.85069 1.93098 -0.465028 -0.423363 10.0578 
24.55 -9.56032 1.53571 -0.440783 -0.42487 9.70214 
24.6 -9.16058 1.14265 -0.425309 -0.409878 9.25048 
24.65 -9.32839 1.40452 -0.43723 -0.394687 9.45199 
24.7 -9.13557 1.50882 -0.456548 -0.380558 9.27837 
24.75 -8.92402 1.29702 -0.45535 -0.374516 9.03705 
24.8 -8.97853 1.39352 -0.464415 -0.370529 9.10511 
24.85 -9.34725 2.67973 -0.502811 -0.377433 9.74423 
24.9 -9.00907 2.3743 -0.487564 -0.393085 9.33802 
24.95 -8.97292 2.35791 -0.488403 -0.396644 9.29861 
25 -8.97051 2.90025 -0.526156 -0.39495 9.45118 
25.05 -9.06576 3.11634 -0.53608 -0.38331 9.60884 
25.1 -8.88612 2.89545 -0.537358 -0.376842 9.36881 
25.15 -8.71837 3.10972 -0.542414 -0.38997 9.28047 
25.2 -8.56187 2.95207 -0.523771 -0.379269 9.07959 
25.25 -8.61985 3.41732 -0.520938 -0.373676 9.29473 
25.3 -8.4576 3.52312 -0.49877 -0.356745 9.18325 
25.35 -8.26547 3.43322 -0.498252 -0.352978 8.9708 
25.4 -8.52963 3.97441 -0.541012 -0.347976 9.43248 
25.45 -8.22554 3.55968 -0.500153 -0.343135 8.98303 
25.5 -8.25998 4.01201 -0.525101 -0.342246 9.2048 
25.55 -8.05759 4.17417 -0.520714 -0.337051 9.0957 
25.6 -8.10934 4.09618 -0.530144 -0.331925 9.1069 
25.65 -7.9588 4.01042 -0.545311 -0.324617 8.93449 
25.7 -7.85223 4.47683 -0.54972 -0.318966 9.06105 
25.75 -7.94657 4.79973 -0.564943 -0.322686 9.30586 
25.8 -7.6789 4.4196 -0.539178 -0.327482 8.88236 
25.85 -7.84977 4.8108 -0.558941 -0.31315 9.22895 
25.9 -7.4524 4.30197 -0.533625 -0.30285 8.62681 
25.95 -7.39914 4.61765 -0.537951 -0.292694 8.74347 
26 -7.43359 4.98131 -0.543288 -0.280476 8.969 
26.05 -7.13058 4.57251 -0.533495 -0.278132 8.49224 
26.1 -7.51964 5.5586 -0.580009 -0.276931 9.3729 
26.15 -7.19072 5.19231 -0.560532 -0.282536 8.89159 
26.2 -7.41993 6.05424 -0.616976 -0.299948 9.60125 
26.25 -6.83193 5.43296 -0.57659 -0.304683 8.75326 
26.3 -7.11492 6.09674 -0.601395 -0.311888 9.39413 
26.35 -7.02945 6.44743 -0.608832 -0.310538 9.56289 
26.4 -7.26027 7.0448 -0.633163 -0.311529 10.1412 
26.45 -7.09158 6.86857 -0.649478 -0.310202 9.89883 
26.5 -6.98125 6.86942 -0.655647 -0.292126 9.82038 
26.55 -6.72035 6.68061 -0.642442 -0.295075 9.5023 
26.6 -6.7628 6.74157 -0.663226 -0.291387 9.57689 
26.65 -6.489 6.64859 -0.663791 -0.292574 9.31861 
26.7 -6.40906 6.67524 -0.661404 -0.289023 9.28188 
26.75 -6.24875 6.74617 -0.662917 -0.286261 9.22385 
26.8 -6.4031 7.27835 -0.665539 -0.276459 9.72182 
26.85 -6.13642 6.85654 -0.646252 -0.270933 9.22819 
26.9 -6.44723 7.16263 -0.675344 -0.251749 9.66347 
26.95 -5.99641 7.19797 -0.675027 -0.248806 9.39599 
27 -5.84034 6.8819 -0.671051 -0.243809 9.05416 
27.05 -5.73937 6.94283 -0.674981 -0.247776 9.03657 
27.1 -5.69514 7.1256 -0.6735 -0.23747 9.14981 
27.15 -5.72964 7.19063 -0.67408 -0.234895 9.2219 
27.2 -5.93949 8.0021 -0.708156 -0.238529 9.99347 
27.25 -5.68039 7.82181 -0.691493 -0.235233 9.69438 
27.3 -5.33007 7.4983 -0.683517 -0.233429 9.22799 
27.35 -5.18388 7.38889 -0.689993 -0.235484 9.05537 
27.4 -5.22648 8.02616 -0.727527 -0.236453 9.60836 
27.45 -4.84062 7.54852 -0.688183 -0.230985 8.99671 
27.5 -5.07751 8.18699 -0.727746 -0.227936 9.66369 
27.55 -4.9056 8.51068 -0.730341 -0.240656 9.85345 
27.6 -4.97427 8.77271 -0.736765 -0.2303 10.1144 
27.65 -4.89092 9.07105 -0.754449 -0.221024 10.3356 
27.7 -4.99747 9.49504 -0.782254 -0.220632 10.7606 
27.75 -4.9003 9.41435 -0.790628 -0.224255 10.6451 
27.8 -4.76113 9.66281 -0.8108 -0.242755 10.8053 
27.85 -4.71875 9.77919 -0.811206 -0.242201 10.8911 
27.9 -4.79049 10.1726 -0.848037 -0.243775 11.2787 
27.95 -4.52749 9.80587 -0.862647 -0.235739 10.8376 
28 -4.37687 10.0695 -0.839294 -0.234008 11.0144 
28.05 -3.11081 8.11781 -0.715994 -0.215601 8.72552 
28.1 -3.74304 8.35603 -0.724375 -0.201669 9.18694 
28.15 -4.32083 9.56629 -0.751863 -0.188245 10.5255 
28.2 -3.53567 8.20165 -0.631605 -0.174763 8.95534 
28.25 -3.71497 8.62955 -0.635298 -0.180138 9.4184 
28.3 -3.76917 8.85031 -0.646923 -0.17951 9.64291 
28.35 -3.28231 8.01404 -0.593268 -0.179673 8.68243 
28.4 -3.39045 8.28048 -0.609973 -0.1786 8.97026 
28.45 -3.49315 8.64789 -0.598305 -0.18126 9.34767 
28.5 -3.0738 8.25467 -0.568193 -0.200768 8.82898 
28.55 -2.9919 8.15021 -0.573303 -0.209884 8.70346 
28.6 -2.95083 8.10936 -0.569987 -0.201853 8.65072 
28.65 -2.87703 7.82372 -0.550101 -0.199725 8.35642 
28.7 -2.96294 8.02426 -0.558135 -0.199758 8.57435 
28.75 -3.04254 8.3625 -0.565106 -0.199046 8.91894 
28.8 -2.95892 8.13435 -0.566769 -0.209852 8.67688 
28.85 -3.01222 8.28899 -0.569127 -0.19875 8.84 
28.9 -2.83853 7.94267 -0.566703 -0.203776 8.45612 
28.95 -2.65679 7.72662 -0.545591 -0.204992 8.19138 
29 -2.64355 7.85181 -0.534186 -0.20754 8.30464 
29.05 -2.61608 7.65161 -0.518626 -0.208607 8.10574 
29.1 -2.59927 7.86827 -0.529857 -0.21816 8.30624 
29.15 -2.54676 7.91355 -0.54296 -0.220629 8.3339 
29.2 -2.4987 7.9714 -0.538203 -0.222853 8.37412 
29.25 -2.6469 8.29402 -0.546494 -0.231244 8.72633 
29.3 -2.56416 8.27596 -0.555863 -0.237761 8.68515 
29.35 -2.43464 8.18771 -0.533339 -0.230633 8.56176 
29.4 -2.50097 8.53863 -0.545541 -0.232404 8.91708 
29.45 -2.71141 8.60929 -0.561371 -0.228801 9.04649 
29.5 -2.63221 8.45207 -0.546964 -0.227059 8.87226 
29.55 -2.71494 8.81448 -0.556145 -0.220559 9.24252 
29.6 -2.67043 8.95918 -0.56771 -0.224246 9.36857 
29.65 -2.72003 8.93642 -0.557236 -0.227398 9.36058 
29.7 -2.74458 8.77986 -0.564592 -0.222123 9.21886 
29.75 -2.67968 8.78292 -0.565208 -0.216312 9.20254 
29.8 -2.65869 8.87298 -0.549656 -0.219251 9.28157 
29.85 -2.92021 9.3851 -0.581868 -0.225666 9.84871 
29.9 -2.82141 8.97221 -0.570438 -0.218813 9.42519 
29.95 -2.63361 8.42918 -0.54237 -0.213152 8.85021 
30 -2.79171 8.83214 -0.547246 -0.214854 9.28148 
30.05 -2.61664 8.33218 -0.54004 -0.217555 8.75277 
30.1 -2.47329 8.15786 -0.52096 -0.214344 8.54313 
30.15 -2.61818 8.09681 -0.525417 -0.213542 8.52849 
30.2 -2.34241 7.6437 -0.513153 -0.2219 8.01408 
30.25 -2.27222 7.53725 -0.498166 -0.225249 7.89126 
30.3 -2.40011 7.67037 -0.498596 -0.232154 8.05588 
30.35 -2.14616 7.431 -0.494939 -0.234389 7.75409 
30.4 -2.19316 7.28191 -0.490062 -0.23455 7.62439 
30.45 -2.25397 7.52951 -0.498352 -0.235414 7.87894 
30.5 -2.39606 7.88088 -0.513497 -0.242554 8.25662 
30.55 -2.45273 7.96096 -0.519017 -0.236976 8.34974 
30.6 -2.31312 7.49507 -0.509702 -0.230824 7.86382 
30.65 -2.35258 7.61841 -0.500106 -0.231917 7.99242 
30.7 -2.20134 7.52748 -0.492849 -0.242672 7.86198 
30.75 -2.21958 7.54906 -0.487316 -0.242786 7.88741 
30.8 -2.25289 7.49516 -0.493511 -0.24148 7.84569 
30.85 -2.26107 7.41917 -0.491031 -0.241547 7.77534 
30.9 -2.1023 7.05016 -0.471434 -0.239973 7.37592 
30.95 -2.07479 7.11767 -0.46881 -0.243736 7.43271 
