0 0 0 0 0 0 
0.0500161 0.0324713 0.0930706 -0.00221423 -0.000328568 0.0986722 
0.100032 0.0444732 -0.192946 -0.00376946 0.00476039 0.198145 
0.150048 -0.258726 0.610474 -0.0421064 -0.00251938 0.664344 
0.200065 -0.190335 0.516455 -0.0386544 -0.00261961 0.551802 
0.250081 -0.249452 0.690701 -0.0458559 0.00276949 0.735776 
0.300097 -0.337041 0.806628 -0.0557568 0.00418465 0.875992 
0.350113 -0.109373 0.369801 -0.0388932 0.0109584 0.387749 
0.400129 -0.113853 0.49305 -0.023845 0.00155379 0.50656 
0.450145 -0.0222738 0.588905 -0.0137078 -0.0160464 0.589598 
0.500161 0.101262 0.467431 0.00576729 -0.0278803 0.479055 
0.550177 0.137785 0.238121 0.00745735 -0.0129681 0.275624 
0.600194 0.114831 0.484603 0.00190332 -0.0118253 0.498188 
0.65021 0.131986 0.271784 0.00445462 -0.00877745 0.302216 
0.700226 0.21312 0.188187 0.00466069 -0.00740862 0.284882 
0.750242 0.177083 0.45384 0.0153818 -0.026608 0.487774 
0.800258 -0.0253666 0.797624 -0.0105409 -0.028875 0.798353 
0.850274 0.0509864 0.740883 -0.00908685 -0.0247546 0.743029 
0.90029 0.210883 0.533774 0.0101567 -0.0233873 0.574564 
0.950306 0.121858 0.596399 -0.00449792 -0.0214883 0.609147 
1.00032 -0.0681865 1.13571 -0.0314037 -0.0245046 1.13834 
1.05034 -0.112655 1.17774 -0.0318284 -0.0246391 1.18376 
1.10035 -0.0287379 1.00812 -0.0364685 -0.0146448 1.00913 
1.15037 -0.00462948 0.727663 -0.0272627 -0.00664591 0.728481 
1.20039 -0.0122636 0.717574 -0.0129934 -0.0141 0.717895 
1.2504 0.0104663 0.787989 -0.0165301 -0.0199626 0.788608 
1.30042 -0.0377812 0.977032 -0.0307516 -0.0200261 0.978436 
1.35044 -0.0219383 0.619453 -0.0201507 -0.009049 0.620247 
1.40045 -0.0160682 0.714868 -0.0222475 -0.00890817 0.715586 
1.45047 0.0571351 0.604062 -0.022195 -0.0120006 0.607271 
1.50048 0.253821 0.440714 0.00480216 -0.020948 0.511328 
1.5505 0.0372648 1.02798 -0.0131766 -0.0394754 1.02937 
1.60052 -0.160403 1.26608 -0.0480457 -0.0319026 1.27746 
1.65053 -0.0354302 1.22641 -0.0456763 -0.0263536 1.22798 
1.70055 0.163165 0.897921 -0.0211403 -0.0204181 0.913104 
1.75056 0.360747 0.634483 -0.00115642 -0.0374595 0.730962 
1.80058 0.20883 0.922829 -0.0065095 -0.0482265 0.94745 
1.8506 0.0217202 1.45252 -0.0294565 -0.0484352 1.45378 
1.90061 0.0299911 1.36722 -0.0446444 -0.0328084 1.36871 
1.95063 0.27336 0.912707 -0.0310757 -0.0257545 0.953269 
2.00065 0.325024 1.04559 0.000412734 -0.0483364 1.09615 
2.05066 -0.0050078 1.66645 -0.0268788 -0.0593984 1.66731 
2.10068 -0.0571348 1.75565 -0.0498252 -0.0483938 1.75795 
2.15069 0.19105 1.06282 -0.0214158 -0.0283204 1.07989 
2.20071 0.347131 0.590418 -0.0111447 -0.0126115 0.683766 
2.25073 0.09568 1.15375 -0.0152106 -0.0359668 1.15709 
2.30074 0.0369065 1.15369 -0.0262516 -0.0395365 1.15527 
2.35076 0.0167695 1.28656 -0.0292486 -0.034387 1.28739 
2.40077 0.120969 0.933484 -0.0258403 -0.0166353 0.942419 
2.45079 0.0824142 0.916032 -0.0170451 -0.0243183 0.920834 
2.50081 0.231028 0.668405 -0.0099821 -0.020754 0.707215 
2.55082 0.310632 0.67937 0.00402199 -0.029478 0.75206 
2.60084 0.0213648 1.37334 -0.0263648 -0.0396097 1.37425 
2.65085 0.0823907 1.0137 -0.0302428 -0.0371641 1.01843 
2.70087 0.0978956 1.13217 -0.0219305 -0.0327099 1.13694 
2.75089 0.215535 0.797736 -0.0173176 -0.0231355 0.8277 
2.8009 0.527355 0.474858 0.00460494 -0.0349013 0.709521 
2.85092 0.263029 1.05525 -0.00688613 -0.0529998 1.09013 
2.90094 0.0499154 1.32098 -0.0323971 -0.053123 1.3235 
2.95095 0.207755 1.25999 -0.0284893 -0.0462297 1.27853 
3.00097 0.482194 0.697803 0.00820199 -0.0456141 0.8485 
3.05098 0.260321 1.08345 -0.00276343 -0.0567803 1.11604 
3.101 0.138011 1.21523 -0.0177025 -0.0578829 1.22501 
3.15102 0.329084 0.89292 -0.00665799 -0.0490663 0.953749 
3.20103 0.555667 0.513065 0.00682008 -0.0426631 0.760329 
3.25105 0.589685 0.572145 0.020472 -0.0619201 0.832216 
3.30106 0.298405 1.24971 0.00760756 -0.0854041 1.28793 
3.35108 0.122068 1.33677 -0.0172388 -0.0783453 1.34467 
3.4011 0.270902 1.0076 -0.0127457 -0.055376 1.04494 
3.45111 0.544147 0.298396 0.0221295 -0.0432729 0.622145 
3.50113 0.573805 0.297999 0.0290967 -0.0527919 0.649029 
3.55115 0.416981 0.554005 0.0127092 -0.0655453 0.695496 
3.60116 0.259538 0.946677 -0.00443746 -0.0720267 0.984204 
3.65118 0.400592 0.556199 0.0033451 -0.057485 0.687432 
3.70119 0.47876 0.457133 0.0100354 -0.0514118 0.664099 
3.75121 0.367396 0.545105 0.010474 -0.0580516 0.659725 
3.80123 0.349578 0.521555 0.00543149 -0.0639168 0.630995 
3.85124 0.378225 0.549689 0.00377546 -0.0595367 0.6692 
3.90126 0.413348 0.533991 0.013569 -0.0648096 0.677375 
3.95127 0.575454 -0.0181063 0.0321499 -0.0673806 0.58046 
4.00129 0.561122 0.146011 0.0267889 -0.0677174 0.585773 
4.05131 0.550137 0.112769 0.0138968 -0.0680543 0.565035 
4.10132 0.596517 0.298222 0.0199898 -0.0767131 0.677671 
4.15134 0.473693 0.430718 0.0172818 -0.07976 0.647563 
4.20135 0.517793 0.361966 0.0109445 -0.0754757 0.637117 
4.25137 0.564456 0.392128 0.00728269 -0.0729433 0.69102 
4.30139 0.521465 0.41452 0.0110759 -0.0801331 0.669636 
4.3514 0.448767 0.630194 0.004279 -0.0786291 0.777631 
4.40142 0.437219 0.462331 0.00227522 -0.0745837 0.641112 
4.45144 0.471947 0.470813 0.00243614 -0.0686032 0.668853 
4.50145 0.597125 0.31826 0.0145531 -0.0730947 0.680892 
4.55147 0.510164 0.578013 0.0145396 -0.0790857 0.77518 
4.60148 0.538859 0.315842 0.0181537 -0.0760067 0.63122 
4.6515 0.586407 0.345887 0.0129268 -0.0719323 0.685833 
4.70152 0.650294 0.321318 0.0228338 -0.0751942 0.731244 
4.75153 0.641249 0.321218 0.0325724 -0.0863814 0.723293 
4.80155 0.673435 0.334697 0.0298149 -0.0856441 0.758093 
4.85156 0.699299 0.154286 0.0296053 -0.0783697 0.721993 
4.90158 0.661303 0.37585 0.0236862 -0.0831282 0.765818 
4.9516 0.66779 0.441919 0.026811 -0.0932201 0.806446 
5.00161 0.831998 0.419768 0.0487251 -0.104563 0.938249 
5.05163 0.908633 0.378777 0.0489461 -0.10239 0.991006 
5.10164 1.01997 0.539574 0.056858 -0.10638 1.16096 
5.15166 1.58883 -0.630852 0.134387 -0.0957453 1.71818 
5.20168 2.11527 -1.77334 0.266326 -0.0990419 2.77475 
5.25169 2.17437 -2.24808 0.351768 -0.121271 3.14949 
5.30171 2.24334 -2.69816 0.386281 -0.133094 3.53273 
5.35173 2.48862 -3.24782 0.435093 -0.131137 4.11675 
5.40174 2.49639 -3.68042 0.470013 -0.121442 4.47359 
5.45176 0.37376 0.163134 0.0358718 -0.0174456 0.553343 
5.50177 2.34065 -3.76264 0.475595 -0.114679 4.45805 
5.55179 2.58408 -4.81566 0.528225 -0.103379 5.4916 
5.60181 2.69527 -4.99136 0.558006 -0.112193 5.70106 
5.65182 2.79666 -5.0911 0.590449 -0.123182 5.83995 
5.70184 2.69858 -5.14857 0.566241 -0.118683 5.84164 
5.75185 2.98814 -5.65713 0.621899 -0.136998 6.42933 
5.80187 2.71296 -5.37704 0.600853 -0.125585 6.05387 
5.85189 3.47553 -7.34049 0.715705 -0.126696 8.15418 
5.9019 3.81102 -8.08906 0.766525 -0.13695 8.97568 
5.95192 3.0672 -7.10288 0.736681 -0.140328 7.77306 
6.00194 2.96314 -7.67686 0.778371 -0.135554 8.26671 
6.05195 2.80758 -7.45208 0.797146 -0.149225 8.00459 
6.10197 2.75785 -8.22076 0.839352 -0.149204 8.71284 
6.15198 2.6055 -8.27984 0.844777 -0.139853 8.72225 
6.202 2.7688 -8.44845 0.861808 -0.130055 8.9332 
6.25202 3.15887 -9.32514 0.894805 -0.130896 9.88709 
6.30203 3.09035 -9.65325 0.899285 -0.127108 10.1765 
6.35205 2.80886 -9.57947 0.899501 -0.135177 10.0241 
6.40206 2.67043 -9.79417 0.910287 -0.139454 10.1934 
6.45208 2.58912 -9.79091 0.926771 -0.153367 10.1709 
6.5021 2.57042 -10.3033 0.951127 -0.161866 10.6628 
6.55211 2.36086 -10.1055 0.945529 -0.159031 10.4218 
6.60213 2.44518 -10.5519 0.954082 -0.15778 10.8746 
6.65214 2.36129 -10.8377 0.980954 -0.170349 11.1365 
6.70216 2.40806 -11.0962 0.992269 -0.176829 11.3992 
6.75218 2.1134 -10.9162 0.993948 -0.186518 11.1648 
6.80219 1.86512 -11.1427 0.996238 -0.193914 11.3432 
6.85221 1.98918 -11.1479 1.01413 -0.189373 11.371 
6.90223 2.13274 -11.6335 1.04789 -0.204558 11.8755 
6.95224 2.02543 -11.483 1.04026 -0.20902 11.7084 
7.00226 1.80761 -11.4947 1.04895 -0.227385 11.6853 
7.05227 1.96236 -11.6952 1.04296 -0.220339 11.9065 
7.10229 1.50451 -11.3377 1.02011 -0.21615 11.4846 
7.15231 1.43587 -11.6716 1.04022 -0.223499 11.8076 
7.20232 1.35254 -11.5629 1.01766 -0.223408 11.6882 
7.25234 1.59643 -12.2577 1.06508 -0.227982 12.4091 
7.30235 1.31691 -12.1066 1.0421 -0.226021 12.2247 
7.35237 1.21117 -12.064 1.03514 -0.233742 12.171 
7.40239 0.910095 -12.0851 1.02745 -0.230112 12.165 
7.4524 0.826971 -11.6078 1.00956 -0.241718 11.6836 
7.50242 0.73348 -12.1306 1.00696 -0.236422 12.1966 
7.55244 0.635494 -11.7689 0.999666 -0.249129 11.831 
7.60245 0.438284 -11.9541 0.994118 -0.249696 12.006 
7.65247 0.32708 -11.9394 0.989993 -0.246632 11.9875 
7.70248 0.0178467 -11.9995 0.970086 -0.244706 12.0411 
7.7525 -0.0123609 -11.7972 0.967936 -0.258124 11.8397 
7.80252 -0.244648 -11.794 0.953912 -0.268783 11.8382 
7.85253 -0.539345 -11.7433 0.950309 -0.276881 11.7973 
7.90255 -0.532882 -11.7145 0.941435 -0.27486 11.7676 
7.95256 -0.669156 -11.8154 0.930114 -0.272509 11.874 
8.00258 -0.788105 -12.0606 0.931952 -0.269774 12.1253 
8.0526 -0.993978 -12.1545 0.9162 -0.271231 12.2329 
8.10261 -1.38766 -11.7677 0.885474 -0.282083 11.8859 
8.15263 -1.40823 -11.8589 0.890614 -0.280807 11.9787 
8.20265 -1.38006 -12.0367 0.900399 -0.282656 12.1525 
8.25266 -1.67756 -11.7846 0.872832 -0.281803 11.9388 
8.30268 -1.69216 -12.0505 0.877964 -0.287312 12.2039 
8.35269 -1.78213 -12.2976 0.875518 -0.28948 12.4606 
8.40271 -1.994 -12.0565 0.86147 -0.291124 12.2542 
8.45273 -1.91635 -12.3997 0.880719 -0.298969 12.5814 
8.50274 -2.15461 -12.4946 0.872902 -0.314597 12.7129 
8.55276 -2.07274 -12.7717 0.885927 -0.33583 12.9734 
8.60277 -2.36634 -12.3612 0.86325 -0.33504 12.6199 
8.65279 -2.19665 -12.8597 0.87855 -0.332034 13.0798 
8.70281 -2.65067 -12.5123 0.84979 -0.336909 12.8226 
8.75282 -2.64285 -12.8761 0.854898 -0.350317 13.1771 
8.80284 -2.73054 -12.8878 0.8466 -0.353338 13.2058 
8.85285 -2.88957 -12.9906 0.851579 -0.354566 13.34 
8.90287 -2.82026 -13.2576 0.853886 -0.353629 13.5857 
8.95289 -3.30185 -12.974 0.820179 -0.368537 13.4178 
9.0029 -3.17499 -13.3754 0.847285 -0.374116 13.7782 
9.05292 -3.56458 -12.7635 0.807631 -0.37318 13.2817 
9.10293 -3.40397 -13.2214 0.821747 -0.376886 13.6823 
9.15295 -3.82555 -12.7692 0.788146 -0.3675 13.3581 
9.20297 -3.30274 -14.1129 0.842826 -0.367363 14.5233 
9.25298 -3.95761 -12.9333 0.776558 -0.374963 13.553 
9.303 -3.85173 -13.7797 0.8071 -0.378749 14.3356 
9.35302 -4.37556 -13.1011 0.768298 -0.385819 13.8397 
9.40303 -4.39457 -12.9001 0.749474 -0.379447 13.6539 
9.45305 -4.64935 -12.99 0.748174 -0.385237 13.8225 
9.50306 -4.53681 -13.3992 0.746273 -0.379427 14.1711 
9.55308 -4.69524 -13.5831 0.73919 -0.386096 14.396 
9.6031 -5.09694 -12.6183 0.70862 -0.39257 13.6343 
9.65311 -5.00737 -13.0678 0.718278 -0.389325 14.0181 
9.70313 -5.36699 -12.9176 0.696637 -0.392035 14.0109 
9.75315 -5.53739 -12.8516 0.673012 -0.397025 14.0158 
9.80316 -5.65971 -12.7353 0.663181 -0.399467 13.958 
9.85318 -5.64672 -13.0834 0.656227 -0.398964 14.2705 
9.90319 -5.71137 -12.8308 0.648275 -0.404513 14.0652 
9.95321 -5.94008 -13.07 0.645849 -0.416081 14.3771 
10.0032 -5.95013 -12.8932 0.648698 -0.423812 14.2211 
10.0532 -6.10617 -12.9264 0.650133 -0.432839 14.3174 
10.1033 -6.23499 -12.8822 0.636784 -0.437741 14.3326 
10.1533 -6.48536 -12.7564 0.616754 -0.442559 14.3307 
10.2033 -6.78364 -12.8603 0.592886 -0.432082 14.5583 
10.2533 -6.79106 -12.8145 0.578813 -0.432921 14.5209 
10.3033 -6.80199 -13.0479 0.586498 -0.438768 14.7326 
10.3533 -7.08901 -12.8528 0.560272 -0.437292 14.6953 
10.4034 -6.98087 -13.5122 0.563149 -0.439379 15.2256 
10.4534 -7.47196 -12.6691 0.533993 -0.452692 14.725 
10.5034 -7.47659 -12.918 0.536008 -0.459638 14.9421 
10.5534 -7.74183 -12.7557 0.516551 -0.457014 14.9372 
10.6034 -7.72095 -12.8368 0.526893 -0.460621 14.9963 
10.6534 -7.72384 -13.2369 0.518286 -0.461091 15.3413 
10.7035 -7.96725 -12.8479 0.49652 -0.466375 15.1331 
10.7535 -8.06635 -13.0827 0.494262 -0.472867 15.3848 
10.8035 -8.12992 -13.0823 0.504708 -0.478038 15.4183 
10.8535 -8.18105 -13.3356 0.497661 -0.47936 15.6604 
10.9035 -8.29469 -13.4214 0.488885 -0.484824 15.7927 
10.9535 -8.62832 -13.0651 0.459837 -0.48833 15.6716 
11.0035 -8.6559 -13.2735 0.467668 -0.494381 15.8611 
11.0536 -9.07486 -12.9955 0.443854 -0.503505 15.8646 
11.1036 -8.90792 -13.4154 0.453218 -0.50601 16.1181 
11.1536 -8.94807 -13.7333 0.462205 -0.512155 16.4058 
11.2036 -9.18403 -13.334 0.433096 -0.512646 16.2047 
11.2536 -9.27752 -13.8116 0.429584 -0.512589 16.6517 
11.3036 -9.41331 -13.4609 0.417119 -0.526567 16.4395 
11.3537 -9.56225 -13.3988 0.415866 -0.532333 16.4747 
11.4037 -9.52816 -13.7314 0.417999 -0.533135 16.7271 
11.4537 -9.60585 -13.8902 0.414075 -0.53426 16.9016 
11.5037 -9.88201 -13.6448 0.398154 -0.540211 16.8608 
11.5537 -9.97429 -13.5196 0.386158 -0.542917 16.8139 
11.6037 -10.1393 -13.8464 0.381879 -0.547999 17.1748 
11.6538 -10.3506 -13.496 0.3605 -0.550004 17.021 
11.7038 -10.6211 -13.2317 0.325567 -0.537347 16.9788 
11.7538 -11.1813 -12.9869 0.276959 -0.533914 17.1477 
11.8038 -11.1586 -12.9769 0.271519 -0.530079 17.1251 
11.8538 -11.4292 -13.0452 0.251371 -0.525808 17.3535 
11.9038 -11.3122 -13.4304 0.270693 -0.535276 17.5698 
11.9539 -11.749 -13.0758 0.249282 -0.535942 17.5888 
12.0039 -11.7159 -13.2345 0.231677 -0.538476 17.6849 
12.0539 -12.135 -12.515 0.202574 -0.551741 17.4422 
12.1039 -11.9798 -13.0596 0.222774 -0.556434 17.7321 
12.1539 -12.297 -12.7589 0.202259 -0.561352 17.7302 
12.2039 -12.691 -12.5974 0.17508 -0.556956 17.8913 
12.254 -12.5773 -12.7817 0.174738 -0.552733 17.9415 
12.304 -12.8223 -13.0324 0.167095 -0.554763 18.2918 
12.354 -12.8265 -13.0857 0.170149 -0.565316 18.3331 
12.404 -12.9555 -13.0745 0.175755 -0.568201 18.4158 
12.454 -13.5228 -12.556 0.123974 -0.567562 18.4623 
12.504 -13.2848 -13.0584 0.133393 -0.577159 18.6375 
12.554 -13.7229 -12.9212 0.130425 -0.58645 18.8584 
12.6041 -13.6862 -12.6624 0.12717 -0.593312 18.6552 
12.6541 -14.2659 -12.4765 0.0913989 -0.593261 18.9615 
12.7041 -14.5058 -12.3585 0.0540887 -0.575127 19.0653 
12.7541 -14.6245 -12.5111 0.0293254 -0.570468 19.2544 
12.8041 -14.9026 -12.6444 0.0161104 -0.56407 19.5521 
12.8541 -15.1818 -12.8967 -0.00726032 -0.560536 19.928 
12.9042 -15.3412 -12.6047 -0.010216 -0.565999 19.8633 
12.9542 -15.3826 -13.2978 0.00947121 -0.575814 20.3418 
13.0042 -15.6191 -13.0159 -0.000424538 -0.585592 20.3399 
13.0542 -15.82 -12.6156 -0.0224595 -0.583704 20.2428 
13.1042 -16.0407 -12.7255 -0.0321163 -0.597516 20.4842 
13.1542 -16.4008 -12.321 -0.0592601 -0.601511 20.5221 
13.2043 -16.3678 -12.5446 -0.0449792 -0.607855 20.6312 
13.2543 -16.8363 -11.5824 -0.0537797 -0.618159 20.4448 
13.3043 -16.9129 -11.3361 -0.0720849 -0.613036 20.3699 
13.3543 -16.6095 -12.3596 -0.0507137 -0.605023 20.7124 
13.4043 -16.8627 -12.1493 -0.061743 -0.603698 20.7924 
13.4543 -16.9746 -12.5051 -0.0726673 -0.605081 21.0922 
13.5044 -16.8846 -12.5737 -0.0582132 -0.618422 21.0611 
13.5544 -16.7708 -12.7121 -0.0384925 -0.631008 21.0538 
13.6044 -16.7308 -12.4925 -0.0286084 -0.650939 20.8905 
13.6544 -16.9991 -12.7253 -0.0229831 -0.653912 21.2446 
13.7044 -17.0226 -12.7554 -0.0198191 -0.651844 21.2813 
13.7544 -17.1443 -12.8845 -0.0325616 -0.649759 21.456 
13.8045 -17.0139 -13.1741 -0.0257943 -0.656282 21.5283 
13.8545 -17.0266 -13.6416 -0.020093 -0.663125 21.8275 
13.9045 -16.9249 -13.7933 -0.00492058 -0.672399 21.8441 
13.9545 -17.2854 -13.4636 -0.00782906 -0.680929 21.9208 
14.0045 -17.2568 -14.0131 0.00999452 -0.689833 22.2405 
14.0545 -17.5298 -13.5263 -0.00588426 -0.697282 22.1528 
14.1045 -17.434 -13.9128 -0.00228455 -0.702817 22.316 
14.1546 -17.1014 -14.2919 0.0298807 -0.710321 22.2984 
14.2046 -17.2727 -14.2289 0.0253539 -0.718277 22.3904 
14.2546 -17.1539 -14.633 0.0292862 -0.726169 22.5589 
14.3046 -17.4849 -14.8183 0.0139682 -0.725749 22.9312 
14.3546 -17.8116 -14.563 -0.00382155 -0.720436 23.0188 
14.4046 -18.0055 -14.7864 -0.00890413 -0.728709 23.3104 
14.4547 -17.6688 -14.9932 0.00719938 -0.731761 23.1849 
14.5047 -17.8474 -15.4143 0.0118313 -0.747245 23.5942 
14.5547 -17.7594 -15.4417 0.0185062 -0.753796 23.5459 
14.6047 -17.8814 -15.7615 0.0299186 -0.763816 23.8485 
14.6547 -18.1831 -15.5718 0.0111379 -0.76431 23.952 
14.7047 -18.1351 -15.6283 0.0227841 -0.767331 23.9522 
14.7548 -18.0789 -16.2073 0.0335103 -0.774033 24.2924 
14.8048 -18.3098 -15.8885 0.0129981 -0.775777 24.2548 
14.8548 -18.32 -15.9483 -0.000378753 -0.768076 24.302 
14.9048 -18.3293 -16.5165 0.0153706 -0.782493 24.6855 
14.9548 -18.5472 -16.3653 0.0104313 -0.781464 24.7473 
15.0048 -18.4514 -16.761 0.0173393 -0.792399 24.9403 
15.0549 -18.85 -16.577 0.000645732 -0.799611 25.1148 
15.1049 -19.2368 -15.9549 -0.042328 -0.801316 25.0052 
15.1549 -19.0359 -15.8777 -0.0704206 -0.789356 24.8011 
15.2049 -19.0816 -15.4677 -0.100188 -0.784065 24.576 
15.2549 -19.0709 -15.8383 -0.101012 -0.782066 24.8028 
15.3049 -18.8783 -15.8963 -0.109866 -0.778363 24.6921 
15.355 -19.0229 -15.8407 -0.111801 -0.785393 24.7675 
15.405 -18.9822 -16.1021 -0.118711 -0.785583 24.9045 
15.455 -18.8756 -16.0185 -0.102489 -0.796503 24.7694 
15.505 -18.998 -16.1892 -0.118657 -0.783358 24.9729 
15.555 -18.9954 -15.982 -0.123672 -0.781764 24.837 
15.605 -18.9916 -16.2304 -0.115983 -0.776418 24.9945 
15.655 -19.0336 -16.1903 -0.12034 -0.770419 25.0002 
15.7051 -18.9753 -16.1087 -0.130257 -0.763387 24.9029 
15.7551 -19.0913 -16.0207 -0.141187 -0.763057 24.9348 
15.8051 -19.0248 -16.1464 -0.130207 -0.764359 24.965 
15.8551 -18.9574 -16.5719 -0.107091 -0.756363 25.1912 
15.9051 -19.0444 -16.5013 -0.134913 -0.770449 25.211 
15.9551 -19.0646 -16.2936 -0.150811 -0.766024 25.0909 
16.0052 -19.0644 -16.3234 -0.152861 -0.768727 25.1101 
16.0552 -19.0513 -16.3797 -0.145615 -0.773761 25.1369 
16.1052 -19.1002 -16.0909 -0.156028 -0.774057 24.9872 
16.1552 -19.0984 -16.0745 -0.157458 -0.775993 24.9753 
16.2052 -18.9498 -16.1905 -0.144279 -0.770775 24.9367 
16.2552 -18.9148 -15.9729 -0.14226 -0.776745 24.7695 
16.3053 -18.7506 -15.8039 -0.138177 -0.777167 24.5352 
16.3553 -18.4155 -15.8412 -0.111302 -0.781603 24.3043 
16.4053 -18.2249 -16.2051 -0.0821836 -0.788347 24.4005 
16.4553 -18.0014 -16.1804 -0.0654662 -0.801877 24.2178 
16.5053 -17.9898 -15.9205 -0.0490073 -0.823713 24.0371 
16.5553 -17.8738 -16.3183 -0.0385364 -0.82115 24.2164 
16.6054 -18.099 -15.8312 -0.0566309 -0.816543 24.0598 
16.6554 -17.9452 -15.9858 -0.0591018 -0.810944 24.0465 
16.7054 -17.9416 -16.4258 -0.0472141 -0.802953 24.3383 
16.7554 -17.9968 -16.3137 -0.0483598 -0.795125 24.3035 
16.8054 -17.9394 -16.3145 -0.0475305 -0.788994 24.2613 
16.8554 -18.0375 -16.3391 -0.0597557 -0.784738 24.3503 
16.9055 -17.956 -16.3682 -0.0482874 -0.796258 24.3099 
16.9555 -17.9575 -16.4529 -0.0371525 -0.806088 24.3684 
17.0055 -17.9311 -16.3975 -0.0376406 -0.80593 24.3116 
17.0555 -17.9562 -16.049 -0.0520777 -0.800392 24.0964 
17.1055 -18.0088 -16.3476 -0.0496088 -0.795917 24.3351 
17.1555 -17.8885 -16.3689 -0.0321095 -0.803821 24.2608 
17.2055 -17.8766 -16.6028 -0.0318526 -0.792596 24.4102 
17.2556 -17.8094 -16.4059 -0.0352568 -0.796782 24.2273 
17.3056 -17.8578 -16.191 -0.0441236 -0.79858 24.1183 
17.3556 -17.9494 -15.8479 -0.0516311 -0.802639 23.958 
17.4056 -17.7768 -16.064 -0.0529115 -0.792535 23.9729 
17.4556 -17.7963 -16.0998 -0.0461048 -0.793431 24.0113 
17.5056 -17.7859 -16.2452 -0.0393841 -0.80053 24.1016 
17.5557 -17.7728 -16.1215 -0.0392781 -0.814066 24.0091 
17.6057 -17.8281 -16.0557 -0.0434779 -0.818886 24.0063 
17.6557 -17.7714 -16.0968 -0.0418373 -0.814353 23.9915 
17.7057 -17.8149 -15.9639 -0.0453497 -0.808705 23.9347 
17.7557 -17.8137 -16.3923 -0.0384264 -0.806756 24.2216 
17.8057 -17.7115 -16.2632 -0.0358199 -0.809902 24.0592 
17.8558 -17.7262 -16.5545 -0.0316018 -0.812782 24.2678 
17.9058 -17.8277 -16.2605 -0.0410576 -0.817359 24.1433 
17.9558 -17.7004 -16.38 -0.0360876 -0.823578 24.1306 
18.0058 -17.8079 -16.2964 -0.0373522 -0.818152 24.1529 
18.0558 -17.7462 -16.3054 -0.037631 -0.807816 24.1133 
18.1058 -17.798 -16.3091 -0.0446492 -0.804317 24.1537 
18.1559 -17.8494 -16.2209 -0.0391024 -0.805386 24.1323 
18.2059 -17.7204 -16.4317 -0.0333663 -0.80859 24.1799 
18.2559 -17.7479 -16.3087 -0.0384703 -0.816371 24.1171 
18.3059 -18.0871 -15.4982 -0.0670196 -0.805379 23.8327 
18.3559 -18.7666 -15.0562 -0.18028 -0.815287 24.0743 
18.4059 -18.319 -14.0892 -0.267587 -0.791769 23.1256 
18.456 -18.6979 -12.8758 -0.374388 -0.776537 22.7187 
18.506 -18.9095 -11.8433 -0.459752 -0.763304 22.3299 
18.556 -18.5631 -11.1958 -0.509152 -0.746807 21.6968 
18.606 -18.9641 -11.0088 -0.560653 -0.734379 21.9473 
18.656 -19.1635 -10.4514 -0.58763 -0.724396 21.8482 
18.706 -19.222 -10.0453 -0.611178 -0.716318 21.709 
18.756 -19.0463 -10.0875 -0.632338 -0.71016 21.5737 
18.8061 -18.8357 -9.44579 -0.637202 -0.705952 21.0929 
18.8561 -18.9671 -9.25765 -0.664335 -0.69503 21.1277 
18.9061 -19.0422 -8.90781 -0.666291 -0.687317 21.0444 
18.9561 -18.9834 -8.14985 -0.682072 -0.682369 20.6814 
19.0061 -18.8363 -8.0264 -0.683858 -0.673712 20.4976 
19.0561 -18.9036 -7.91215 -0.708553 -0.673838 20.516 
19.1062 -18.7088 -7.92932 -0.678602 -0.677025 20.3424 
19.1562 -18.7245 -7.95452 -0.685436 -0.670712 20.3666 
19.2062 -18.6647 -7.85488 -0.690067 -0.668849 20.273 
19.2562 -18.7604 -7.40792 -0.687523 -0.665674 20.1927 
19.3062 -18.5372 -7.50048 -0.686029 -0.657598 20.0197 
19.3562 -18.506 -7.46676 -0.674929 -0.656717 19.9777 
19.4063 -18.3325 -6.89594 -0.675829 -0.650109 19.6091 
19.4563 -18.4258 -6.80761 -0.686143 -0.637166 19.6655 
19.5063 -18.1619 -6.37847 -0.677598 -0.622903 19.2714 
19.5563 -18.3753 -6.45087 -0.689074 -0.621236 19.4968 
19.6063 -18.3678 -5.48207 -0.705032 -0.613561 19.1912 
19.6563 -18.0539 -5.71439 -0.696975 -0.604369 18.9592 
19.7064 -17.7353 -5.41472 -0.678102 -0.599169 18.5656 
19.7564 -17.8631 -5.44082 -0.698215 -0.587412 18.6957 
19.8064 -17.9321 -4.57617 -0.699639 -0.580846 18.5293 
19.8564 -17.5107 -4.94209 -0.67107 -0.580349 18.2172 
19.9064 -18.0356 -3.82036 -0.715414 -0.571845 18.4584 
19.9564 -17.6994 -4.06612 -0.69797 -0.567393 18.1827 
20.0065 -17.2169 -3.92607 -0.659936 -0.564872 17.6802 
20.0565 -17.6889 -3.81552 -0.700745 -0.550767 18.1179 
20.1065 -17.0996 -3.72547 -0.682039 -0.550695 17.5226 
20.1565 -17.1701 -3.98372 -0.662328 -0.546539 17.6472 
20.2065 -17.287 -3.53113 -0.678485 -0.541305 17.6653 
20.2565 -16.8114 -3.72112 -0.643589 -0.543313 17.2389 
20.3065 -17.1363 -3.30366 -0.656452 -0.53917 17.4727 
20.3566 -16.8933 -3.5118 -0.644282 -0.535032 17.2747 
20.4066 -17.054 -2.83707 -0.659629 -0.524602 17.3089 
20.4566 -16.7081 -2.9797 -0.634904 -0.525856 16.9919 
20.5066 -16.8228 -2.76328 -0.63649 -0.519108 17.0682 
20.5566 -16.7379 -3.07297 -0.627606 -0.509454 17.0368 
20.6066 -16.5166 -2.43964 -0.647067 -0.505406 16.7159 
20.6567 -16.1934 -2.80936 -0.636321 -0.504747 16.4551 
20.7067 -16.299 -1.96795 -0.660131 -0.493365 16.4381 
20.7567 -16.2469 -2.45692 -0.650811 -0.490805 16.4518 
20.8067 -16.3042 -2.3196 -0.646513 -0.492715 16.4884 
20.8567 -16.0037 -1.99629 -0.617998 -0.490775 16.1472 
20.9067 -16.1404 -2.08396 -0.617389 -0.484117 16.2933 
20.9568 -15.9708 -1.80407 -0.599299 -0.482783 16.0907 
21.0068 -16.0331 -1.3826 -0.600241 -0.468568 16.1108 
21.0568 -15.8477 -1.49863 -0.593761 -0.45994 15.9362 
21.1068 -15.9653 -1.48541 -0.622508 -0.440199 16.0527 
21.1568 -15.8121 -1.83463 -0.611718 -0.436519 15.9362 
21.2068 -15.9969 -1.13072 -0.635796 -0.424855 16.0551 
21.2569 -15.3755 -1.6513 -0.57929 -0.430236 15.4806 
21.3069 -15.792 -0.602654 -0.619282 -0.423454 15.8212 
21.3569 -15.1949 -1.07922 -0.575654 -0.423603 15.2499 
21.4069 -15.5436 -0.484949 -0.587441 -0.420171 15.5678 
21.4569 -15.6616 -0.328071 -0.601575 -0.407001 15.6819 
21.5069 -15.3229 -0.60729 -0.591564 -0.401052 15.3515 
21.557 -15.6988 0.456322 -0.637867 -0.378329 15.7225 
21.607 -15.4191 -0.272013 -0.60138 -0.372855 15.4376 
21.657 -15.4254 0.389469 -0.60665 -0.370896 15.4466 
21.707 -14.9491 -0.0874027 -0.564092 -0.37964 14.9646 
21.757 -15.1224 0.551622 -0.584513 -0.376006 15.1487 
21.807 -14.548 -0.187808 -0.546734 -0.377459 14.5646 
21.857 -14.8931 0.174691 -0.549004 -0.377337 14.9104 
21.9071 -14.745 0.463077 -0.529669 -0.383252 14.7667 
21.9571 -15.0171 0.669073 -0.544767 -0.381936 15.0467 
22.0071 -14.4801 0.569669 -0.516385 -0.376836 14.5053 
22.0571 -14.5166 0.399782 -0.523727 -0.360668 14.5359 
22.1071 -14.0861 0.173789 -0.491247 -0.354291 14.1002 
22.1571 -14.3652 0.728036 -0.520093 -0.354227 14.3972 
22.2072 -13.8844 0.370309 -0.476106 -0.360774 13.9023 
22.2572 -14.1569 1.18869 -0.504945 -0.353207 14.2217 
22.3072 -13.8074 1.0133 -0.476875 -0.353474 13.8573 
22.3572 -14.0475 1.56982 -0.491734 -0.347311 14.1482 
22.4072 -13.818 1.41883 -0.485744 -0.341125 13.904 
22.4572 -13.4826 1.09756 -0.458001 -0.340275 13.5391 
22.5073 -13.6783 1.91828 -0.469725 -0.333509 13.8241 
22.5573 -13.444 1.95262 -0.464793 -0.332411 13.5971 
22.6073 -13.4276 2.07959 -0.473923 -0.323185 13.5997 
22.6573 -13.3998 2.4304 -0.478678 -0.311048 13.6304 
22.7073 -13.1271 2.13805 -0.467498 -0.310533 13.3119 
22.7573 -13.0949 2.82645 -0.468455 -0.314269 13.4086 
22.8074 -13.0861 2.95957 -0.473188 -0.30583 13.4292 
22.8574 -12.9954 3.00479 -0.453279 -0.308811 13.3496 
22.9074 -12.9785 3.68195 -0.47791 -0.296842 13.5023 
22.9574 -12.554 2.76017 -0.443786 -0.295325 12.8647 
23.0074 -12.6982 3.02273 -0.458222 -0.286916 13.0641 
23.0574 -12.4398 2.82016 -0.432508 -0.289614 12.7663 
23.1075 -12.4172 3.36686 -0.448203 -0.28752 12.8765 
23.1575 -12.3552 3.49253 -0.434037 -0.299429 12.8512 
23.2075 -12.4211 3.4968 -0.433054 -0.288926 12.9144 
23.2575 -12.3903 4.03229 -0.439554 -0.282262 13.0404 
23.3075 -12.1168 3.58195 -0.435492 -0.269459 12.6456 
23.3575 -11.7718 3.21081 -0.41646 -0.273259 12.2124 
23.4075 -12.1009 3.96833 -0.442284 -0.266903 12.7454 
23.4576 -11.9961 4.02254 -0.442068 -0.261627 12.6627 
23.5076 -11.9513 4.43102 -0.453061 -0.259178 12.7569 
23.5576 -11.617 4.19963 -0.439262 -0.25945 12.3632 
23.6076 -11.5797 4.46433 -0.429966 -0.266303 12.4205 
23.6576 -11.4279 4.38641 -0.408055 -0.254697 12.2501 
23.7076 -11.5075 4.74078 -0.425742 -0.249328 12.4555 
23.7577 -11.4774 4.74449 -0.426047 -0.241956 12.4291 
23.8077 -11.3149 4.67678 -0.438811 -0.227601 12.2533 
23.8577 -11.1713 5.02266 -0.430228 -0.231936 12.2582 
23.9077 -11.1373 4.90887 -0.411949 -0.230938 12.1804 
23.9577 -11.1629 5.40786 -0.431842 -0.219858 12.4132 
24.0077 -11.2078 5.49994 -0.430548 -0.222726 12.4939 
24.0578 -11.0591 5.97101 -0.437336 -0.223414 12.5775 
24.1078 -10.5974 5.42892 -0.406507 -0.216184 11.9159 
24.1578 -11.0578 6.51477 -0.454713 -0.211604 12.844 
24.2078 -10.7841 5.81392 -0.425508 -0.207263 12.2605 
24.2578 -10.6607 5.87451 -0.4283 -0.208877 12.1815 
24.3078 -10.5648 6.29352 -0.434678 -0.213856 12.3068 
24.3579 -10.6513 6.72422 -0.431554 -0.215802 12.6056 
24.4079 -10.4611 6.51479 -0.434017 -0.195398 12.333 
24.4579 -10.206 6.03107 -0.408409 -0.199894 11.8635 
24.5079 -10.1092 6.50854 -0.419194 -0.194084 12.0321 
24.5579 -10.0172 6.55564 -0.417456 -0.200721 11.9806 
24.6079 -10.1079 6.97329 -0.437791 -0.184699 12.2891 
24.658 -10.0721 7.32223 -0.442868 -0.192714 12.4618 
24.708 -9.5475 6.47003 -0.395659 -0.195835 11.5417 
24.758 -9.91742 7.56331 -0.434193 -0.196919 12.4814 
24.808 -9.38851 6.82138 -0.404484 -0.196901 11.6137 
24.858 -9.51201 7.3494 -0.422422 -0.197131 12.0295 
24.908 -9.26264 7.05668 -0.409834 -0.193042 11.6533 
24.958 -9.33599 7.52777 -0.420266 -0.200033 12.0019 
25.0081 -9.37294 8.05523 -0.428598 -0.200273 12.3678 
25.0581 -9.04647 7.62361 -0.403656 -0.194257 11.8389 
25.1081 -8.8621 7.21922 -0.39172 -0.181606 11.4386 
25.1581 -8.90526 7.33632 -0.403063 -0.168288 11.5463 
25.2081 -8.9458 7.5476 -0.439686 -0.148919 11.7136 
25.2581 -8.55064 6.89308 -0.411108 -0.15662 10.9919 
25.3082 -8.66097 8.28837 -0.424222 -0.176717 11.9967 
25.3582 -8.73807 8.44373 -0.412234 -0.192126 12.1598 
25.4082 -8.66633 8.87643 -0.422878 -0.182571 12.4141 
25.4582 -8.53988 8.96866 -0.434453 -0.164612 12.3929 
25.5082 -8.22073 8.48024 -0.418069 -0.155583 11.8192 
25.5582 -8.5092 9.45893 -0.465546 -0.14792 12.7325 
25.6083 -8.43425 9.20511 -0.470121 -0.152822 12.4946 
25.6583 -7.99274 8.97516 -0.421364 -0.165665 12.0267 
25.7083 -8.19542 9.55923 -0.45001 -0.153523 12.6004 
25.7583 -8.0233 9.61493 -0.430596 -0.159957 12.5312 
25.8083 -7.76914 9.3779 -0.439328 -0.150156 12.187 
25.8583 -7.81864 9.60366 -0.422599 -0.157789 12.3921 
25.9084 -8.01545 9.89839 -0.466596 -0.127153 12.746 
25.9584 -7.53535 9.31809 -0.437822 -0.122723 11.9923 
26.0084 -7.61761 9.60635 -0.451478 -0.121001 12.2692 
26.0584 -7.68256 9.99874 -0.480512 -0.113277 12.619 
26.1084 -7.62274 10.4465 -0.481043 -0.126938 12.9415 
26.1584 -7.34481 10.0976 -0.474709 -0.116575 12.4959 
26.2085 -7.60442 11.0662 -0.512005 -0.117615 13.4373 
26.2585 -7.41753 11.0243 -0.494299 -0.117469 13.2972 
26.3085 -7.57091 11.1136 -0.526088 -0.107236 13.458 
26.3585 -7.14838 10.7081 -0.506832 -0.0971478 12.8853 
26.4085 -7.31808 11.2981 -0.549333 -0.0831356 13.4726 
26.4585 -6.91537 10.527 -0.519457 -0.0826138 12.6062 
26.5085 -7.125 11.1199 -0.545159 -0.0796568 13.2183 
26.5586 -7.01082 11.4802 -0.55192 -0.0761233 13.4632 
26.6086 -6.8254 11.2299 -0.542081 -0.0787702 13.1528 
26.6586 -6.89062 11.5503 -0.540698 -0.0937271 13.4607 
26.7086 -6.50687 10.8792 -0.522202 -0.0925557 12.6877 
26.7586 -6.35821 11.0388 -0.50412 -0.0987995 12.7493 
26.8086 -6.19851 10.7622 -0.507045 -0.0792273 12.4302 
26.8587 -5.97214 10.6552 -0.519878 -0.0676583 12.2259 
26.9087 -5.97265 10.7907 -0.520408 -0.0766354 12.3446 
26.9587 -5.94091 10.9831 -0.533392 -0.0795769 12.4984 
27.0087 -5.79139 10.9886 -0.52811 -0.0815138 12.4328 
27.0587 -5.69445 11.0694 -0.529422 -0.0808329 12.4598 
27.1087 -5.70693 11.4586 -0.538523 -0.0855819 12.8128 
27.1588 -5.74074 11.7127 -0.566116 -0.0780102 13.0564 
27.2088 -5.6828 12.0977 -0.572906 -0.0877058 13.3785 
27.2588 -5.52773 12.0983 -0.580351 -0.0851033 13.3143 
27.3088 -5.51476 12.336 -0.571007 -0.0986034 13.525 
27.3588 -5.48926 12.2998 -0.575428 -0.0954938 13.4818 
27.4088 -5.18751 11.8223 -0.547102 -0.0911108 12.9222 
27.4589 -5.36726 12.4576 -0.598552 -0.0742232 13.5781 
27.5089 -4.6613 11.0718 -0.550625 -0.0776277 12.0258 
27.5589 -5.56543 13.1101 -0.652037 -0.0744187 14.2576 
27.6089 -4.77892 12.288 -0.608776 -0.0788902 13.1989 
27.6589 -4.99226 13.0041 -0.641812 -0.0805772 13.9444 
27.7089 -4.7821 13.0201 -0.639704 -0.0893224 13.8855 
27.759 -4.93797 13.5215 -0.673407 -0.0881589 14.411 
27.809 -4.76426 13.4621 -0.670825 -0.0847138 14.2963 
27.859 -4.77696 13.7782 -0.692703 -0.0793007 14.5995 
27.909 -4.57482 13.4599 -0.688628 -0.0782825 14.233 
27.959 -4.9286 14.4406 -0.746953 -0.0704004 15.2769 
28.009 -4.4032 14.0007 -0.712587 -0.0710241 14.6942 
28.059 -3.56089 12.675 -0.632993 -0.0725537 13.1811 
28.1091 -4.01068 12.7685 -0.640443 -0.0650885 13.3989 
28.1591 -4.44827 13.5812 -0.665211 -0.068143 14.3067 
28.2091 -3.74866 12.529 -0.609093 -0.0822321 13.0922 
28.2591 -3.97878 12.7203 -0.602902 -0.0919889 13.3421 
28.3091 -3.94029 12.7484 -0.597105 -0.0890942 13.3571 
28.3591 -3.47669 12.0812 -0.558884 -0.0902103 12.5843 
28.4092 -3.60034 12.1384 -0.546428 -0.0991566 12.6733 
28.4592 -3.40225 11.7879 -0.526552 -0.105834 12.2808 
28.5092 -3.04403 11.3901 -0.484631 -0.111457 11.8003 
28.5592 -3.04773 11.5412 -0.491337 -0.113501 11.9475 
28.6092 -3.00395 11.6235 -0.495752 -0.121056 12.0162 
28.6592 -2.84387 11.4586 -0.489821 -0.128176 11.8171 
28.7093 -2.8871 11.6366 -0.477358 -0.130473 11.9996 
28.7593 -2.91223 11.7035 -0.47718 -0.127549 12.0705 
28.8093 -2.98362 11.6857 -0.484833 -0.120539 12.0709 
28.8593 -2.92257 11.5131 -0.486571 -0.113023 11.8887 
28.9093 -3.00131 11.751 -0.491073 -0.115678 12.1387 
28.9593 -3.15598 12.0163 -0.506316 -0.113337 12.4346 
29.0094 -3.08425 11.9144 -0.505775 -0.109575 12.318 
29.0594 -3.2065 12.1226 -0.522894 -0.102732 12.5508 
29.1094 -3.28451 12.2147 -0.528533 -0.101822 12.66 
29.1594 -3.11405 11.8133 -0.503962 -0.102774 12.2277 
29.2094 -3.19096 12.232 -0.509854 -0.105825 12.6521 
29.2594 -3.21476 12.23 -0.526947 -0.0997697 12.6569 
29.3095 -2.9711 11.7326 -0.508803 -0.0979727 12.114 
29.3595 -3.13293 11.8439 -0.513507 -0.0975102 12.2624 
29.4095 -2.96595 11.549 -0.489533 -0.099941 11.9343 
29.4595 -2.81878 11.3567 -0.465482 -0.105176 11.7111 
29.5095 -2.84387 11.2185 -0.456801 -0.111653 11.5828 
29.5595 -2.93759 11.404 -0.449732 -0.124125 11.7855 
29.6095 -2.86513 11.3829 -0.452312 -0.11469 11.7472 
29.6596 -3.00148 11.6585 -0.453327 -0.109843 12.0477 
29.7096 -2.9893 11.3538 -0.447881 -0.102017 11.7497 
29.7596 -2.81214 10.7451 -0.447263 -0.0831849 11.1163 
29.8096 -2.71669 10.7554 -0.424799 -0.084313 11.1017 
29.8596 -2.71454 10.6685 -0.422065 -0.0948086 11.017 
29.9096 -2.88915 11.3052 -0.435791 -0.110969 11.6772 
29.9597 -3.0158 11.5738 -0.4488 -0.111211 11.9692 
30.0097 -3.06764 11.7741 -0.458402 -0.104526 12.1763 
30.0597 -2.98578 11.4302 -0.457088 -0.0939587 11.823 
30.1097 -2.74426 11.0833 -0.438502 -0.0895801 11.4268 
30.1597 -2.8565 11.32 -0.432561 -0.0988334 11.6833 
30.2097 -2.84843 11.2546 -0.433954 -0.102435 11.618 
30.2598 -2.90223 11.4903 -0.443978 -0.107133 11.86 
30.3098 -2.8344 11.3395 -0.441172 -0.105494 11.6972 
30.3598 -2.76993 11.3528 -0.441211 -0.104817 11.6946 
30.4098 -2.76583 11.0725 -0.430852 -0.105882 11.4213 
30.4598 -2.78065 11.245 -0.43229 -0.11042 11.5923 
30.5098 -2.75235 11.1923 -0.430603 -0.108978 11.5343 
30.5599 -2.65579 10.9751 -0.425738 -0.108922 11.3004 
30.6099 -2.72961 11.123 -0.424202 -0.118666 11.4615 
30.6599 -2.84595 11.1527 -0.434228 -0.112715 11.5188 
30.7099 -2.44606 10.7103 -0.40448 -0.111006 10.9941 
30.7599 -2.39465 10.6243 -0.392295 -0.114936 10.8985 
30.8099 -2.58238 10.9974 -0.407099 -0.126199 11.3046 
30.86 -2.60454 10.9362 -0.41359 -0.119064 11.2503 
30.91 -2.64797 11.1949 -0.41805 -0.120477 11.512 
30.96 -2.71841 11.1989 -0.428277 -0.117008 11.5327 
