0 0 0 0 0 0 
0.0500161 -0.13883 0.184348 -0.0196944 -0.000508499 0.231601 
0.100032 0.018269 0.0670732 -0.0216363 -0.00445863 0.0728799 
0.150048 -0.122223 0.214693 -0.0273067 -0.00468324 0.248622 
0.200065 -0.205788 0.304975 -0.0368472 -0.00578349 0.369784 
0.250081 -0.13368 0.3759 -0.0436163 -0.00880063 0.401452 
0.300097 -0.250086 0.732661 -0.0582234 -0.0161781 0.77655 
0.350113 -0.210926 0.457418 -0.0531849 -0.0164211 0.50693 
0.400129 -0.209239 0.408336 -0.0510456 -0.0173132 0.461856 
0.450145 -0.0869952 0.21279 -0.0453876 -0.016542 0.235493 
0.500161 -0.00990751 0.290022 -0.0418371 -0.0172805 0.293069 
0.550177 -0.159985 0.483671 -0.0602813 -0.0180359 0.513308 
0.600194 -0.379595 0.895368 -0.0840208 -0.0196287 0.976248 
0.65021 -0.40871 1.06214 -0.0999335 -0.0133404 1.14259 
0.700226 -0.420946 1.03636 -0.0982531 -0.0140775 1.12298 
0.750242 -0.403339 1.03489 -0.0996429 -0.0132366 1.11523 
0.800258 -0.359329 0.866433 -0.090645 -0.0151661 0.942642 
0.850274 -0.498632 1.06855 -0.109186 -0.0143772 1.18416 
0.90029 -0.517969 1.22827 -0.11333 -0.0177413 1.338 
0.950306 -0.554299 1.02517 -0.113005 -0.0142678 1.17118 
1.00032 -0.471449 0.903455 -0.10738 -0.0162749 1.02477 
1.05034 -0.454152 0.94653 -0.108394 -0.0155533 1.05556 
1.10035 -0.450768 0.804805 -0.102796 -0.0155676 0.928502 
1.15037 -0.482227 0.894447 -0.102677 -0.021537 1.02155 
1.20039 -0.472681 0.918472 -0.105315 -0.025721 1.03858 
1.2504 -0.468652 0.782152 -0.0997709 -0.0237383 0.918324 
1.30042 -0.506362 0.871468 -0.108951 -0.022727 1.01408 
1.35044 -0.559892 0.894562 -0.110929 -0.0188135 1.0613 
1.40045 -0.457167 0.820783 -0.113532 -0.0200252 0.946671 
1.45047 -0.637147 0.994397 -0.123968 -0.0200887 1.18831 
1.50048 -0.697552 1.1462 -0.126471 -0.0197191 1.34806 
1.5505 -0.677627 1.0878 -0.120171 -0.0135266 1.28745 
1.60052 -0.567775 0.899488 -0.107701 -0.0108472 1.0692 
1.65053 -0.572607 0.878603 -0.110375 -0.0103457 1.05506 
1.70055 -0.758323 1.15315 -0.131519 -0.00742556 1.38652 
1.75056 -0.928864 1.62635 -0.156449 -0.0138457 1.87962 
1.80058 -0.856318 1.38519 -0.153747 -0.0136496 1.6359 
1.8506 -0.796663 1.35389 -0.14886 -0.0118942 1.57801 
1.90061 -0.710874 1.21462 -0.142284 -0.0101618 1.41576 
1.95063 -0.701979 1.16393 -0.135906 -0.020044 1.36616 
2.00065 -0.680936 1.11007 -0.137014 -0.0219827 1.30971 
2.05066 -0.676318 1.08733 -0.137012 -0.0238573 1.28826 
2.10068 -0.661211 1.05153 -0.139609 -0.0289957 1.2503 
2.15069 -0.549426 0.871471 -0.140053 -0.0150269 1.03973 
2.20071 -0.543887 0.811089 -0.135747 -0.0145917 0.98638 
2.25073 -0.706769 1.28042 -0.136293 -0.0357813 1.46998 
2.30074 -0.654249 1.27219 -0.138301 -0.0420846 1.43766 
2.35076 -0.613481 1.10279 -0.143268 -0.0324231 1.27049 
2.40077 -0.562158 0.974961 -0.136176 -0.0253494 1.13441 
2.45079 -0.582878 1.2649 -0.15546 -0.0428389 1.40198 
2.50081 -0.659159 1.39949 -0.167554 -0.0490891 1.55677 
2.55082 -0.672818 1.49501 -0.161464 -0.0505179 1.64804 
2.60084 -0.627004 1.32852 -0.164485 -0.0436443 1.47896 
2.65085 -0.609472 1.16157 -0.164238 -0.0387312 1.32261 
2.70087 -0.564098 1.18436 -0.148515 -0.0492941 1.32124 
2.75089 -0.522448 1.02284 -0.146765 -0.0593632 1.16107 
2.8009 -0.473243 0.927965 -0.164968 -0.0537911 1.05662 
2.85092 -0.604908 1.19214 -0.169237 -0.049412 1.34845 
2.90094 -0.543816 1.23534 -0.17814 -0.0503075 1.36238 
2.95095 -0.586833 1.23457 -0.174155 -0.060472 1.37935 
3.00097 -0.645333 1.22937 -0.179474 -0.0521428 1.40086 
3.05098 -0.58502 1.15491 -0.171956 -0.0548842 1.30714 
3.101 -0.513389 0.946271 -0.162745 -0.0515097 1.08997 
3.15102 -0.442341 0.678654 -0.155123 -0.0499397 0.826341 
3.20103 -0.422513 0.669227 -0.158801 -0.0582158 0.810433 
3.25105 -0.532774 0.870949 -0.166315 -0.0655794 1.03686 
3.30106 -0.500522 0.864451 -0.172667 -0.0616689 1.01534 
3.35108 -0.297064 0.318872 -0.165508 -0.0454039 0.468427 
3.4011 -0.423496 0.766338 -0.137728 -0.065313 0.888207 
3.45111 -0.599559 1.04316 -0.152183 -0.0786626 1.21536 
3.50113 -0.481535 0.700877 -0.161936 -0.0665762 0.868516 
3.55115 -0.437741 0.615715 -0.153437 -0.0559804 0.772869 
3.60116 -0.341645 0.358877 -0.143788 -0.0543267 0.518373 
3.65118 -0.459584 0.761798 -0.151319 -0.0720325 0.905323 
3.70119 -0.483504 0.710405 -0.171082 -0.06373 0.879599 
3.75121 -0.504589 0.908466 -0.164016 -0.0698876 1.05458 
3.80123 -0.354274 0.403407 -0.16456 -0.0611275 0.564808 
3.85124 -0.418388 0.545339 -0.155979 -0.068085 0.708012 
3.90126 -0.287933 0.441754 -0.152746 -0.0743692 0.554065 
3.95127 -0.515503 1.03179 -0.183462 -0.081379 1.17092 
4.00129 -0.686691 1.2333 -0.207267 -0.0694171 1.42856 
4.05131 -0.499504 0.836057 -0.199197 -0.0627263 0.996294 
4.10132 -0.578285 1.0989 -0.204948 -0.0643481 1.26016 
4.15134 -0.587547 1.15328 -0.205435 -0.0693079 1.31228 
4.20135 -0.565845 1.08082 -0.201241 -0.0713967 1.23854 
4.25137 -0.751822 1.39319 -0.204577 -0.0807833 1.59834 
4.30139 -0.639168 1.15706 -0.21834 -0.067203 1.34166 
4.3514 -0.623249 1.15801 -0.210409 -0.0590712 1.33317 
4.40142 -0.766165 1.41511 -0.228393 -0.062547 1.62648 
4.45144 -0.776627 1.34766 -0.235578 -0.0696487 1.57442 
4.50145 -0.722488 1.35812 -0.230932 -0.0649181 1.55692 
4.55147 -0.791291 1.57148 -0.218438 -0.0689625 1.77431 
4.60148 -0.782243 1.47997 -0.235173 -0.0640905 1.69178 
4.6515 -0.66033 1.36341 -0.22666 -0.0622183 1.53313 
4.70152 -0.819552 1.63607 -0.235657 -0.0707314 1.84631 
4.75153 -0.762388 1.45877 -0.238387 -0.0715182 1.6649 
4.80155 -0.728316 1.50761 -0.241865 -0.0668351 1.69299 
4.85156 -0.645228 1.55717 -0.227339 -0.0709693 1.70195 
4.90158 -0.648743 1.33038 -0.231813 -0.0677244 1.49982 
4.9516 -0.598235 1.1752 -0.226678 -0.0733663 1.34019 
5.00161 -0.649765 1.33663 -0.225336 -0.0763493 1.50513 
5.05163 -0.547287 1.4024 -0.243303 -0.0682181 1.52637 
5.10164 -0.305425 1.13326 -0.227597 -0.0696374 1.19769 
5.15166 -0.0735912 0.67281 -0.162117 -0.0659816 0.698794 
5.20168 -0.202203 0.392078 -0.135986 -0.0630094 0.466012 
5.25169 -0.35984 0.257694 -0.129784 -0.0734689 0.466276 
5.30171 -0.173936 -0.28516 -0.0612461 -0.0868793 0.354209 
5.35173 0.312087 -1.10967 0.0101841 -0.0936144 1.15655 
5.40174 0.572409 -1.93509 0.0331191 -0.0980342 2.02053 
5.45176 0.0424798 -1.25647 0.0320251 -0.097775 1.26131 
5.50177 0.575458 -2.79615 0.104287 -0.0894722 2.85804 
5.55179 0.386171 -2.6059 0.0997006 -0.0894284 2.63779 
5.60181 0.603117 -3.07979 0.143564 -0.0961213 3.14309 
5.65182 0.547156 -3.32507 0.166883 -0.0915939 3.37516 
5.70184 0.580834 -3.49521 0.194073 -0.0934823 3.54979 
5.75185 0.450167 -3.5633 0.206691 -0.0914293 3.59857 
5.80187 0.667842 -4.29164 0.230223 -0.0925393 4.34991 
5.85189 1.50584 -6.09025 0.343436 -0.0935007 6.28372 
5.9019 0.942797 -4.69926 0.34225 -0.0898635 4.80594 
5.95192 0.373596 -5.0004 0.348445 -0.085065 5.02702 
6.00194 0.132104 -5.37028 0.370786 -0.0951889 5.38556 
6.05195 0.308281 -6.2493 0.421428 -0.0744903 6.27149 
6.10197 0.25763 -5.90725 0.417824 -0.0799446 5.92815 
6.15198 0.543466 -7.06925 0.45685 -0.073016 7.10519 
6.202 0.614046 -7.5652 0.473389 -0.0672693 7.60512 
6.25202 0.308948 -7.53472 0.473108 -0.0691375 7.5562 
6.30203 0.427435 -8.10331 0.512581 -0.0636872 8.131 
6.35205 0.294551 -7.70975 0.522878 -0.0811835 7.7335 
6.40206 -0.019824 -8.07903 0.513678 -0.0788299 8.09575 
6.45208 -0.370859 -7.75778 0.515321 -0.0914245 7.78426 
6.5021 -0.45978 -7.87341 0.506849 -0.0738415 7.90344 
6.55211 -0.346685 -8.56281 0.538919 -0.0777756 8.58708 
6.60213 -0.577876 -8.58776 0.537853 -0.0826809 8.62463 
6.65214 -0.395951 -8.96382 0.559871 -0.0880703 8.99049 
6.70216 -0.832976 -8.87236 0.525347 -0.0846068 8.92721 
6.75218 -0.628557 -9.4029 0.556372 -0.0798717 9.44068 
6.80219 -0.331599 -9.81067 0.584927 -0.0989421 9.8344 
6.85221 -0.940906 -9.47567 0.557925 -0.0982451 9.53906 
6.90223 -0.87437 -9.98468 0.596912 -0.108634 10.0413 
6.95224 -1.28939 -9.36736 0.56906 -0.105645 9.47338 
7.00226 -1.2531 -9.81973 0.575533 -0.102092 9.91658 
7.05227 -1.52823 -9.67378 0.563086 -0.122419 9.81064 
7.10229 -1.89475 -9.70863 0.555888 -0.120979 9.90809 
7.15231 -1.82419 -9.67897 0.551335 -0.124499 9.86557 
7.20232 -2.17999 -9.69073 0.518896 -0.120031 9.94722 
7.25234 -1.62824 -10.9396 0.591333 -0.123899 11.0765 
7.30235 -2.41058 -9.51381 0.522894 -0.13277 9.8291 
7.35237 -2.17601 -10.4364 0.550113 -0.149243 10.6763 
7.40239 -2.60559 -9.71663 0.509801 -0.150446 10.0742 
7.4524 -2.78322 -9.91296 0.513977 -0.15111 10.3102 
7.50242 -3.15745 -9.5042 0.48624 -0.14893 10.0279 
7.55244 -3.3089 -9.43027 0.476005 -0.149903 10.0063 
7.60245 -3.16297 -9.82982 0.480809 -0.142166 10.3383 
7.65247 -3.08624 -10.2643 0.483517 -0.12732 10.7301 
7.70248 -3.37059 -10.3708 0.471023 -0.116293 10.9157 
7.7525 -3.85792 -9.77557 0.434579 -0.128681 10.5193 
7.80252 -3.70196 -10.295 0.46162 -0.138604 10.9511 
7.85253 -3.46369 -10.3561 0.484859 -0.150456 10.9318 
7.90255 -3.92753 -10.4124 0.470484 -0.137169 11.1391 
7.95256 -4.00468 -10.7788 0.466864 -0.15021 11.5089 
8.00258 -4.07862 -10.4929 0.455713 -0.155363 11.2684 
8.0526 -4.77486 -10.248 0.403921 -0.128388 11.314 
8.10261 -4.53225 -10.7898 0.443388 -0.122934 11.7126 
8.15263 -4.6686 -10.7939 0.431412 -0.135247 11.7689 
8.20265 -4.74206 -10.8858 0.436372 -0.152757 11.883 
8.25266 -4.81874 -10.8712 0.433967 -0.141312 11.9 
8.30268 -5.10595 -10.5425 0.411365 -0.156458 11.7221 
8.35269 -4.97403 -11.1523 0.426572 -0.165906 12.2199 
8.40271 -5.47893 -10.6405 0.386199 -0.158012 11.9755 
8.45273 -5.37047 -10.7815 0.394212 -0.150808 12.0524 
8.50274 -5.61863 -10.66 0.371948 -0.151762 12.0568 
8.55276 -5.47079 -11.0229 0.380824 -0.154308 12.313 
8.60277 -5.94025 -10.9204 0.367184 -0.158119 12.4378 
8.65279 -5.93867 -10.9261 0.358623 -0.153756 12.442 
8.70281 -6.02757 -11.0628 0.362595 -0.159294 12.6047 
8.75282 -5.8645 -11.5397 0.377444 -0.163466 12.9507 
8.80284 -5.98909 -11.4598 0.382847 -0.167365 12.9375 
8.85285 -6.53294 -11.15 0.338548 -0.167663 12.9282 
8.90287 -6.37115 -11.1947 0.365759 -0.175039 12.887 
8.95289 -6.9397 -10.6936 0.315071 -0.172156 12.7528 
9.0029 -6.41429 -11.8597 0.365923 -0.178965 13.489 
9.05292 -7.20797 -10.9577 0.309014 -0.172505 13.1207 
9.10293 -6.54445 -11.8822 0.356708 -0.175993 13.5709 
9.15295 -7.23809 -11.5458 0.314805 -0.176622 13.6315 
9.20297 -7.16571 -11.5308 0.332125 -0.179761 13.5815 
9.25298 -7.33295 -11.7085 0.340065 -0.19207 13.8209 
9.303 -7.53322 -11.1916 0.311655 -0.19218 13.4959 
9.35302 -7.47227 -11.8329 0.328158 -0.186677 14 
9.40303 -7.6181 -11.6516 0.316611 -0.193127 13.926 
9.45305 -7.70525 -11.8212 0.323824 -0.198396 14.116 
9.50306 -7.7119 -12.1989 0.351639 -0.206405 14.4379 
9.55308 -8.00896 -11.5865 0.300283 -0.223634 14.09 
9.6031 -8.06645 -11.5304 0.340676 -0.23348 14.0777 
9.65311 -8.27692 -11.7592 0.322769 -0.204307 14.3853 
9.70313 -8.38845 -11.9448 0.324161 -0.193015 14.6008 
9.75315 -8.65575 -11.5784 0.29034 -0.177485 14.4601 
9.80316 -8.57101 -12.0885 0.30802 -0.181965 14.8227 
9.85318 -8.58814 -12.8128 0.319309 -0.181891 15.4293 
9.90319 -8.60888 -12.6291 0.31857 -0.194948 15.2888 
9.95321 -8.75697 -12.7252 0.329108 -0.209802 15.4521 
10.0032 -8.92558 -12.4892 0.320248 -0.218778 15.3561 
10.0532 -9.07471 -12.8228 0.307468 -0.223068 15.7137 
10.1033 -9.31454 -12.8122 0.29006 -0.221674 15.8449 
10.1533 -9.44318 -12.6152 0.279177 -0.222823 15.7621 
10.2033 -8.91643 -13.5241 0.317244 -0.23228 16.2037 
10.2533 -9.18552 -13.1677 0.296068 -0.240994 16.0596 
10.3033 -9.31471 -13.5222 0.302461 -0.252543 16.4246 
10.3533 -9.51546 -13.4581 0.302228 -0.256981 16.4872 
10.4034 -9.66974 -13.5489 0.280664 -0.253069 16.6499 
10.4534 -9.53612 -13.6906 0.289308 -0.263476 16.6889 
10.5034 -9.88254 -13.6008 0.268344 -0.273474 16.8164 
10.5534 -9.88544 -13.9582 0.2851 -0.272235 17.1087 
10.6034 -10.0402 -13.9684 0.255918 -0.279003 17.2066 
10.6534 -10.113 -14.2554 0.267514 -0.276666 17.483 
10.7035 -10.2775 -14.1792 0.247916 -0.275418 17.5162 
10.7535 -10.155 -14.3374 0.243494 -0.287044 17.5735 
10.8035 -10.5095 -14.1529 0.223967 -0.293634 17.6321 
10.8535 -10.4973 -14.1594 0.222863 -0.30084 17.6303 
10.9035 -10.6557 -14.2565 0.218783 -0.311079 17.8029 
10.9535 -10.8169 -14.0248 0.190624 -0.309373 17.7152 
11.0035 -10.8548 -14.4308 0.19221 -0.313272 18.0612 
11.0536 -11.0274 -14.0214 0.172228 -0.315825 17.8418 
11.1036 -10.8689 -14.5471 0.20099 -0.326995 18.1627 
11.1536 -11.1588 -14.6614 0.167157 -0.321197 18.4285 
11.2036 -11.2094 -14.7039 0.159949 -0.330127 18.493 
11.2536 -11.5585 -14.4725 0.136052 -0.327363 18.5251 
11.3036 -11.4595 -14.6353 0.143734 -0.338394 18.5915 
11.3537 -11.4724 -14.8547 0.145204 -0.348692 18.7729 
11.4037 -11.8006 -14.7933 0.143882 -0.345919 18.9271 
11.4537 -12.0057 -14.3311 0.115367 -0.362233 18.6992 
11.5037 -11.9595 -14.6858 0.111906 -0.36022 18.9432 
11.5537 -12.1092 -14.8027 0.105602 -0.367165 19.1285 
11.6037 -12.347 -14.792 0.0913183 -0.365158 19.2716 
11.6538 -12.4179 -14.6106 0.0778009 -0.373006 19.1785 
11.7038 -12.2604 -15.0556 0.0891224 -0.393556 19.4205 
11.7538 -12.5809 -14.5523 0.0702013 -0.397348 19.2409 
11.8038 -12.8068 -14.6729 0.0450986 -0.397753 19.48 
11.8538 -12.961 -14.3718 0.0267191 -0.406213 19.3572 
11.9038 -12.8869 -14.6056 0.0310923 -0.419829 19.4826 
11.9539 -12.8284 -15.1109 0.0324966 -0.418727 19.8263 
12.0039 -13.1863 -14.9443 0.0226537 -0.427158 19.9347 
12.0539 -13.3799 -15.0143 0.0231554 -0.427986 20.1155 
12.1039 -13.1255 -15.3337 0.0480393 -0.448881 20.1892 
12.1539 -13.5439 -14.9274 0.0163042 -0.455567 20.1612 
12.2039 -13.1661 -15.6662 0.0554753 -0.45795 20.4692 
12.254 -13.8254 -14.9569 -4.20334e-05 -0.46037 20.3731 
12.304 -13.5353 -15.4534 0.0232097 -0.470474 20.5483 
12.354 -14.184 -15.2486 -0.013418 -0.466321 20.8308 
12.404 -13.6927 -15.5792 0.0166209 -0.465862 20.7465 
12.454 -14.1123 -15.4403 -0.0129184 -0.471575 20.9232 
12.504 -14.2147 -15.2708 -0.0335567 -0.466243 20.868 
12.554 -14.1919 -15.763 -0.0227095 -0.47261 21.2157 
12.6041 -14.2894 -15.8147 -0.0375869 -0.468439 21.3193 
12.6541 -14.1576 -16.2498 -0.00869011 -0.478501 21.5575 
12.7041 -14.8148 -15.9276 -0.0541347 -0.479135 21.7577 
12.7541 -14.5332 -15.6275 -0.0220326 -0.50393 21.3469 
12.8041 -14.8439 -15.905 -0.0373111 -0.501027 21.7615 
12.8541 -14.6392 -16.4169 -0.00615678 -0.514406 22.002 
12.9042 -14.9338 -15.956 -0.0351651 -0.52795 21.8607 
12.9542 -14.9871 -16.2151 -0.0426041 -0.537604 22.087 
13.0042 -15.222 -16.1902 -0.0549977 -0.546372 22.2292 
13.0542 -15.2426 -16.5379 -0.0502265 -0.560086 22.4979 
13.1042 -15.0695 -16.9771 -0.0310128 -0.564188 22.7075 
13.1542 -15.6554 -16.6243 -0.0571172 -0.567897 22.8425 
13.2043 -15.5037 -16.8202 -0.0380858 -0.583889 22.8829 
13.2543 -15.6109 -17.0004 -0.0387314 -0.597075 23.0884 
13.3043 -15.5123 -17.1324 -0.0119785 -0.603742 23.1197 
13.3543 -16.032 -17.3535 -0.0431296 -0.603961 23.6334 
13.4043 -15.9927 -17.2559 -0.0339833 -0.599604 23.535 
13.4543 -16.1389 -17.5165 -0.0581609 -0.601716 23.8256 
13.5044 -16.0903 -17.794 -0.0378273 -0.614181 23.998 
13.5544 -16.1614 -18.0589 -0.0390704 -0.609777 24.2423 
13.6044 -16.4528 -17.7922 -0.0438656 -0.617052 24.2412 
13.6544 -16.7532 -17.185 -0.0584977 -0.635889 24.0084 
13.7044 -16.7549 -17.6686 -0.0641088 -0.638667 24.3582 
13.7544 -16.8518 -17.863 -0.0733926 -0.640451 24.5659 
13.8045 -16.8874 -18.1459 -0.0705399 -0.631618 24.7965 
13.8545 -17.099 -17.8789 -0.0950543 -0.632356 24.7474 
13.9045 -17.0229 -18.6999 -0.0702235 -0.639372 25.2958 
13.9545 -17.0717 -18.9201 -0.0526286 -0.658539 25.4921 
14.0045 -17.5236 -18.4914 -0.0900171 -0.653622 25.4842 
14.0545 -17.6596 -17.8037 -0.106887 -0.655388 25.0853 
14.1045 -17.8441 -18.6385 -0.115485 -0.655084 25.8117 
14.1546 -18.1421 -18.3529 -0.133225 -0.656688 25.815 
14.2046 -18.194 -18.3315 -0.148584 -0.659512 25.8365 
14.2546 -18.1512 -18.6172 -0.138802 -0.661136 26.0101 
14.3046 -18.4272 -18.5994 -0.138994 -0.671834 26.1911 
14.3546 -18.9618 -18.3289 -0.170772 -0.679501 26.3816 
14.4046 -18.4884 -18.5644 -0.161823 -0.680344 26.2098 
14.4547 -18.6855 -18.4992 -0.166779 -0.686888 26.3034 
14.5047 -19.1482 -18.1534 -0.203467 -0.680184 26.3952 
14.5547 -18.9423 -18.9187 -0.195221 -0.683297 26.7812 
14.6047 -19.4101 -18.2936 -0.2146 -0.691699 26.6816 
14.6547 -19.7306 -18.1911 -0.243736 -0.694309 26.8475 
14.7047 -19.4329 -18.9253 -0.228685 -0.694731 27.1356 
14.7548 -19.9897 -18.5716 -0.261393 -0.699231 27.2957 
14.8048 -20.0005 -19.1741 -0.252976 -0.704502 27.7171 
14.8548 -20.0539 -19.0191 -0.263377 -0.696109 27.6485 
14.9048 -20.4127 -19.2235 -0.275704 -0.716582 28.0506 
14.9548 -20.5289 -18.8093 -0.282215 -0.722432 27.8538 
15.0048 -20.5041 -19.3828 -0.276212 -0.724418 28.2263 
15.0549 -21.0465 -19.0096 -0.3188 -0.72124 28.3713 
15.1049 -21.3376 -18.7414 -0.345231 -0.718348 28.4107 
15.1549 -21.2344 -18.3517 -0.391913 -0.724151 28.0778 
15.2049 -21.0113 -18.0008 -0.403642 -0.725281 27.6802 
15.2549 -21.223 -18.1446 -0.422498 -0.719429 27.9345 
15.3049 -21.1175 -18.2066 -0.43942 -0.707402 27.8948 
15.355 -21.0666 -18.2595 -0.435332 -0.709038 27.8909 
15.405 -21.2237 -18.0856 -0.457145 -0.713975 27.8971 
15.455 -20.9474 -18.3872 -0.440115 -0.722309 27.8855 
15.505 -21.1615 -18.2322 -0.446075 -0.723274 27.9454 
15.555 -21.2071 -18.096 -0.466213 -0.717493 27.8916 
15.605 -21.0315 -18.2733 -0.45527 -0.707357 27.8738 
15.655 -21.1543 -18.2203 -0.451736 -0.709967 27.9319 
15.7051 -21.0849 -18.2435 -0.447377 -0.712882 27.8946 
15.7551 -21.1243 -18.055 -0.452312 -0.714276 27.8017 
15.8051 -21.1395 -18.2293 -0.438196 -0.71113 27.9263 
15.8551 -20.9287 -18.5052 -0.425136 -0.702552 27.9486 
15.9051 -20.9065 -18.4118 -0.418942 -0.707214 27.8702 
15.9551 -20.7799 -18.6535 -0.402021 -0.706055 27.9359 
16.0052 -20.7209 -18.5419 -0.376156 -0.711512 27.8173 
16.0552 -20.5248 -18.9098 -0.352913 -0.720297 27.9194 
16.1052 -20.3847 -19.0867 -0.326811 -0.731385 27.9371 
16.1552 -20.2858 -19.3606 -0.300046 -0.725984 28.0528 
16.2052 -20.1831 -19.3711 -0.300565 -0.732953 27.9862 
16.2552 -20.169 -19.0837 -0.323439 -0.745872 27.7783 
16.3053 -20.2751 -19.1109 -0.332368 -0.753156 27.8744 
16.3553 -20.2471 -19.1537 -0.332539 -0.752857 27.8835 
16.4053 -20.3305 -19.0745 -0.346 -0.751793 27.89 
16.4553 -20.2852 -19.1623 -0.341518 -0.744188 27.9169 
16.5053 -20.2902 -19.3972 -0.347906 -0.745327 28.0824 
16.5553 -20.3316 -19.5296 -0.362961 -0.741029 28.2038 
16.6054 -20.3649 -19.6785 -0.356372 -0.737826 28.331 
16.6554 -20.3449 -19.5183 -0.35374 -0.74421 28.2056 
16.7054 -20.3219 -19.5217 -0.36699 -0.752519 28.1919 
16.7554 -20.3243 -19.6106 -0.363358 -0.75883 28.2553 
16.8054 -20.2632 -19.8281 -0.350455 -0.751557 28.3626 
16.8554 -20.1941 -19.8197 -0.340441 -0.760289 28.3075 
16.9055 -20.2732 -19.8195 -0.340646 -0.756285 28.3638 
16.9555 -20.1855 -20.1206 -0.329693 -0.760117 28.5128 
17.0055 -20.1652 -20.0695 -0.32861 -0.758269 28.4623 
17.0555 -20.0971 -20.1342 -0.33079 -0.761483 28.4599 
17.1055 -20.0436 -20.1127 -0.330564 -0.764015 28.407 
17.1555 -20.0439 -20.1872 -0.312791 -0.782281 28.4603 
17.2055 -19.9497 -20.2746 -0.299497 -0.789087 28.4563 
17.2556 -19.9135 -20.2569 -0.303968 -0.789081 28.4184 
17.3056 -19.977 -20.1094 -0.308656 -0.787932 28.3582 
17.3556 -19.9598 -19.9832 -0.322056 -0.780652 28.2566 
17.4056 -19.8899 -20.2937 -0.317287 -0.770325 28.4277 
17.4556 -19.8588 -20.1749 -0.321492 -0.762237 28.3211 
17.5056 -19.9236 -19.8762 -0.32927 -0.774366 28.1553 
17.5557 -19.9243 -19.918 -0.328558 -0.786563 28.1857 
17.6057 -19.8669 -20.0939 -0.319344 -0.781492 28.2696 
17.6557 -19.8757 -19.9163 -0.3128 -0.785969 28.1499 
17.7057 -19.8371 -19.9643 -0.308373 -0.775667 28.1563 
17.7557 -19.7861 -19.7201 -0.296285 -0.774998 27.9475 
17.8057 -19.7334 -19.9315 -0.297009 -0.766351 28.0597 
17.8558 -19.7041 -20.1954 -0.289887 -0.775388 28.2275 
17.9058 -19.7057 -19.8656 -0.291418 -0.780661 27.9937 
17.9558 -19.7598 -19.6285 -0.285867 -0.783482 27.8643 
18.0058 -19.684 -19.5917 -0.27484 -0.781209 27.7845 
18.0558 -19.7322 -19.71 -0.269561 -0.772239 27.9018 
18.1058 -19.717 -19.5633 -0.275742 -0.76836 27.7876 
18.1559 -19.6248 -19.771 -0.279688 -0.764964 27.8692 
18.2059 -19.6114 -19.5412 -0.274514 -0.771292 27.6972 
18.2559 -19.5269 -20.1508 -0.258154 -0.771448 28.0717 
18.3059 -19.9545 -19.4596 -0.285819 -0.778674 27.8845 
18.3559 -20.5069 -18.4947 -0.398829 -0.763791 27.6284 
18.4059 -20.3147 -17.5152 -0.481689 -0.748775 26.8377 
18.456 -20.6126 -16.724 -0.585305 -0.744564 26.5606 
18.506 -20.8793 -16.0099 -0.677709 -0.729242 26.3296 
18.556 -20.4577 -15.5191 -0.703578 -0.707939 25.6974 
18.606 -20.7405 -15.2773 -0.692557 -0.663758 25.7776 
18.656 -20.8276 -15.1446 -0.641668 -0.600102 25.7667 
18.706 -20.4825 -15.0389 -0.570422 -0.552493 25.4231 
18.756 -20.3878 -15.2722 -0.524497 -0.518467 25.4843 
18.8061 -20.7801 -14.3973 -0.524819 -0.499366 25.2907 
18.8561 -20.3277 -14.3128 -0.504831 -0.481823 24.8708 
18.9061 -20.2626 -14.3125 -0.498518 -0.466519 24.8171 
18.9561 -20.3642 -13.7391 -0.512033 -0.456445 24.5751 
19.0061 -20.0365 -13.9334 -0.492759 -0.434542 24.4138 
19.0561 -20.6338 -13.0772 -0.530569 -0.429981 24.4384 
19.1062 -20.1397 -13.1266 -0.514671 -0.422002 24.0491 
19.1562 -19.7404 -13.399 -0.494404 -0.421511 23.8672 
19.2062 -20.0175 -12.5206 -0.523914 -0.409124 23.62 
19.2562 -20.0278 -12.5517 -0.516349 -0.400491 23.645 
19.3062 -20.1574 -12.1314 -0.527446 -0.39196 23.5355 
19.3562 -19.8034 -12.0564 -0.515293 -0.386862 23.1937 
19.4063 -19.895 -11.9601 -0.524182 -0.396896 23.2226 
19.4563 -19.7544 -11.8748 -0.513618 -0.390315 23.0578 
19.5063 -19.4283 -11.6344 -0.508821 -0.372869 22.6543 
19.5563 -19.3556 -11.696 -0.499321 -0.372143 22.6235 
19.6063 -19.4149 -11.3149 -0.501925 -0.368327 22.4801 
19.6563 -19.412 -11.201 -0.49902 -0.367864 22.4203 
19.7064 -19.3142 -11.2603 -0.481022 -0.361837 22.3652 
19.7564 -19.1862 -11.3754 -0.479838 -0.359321 22.3131 
19.8064 -19.1617 -11.0449 -0.470345 -0.358031 22.1249 
19.8564 -18.8465 -11.0084 -0.453056 -0.354531 21.8335 
19.9064 -19.0399 -10.8186 -0.470094 -0.346316 21.9065 
19.9564 -18.6449 -10.5311 -0.452124 -0.339317 21.4209 
20.0065 -18.8539 -10.4096 -0.457952 -0.334145 21.5444 
20.0565 -18.5509 -10.9418 -0.440094 -0.327455 21.544 
20.1065 -18.4892 -10.4926 -0.442412 -0.32439 21.266 
20.1565 -18.218 -10.8118 -0.407614 -0.328115 21.1912 
20.2065 -18.7684 -9.7815 -0.448398 -0.325691 21.1713 
20.2565 -18.1292 -10.3712 -0.395487 -0.328298 20.8924 
20.3065 -18.6607 -9.34344 -0.44357 -0.31578 20.876 
20.3566 -18.0831 -9.94293 -0.403133 -0.310757 20.6426 
20.4066 -18.0885 -9.41238 -0.410181 -0.297535 20.3973 
20.4566 -17.6904 -9.82403 -0.388427 -0.295052 20.2411 
20.5066 -17.8006 -9.65053 -0.386367 -0.294119 20.254 
20.5566 -17.8545 -9.28931 -0.395209 -0.292228 20.1327 
20.6066 -17.8071 -8.981 -0.394843 -0.288915 19.9496 
20.6567 -17.4704 -8.72991 -0.373522 -0.286988 19.5358 
20.7067 -17.4662 -8.61243 -0.373569 -0.281958 19.4797 
20.7567 -17.5187 -8.29549 -0.378152 -0.274081 19.3893 
20.8067 -17.4543 -8.24851 -0.387298 -0.257995 19.3112 
20.8567 -17.177 -8.74148 -0.360368 -0.261295 19.2787 
20.9067 -17.1267 -8.12394 -0.351216 -0.261243 18.9609 
20.9568 -17.3551 -8.04298 -0.360605 -0.257071 19.1332 
21.0068 -17.0513 -7.42354 -0.360825 -0.256287 18.6025 
21.0568 -16.9486 -7.93516 -0.330509 -0.259563 18.7197 
21.1068 -16.9618 -7.13718 -0.346184 -0.248462 18.4073 
21.1568 -16.9395 -7.42134 -0.339924 -0.244993 18.4984 
21.2068 -16.7411 -6.99098 -0.341087 -0.239015 18.1473 
21.2569 -16.7017 -7.42089 -0.317584 -0.228864 18.2808 
21.3069 -16.5764 -6.79102 -0.33231 -0.22578 17.9184 
21.3569 -16.6779 -6.71239 -0.326806 -0.225558 17.9825 
21.4069 -16.3281 -6.41406 -0.309334 -0.220835 17.5471 
21.4569 -16.4789 -6.4147 -0.324669 -0.213659 17.6885 
21.5069 -16.3363 -6.36693 -0.312559 -0.212728 17.5375 
21.557 -16.2702 -6.15607 -0.315046 -0.209494 17.4006 
21.607 -15.9719 -6.06271 -0.28961 -0.210108 17.0882 
21.657 -16.2773 -5.7173 -0.305316 -0.205401 17.2562 
21.707 -15.9458 -5.7138 -0.28999 -0.207427 16.9424 
21.757 -15.8681 -5.71472 -0.288162 -0.195905 16.8694 
21.807 -15.7981 -5.25381 -0.305147 -0.182762 16.6525 
21.857 -15.6896 -5.46037 -0.294709 -0.179921 16.6165 
21.9071 -15.5028 -5.12319 -0.287753 -0.180083 16.3308 
21.9571 -15.346 -5.20348 -0.263317 -0.185879 16.2076 
22.0071 -15.4758 -4.98055 -0.274697 -0.186308 16.2608 
22.0571 -15.5641 -4.47189 -0.286914 -0.182339 16.1973 
22.1071 -15.3352 -4.57266 -0.263159 -0.184993 16.0056 
22.1571 -15.0839 -4.37567 -0.252282 -0.18426 15.7088 
22.2072 -14.9071 -4.63112 -0.242883 -0.172277 15.6127 
22.2572 -15.1059 -4.23477 -0.267601 -0.155716 15.6916 
22.3072 -14.9761 -4.3448 -0.269465 -0.142468 15.5966 
22.3572 -14.8474 -4.32562 -0.264004 -0.140187 15.4675 
22.4072 -14.8696 -3.94518 -0.274867 -0.136828 15.3869 
22.4572 -14.4722 -4.32682 -0.230806 -0.149104 15.1079 
22.5073 -14.7828 -3.34629 -0.267288 -0.1391 15.1597 
22.5573 -14.4338 -3.98177 -0.230517 -0.131199 14.9753 
22.6073 -14.4241 -3.28826 -0.246929 -0.123948 14.7967 
22.6573 -14.2777 -4.07266 -0.237289 -0.117063 14.8494 
22.7073 -14.1932 -3.7005 -0.241087 -0.116439 14.67 
22.7573 -13.8965 -3.86149 -0.214249 -0.122787 14.4255 
22.8074 -13.9577 -3.53012 -0.214512 -0.125694 14.3994 
22.8574 -13.7944 -3.64935 -0.20251 -0.123518 14.271 
22.9074 -13.7446 -3.46821 -0.207961 -0.115401 14.1774 
22.9574 -13.4813 -3.66107 -0.204646 -0.115291 13.9715 
23.0074 -13.3463 -3.88699 -0.184134 -0.114289 13.9023 
23.0574 -13.5008 -3.29151 -0.204641 -0.110399 13.8981 
23.1075 -13.4625 -3.27425 -0.194158 -0.119886 13.8568 
23.1575 -13.4318 -2.74368 -0.206255 -0.118038 13.7112 
23.2075 -13.2592 -2.73292 -0.198197 -0.113093 13.5398 
23.2575 -13.0885 -2.91718 -0.189255 -0.106233 13.4114 
23.3075 -12.8695 -2.54597 -0.187432 -0.111076 13.1206 
23.3575 -12.7159 -3.00857 -0.166303 -0.104727 13.0684 
23.4075 -13.1458 -1.93569 -0.20923 -0.0963641 13.2898 
23.4576 -12.6677 -2.56384 -0.168237 -0.0901787 12.926 
23.5076 -12.6459 -2.30349 -0.17984 -0.0929138 12.8556 
23.5576 -12.6233 -1.78153 -0.188157 -0.0842444 12.75 
23.6076 -12.5902 -1.87005 -0.196856 -0.0731222 12.7301 
23.6576 -12.3748 -1.86978 -0.170071 -0.077276 12.5166 
23.7076 -12.3969 -1.75135 -0.177434 -0.0745278 12.5214 
23.7577 -12.0942 -1.66756 -0.160447 -0.0765812 12.2099 
23.8077 -12.3674 -1.16581 -0.192144 -0.0632707 12.4239 
23.8577 -12.1718 -1.49627 -0.184699 -0.0502278 12.2652 
23.9077 -11.8387 -1.49601 -0.175161 -0.0524777 11.9342 
23.9577 -11.9034 -1.25512 -0.18968 -0.0501607 11.9709 
24.0077 -11.873 -0.972599 -0.186268 -0.0475336 11.9143 
24.0578 -11.7407 -0.454507 -0.186977 -0.0518158 11.7511 
24.1078 -11.7404 -0.561655 -0.173925 -0.0518969 11.7552 
24.1578 -11.2913 -0.369656 -0.153903 -0.0562503 11.2984 
24.2078 -11.5401 0.0905667 -0.190846 -0.0405418 11.5423 
24.2578 -11.4328 -0.189624 -0.189964 -0.0262041 11.4359 
24.3078 -11.284 -0.0190006 -0.19049 -0.0255115 11.2857 
24.3579 -11.0735 -0.0190481 -0.178064 -0.0285845 11.075 
24.4079 -10.975 0.322822 -0.18616 -0.0268993 10.9813 
24.4579 -10.906 0.129162 -0.17387 -0.0358519 10.908 
24.5079 -11.0372 0.62581 -0.188833 -0.0254512 11.0566 
24.5579 -10.8384 0.555145 -0.16925 -0.0339855 10.8539 
24.6079 -10.6508 0.960893 -0.173578 -0.0384647 10.6956 
24.658 -10.6211 1.27359 -0.17996 -0.0406474 10.6988 
24.708 -10.4777 0.950216 -0.158519 -0.0352818 10.522 
24.758 -10.6188 1.34892 -0.191766 -0.0194945 10.7058 
24.808 -10.4443 1.10314 -0.179975 -0.0114051 10.5039 
24.858 -10.424 1.52486 -0.201165 -0.00330741 10.5369 
24.908 -10.3136 1.34631 -0.212624 0.0187385 10.4032 
24.958 -10.2341 1.54743 -0.210842 0.00340122 10.3526 
25.0081 -9.93087 1.73558 -0.189541 -0.00485035 10.0832 
25.0581 -9.95397 1.73758 -0.184609 -0.0073392 10.1063 
25.1081 -9.94664 2.32041 -0.194075 -0.00715621 10.2156 
25.1581 -9.68827 2.27532 -0.202153 0.0147803 9.95393 
25.2081 -9.75483 2.25512 -0.199463 0.0128796 10.0142 
25.2581 -9.73694 2.7408 -0.229549 0.0232837 10.118 
25.3082 -9.29179 2.30563 -0.193836 0.0174933 9.57539 
25.3582 -9.31603 2.83316 -0.210556 0.0132114 9.73964 
25.4082 -9.1797 2.62579 -0.190521 0.0184836 9.54977 
25.4582 -9.20015 2.7902 -0.195582 0.0264076 9.61597 
25.5082 -9.18488 3.11838 -0.217864 0.0314112 9.70247 
25.5582 -8.83214 2.66495 -0.197835 0.0291935 9.22759 
25.6083 -8.59435 2.54713 -0.187035 0.0260785 8.96584 
25.6583 -9.06462 3.42827 -0.223657 0.0214092 9.69391 
25.7083 -8.63838 3.11951 -0.204558 0.0188365 9.18701 
25.7583 -8.54488 3.62083 -0.211755 0.0143126 9.2826 
25.8083 -8.58038 3.54141 -0.21869 0.0214588 9.28529 
25.8583 -8.31998 3.57489 -0.207703 0.0110494 9.05788 
25.9084 -8.50546 3.97064 -0.235895 0.0165822 9.3896 
25.9584 -8.14787 3.81857 -0.227443 0.026229 9.00099 
26.0084 -8.11457 3.97791 -0.235697 0.0248533 9.04019 
26.0584 -7.80574 4.09929 -0.220217 0.0120912 8.81944 
26.1084 -7.87484 4.06786 -0.228579 0.0190496 8.86635 
26.1584 -7.91343 4.29057 -0.24127 0.0237525 9.00456 
26.2085 -7.90309 4.87834 -0.25174 0.0266959 9.29078 
26.2585 -7.64159 4.77647 -0.2514 0.0285092 9.0151 
26.3085 -7.25383 4.18528 -0.230391 0.0316938 8.37781 
26.3585 -7.71692 5.31888 -0.277244 0.0308436 9.3768 
26.4085 -7.29658 4.74588 -0.257233 0.0407927 8.70811 
26.4585 -7.34701 5.2437 -0.280903 0.0467927 9.03097 
26.5085 -7.13061 5.09522 -0.270873 0.0430235 8.76819 
26.5586 -7.09877 5.44872 -0.298193 0.0404908 8.95383 
26.6086 -6.95256 5.40644 -0.286181 0.0366112 8.81213 
26.6586 -7.23385 6.25688 -0.319584 0.0450354 9.57 
26.7086 -6.86904 5.862 -0.304848 0.0492029 9.03562 
26.7586 -6.99232 6.29515 -0.34304 0.0522911 9.41504 
26.8086 -6.73701 6.3204 -0.335049 0.0524069 9.24419 
26.8587 -6.76298 6.54942 -0.353859 0.0617686 9.42136 
26.9087 -6.60089 6.5399 -0.349548 0.056247 9.29871 
26.9587 -6.65963 7.19362 -0.37098 0.0513226 9.81018 
27.0087 -6.76241 7.40924 -0.397318 0.0537285 10.0394 
27.0587 -6.35902 7.18743 -0.39087 0.0577296 9.60492 
27.1087 -6.62143 8.21955 -0.434388 0.0562052 10.5634 
27.1588 -5.8852 7.10008 -0.388139 0.0512831 9.23037 
27.2088 -6.22165 7.9271 -0.434121 0.0575421 10.0866 
27.2588 -5.92867 7.82712 -0.432974 0.0547 9.82877 
27.3088 -5.98494 8.23897 -0.455747 0.0578718 10.1942 
27.3588 -5.69698 7.99815 -0.453512 0.0631422 9.83049 
27.4088 -5.81361 8.36047 -0.463671 0.0670887 10.1939 
27.4589 -5.94332 8.95335 -0.504219 0.0654922 10.7584 
27.5089 -5.29738 8.30632 -0.466957 0.0607446 9.86318 
27.5589 -5.73332 9.50853 -0.5279 0.0647167 11.1162 
27.6089 -5.33204 9.22103 -0.503386 0.0506866 10.6636 
27.6589 -5.55986 9.95594 -0.547832 0.050431 11.4164 
27.7089 -4.98382 9.26061 -0.511273 0.055284 10.5291 
27.759 -5.51588 10.3222 -0.585756 0.0630789 11.7183 
27.809 -5.33586 10.2576 -0.577892 0.054714 11.5768 
27.859 -5.0703 10.2558 -0.590176 0.0553001 11.456 
27.909 -4.9339 10.5066 -0.604985 0.0613582 11.6233 
27.959 -5.10617 11.3367 -0.64649 0.0639521 12.4505 
28.009 -4.56998 10.8993 -0.634723 0.0636951 11.8355 
28.059 -3.15513 8.75742 -0.501104 0.0554171 9.32204 
28.1091 -4.29477 9.77088 -0.546934 0.0741917 10.6873 
28.1591 -4.96552 11.1729 -0.608169 0.0774469 12.242 
28.2091 -3.76128 9.0505 -0.493623 0.0613786 9.81353 
28.2591 -4.07056 9.41417 -0.497958 0.0692342 10.2688 
28.3091 -4.47095 10.387 -0.533116 0.0754736 11.3212 
28.3591 -3.83259 9.25827 -0.48732 0.0740514 10.0323 
28.4092 -4.21444 9.84682 -0.514686 0.0742402 10.7234 
28.4592 -4.31623 10.2199 -0.518225 0.0728375 11.1064 
28.5092 -3.95166 9.43876 -0.484764 0.0705127 10.2443 
28.5592 -4.22821 10.076 -0.508482 0.0712976 10.9392 
28.6092 -4.14785 9.90777 -0.485066 0.065207 10.7521 
28.6592 -3.93846 9.51394 -0.476444 0.0680017 10.3082 
28.7093 -4.16765 9.65929 -0.479538 0.0735004 10.5313 
28.7593 -3.94575 9.35146 -0.466181 0.0734532 10.1608 
28.8093 -3.8321 9.14288 -0.456294 0.0728108 9.92425 
28.8593 -3.83904 9.16076 -0.442003 0.065067 9.94273 
28.9093 -3.80951 9.09086 -0.443447 0.0606976 9.86693 
28.9593 -3.72866 8.89093 -0.433106 0.0622426 9.65109 
29.0094 -3.69189 8.86094 -0.428152 0.0645669 9.60905 
29.0594 -3.681 8.78608 -0.422124 0.060325 9.53556 
29.1094 -3.66307 8.77111 -0.418007 0.0575101 9.51465 
29.1594 -3.69213 8.83792 -0.416065 0.05239 9.58732 
29.2094 -3.7275 8.87847 -0.419659 0.0486507 9.63849 
29.2594 -3.7109 8.78726 -0.419055 0.0514132 9.54803 
29.3095 -3.46087 8.24375 -0.396625 0.0549063 8.94971 
29.3595 -3.4324 8.25397 -0.390264 0.0497455 8.94786 
29.4095 -3.47225 8.51561 -0.396717 0.0458209 9.20497 
29.4595 -3.60862 8.76581 -0.409017 0.0453592 9.48848 
29.5095 -3.60153 8.78993 -0.411676 0.0436003 9.50817 
29.5595 -3.63247 8.6385 -0.410045 0.0467505 9.38024 
29.6095 -3.57531 8.46858 -0.398199 0.0542965 9.2012 
29.6596 -3.47144 8.40962 -0.38833 0.0537771 9.10639 
29.7096 -3.53717 8.35615 -0.385557 0.0488719 9.08227 
29.7596 -3.48476 8.2486 -0.379286 0.0500781 8.96266 
29.8096 -3.52967 8.32644 -0.386635 0.0514994 9.0521 
29.8596 -3.48564 8.24008 -0.386797 0.0540126 8.95551 
29.9096 -3.5283 8.2829 -0.388407 0.0551729 9.01161 
29.9597 -3.58869 8.42972 -0.389024 0.0517775 9.17023 
30.0097 -3.50216 8.10526 -0.37569 0.0539553 8.83766 
30.0597 -3.5677 8.49312 -0.384038 0.0520356 9.22019 
30.1097 -3.59024 8.54645 -0.386346 0.0495939 9.27813 
30.1597 -3.56922 8.74949 -0.385054 0.041989 9.45747 
30.2097 -3.64073 8.72473 -0.384501 0.0445088 9.4618 
30.2598 -3.62566 8.92312 -0.385556 0.0425547 9.6394 
30.3098 -3.53361 8.51226 -0.371825 0.0459107 9.22417 
30.3598 -3.44599 8.604 -0.368324 0.0451098 9.27585 
30.4098 -3.52024 8.56894 -0.375211 0.0508945 9.27157 
30.4598 -3.65704 9.08071 -0.399018 0.0457807 9.79768 
30.5098 -3.75025 9.14224 -0.412195 0.0490532 9.89025 
30.5599 -3.74941 9.14992 -0.405621 0.0484753 9.89677 
30.6099 -3.71595 9.04296 -0.401934 0.0541295 9.78509 
30.6599 -3.67011 9.05607 -0.391578 0.0524869 9.77948 
30.7099 -3.5756 8.87624 -0.389233 0.0564735 9.57744 
30.7599 -3.63825 9.0538 -0.387478 0.0516171 9.76529 
30.8099 -3.63887 8.99399 -0.388484 0.049421 9.71013 
30.86 -3.63909 8.94617 -0.381007 0.0531438 9.66565 
30.91 -3.54464 8.78106 -0.374445 0.0550155 9.47707 
30.96 -3.52682 8.77403 -0.369215 0.0503019 9.46366 
