0 0 0 0 0 0 
0.0500161 -0.0725334 0.0642824 -0.0069494 -0.00403575 0.0982164 
0.100032 0.0336995 -0.0727883 -0.00204895 0.00167573 0.0802583 
0.150048 0.0671298 -0.191233 0.000715176 0.00857848 0.202917 
0.200065 0.0546421 -0.131131 -0.00146768 -0.000564669 0.142168 
0.250081 -0.0425744 -0.0469412 -0.000761562 -0.00717433 0.0621666 
0.300097 0.0353404 -0.276293 0.00318574 -0.00449938 0.277236 
0.350113 0.18011 -0.624145 0.0165903 -0.00318602 0.64998 
0.400129 0.222151 -0.713036 0.0152329 0.00323567 0.746906 
0.450145 0.0322763 -0.0797057 -0.0124777 -0.00591235 0.0870669 
0.500161 -0.190081 0.218595 -0.035464 -0.0142514 0.292057 
0.550177 -0.221683 0.336092 -0.0433982 -0.00509947 0.404955 
0.600194 -0.136426 0.272911 -0.0411169 0.00255345 0.307811 
0.65021 -0.066406 0.271798 -0.0250634 -0.00567389 0.280256 
0.700226 -0.0673572 0.101742 -0.026668 -0.00135851 0.124903 
0.750242 -0.130509 0.253922 -0.0367976 -0.00684974 0.287429 
0.800258 -0.226218 0.355061 -0.0517675 0.000225553 0.424167 
0.850274 -0.258402 0.54836 -0.0509473 -0.00660916 0.608371 
0.90029 -0.120886 0.170506 -0.040713 0.000624808 0.213408 
0.950306 -0.240278 0.443905 -0.0565362 -0.00588276 0.508206 
1.00032 -0.159848 0.292545 -0.0616496 -0.0171225 0.339799 
1.05034 -0.196291 0.38619 -0.0607902 -0.0174019 0.437928 
1.10035 -0.101635 0.229715 -0.0639392 -0.0186553 0.260307 
1.15037 -0.153363 0.293264 -0.0676536 -0.0271761 0.338498 
1.20039 -0.138814 0.282188 -0.0758221 -0.0288444 0.324997 
1.2504 -0.205886 0.387328 -0.0969903 -0.0255695 0.449641 
1.30042 -0.102458 0.227347 -0.0877665 -0.0313531 0.266186 
1.35044 -0.0972938 0.122467 -0.0800342 -0.0365972 0.180736 
1.40045 -0.235741 0.381587 -0.0842563 -0.0392655 0.458023 
1.45047 -0.00599431 -0.0553225 -0.0765111 -0.0369091 0.103008 
1.50048 -0.00302655 0.140439 -0.0750857 -0.0319984 0.157263 
1.5505 -0.117343 0.334938 -0.0969667 -0.0294956 0.368927 
1.60052 -0.302566 0.576154 -0.105503 -0.0322814 0.660043 
1.65053 -0.371977 0.682876 -0.117563 -0.033778 0.78715 
1.70055 -0.372737 0.803162 -0.126155 -0.0262163 0.894988 
1.75056 -0.174157 0.502968 -0.108476 -0.0236547 0.543707 
1.80058 -0.284333 0.539598 -0.100921 -0.0314543 0.618909 
1.8506 -0.345884 0.797114 -0.11306 -0.0352224 0.877303 
1.90061 -0.269079 0.594289 -0.110462 -0.0293473 0.662327 
1.95063 -0.220408 0.550731 -0.105723 -0.0298902 0.603379 
2.00065 -0.149334 0.381812 -0.09337 -0.0348234 0.421896 
2.05066 -0.116158 0.280232 -0.0894641 -0.0367029 0.319883 
2.10068 -0.144258 0.29695 -0.0900242 -0.0343998 0.343992 
2.15069 -0.099431 0.238579 -0.0947357 -0.0343402 0.277223 
2.20071 -0.133675 0.211198 -0.093728 -0.0313532 0.268967 
2.25073 -0.128195 0.19119 -0.0945495 -0.0303648 0.250826 
2.30074 -0.287154 0.522723 -0.101579 -0.0346115 0.605583 
2.35076 -0.338904 0.573321 -0.110028 -0.0312688 0.675721 
2.40077 -0.263594 0.647061 -0.107275 -0.0302374 0.707299 
2.45079 -0.348309 0.540469 -0.11059 -0.0295822 0.652638 
2.50081 -0.356528 0.613511 -0.111209 -0.0316399 0.718943 
2.55082 -0.216527 0.572222 -0.0998073 -0.0390411 0.621054 
2.60084 -0.215795 0.423208 -0.0920596 -0.0418533 0.485466 
2.65085 -0.0752547 0.435976 -0.08893 -0.0428528 0.452543 
2.70087 -0.115021 0.537785 -0.0967005 -0.0388043 0.559107 
2.75089 -0.335063 0.99994 -0.123573 -0.0490954 1.06295 
2.8009 -0.354504 1.22938 -0.122798 -0.0554097 1.28654 
2.85092 -0.349369 1.09216 -0.114461 -0.0444769 1.1533 
2.90094 -0.391628 0.98052 -0.116774 -0.0424077 1.06313 
2.95095 -0.305853 0.860278 -0.112079 -0.0384817 0.920829 
3.00097 -0.240503 0.896484 -0.107793 -0.041186 0.935136 
3.05098 -0.248086 0.778013 -0.0999357 -0.0423845 0.82424 
3.101 -0.322903 0.828675 -0.106625 -0.0431359 0.89746 
3.15102 -0.3607 0.880819 -0.104953 -0.0427201 0.95826 
3.20103 -0.317826 0.813799 -0.0997819 -0.0392424 0.880627 
3.25105 -0.295399 0.743869 -0.0988216 -0.040987 0.80779 
3.30106 -0.243517 0.59367 -0.0865754 -0.0434284 0.649223 
3.35108 -0.266673 0.427821 -0.0859586 -0.0390043 0.512893 
3.4011 -0.193797 0.473861 -0.0839015 -0.0385927 0.520107 
3.45111 -0.119684 0.264208 -0.0751114 -0.0438146 0.303175 
3.50113 -0.181077 0.476878 -0.0821878 -0.0525198 0.519395 
3.55115 -0.205208 0.380879 -0.0789082 -0.0471357 0.442364 
3.60116 -0.19397 0.390012 -0.0808463 -0.0473271 0.445238 
3.65118 -0.208283 0.359014 -0.0769484 -0.0523198 0.426299 
3.70119 -0.22323 0.506927 -0.0766947 -0.0570032 0.561936 
3.75121 -0.0502398 0.0144896 -0.0583266 -0.0526804 0.103233 
3.80123 0.0291766 -0.0346151 -0.0467221 -0.0551378 0.0865898 
3.85124 -0.0405575 0.110375 -0.0645636 -0.0564766 0.143886 
3.90126 -0.141538 0.433904 -0.0821416 -0.0589619 0.467403 
3.95127 -0.101042 0.353957 -0.0730469 -0.0568833 0.379542 
4.00129 -0.177799 0.430857 -0.080777 -0.0566243 0.476575 
4.05131 -0.174332 0.449948 -0.0847204 -0.0520903 0.492921 
4.10132 -0.195595 0.499258 -0.0691043 -0.0566797 0.543708 
4.15134 -0.261424 0.504812 -0.0544306 -0.0594957 0.574303 
4.20135 -0.174225 0.163032 -0.0608838 -0.0402617 0.251084 
4.25137 -0.154641 0.175364 -0.0609287 -0.0280161 0.238757 
4.30139 -0.102117 -0.161774 -0.0611529 -0.0193946 0.204037 
4.3514 -0.00515335 -0.222312 -0.0535247 -0.0290885 0.229929 
4.40142 -0.0501807 0.0175573 -0.0464553 -0.0488801 0.0902514 
4.45144 -0.106793 0.457429 -0.0494943 -0.0710284 0.477775 
4.50145 -0.306264 0.842291 -0.073077 -0.0663499 0.90164 
4.55147 -0.227998 0.606357 -0.0722854 -0.0477664 0.65425 
4.60148 -0.371985 0.782471 -0.0740385 -0.0397964 0.870938 
4.6515 -0.223676 0.238532 -0.0782036 -0.0211771 0.337709 
4.70152 -0.401876 0.980351 -0.0894426 -0.0311516 1.06407 
4.75153 -0.531997 1.00922 -0.113314 -0.0272948 1.14714 
4.80155 -0.56734 1.25794 -0.121564 -0.0327236 1.38602 
4.85156 -0.524063 1.27522 -0.114768 -0.0250953 1.38365 
4.90158 -0.514322 1.1183 -0.126876 -0.0208403 1.23761 
4.9516 -0.419655 1.07128 -0.122778 -0.0228173 1.15727 
5.00161 -0.909115 1.96436 -0.136789 -0.0464395 2.16939 
5.05163 -0.675009 1.68239 -0.153642 -0.0289385 1.81974 
5.10164 -0.221838 0.921172 -0.105744 -0.0221213 0.953673 
5.15166 0.114631 0.570574 -0.0412694 -0.0148049 0.585981 
5.20168 0.545785 -0.664588 0.084819 -0.0183889 0.863872 
5.25169 0.164732 -0.546981 0.0744456 -0.0123012 0.576299 
5.30171 0.205058 -0.78284 0.143586 -0.00870639 0.821856 
5.35173 0.646863 -1.68327 0.183917 -0.000709873 1.8127 
5.40174 0.654413 -1.83665 0.19944 -0.007602 1.96006 
5.45176 0.728498 -2.47415 0.222851 -0.0287407 2.58888 
5.50177 0.026502 -1.64825 0.147614 -0.0274782 1.65578 
5.55179 -0.153435 -1.76122 0.117935 -0.01557 1.7722 
5.60181 -0.0623324 -2.26006 0.154742 -0.0181358 2.26633 
5.65182 -0.413021 -1.5598 0.126881 -0.0144001 1.61866 
5.70184 0.122873 -2.84554 0.194331 -0.014579 2.85489 
5.75185 0.237715 -3.18242 0.231993 -0.00128621 3.19963 
5.80187 0.276462 -3.13056 0.290858 -0.0193099 3.15625 
5.85189 0.724287 -4.6249 0.375071 -0.0236073 4.69637 
5.9019 0.416497 -4.57919 0.397583 -0.0116149 4.61528 
5.95192 0.141056 -4.38984 0.416503 -0.014671 4.41184 
6.00194 0.00202399 -4.91966 0.43145 0.00578392 4.93859 
6.05195 0.155819 -5.4441 0.457775 0.0162915 5.46556 
6.10197 -0.0406755 -5.30914 0.480137 0.0092616 5.33097 
6.15198 0.0299941 -5.76016 0.48141 0.0180687 5.78035 
6.202 0.110446 -6.34647 0.52832 0.0236351 6.36943 
6.25202 -0.276925 -5.81731 0.52195 0.0194682 5.84727 
6.30203 -0.351645 -6.31764 0.545627 0.019858 6.35093 
6.35205 -0.637511 -6.12554 0.536857 0.016363 6.182 
6.40206 -0.73387 -6.24756 0.551427 0.0257498 6.3147 
6.45208 -0.458474 -6.81777 0.561505 0.031718 6.85628 
6.5021 -0.869487 -6.8903 0.570992 0.0310636 6.96847 
6.55211 -0.84969 -6.88506 0.563036 0.0232414 6.96004 
6.60213 -1.12007 -6.84741 0.566616 0.0168105 6.9613 
6.65214 -1.02601 -7.2337 0.576558 0.0279866 7.32885 
6.70216 -1.25213 -7.50114 0.587675 0.0262262 7.62757 
6.75218 -1.36607 -7.28353 0.57826 -0.00013139 7.43319 
6.80219 -1.53394 -7.79458 0.592283 0.00984596 7.96608 
6.85221 -1.78663 -7.17615 0.568491 0.0141345 7.41714 
6.90223 -1.60295 -7.82178 0.616758 -0.00422563 8.00822 
6.95224 -1.7767 -7.98022 0.612955 -0.00204716 8.1985 
7.00226 -2.05466 -7.73675 0.615392 -0.0237632 8.02849 
7.05227 -2.25409 -7.62336 0.612026 -0.0220569 7.97317 
7.10229 -2.00922 -8.30558 0.650915 -0.0189671 8.56991 
7.15231 -2.06991 -8.19588 0.646654 -0.0209685 8.47785 
7.20232 -2.27498 -8.54207 0.650731 -0.0227295 8.86376 
7.25234 -2.51247 -8.44252 0.649787 -0.0273698 8.83236 
7.30235 -2.44114 -8.66085 0.657774 -0.0387374 9.02253 
7.35237 -2.5106 -8.66138 0.655421 -0.0335996 9.04171 
7.40239 -2.92876 -8.05337 0.649128 -0.0487555 8.594 
7.4524 -3.0367 -8.35622 0.647656 -0.0499325 8.91479 
7.50242 -2.90021 -8.65873 0.669809 -0.0596679 9.15629 
7.55244 -3.09862 -8.76379 0.658184 -0.0509331 9.3189 
7.60245 -3.16223 -9.06602 0.658555 -0.0431277 9.62458 
7.65247 -3.48085 -8.97451 0.63705 -0.0494549 9.64691 
7.70248 -3.61872 -9.032 0.632141 -0.0526858 9.75063 
7.7525 -3.86487 -8.37205 0.631863 -0.0543975 9.24279 
7.80252 -3.61107 -9.63282 0.664345 -0.0370573 10.309 
7.85253 -4.32174 -8.59006 0.59931 -0.0453765 9.63458 
7.90255 -4.00348 -9.41911 0.619964 -0.0420878 10.2536 
7.95256 -4.26585 -9.31832 0.62113 -0.0439899 10.2669 
8.00258 -4.58623 -8.55576 0.591728 -0.0581766 9.72544 
8.0526 -4.65351 -8.75665 0.612459 -0.0715432 9.93537 
8.10261 -4.74487 -8.84187 0.594235 -0.0689099 10.0524 
8.15263 -4.99077 -8.74229 0.573826 -0.0708691 10.0832 
8.20265 -4.94154 -9.12395 0.601137 -0.0759456 10.3939 
8.25266 -5.04883 -9.03262 0.586896 -0.0866903 10.3649 
8.30268 -5.42463 -8.76296 0.561464 -0.0769323 10.3218 
8.35269 -5.58642 -8.62878 0.537515 -0.0665315 10.2935 
8.40271 -5.4915 -9.07679 0.540417 -0.0653048 10.6228 
8.45273 -5.39048 -9.34671 0.552955 -0.0656036 10.8046 
8.50274 -5.83327 -8.71223 0.515426 -0.0838715 10.4976 
8.55276 -5.81843 -8.96295 0.51496 -0.0915322 10.699 
8.60277 -5.92001 -9.05275 0.531565 -0.110111 10.8302 
8.65279 -5.98713 -9.3484 0.538168 -0.116502 11.1149 
8.70281 -6.12882 -9.38853 0.527668 -0.116835 11.2249 
8.75282 -6.22504 -9.52274 0.565471 -0.113743 11.3918 
8.80284 -6.11554 -9.78641 0.589223 -0.0966896 11.5553 
8.85285 -6.59776 -8.92079 0.546353 -0.107673 11.1094 
8.90287 -6.36358 -10.0807 0.588877 -0.108082 11.9361 
8.95289 -6.92626 -9.27658 0.521775 -0.111419 11.5893 
9.0029 -6.76374 -9.76558 0.542039 -0.107263 11.8919 
9.05292 -7.08618 -9.45722 0.506109 -0.113167 11.8289 
9.10293 -6.98172 -9.58484 0.503397 -0.131591 11.8695 
9.15295 -6.99518 -9.94409 0.524619 -0.150635 12.1699 
9.20297 -7.54094 -8.91454 0.481443 -0.160414 11.6873 
9.25298 -7.43408 -9.3378 0.51885 -0.163809 11.9481 
9.303 -7.61807 -9.1192 0.497693 -0.165921 11.894 
9.35302 -7.38034 -9.73764 0.521763 -0.172833 12.2306 
9.40303 -7.5881 -10.0781 0.50455 -0.176745 12.6266 
9.45305 -7.64271 -9.90282 0.48619 -0.174776 12.5197 
9.50306 -7.80706 -10.0155 0.489131 -0.187128 12.7095 
9.55308 -7.80566 -10.1533 0.500334 -0.18999 12.818 
9.6031 -8.19724 -9.78729 0.467257 -0.192995 12.7766 
9.65311 -8.26204 -9.86006 0.474716 -0.195509 12.8742 
9.70313 -8.60956 -9.79206 0.440182 -0.179609 13.0475 
9.75315 -8.23967 -10.2322 0.459154 -0.184734 13.1467 
9.80316 -8.44768 -10.651 0.465775 -0.176568 13.6037 
9.85318 -8.53761 -10.202 0.445831 -0.18943 13.3129 
9.90319 -8.77952 -10.3963 0.453988 -0.186645 13.6167 
9.95321 -8.69999 -10.7124 0.478954 -0.186666 13.8097 
10.0032 -9.10139 -10.2678 0.451755 -0.191032 13.73 
10.0532 -9.04803 -10.5994 0.481264 -0.199367 13.946 
10.1033 -9.17665 -10.6012 0.455806 -0.201224 14.0302 
10.1533 -8.98736 -11.2536 0.474978 -0.204794 14.4112 
10.2033 -9.20404 -10.8592 0.464833 -0.211997 14.2442 
10.2533 -9.13941 -11.3317 0.477966 -0.208114 14.5672 
10.3033 -9.09911 -11.8426 0.489818 -0.214393 14.9442 
10.3533 -9.43017 -11.2741 0.453987 -0.227503 14.7069 
10.4034 -9.71164 -11.3402 0.448524 -0.216039 14.9387 
10.4534 -9.51779 -11.908 0.465781 -0.217308 15.253 
10.5034 -9.72655 -11.5467 0.441221 -0.225668 15.1055 
10.5534 -9.83325 -12.081 0.447112 -0.21453 15.585 
10.6034 -9.90561 -11.9601 0.436369 -0.235141 15.5374 
10.6534 -9.9673 -12.2948 0.424355 -0.239427 15.835 
10.7035 -9.96144 -12.0643 0.424082 -0.254744 15.6532 
10.7535 -10.3756 -11.9391 0.409175 -0.25982 15.825 
10.8035 -10.3552 -12.1692 0.425686 -0.262733 15.9865 
10.8535 -10.2838 -12.3264 0.418389 -0.280758 16.0609 
10.9035 -10.4181 -12.6026 0.424049 -0.270453 16.3589 
10.9535 -10.635 -12.4069 0.392811 -0.282246 16.3483 
11.0035 -10.5788 -12.6096 0.396616 -0.278471 16.4667 
11.0536 -10.5862 -12.7809 0.418053 -0.283687 16.6034 
11.1036 -10.7751 -12.8455 0.403684 -0.295506 16.7737 
11.1536 -11.1409 -12.228 0.360594 -0.298911 16.5488 
11.2036 -11.0037 -13.1078 0.379988 -0.30839 17.1213 
11.2536 -11.5574 -12.242 0.34549 -0.301994 16.8421 
11.3036 -11.4328 -12.7492 0.322739 -0.291381 17.13 
11.3537 -12.1707 -12.0958 0.258304 -0.27089 17.1634 
11.4037 -12.534 -11.8924 0.206499 -0.246796 17.281 
11.4537 -12.8406 -11.8511 0.199807 -0.253754 17.4769 
11.5037 -12.7925 -12.0688 0.198203 -0.258723 17.5902 
11.5537 -12.8173 -12.4673 0.213434 -0.267833 17.8839 
11.6037 -12.7838 -12.0451 0.222009 -0.282664 17.5681 
11.6538 -12.6629 -12.0826 0.231806 -0.299815 17.5067 
11.7038 -12.7839 -12.2637 0.233961 -0.314568 17.7194 
11.7538 -13.2453 -11.8335 0.203946 -0.302471 17.7651 
11.8038 -13.0855 -12.3006 0.207965 -0.310854 17.9631 
11.8538 -13.059 -12.5796 0.208134 -0.29286 18.136 
11.9038 -13.163 -12.6313 0.195168 -0.307884 18.2467 
11.9539 -13.5137 -12.7692 0.181552 -0.312063 18.5958 
12.0039 -13.2839 -13.0835 0.203544 -0.322561 18.649 
12.0539 -13.3469 -13.3501 0.220918 -0.334979 18.8818 
12.1039 -13.2128 -13.1973 0.223993 -0.351574 18.6794 
12.1539 -13.5682 -13.2346 0.205225 -0.35099 18.9582 
12.2039 -13.5819 -13.1923 0.215326 -0.359369 18.9388 
12.254 -13.604 -13.6773 0.220099 -0.357095 19.2954 
12.304 -13.6009 -13.6782 0.217714 -0.369585 19.2941 
12.354 -13.4995 -14.0236 0.231601 -0.375999 19.4703 
12.404 -13.7617 -13.972 0.220431 -0.387491 19.6163 
12.454 -13.7598 -14.2963 0.24182 -0.389598 19.8476 
12.504 -13.8074 -14.2522 0.252471 -0.400083 19.8492 
12.554 -13.6826 -14.3886 0.245543 -0.411141 19.8614 
12.6041 -14.0353 -14.3032 0.223873 -0.408968 20.0447 
12.6541 -14.4038 -13.96 0.203126 -0.404846 20.0639 
12.7041 -14.3364 -14.8459 0.234581 -0.401201 20.6434 
12.7541 -14.3396 -14.3602 0.219841 -0.415333 20.2993 
12.8041 -14.5994 -14.4759 0.198074 -0.425437 20.5649 
12.8541 -14.4885 -14.5993 0.215362 -0.423631 20.5739 
12.9042 -14.7949 -14.3847 0.211939 -0.430673 20.6407 
12.9542 -14.9035 -14.499 0.174031 -0.44342 20.7981 
13.0042 -14.864 -14.8633 0.197089 -0.43751 21.0258 
13.0542 -14.91 -15.0181 0.215738 -0.443154 21.1683 
13.1042 -15.2389 -14.6081 0.198171 -0.454938 21.1156 
13.1542 -15.4555 -14.3204 0.202706 -0.463855 21.076 
13.2043 -15.4789 -14.1632 0.17996 -0.473392 20.9869 
13.2543 -15.2884 -15.1289 0.198409 -0.478075 21.5147 
13.3043 -15.222 -14.9372 0.217028 -0.476539 21.3332 
13.3543 -15.6823 -14.3359 0.183156 -0.481196 21.2536 
13.4043 -15.524 -14.8675 0.158684 -0.490909 21.5012 
13.4543 -15.7345 -14.8863 0.184494 -0.49467 21.6669 
13.5044 -15.8256 -15.0148 0.177487 -0.490627 21.8214 
13.5544 -15.8982 -15.3617 0.179868 -0.494544 22.1137 
13.6044 -16.1158 -15.3443 0.184587 -0.50357 22.2592 
13.6544 -16.2304 -15.3253 0.187355 -0.521258 22.3292 
13.7044 -16.1604 -15.6168 0.196558 -0.525048 22.4803 
13.7544 -16.4576 -14.9903 0.174703 -0.516587 22.2679 
13.8045 -16.5941 -14.8932 0.163681 -0.505438 22.3037 
13.8545 -16.7947 -15.0709 0.136428 -0.514129 22.5717 
13.9045 -16.8144 -15.2211 0.146222 -0.512071 22.6868 
13.9545 -17.2845 -15.1114 0.142079 -0.504645 22.9648 
14.0045 -17.5699 -14.7855 0.129117 -0.499436 22.969 
14.0545 -17.6241 -15.0009 0.0964307 -0.508443 23.1495 
14.1045 -18.1143 -15.0708 0.0615394 -0.498117 23.5692 
14.1546 -18.1359 -15.6788 0.0802752 -0.478237 23.9788 
14.2046 -17.9194 -16.0011 0.0959729 -0.486167 24.0288 
14.2546 -17.8421 -16.0426 0.100209 -0.51358 23.9994 
14.3046 -18.4375 -15.4057 0.0864927 -0.532851 24.0328 
14.3546 -18.1929 -15.8672 0.113662 -0.552151 24.1467 
14.4046 -18.1084 -16.0906 0.129022 -0.569702 24.2315 
14.4547 -18.2344 -16.4859 0.154678 -0.569648 24.5892 
14.5047 -18.3756 -16.2168 0.156014 -0.579127 24.5156 
14.5547 -18.3484 -16.5681 0.153358 -0.560824 24.7288 
14.6047 -18.079 -17.6305 0.172314 -0.569322 25.2594 
14.6547 -18.2476 -17.2913 0.16117 -0.576515 25.1459 
14.7047 -18.1024 -17.9823 0.189223 -0.583287 25.5232 
14.7548 -18.2628 -18.3542 0.236042 -0.602742 25.9003 
14.8048 -18.2907 -17.3066 0.236616 -0.64548 25.1899 
14.8548 -18.576 -17.3339 0.230696 -0.655171 25.4168 
14.9048 -18.6725 -17.4701 0.222723 -0.650794 25.5801 
14.9548 -18.3361 -17.701 0.22701 -0.653303 25.4956 
15.0048 -18.6543 -17.8118 0.224372 -0.644788 25.8014 
15.0549 -19.0649 -17.8195 0.17833 -0.628839 26.1043 
15.1049 -18.8955 -18.011 0.178077 -0.636515 26.1128 
15.1549 -18.8653 -17.8785 0.142043 -0.659153 25.9999 
15.2049 -18.6497 -17.371 0.129769 -0.654682 25.4952 
15.2549 -19.0812 -17.5098 0.0881985 -0.656801 25.9061 
15.3049 -18.9028 -17.206 0.0611818 -0.656653 25.5695 
15.355 -18.7493 -17.6482 0.0641725 -0.651293 25.7569 
15.405 -19.1859 -17.0024 0.0362154 -0.664545 25.6441 
15.455 -18.8157 -17.2692 0.0372593 -0.657218 25.5478 
15.505 -18.9212 -17.4165 0.0441438 -0.657235 25.7253 
15.555 -19.0204 -17.3134 0.027261 -0.655033 25.7286 
15.605 -18.7942 -17.5824 0.0344573 -0.649986 25.7446 
15.655 -18.9045 -17.5444 0.0259083 -0.645562 25.7993 
15.7051 -18.9673 -17.3212 0.0190447 -0.645238 25.6944 
15.7551 -18.8937 -17.5146 0.0303502 -0.647869 25.7712 
15.8051 -18.8938 -17.3828 0.0425169 -0.655198 25.6821 
15.8551 -18.841 -17.3954 0.0395319 -0.662523 25.652 
15.9051 -18.898 -17.466 0.0337418 -0.655181 25.7415 
15.9551 -18.7829 -17.5658 0.0444745 -0.647028 25.725 
16.0052 -18.7745 -17.3642 0.0268028 -0.6554 25.5818 
16.0552 -18.7818 -17.6326 0.0409211 -0.656004 25.7701 
16.1052 -18.8518 -17.273 0.0311605 -0.667183 25.5773 
16.1552 -18.8041 -17.4097 0.00653062 -0.666948 25.6348 
16.2052 -18.7573 -17.6372 0.0221379 -0.650164 25.7552 
16.2552 -18.6537 -17.8027 0.0169259 -0.648286 25.7937 
16.3053 -18.7176 -18.0332 0.00980961 -0.668226 25.9999 
16.3553 -18.694 -17.8314 0.0199992 -0.672478 25.8434 
16.4053 -18.6299 -17.8051 0.0368941 -0.676955 25.779 
16.4553 -18.6876 -17.7362 0.0259313 -0.68124 25.7733 
16.5053 -18.5866 -17.8528 0.044923 -0.678508 25.7808 
16.5553 -18.6381 -17.8397 0.0550269 -0.666235 25.8086 
16.6054 -18.6682 -17.8468 0.043732 -0.667293 25.8352 
16.6554 -18.6304 -18.1067 0.0581839 -0.664274 25.9882 
16.7054 -18.6202 -17.938 0.0596217 -0.663543 25.8637 
16.7554 -18.4217 -18.053 0.0395759 -0.669768 25.8016 
16.8054 -18.3367 -18.2269 0.0417367 -0.669643 25.8633 
16.8554 -18.599 -17.7844 0.0572642 -0.694392 25.7428 
16.9055 -18.6023 -17.7919 0.0403802 -0.71025 25.7509 
16.9555 -18.489 -17.9418 0.0565553 -0.707575 25.7731 
17.0055 -18.3892 -18.0662 0.0600562 -0.691938 25.7883 
17.0555 -18.4207 -18.2082 0.0425445 -0.688293 25.9101 
17.1055 -18.4668 -17.8239 0.0248842 -0.689603 25.6747 
17.1555 -18.4184 -17.9131 0.00327949 -0.695253 25.7021 
17.2055 -18.4619 -17.9105 0.0135689 -0.698925 25.7317 
17.2556 -18.371 -18.105 0.0338702 -0.699593 25.8026 
17.3056 -18.4718 -17.9175 0.0394182 -0.708816 25.7439 
17.3556 -18.433 -17.9679 0.0242239 -0.707456 25.7512 
17.4056 -18.3879 -18.2918 0.0272549 -0.698943 25.946 
17.4556 -18.3559 -18.2997 0.018366 -0.708262 25.9291 
17.5056 -18.4191 -18.2077 0.0128805 -0.714502 25.9093 
17.5557 -18.3062 -18.5024 0.00374901 -0.714348 26.0378 
17.6057 -18.3785 -18.6533 0.00111401 -0.715317 26.196 
17.6557 -18.3033 -18.9176 0.00898154 -0.706908 26.3322 
17.7057 -18.3133 -18.8902 0.0227697 -0.714148 26.3197 
17.7557 -18.2873 -19.1895 0.0259754 -0.725725 26.5178 
17.8057 -18.2787 -19.1535 0.0215167 -0.732757 26.4859 
17.8558 -18.2825 -19.2457 0.0142949 -0.738 26.5555 
17.9058 -18.311 -19.0319 0.0146048 -0.742295 26.4208 
17.9558 -18.1713 -19.5824 0.0367155 -0.739105 26.7248 
18.0058 -18.1472 -19.4069 0.0504124 -0.743827 26.5802 
18.0558 -18.0248 -19.4227 0.0669225 -0.750218 26.5086 
18.1058 -18.1301 -19.4919 0.0721667 -0.751079 26.6309 
18.1559 -18.0298 -19.6423 0.0836032 -0.742602 26.673 
18.2059 -17.9658 -19.4519 0.0797083 -0.739229 26.4896 
18.2559 -18.0187 -19.6584 0.0741161 -0.740812 26.6774 
18.3059 -18.5203 -18.9113 0.038094 -0.73667 26.48 
18.3559 -18.8101 -18.2579 -0.0684792 -0.740512 26.2245 
18.4059 -18.6461 -17.3741 -0.166854 -0.740312 25.4973 
18.456 -18.8343 -16.7442 -0.253887 -0.731787 25.2131 
18.506 -19.3784 -15.6517 -0.363058 -0.721622 24.9229 
18.556 -19.1556 -15.3456 -0.404381 -0.698233 24.5576 
18.606 -19.0815 -15.2245 -0.404912 -0.683018 24.4238 
18.656 -19.3654 -14.9118 -0.407043 -0.664438 24.4538 
18.706 -19.259 -14.2227 -0.407519 -0.653667 23.9539 
18.756 -19.033 -14.2071 -0.402783 -0.638219 23.7627 
18.8061 -19.2356 -13.868 -0.401389 -0.60152 23.7245 
18.8561 -18.9739 -13.545 -0.337885 -0.571213 23.322 
18.9061 -18.9911 -13.1921 -0.36286 -0.565186 23.1331 
18.9561 -18.6504 -13.3724 -0.370263 -0.571659 22.9592 
19.0061 -18.803 -12.6607 -0.386101 -0.567559 22.6785 
19.0561 -18.6112 -12.6584 -0.384076 -0.567326 22.5185 
19.1062 -18.5985 -12.551 -0.420096 -0.570291 22.4484 
19.1562 -18.4808 -12.0443 -0.430316 -0.578146 22.0709 
19.2062 -18.3523 -11.6881 -0.421435 -0.570329 21.7697 
19.2562 -18.2962 -11.525 -0.435086 -0.55517 21.6351 
19.3062 -18.4234 -11.526 -0.460533 -0.561899 21.7439 
19.3562 -18.3753 -10.8881 -0.475884 -0.55225 21.3713 
19.4063 -18.4241 -10.9813 -0.479076 -0.5478 21.4608 
19.4563 -18.205 -10.5215 -0.497191 -0.55344 21.0398 
19.5063 -17.7025 -10.9688 -0.449932 -0.54923 20.8373 
19.5563 -18.1494 -10.2508 -0.467392 -0.540126 20.8563 
19.6063 -17.8316 -10.2531 -0.478175 -0.552965 20.5822 
19.6563 -17.8716 -10.1562 -0.491803 -0.548007 20.569 
19.7064 -18.1063 -9.8088 -0.502566 -0.533573 20.6055 
19.7564 -17.8355 -9.53116 -0.521561 -0.541572 20.2364 
19.8064 -17.5712 -9.44737 -0.534397 -0.538043 19.9644 
19.8564 -17.4755 -9.11718 -0.536249 -0.534979 19.7254 
19.9064 -17.6702 -8.74739 -0.581327 -0.545805 19.733 
19.9564 -17.5627 -8.71519 -0.601358 -0.548084 19.623 
20.0065 -17.7737 -8.18307 -0.651536 -0.539388 19.5853 
20.0565 -17.6536 -8.45336 -0.658372 -0.536331 19.5917 
20.1065 -17.1139 -8.84032 -0.609127 -0.521438 19.2789 
20.1565 -16.7779 -9.69707 -0.524294 -0.508799 19.3924 
20.2065 -17.1958 -8.14998 -0.553533 -0.510279 19.0442 
20.2565 -17.2601 -8.00157 -0.523472 -0.48815 19.038 
20.3065 -17.2659 -7.96563 -0.46957 -0.456763 19.026 
20.3566 -17.0078 -7.35775 -0.475094 -0.445873 18.5425 
20.4066 -17.1307 -7.55051 -0.502064 -0.427841 18.7327 
20.4566 -16.642 -7.60031 -0.518712 -0.419887 18.3079 
20.5066 -16.8969 -7.5934 -0.568876 -0.426848 18.5383 
20.5566 -16.8142 -6.72125 -0.593061 -0.434115 18.1235 
20.6066 -17.0271 -7.04282 -0.587404 -0.444996 18.441 
20.6567 -16.8377 -7.0655 -0.583823 -0.469622 18.2755 
20.7067 -16.7555 -6.77676 -0.567156 -0.469534 18.0893 
20.7567 -16.7698 -6.24446 -0.595705 -0.47173 17.9108 
20.8067 -16.4668 -6.67255 -0.570216 -0.459901 17.7823 
20.8567 -16.5795 -6.03441 -0.613803 -0.452862 17.66 
20.9067 -16.1313 -6.62459 -0.567441 -0.447073 17.4534 
20.9568 -16.6693 -5.80586 -0.6074 -0.435972 17.6669 
21.0068 -16.2655 -5.72392 -0.600063 -0.437278 17.2591 
21.0568 -16.0447 -6.03116 -0.548435 -0.441987 17.1552 
21.1068 -16.4139 -5.01775 -0.58949 -0.429704 17.1789 
21.1568 -15.7331 -6.0689 -0.54406 -0.426197 16.8775 
21.2068 -15.795 -5.81589 -0.527532 -0.429729 16.8467 
21.2569 -15.9933 -5.14038 -0.555695 -0.42682 16.8145 
21.3069 -15.5462 -5.63005 -0.529997 -0.436933 16.5488 
21.3569 -15.7534 -4.83527 -0.556584 -0.427134 16.4936 
21.4069 -15.2144 -5.8306 -0.512417 -0.423531 16.3071 
21.4569 -15.3733 -5.06655 -0.525281 -0.425485 16.2007 
21.5069 -15.2229 -5.23026 -0.521727 -0.418399 16.1103 
21.557 -15.314 -4.74048 -0.524478 -0.41739 16.0447 
21.607 -15.3018 -4.63261 -0.53563 -0.404025 16.0018 
21.657 -15.0771 -5.35993 -0.509649 -0.390294 16.0142 
21.707 -15.6726 -4.07703 -0.562042 -0.364254 16.2089 
21.757 -15.1978 -5.05956 -0.509431 -0.34146 16.0297 
21.807 -15.3489 -4.38839 -0.509489 -0.325883 15.9754 
21.857 -15.3871 -4.10603 -0.516349 -0.31863 15.9372 
21.9071 -15.3027 -4.18814 -0.484719 -0.294763 15.8758 
21.9571 -15.1113 -4.38533 -0.453239 -0.280322 15.7438 
22.0071 -15.1135 -3.9987 -0.45612 -0.280682 15.6433 
22.0571 -14.9552 -4.09588 -0.444429 -0.287239 15.5148 
22.1071 -15.1684 -3.32913 -0.475983 -0.282115 15.5392 
22.1571 -14.8437 -3.9 -0.461332 -0.282132 15.357 
22.2072 -14.7043 -3.61111 -0.457783 -0.28669 15.1512 
22.2572 -14.3811 -3.77511 -0.439705 -0.285882 14.8776 
22.3072 -14.6732 -3.08342 -0.491703 -0.283202 15.0044 
22.3572 -14.2162 -3.84388 -0.434451 -0.289456 14.7357 
22.4072 -14.6269 -2.77733 -0.45428 -0.278928 14.8975 
22.4572 -14.2194 -2.82423 -0.452817 -0.29765 14.5071 
22.5073 -14.3233 -2.78588 -0.459644 -0.289035 14.6019 
22.5573 -14.14 -2.9588 -0.449175 -0.275769 14.4558 
22.6073 -14.093 -2.27883 -0.471511 -0.277016 14.2872 
22.6573 -14.161 -2.41243 -0.477333 -0.253853 14.3752 
22.7073 -14.1829 -2.03719 -0.466321 -0.250599 14.3384 
22.7573 -13.9859 -2.54644 -0.457779 -0.256816 14.2252 
22.8074 -14.0075 -1.78782 -0.461741 -0.247489 14.1307 
22.8574 -13.8388 -1.98278 -0.424719 -0.225792 13.9886 
22.9074 -13.7296 -1.87776 -0.432004 -0.224161 13.8658 
22.9574 -13.717 -1.93239 -0.432215 -0.24356 13.8612 
23.0074 -13.6978 -1.07331 -0.446651 -0.234941 13.7483 
23.0574 -13.4055 -1.89797 -0.435771 -0.232424 13.5478 
23.1075 -13.6377 -1.0034 -0.4764 -0.232072 13.6849 
23.1575 -13.4887 -1.56884 -0.456842 -0.2229 13.5892 
23.2075 -13.2216 -1.68896 -0.455243 -0.230583 13.3396 
23.2575 -13.398 -0.914365 -0.458329 -0.22291 13.439 
23.3075 -13.1252 -1.07657 -0.439546 -0.21085 13.1781 
23.3575 -13.0997 -0.556039 -0.453657 -0.215706 13.1212 
23.4075 -12.8462 -1.05734 -0.42269 -0.206963 12.8981 
23.4576 -12.9048 -0.362253 -0.438814 -0.194533 12.9188 
23.5076 -12.762 -1.00962 -0.396651 -0.174033 12.8091 
23.5576 -12.5745 -0.867013 -0.388191 -0.181783 12.6118 
23.6076 -12.6697 -0.561553 -0.41598 -0.183954 12.6902 
23.6576 -12.3774 -0.728103 -0.395307 -0.182948 12.4072 
23.7076 -12.4663 0.048577 -0.407923 -0.206671 12.4748 
23.7577 -12.3565 -0.0272279 -0.419731 -0.198816 12.3653 
23.8077 -12.2937 0.0372609 -0.401809 -0.190054 12.3021 
23.8577 -12.1772 -0.126574 -0.389195 -0.172666 12.1853 
23.9077 -12.0632 -0.334812 -0.390841 -0.163407 12.0753 
23.9577 -11.8675 -0.37823 -0.394278 -0.173613 11.8813 
24.0077 -11.7228 -0.0818225 -0.38868 -0.177268 11.7308 
24.0578 -11.7101 -0.160237 -0.398901 -0.187675 11.7194 
24.1078 -11.8559 0.564547 -0.397619 -0.184269 11.8774 
24.1578 -11.6274 0.272819 -0.344586 -0.164474 11.6369 
24.2078 -11.1803 -0.152553 -0.307655 -0.156013 11.1867 
24.2578 -11.1509 -0.149452 -0.269763 -0.145741 11.156 
24.3078 -11.1975 0.11005 -0.251595 -0.121105 11.2016 
24.3579 -11.113 0.0548274 -0.247991 -0.110114 11.1165 
24.4079 -10.9482 0.55518 -0.261129 -0.124918 10.9659 
24.4579 -11.0419 0.517576 -0.26343 -0.117033 11.0578 
24.5079 -10.856 0.892128 -0.283655 -0.124054 10.8968 
24.5579 -10.7031 0.581643 -0.275975 -0.130287 10.7231 
24.6079 -10.4024 0.65028 -0.242378 -0.126102 10.4264 
24.658 -10.82 1.59181 -0.276993 -0.132772 10.9408 
24.708 -10.3381 1.10355 -0.244935 -0.121532 10.4004 
24.758 -10.4122 1.54588 -0.270191 -0.111289 10.5304 
24.808 -10.0634 1.2807 -0.24302 -0.11531 10.1481 
24.858 -10.2774 1.84046 -0.268876 -0.126289 10.4451 
24.908 -10.1488 1.70665 -0.281207 -0.12733 10.2959 
24.958 -10.0576 1.94004 -0.287871 -0.134699 10.2479 
25.0081 -10.062 1.98499 -0.282145 -0.13015 10.2607 
25.0581 -9.97796 2.56005 -0.310353 -0.137951 10.3067 
25.1081 -9.59663 1.63992 -0.282169 -0.12689 9.74063 
25.1581 -9.57025 2.64541 -0.29247 -0.124014 9.93432 
25.2081 -9.40988 2.51478 -0.299707 -0.120131 9.74543 
25.2581 -9.51026 2.79357 -0.318609 -0.121864 9.91794 
25.3082 -9.42892 3.01788 -0.32781 -0.11762 9.90623 
25.3582 -9.20463 2.71648 -0.291972 -0.124217 9.60262 
25.4082 -9.55695 3.87781 -0.365228 -0.121318 10.3209 
25.4582 -8.87426 3.09128 -0.333697 -0.128708 9.40401 
25.5082 -9.12045 3.98876 -0.35439 -0.137777 9.9618 
25.5582 -8.74296 3.82988 -0.345167 -0.137561 9.55229 
25.6083 -9.06192 4.39093 -0.371358 -0.127923 10.0773 
25.6583 -8.75649 4.33328 -0.339515 -0.127244 9.77698 
25.7083 -8.88566 4.64852 -0.356177 -0.124213 10.0352 
25.7583 -8.70904 4.80343 -0.373161 -0.128188 9.95368 
25.8083 -8.79405 4.86958 -0.364201 -0.124422 10.0596 
25.8583 -8.32591 4.85763 -0.349584 -0.121865 9.64647 
25.9084 -8.38674 5.09699 -0.353876 -0.118425 9.82117 
25.9584 -8.25079 5.06473 -0.344646 -0.118406 9.6881 
26.0084 -8.24964 5.41884 -0.351202 -0.116293 9.87712 
26.0584 -8.17713 5.46555 -0.372731 -0.118167 9.84331 
26.1084 -7.94144 5.3229 -0.361077 -0.13434 9.56814 
26.1584 -7.78253 5.57969 -0.357951 -0.132056 9.58361 
26.2085 -7.89066 5.79271 -0.394101 -0.123858 9.79732 
26.2585 -7.64024 5.61042 -0.348931 -0.124985 9.48612 
26.3085 -7.85164 6.28322 -0.368289 -0.105498 10.0635 
26.3585 -7.48511 5.98062 -0.337233 -0.108343 9.58741 
26.4085 -7.57729 6.23163 -0.381171 -0.103086 9.81843 
26.4585 -7.35784 6.03489 -0.354756 -0.0931225 9.52325 
26.5085 -7.46245 6.73002 -0.372842 -0.0872662 10.0562 
26.5586 -7.17989 6.40753 -0.349911 -0.0902416 9.63006 
26.6086 -7.19721 6.55949 -0.352366 -0.0806516 9.74458 
26.6586 -7.09139 6.78695 -0.376126 -0.08863 9.82342 
26.7086 -7.00713 6.8477 -0.385332 -0.0862105 9.8055 
26.7586 -7.01473 7.11572 -0.405059 -0.0908953 10.0006 
26.8086 -6.828 6.92924 -0.395479 -0.0864505 9.73652 
26.8587 -6.81876 7.09021 -0.430002 -0.0751797 9.84669 
26.9087 -6.48476 6.87341 -0.432987 -0.0797584 9.45991 
26.9587 -6.36652 6.64212 -0.421831 -0.070169 9.21047 
27.0087 -6.25232 6.67291 -0.413398 -0.0667707 9.15398 
27.0587 -6.26547 6.61544 -0.413716 -0.0588703 9.12114 
27.1087 -6.43836 7.29909 -0.429676 -0.0459646 9.74245 
27.1588 -6.06319 6.84578 -0.403608 -0.0419059 9.15384 
27.2088 -6.00042 7.04627 -0.425122 -0.0378914 9.26489 
27.2588 -5.76436 6.65669 -0.421468 -0.0409122 8.8158 
27.3088 -5.71451 6.90808 -0.429591 -0.0458004 8.97574 
27.3588 -5.70705 7.73523 -0.460234 -0.0512445 9.62378 
27.4088 -5.65239 7.73623 -0.460123 -0.0489592 9.59235 
27.4589 -5.46 7.50734 -0.459567 -0.0505624 9.29436 
27.5089 -5.40489 7.74288 -0.473695 -0.0494236 9.45467 
27.5589 -5.3467 8.06224 -0.490489 -0.0486032 9.68657 
27.6089 -5.34579 8.22489 -0.510767 -0.0483805 9.82289 
27.6589 -5.37465 8.64083 -0.540627 -0.0499238 10.1904 
27.7089 -5.13286 8.41294 -0.536223 -0.0547301 9.86995 
27.759 -5.0619 8.73959 -0.564649 -0.055768 10.1156 
27.809 -4.97635 8.80536 -0.581651 -0.0519684 10.1311 
27.859 -4.90966 8.88523 -0.584327 -0.042473 10.1683 
27.909 -4.91124 9.15005 -0.591471 -0.0364993 10.4018 
27.959 -5.05401 9.76546 -0.609008 -0.0283558 11.0127 
28.009 -4.59936 9.50989 -0.589999 -0.0229853 10.5799 
28.059 -3.07334 7.3408 -0.453936 -0.0161469 7.97089 
28.1091 -3.63446 7.26675 -0.431511 0.00600503 8.13643 
28.1591 -4.56106 8.92192 -0.477358 0.0311797 10.0316 
28.2091 -3.57883 7.46206 -0.33917 0.0475663 8.28296 
28.2591 -3.46188 7.04035 -0.24413 0.0821219 7.84968 
28.3091 -3.94532 8.13505 -0.19716 0.12599 9.04429 
28.3591 -3.02285 6.72185 -0.0481404 0.146209 7.37198 
28.4092 -2.84678 6.76084 0.0280487 0.161843 7.33759 
28.4592 -2.74357 6.93241 0.0707322 0.173887 7.4579 
28.5092 -2.09298 6.16757 0.153214 0.172597 6.5173 
28.5592 -2.15909 6.212 0.168163 0.177026 6.58098 
28.6092 -2.24879 6.61163 0.162182 0.186578 6.98797 
28.6592 -2.15067 6.23641 0.180719 0.19799 6.60222 
28.7093 -2.98319 6.87505 0.108273 0.228557 7.49866 
28.7593 -3.57477 7.64139 0.0566424 0.252672 8.44016 
28.8093 -2.81031 5.70946 0.131598 0.271671 6.37083 
28.8593 -2.72945 5.94216 0.130164 0.273373 6.54603 
28.9093 -2.75436 5.9305 0.146466 0.260407 6.54571 
28.9593 -2.54715 5.80452 0.177479 0.244894 6.34611 
29.0094 -2.4819 5.82575 0.188633 0.240422 6.33978 
29.0594 -2.52512 5.78025 0.190668 0.244979 6.31537 
29.1094 -2.15403 5.37954 0.214139 0.259509 5.80451 
29.1594 -2.36249 5.6609 0.202964 0.257493 6.14286 
29.2094 -2.54036 5.98627 0.181115 0.248236 6.51024 
29.2594 -2.53148 5.93839 0.190003 0.248373 6.463 
29.3095 -2.55111 6.29696 0.188417 0.248154 6.80125 
29.3595 -2.54262 6.27056 0.193823 0.244737 6.77365 
29.4095 -2.60448 6.60024 0.171356 0.246949 7.10189 
29.4595 -2.75605 6.8359 0.151153 0.245849 7.37622 
29.5095 -2.64339 6.91357 0.162371 0.243798 7.40748 
29.5595 -2.79072 7.36074 0.145588 0.245644 7.87724 
29.6095 -2.88245 7.45094 0.132161 0.253797 7.99418 
29.6596 -2.92609 7.62549 0.126925 0.250135 8.17244 
29.7096 -3.0442 7.94657 0.119946 0.244217 8.51404 
29.7596 -2.98526 7.92629 0.130831 0.245909 8.47443 
29.8096 -2.84581 7.74032 0.146086 0.24472 8.2518 
29.8596 -2.9741 7.85402 0.145897 0.231956 8.40275 
29.9096 -2.94747 7.98295 0.12942 0.236275 8.51397 
29.9597 -2.92096 7.87128 0.133184 0.240766 8.40029 
30.0097 -2.74325 7.58148 0.145398 0.244731 8.06757 
30.0597 -2.89207 7.89781 0.13691 0.235664 8.41514 
30.1097 -2.82137 7.60922 0.144797 0.235443 8.12015 
30.1597 -2.71099 7.61923 0.150699 0.23594 8.092 
30.2097 -2.75692 7.7142 0.156257 0.230491 8.19677 
30.2598 -2.81836 7.81707 0.160137 0.226798 8.31424 
30.3098 -2.81759 7.77898 0.155441 0.226203 8.27811 
30.3598 -2.82468 7.98328 0.140931 0.226309 8.47243 
30.4098 -2.85331 7.98136 0.145306 0.222154 8.48021 
30.4598 -2.77672 7.64097 0.164095 0.223575 8.13458 
30.5098 -2.68531 7.39586 0.175347 0.226473 7.87348 
30.5599 -2.46945 7.13798 0.190137 0.221295 7.55871 
30.6099 -2.53751 7.2174 0.185277 0.224731 7.65602 
30.6599 -2.59746 7.44758 0.172387 0.218416 7.89245 
30.7099 -2.54897 7.42949 0.1698 0.217036 7.85941 
30.7599 -2.60803 7.47647 0.171809 0.213354 7.92304 
30.8099 -2.52346 7.09503 0.180125 0.218389 7.53573 
30.86 -2.52544 7.42894 0.179108 0.207735 7.85125 
30.91 -2.46965 7.18399 0.190999 0.205343 7.60181 
30.96 -2.34783 7.07416 0.193534 0.205918 7.45895 
