0 0 0 0 0 0 
0.0500161 0.144294 -0.0130297 0.0126518 -0.00947422 0.146261 
0.100032 -0.0428375 0.239285 0.00779576 -0.0137655 0.243613 
0.150048 -0.0706092 0.316495 -0.00450454 -0.021557 0.325047 
0.200065 -0.175732 0.405842 -0.0169998 -0.0141269 0.442811 
0.250081 -0.409274 0.400185 -0.0308798 -0.00507165 0.573329 
0.300097 -0.452248 0.449675 -0.0564605 0.00269539 0.640256 
0.350113 -0.805733 1.00669 -0.0893982 0.00187929 1.29254 
0.400129 -0.903801 0.842839 -0.101255 0.00711822 1.23993 
0.450145 -0.988988 1.08134 -0.119049 0.000690402 1.47024 
0.500161 -1.13425 1.18918 -0.133301 0.00196121 1.64884 
0.550177 -1.18925 1.44803 -0.143241 -0.00301185 1.87932 
0.600194 -1.21907 1.22479 -0.152088 -0.00366252 1.73464 
0.65021 -1.24555 1.27553 -0.150061 -0.000911937 1.78903 
0.700226 -1.05407 0.932792 -0.136401 -0.004143 1.41415 
0.750242 -0.946192 0.843997 -0.12363 -0.0140045 1.27386 
0.800258 -1.01962 0.988875 -0.145138 -0.00336098 1.42813 
0.850274 -1.16194 1.06369 -0.140612 -0.00620927 1.58169 
0.90029 -1.1407 1.06885 -0.1564 -0.00170061 1.57083 
0.950306 -0.955956 0.640151 -0.13126 0.00140338 1.15799 
1.00032 -0.989025 0.464733 -0.119176 -0.00163392 1.09886 
1.05034 -1.06366 0.711185 -0.148278 -0.0026588 1.28829 
1.10035 -0.947484 0.541598 -0.143204 -0.00273274 1.10066 
1.15037 -1.02505 0.620985 -0.153402 -0.0235638 1.2082 
1.20039 -1.06884 0.701188 -0.176965 -0.028012 1.29076 
1.2504 -1.00631 0.632903 -0.175991 -0.0260791 1.20197 
1.30042 -1.09411 0.590385 -0.18547 -0.0186771 1.25724 
1.35044 -1.28196 0.943686 -0.204459 -0.0206071 1.60498 
1.40045 -1.23148 1.04149 -0.202138 -0.0187469 1.62551 
1.45047 -1.32385 1.25536 -0.211713 -0.0191932 1.83691 
1.50048 -1.43803 1.41925 -0.230581 -0.00898248 2.03349 
1.5505 -1.36333 1.57355 -0.224383 -0.0176603 2.09409 
1.60052 -1.48499 1.81797 -0.235723 -0.00966585 2.35916 
1.65053 -1.55658 1.93156 -0.235866 -0.0192174 2.49201 
1.70055 -1.53027 1.75317 -0.243261 -0.0131025 2.33985 
1.75056 -1.57543 1.85996 -0.235597 -0.0127151 2.44894 
1.80058 -1.35096 1.55013 -0.218357 -0.0217248 2.06833 
1.8506 -1.37753 1.51362 -0.228336 -0.0179641 2.05934 
1.90061 -1.44159 1.71034 -0.239326 -0.0144134 2.24961 
1.95063 -1.51004 1.99937 -0.25001 -0.0198362 2.51798 
2.00065 -1.52647 1.78411 -0.240893 -0.0160838 2.36038 
2.05066 -1.46643 1.80067 -0.244633 -0.0146762 2.33507 
2.10068 -1.34788 1.60584 -0.22841 -0.0163563 2.10897 
2.15069 -1.32468 1.64981 -0.232535 -0.0216462 2.12857 
2.20071 -1.3341 1.6552 -0.226485 -0.0241796 2.13797 
2.25073 -1.5326 2.12957 -0.246961 -0.0368732 2.63553 
2.30074 -1.49406 1.98121 -0.252715 -0.0311913 2.49441 
2.35076 -1.45723 2.00584 -0.249948 -0.0203788 2.49194 
2.40077 -1.39673 1.7949 -0.245991 -0.0163593 2.28793 
2.45079 -1.50582 2.01377 -0.249123 -0.0262831 2.52705 
2.50081 -1.54283 2.02839 -0.253743 -0.0269692 2.56119 
2.55082 -1.55622 2.17074 -0.251142 -0.0236547 2.68295 
2.60084 -1.56648 2.14908 -0.256722 -0.024739 2.6724 
2.65085 -1.51857 2.01448 -0.248096 -0.0207495 2.53499 
2.70087 -1.63857 2.41519 -0.26187 -0.0243491 2.93038 
2.75089 -1.64888 2.28048 -0.275401 -0.0142285 2.82798 
2.8009 -1.66289 2.48751 -0.280598 -0.0202876 3.00489 
2.85092 -1.68371 2.47246 -0.272346 -0.0253525 3.0038 
2.90094 -1.60752 2.20937 -0.262895 -0.0238868 2.74494 
2.95095 -1.56536 2.2844 -0.26406 -0.0279079 2.78191 
3.00097 -1.71017 2.46597 -0.278352 -0.0236654 3.01381 
3.05098 -1.73469 2.59208 -0.293725 -0.0188952 3.13268 
3.101 -1.88279 2.81642 -0.301763 -0.0210846 3.40127 
3.15102 -1.90532 2.75983 -0.309263 -0.0214264 3.36813 
3.20103 -1.77921 2.48174 -0.304652 -0.0162694 3.06896 
3.25105 -1.82169 2.72447 -0.298645 -0.024464 3.291 
3.30106 -1.6247 2.17822 -0.278432 -0.0213673 2.73173 
3.35108 -1.46795 1.94393 -0.267283 -0.0206662 2.45082 
3.4011 -1.88551 2.85095 -0.304446 -0.0252005 3.43165 
3.45111 -1.88355 2.74875 -0.313035 -0.0190829 3.34706 
3.50113 -1.72873 2.5684 -0.300053 -0.0190852 3.11052 
3.55115 -1.55704 2.26454 -0.267521 -0.0273134 2.76144 
3.60116 -1.58802 2.19994 -0.286553 -0.0313768 2.72838 
3.65118 -1.72719 2.48752 -0.293335 -0.029275 3.04297 
3.70119 -1.75533 2.55989 -0.297186 -0.0305873 3.11824 
3.75121 -1.57955 2.12255 -0.286369 -0.0163609 2.66174 
3.80123 -1.32906 1.87659 -0.247503 -0.0168248 2.31299 
3.85124 -1.68386 2.64375 -0.28914 -0.0200077 3.14837 
3.90126 -1.75118 2.87815 -0.290236 -0.0258732 3.38157 
3.95127 -1.51102 2.52258 -0.263125 -0.0309697 2.9525 
4.00129 -1.36796 2.465 -0.250464 -0.0262177 2.83044 
4.05131 -1.19439 2.1871 -0.23178 -0.0322891 2.5029 
4.10132 -1.3022 2.60744 -0.231729 -0.0559404 2.92428 
4.15134 -1.62451 3.24368 -0.270841 -0.0500371 3.6382 
4.20135 -1.53066 3.06818 -0.269875 -0.0426322 3.43968 
4.25137 -1.47167 2.72924 -0.267478 -0.0181098 3.1124 
4.30139 -1.30719 2.49582 -0.249648 -0.0117453 2.82849 
4.3514 -1.45169 2.88082 -0.263763 -0.0397757 3.23694 
4.40142 -1.74354 3.34933 -0.28136 -0.0439282 3.78669 
4.45144 -1.50219 2.96235 -0.272076 -0.033891 3.33284 
4.50145 -1.26744 2.62222 -0.253104 -0.0148808 2.92347 
4.55147 -1.30722 2.46322 -0.255454 -0.0120639 2.8003 
4.60148 -1.54673 3.02164 -0.27229 -0.0189501 3.40529 
4.6515 -1.81334 3.13819 -0.289644 -0.0133468 3.63618 
4.70152 -1.67541 3.05474 -0.284952 -0.0113951 3.49583 
4.75153 -1.24201 2.18799 -0.234869 -0.00522632 2.52694 
4.80155 -1.34299 2.37559 -0.254627 -0.0128748 2.74082 
4.85156 -1.58748 2.68205 -0.265378 -0.0207274 3.12796 
4.90158 -1.57442 2.58291 -0.265504 -0.018806 3.03662 
4.9516 -1.40488 2.32352 -0.24696 -0.00576349 2.72641 
5.00161 -1.1276 1.67105 -0.229796 -0.00405162 2.02906 
5.05163 -1.45557 2.2486 -0.261129 -0.00924758 2.69126 
5.10164 -1.29309 2.07143 -0.249606 -0.0169312 2.45455 
5.15166 -0.434331 0.622424 -0.122214 -0.00946247 0.762335 
5.20168 -0.233552 -0.228716 -0.0609358 0.00266616 0.343235 
5.25169 0.150925 -1.20914 0.0144706 -0.0380134 1.21937 
5.30171 0.247915 -1.25256 0.0371358 -0.0604474 1.27873 
5.35173 0.217184 -1.55418 0.0450979 -0.0552817 1.57097 
5.40174 0.139866 -1.371 0.00818579 -0.052062 1.3791 
5.45176 -0.222215 -1.21759 -0.007436 -0.0510987 1.23986 
5.50177 -0.378872 -1.71462 -0.049798 -0.0283268 1.75689 
5.55179 -0.431601 -1.57054 -0.0355146 -0.033627 1.62979 
5.60181 -0.67867 -1.39275 -0.0499664 -0.0338446 1.55025 
5.65182 -0.85194 -1.17193 -0.0500683 -0.046697 1.45059 
5.70184 -0.582272 -1.99949 -0.0140013 -0.0493643 2.08341 
5.75185 -0.570327 -2.48277 0.0110678 -0.0491935 2.54794 
5.80187 -0.315602 -2.59215 0.0103754 -0.0537268 2.61173 
5.85189 -0.068144 -3.67344 0.0910147 -0.0656351 3.67575 
5.9019 -0.91344 -2.4387 0.0130682 -0.0603764 2.60492 
5.95192 -0.239301 -4.20205 0.135589 -0.0535639 4.21139 
6.00194 -0.588581 -3.7267 0.115355 -0.054404 3.77504 
6.05195 -0.137748 -4.84529 0.187151 -0.057377 4.85117 
6.10197 -0.541203 -4.08188 0.179385 -0.0651244 4.12201 
6.15198 0.0544848 -5.77666 0.275771 -0.0569827 5.78377 
6.202 -0.486379 -4.83006 0.227256 -0.0757219 4.8604 
6.25202 -0.231621 -5.62548 0.267117 -0.0739396 5.63707 
6.30203 -0.068279 -6.07732 0.300162 -0.0762962 6.08559 
6.35205 -0.1228 -5.99118 0.305097 -0.0908374 6.0009 
6.40206 -0.202123 -6.55104 0.310456 -0.0864434 6.56208 
6.45208 -0.306679 -6.52107 0.329052 -0.084705 6.53713 
6.5021 -0.39061 -6.56658 0.33925 -0.0801438 6.5874 
6.55211 -0.239471 -7.45938 0.377276 -0.0953767 7.47336 
6.60213 -0.49738 -7.21799 0.376237 -0.105034 7.24564 
6.65214 -0.624575 -7.12017 0.386997 -0.111582 7.15895 
6.70216 -0.292311 -8.15697 0.435041 -0.107291 8.1745 
6.75218 -0.800853 -7.49153 0.397999 -0.134342 7.54586 
6.80219 -0.571498 -8.40712 0.416717 -0.131693 8.43784 
6.85221 -0.670031 -8.4612 0.413796 -0.132677 8.49881 
6.90223 -0.983568 -8.03758 0.395132 -0.138784 8.10838 
6.95224 -0.609302 -8.80052 0.430659 -0.16502 8.83364 
7.00226 -0.994931 -8.49347 0.408946 -0.171003 8.56298 
7.05227 -1.00884 -8.12451 0.421336 -0.183377 8.19985 
7.10229 -1.1076 -8.44048 0.427767 -0.189936 8.52568 
7.15231 -1.38652 -8.43308 0.410223 -0.184482 8.5582 
7.20232 -1.09993 -9.0136 0.44673 -0.173563 9.09305 
7.25234 -1.3238 -8.7777 0.455094 -0.174316 8.89035 
7.30235 -1.29437 -8.77827 0.443352 -0.184272 8.88612 
7.35237 -1.36001 -8.92063 0.430085 -0.190072 9.03598 
7.40239 -1.69379 -8.56741 0.420684 -0.190476 8.74547 
7.4524 -1.62759 -8.99974 0.450765 -0.190252 9.1588 
7.50242 -1.72875 -8.99928 0.445064 -0.209452 9.17753 
7.55244 -1.72326 -8.69312 0.430652 -0.223362 8.8758 
7.60245 -1.8554 -9.07906 0.434214 -0.213383 9.27924 
7.65247 -1.76407 -9.41732 0.442139 -0.226453 9.59406 
7.70248 -2.405 -8.80384 0.388283 -0.226795 9.1373 
7.7525 -2.49498 -8.77276 0.370146 -0.219111 9.13058 
7.80252 -2.62422 -9.31683 0.363528 -0.205459 9.68832 
7.85253 -2.74311 -9.28341 0.375139 -0.205247 9.68971 
7.90255 -2.68279 -9.44871 0.362065 -0.223138 9.83125 
7.95256 -3.1291 -8.94898 0.327819 -0.23886 9.48898 
8.00258 -3.0748 -9.15954 0.340046 -0.247704 9.67101 
8.0526 -3.45989 -8.75489 0.309297 -0.243224 9.42293 
8.10261 -3.38358 -9.19952 0.308192 -0.250005 9.80995 
8.15263 -3.67576 -8.74379 0.283121 -0.252637 9.49331 
8.20265 -3.8036 -8.74974 0.294927 -0.263545 9.54891 
8.25266 -3.8399 -8.8243 0.287597 -0.267513 9.63161 
8.30268 -4.52818 -7.84582 0.218553 -0.264745 9.06437 
8.35269 -2.66584 -10.6705 0.369912 -0.289566 11.0077 
8.40271 -4.32437 -8.56202 0.261218 -0.287589 9.59938 
8.45273 -3.94234 -9.25712 0.277311 -0.294635 10.0703 
8.50274 -4.58343 -8.93061 0.245126 -0.300268 10.0471 
8.55276 -4.31524 -9.05277 0.273487 -0.31339 10.0368 
8.60277 -4.35539 -9.73364 0.300246 -0.320898 10.6727 
8.65279 -4.43238 -9.52063 0.279354 -0.330331 10.5108 
8.70281 -4.42042 -9.52872 0.277935 -0.332104 10.513 
8.75282 -4.415 -10.0511 0.292887 -0.320517 10.9866 
8.80284 -4.36028 -10.3723 0.302806 -0.329907 11.2605 
8.85285 -4.57962 -9.78984 0.29442 -0.353716 10.8178 
8.90287 -4.84047 -9.50984 0.285951 -0.3573 10.6807 
8.95289 -4.76083 -10.0566 0.308106 -0.349937 11.1363 
9.0029 -5.05165 -9.53725 0.285976 -0.35242 10.802 
9.05292 -4.67062 -10.6019 0.323523 -0.339808 11.5946 
9.10293 -4.92056 -10.4239 0.308254 -0.334384 11.5359 
9.15295 -5.0698 -10.9841 0.290111 -0.329314 12.1063 
9.20297 -5.4992 -10.1783 0.251005 -0.337593 11.5771 
9.25298 -5.3777 -10.8492 0.276102 -0.328657 12.1165 
9.303 -5.56213 -10.447 0.257643 -0.342113 11.8432 
9.35302 -5.43463 -11.0372 0.277906 -0.352481 12.3108 
9.40303 -5.61697 -11.0135 0.282734 -0.369507 12.3718 
9.45305 -5.74742 -11.1848 0.266337 -0.369589 12.5833 
9.50306 -5.88491 -11.354 0.293033 -0.374121 12.7976 
9.55308 -5.49156 -11.7438 0.32662 -0.385643 12.9741 
9.6031 -5.4855 -12.1181 0.3372 -0.401397 13.3122 
9.65311 -5.78829 -11.8022 0.311961 -0.41719 13.1555 
9.70313 -6.17963 -11.7837 0.288644 -0.426787 13.3157 
9.75315 -6.02749 -12.1679 0.318203 -0.445231 13.5899 
9.80316 -6.24888 -11.6344 0.289531 -0.427658 13.2165 
9.85318 -6.22802 -11.9999 0.301265 -0.449837 13.5307 
9.90319 -6.45555 -11.9264 0.279646 -0.447703 13.5718 
9.95321 -6.42834 -12.1502 0.28535 -0.461214 13.7566 
10.0032 -6.34091 -12.2688 0.304384 -0.460259 13.8215 
10.0532 -6.13082 -12.6322 0.325084 -0.472209 14.0532 
10.1033 -6.43972 -12.481 0.300968 -0.480625 14.0558 
10.1533 -6.35689 -12.6484 0.308751 -0.484889 14.1678 
10.2033 -6.63013 -12.5149 0.303196 -0.483659 14.1742 
10.2533 -6.72484 -12.6855 0.297548 -0.487907 14.3692 
10.3033 -6.94905 -12.5964 0.293491 -0.503986 14.3979 
10.3533 -6.6208 -12.8634 0.315153 -0.521145 14.48 
10.4034 -6.96832 -12.9939 0.297612 -0.513687 14.7565 
10.4534 -6.70026 -13.5021 0.309715 -0.517032 15.0851 
10.5034 -6.86242 -13.8311 0.316759 -0.51037 15.4513 
10.5534 -7.07785 -13.0676 0.311958 -0.517353 14.8733 
10.6034 -7.05859 -13.649 0.331247 -0.516997 15.3784 
10.6534 -7.03259 -13.3857 0.317397 -0.529873 15.1333 
10.7035 -7.42394 -13.2208 0.292426 -0.543111 15.1755 
10.7535 -7.61072 -12.792 0.265677 -0.536038 14.8967 
10.8035 -7.59179 -13.5707 0.275692 -0.535463 15.5616 
10.8535 -7.43181 -13.8503 0.285716 -0.542916 15.7303 
10.9035 -7.54613 -13.6765 0.282383 -0.552066 15.6324 
10.9535 -7.55315 -13.8962 0.286877 -0.556528 15.8287 
11.0035 -7.85831 -13.6897 0.267635 -0.57831 15.7976 
11.0536 -8.12066 -13.6164 0.257013 -0.593063 15.8672 
11.1036 -8.24605 -13.6723 0.244462 -0.596051 15.9795 
11.1536 -8.33556 -13.535 0.235465 -0.596289 15.9087 
11.2036 -8.0886 -14.1906 0.256133 -0.597944 16.3469 
11.2536 -7.97192 -14.2879 0.268075 -0.61252 16.3751 
11.3036 -8.42779 -14.2837 0.254774 -0.606013 16.5977 
11.3537 -8.25345 -14.7463 0.270375 -0.609655 16.9121 
11.4037 -8.13811 -14.7017 0.310963 -0.633414 16.8186 
11.4537 -8.25279 -14.6914 0.298725 -0.647112 16.8657 
11.5037 -8.27277 -14.7047 0.297302 -0.653039 16.8874 
11.5537 -8.3086 -15.1841 0.301795 -0.657114 17.3238 
11.6037 -8.53275 -14.7347 0.292357 -0.667342 17.0427 
11.6538 -8.72141 -15.1317 0.275221 -0.664084 17.4799 
11.7038 -8.50639 -15.5138 0.304638 -0.672545 17.7084 
11.7538 -8.59616 -15.6211 0.305075 -0.669537 17.8453 
11.8038 -8.4471 -15.8416 0.328936 -0.673558 17.9686 
11.8538 -8.6582 -15.7578 0.330722 -0.689292 17.996 
11.9038 -8.59606 -16.2262 0.347496 -0.691854 18.3789 
11.9539 -8.89038 -15.8915 0.323788 -0.700862 18.2256 
12.0039 -9.31963 -15.3421 0.272178 -0.698115 17.9665 
12.0539 -9.61598 -15.5423 0.250065 -0.690859 18.2912 
12.1039 -9.84978 -15.3927 0.220874 -0.686408 18.2886 
12.1539 -10.0176 -15.2404 0.198019 -0.687101 18.2519 
12.2039 -9.72234 -16.3499 0.240005 -0.683381 19.0359 
12.254 -9.93985 -15.7143 0.23941 -0.699854 18.6088 
12.304 -10.0448 -16.2823 0.249234 -0.693612 19.1457 
12.354 -10.1109 -15.6785 0.237117 -0.710667 18.671 
12.404 -9.93217 -16.5793 0.268868 -0.704233 19.3414 
12.454 -10.4133 -15.8453 0.226213 -0.708034 18.9753 
12.504 -10.1538 -16.8561 0.266706 -0.700997 19.6924 
12.554 -10.8331 -15.8412 0.210074 -0.704448 19.2052 
12.6041 -10.6538 -16.3483 0.24013 -0.704571 19.5275 
12.6541 -10.7467 -16.5418 0.241826 -0.698772 19.74 
12.7041 -10.8197 -16.2811 0.230122 -0.702112 19.5624 
12.7541 -10.9714 -16.9105 0.242178 -0.690494 20.1711 
12.8041 -11.086 -16.7607 0.233194 -0.69531 20.1087 
12.8541 -11.1633 -16.4484 0.214672 -0.714035 19.8929 
12.9042 -11.0695 -17.1156 0.24829 -0.72521 20.3977 
12.9542 -11.4596 -16.6046 0.218865 -0.733544 20.1896 
13.0042 -11.3132 -16.9662 0.243317 -0.746988 20.4072 
13.0542 -11.3618 -16.8608 0.238129 -0.751045 20.347 
13.1042 -11.6829 -16.7682 0.219879 -0.757557 20.4521 
13.1542 -11.8102 -16.5302 0.195876 -0.766323 20.3311 
13.2043 -12.1251 -16.5556 0.19036 -0.764907 20.536 
13.2543 -11.9914 -16.8571 0.197083 -0.771583 20.7025 
13.3043 -12.088 -16.8982 0.197352 -0.783917 20.7924 
13.3543 -12.0695 -16.8889 0.199771 -0.79467 20.7746 
13.4043 -12.4396 -17.1335 0.196892 -0.800655 21.1892 
13.4543 -12.6152 -16.9248 0.187937 -0.809162 21.1255 
13.5044 -12.5809 -17.5232 0.18913 -0.805727 21.5877 
13.5544 -12.7057 -17.0859 0.17448 -0.827399 21.3091 
13.6044 -12.743 -17.6721 0.18114 -0.821132 21.8036 
13.6544 -12.6703 -17.9128 0.188557 -0.831316 21.9575 
13.7044 -12.7783 -17.9517 0.18633 -0.83716 22.0519 
13.7544 -12.969 -17.8215 0.173036 -0.853598 22.058 
13.8045 -13.0315 -18.3421 0.185678 -0.850266 22.517 
13.8545 -13.1585 -18.2881 0.202212 -0.874434 22.548 
13.9045 -13.44 -18.2244 0.158916 -0.876855 22.6618 
13.9545 -13.1953 -18.6362 0.212794 -0.890533 22.853 
14.0045 -13.3545 -18.9679 0.198948 -0.889909 23.2155 
14.0545 -13.2834 -19.2239 0.206214 -0.898585 23.385 
14.1045 -13.3815 -19.4874 0.205728 -0.894634 23.6574 
14.1546 -13.5348 -19.2927 0.191726 -0.902145 23.585 
14.2046 -13.6838 -19.3744 0.192424 -0.911483 23.7378 
14.2546 -13.733 -18.8398 0.153743 -0.924192 23.3327 
14.3046 -13.5066 -19.6108 0.204609 -0.93026 23.8309 
14.3546 -13.8212 -19.5905 0.196476 -0.939557 23.9945 
14.4046 -13.8926 -19.816 0.18536 -0.966919 24.2209 
14.4547 -14.2418 -19.7508 0.162906 -0.972422 24.37 
14.5047 -14.0146 -19.7497 0.192719 -0.97884 24.2375 
14.5547 -14.3988 -20.0283 0.180796 -0.981231 24.6871 
14.6047 -14.427 -19.3281 0.150159 -0.994594 24.1397 
14.6547 -14.3021 -20.0562 0.168377 -0.996448 24.654 
14.7047 -14.4798 -20.3962 0.175999 -0.993783 25.0336 
14.7548 -14.3985 -20.487 0.188801 -1.00284 25.0613 
14.8048 -14.6001 -21.0065 0.187867 -1.00444 25.6023 
14.8548 -14.0117 -21.5193 0.235627 -1.01457 25.7 
14.9048 -14.1679 -21.3829 0.269682 -1.02289 25.6725 
14.9548 -14.1898 -21.6327 0.290358 -1.03961 25.8938 
15.0048 -14.3045 -21.3525 0.285294 -1.03811 25.7237 
15.0549 -14.6888 -21.5564 0.267369 -1.05179 26.1077 
15.1049 -14.8528 -20.8273 0.222244 -1.05988 25.6038 
15.1549 -14.5119 -21.0811 0.18805 -1.04249 25.615 
15.2049 -14.7618 -20.559 0.129175 -1.03699 25.3314 
15.2549 -14.8447 -20.6917 0.109115 -1.03583 25.4872 
15.3049 -14.6568 -20.5305 0.0951472 -1.03845 25.2471 
15.355 -14.9504 -20.2276 0.0856214 -1.03909 25.1746 
15.405 -14.5882 -20.6007 0.115558 -1.04543 25.2648 
15.455 -14.3575 -20.7903 0.137605 -1.05223 25.2883 
15.505 -14.4666 -21.1293 0.157651 -1.05333 25.6294 
15.555 -14.2771 -21.2332 0.143553 -1.05011 25.6086 
15.605 -4.4188 -10.6877 0.310747 -0.353786 13.0432 
15.655 -14.4845 -21.1878 0.133405 -1.04758 25.6873 
15.7051 -14.3053 -21.1317 0.138814 -1.04272 25.5401 
15.7551 -14.4085 -20.9894 0.14426 -1.0357 25.4804 
15.8051 -14.1603 -21.1915 0.150853 -1.03908 25.5088 
15.8551 -14.2226 -21.1549 0.160585 -1.04495 25.5133 
15.9051 -14.2469 -21.3683 0.173095 -1.05108 25.7044 
15.9551 -13.9513 -21.3969 0.191804 -1.04697 25.5656 
16.0052 -14.0566 -21.5425 0.196965 -1.04287 25.7448 
16.0552 -13.9606 -21.3403 0.201415 -1.05186 25.5236 
16.1052 -13.8793 -21.63 0.218595 -1.04885 25.7224 
16.1552 -13.8676 -21.6963 0.233632 -1.04604 25.7718 
16.2052 -13.8341 -21.4843 0.227086 -1.04983 25.5756 
16.2552 -13.9442 -21.5482 0.223832 -1.0551 25.6891 
16.3053 -13.7676 -21.8153 0.236158 -1.04637 25.8187 
16.3553 -13.6479 -21.8624 0.251482 -1.03789 25.7948 
16.4053 -13.7221 -21.5332 0.236696 -1.05114 25.5565 
16.4553 -13.715 -21.5623 0.230733 -1.05125 25.5772 
16.5053 -13.7779 -21.3886 0.22353 -1.04942 25.4648 
16.5553 -13.6096 -21.8546 0.241214 -1.05253 25.7684 
16.6054 -13.5321 -21.9783 0.254804 -1.06789 25.8337 
16.6554 -13.4193 -22.1006 0.259383 -1.06713 25.879 
16.7054 -13.347 -22.1522 0.253538 -1.07612 25.886 
16.7554 -13.5292 -22.0022 0.244948 -1.08153 25.8528 
16.8054 -13.4744 -22.2982 0.244847 -1.07892 26.0767 
16.8554 -13.3572 -22.4817 0.25175 -1.08019 26.1739 
16.9055 -13.2915 -22.6242 0.258119 -1.08491 26.2633 
16.9555 -13.2398 -22.3978 0.247684 -1.09241 26.0425 
17.0055 -13.3515 -22.3155 0.248746 -1.10554 26.0294 
17.0555 -13.3022 -22.4486 0.247142 -1.10531 26.1184 
17.1055 -13.2044 -22.4037 0.259126 -1.09307 26.0297 
17.1555 -13.1348 -22.8073 0.266836 -1.08194 26.3427 
17.2055 -12.9378 -22.987 0.278163 -1.07806 26.4013 
17.2556 -12.9872 -23.5359 0.308959 -1.08055 26.9048 
17.3056 -13.0233 -23.3065 0.311524 -1.08946 26.7223 
17.3556 -12.624 -23.5823 0.343952 -1.09916 26.7734 
17.4056 -12.5069 -24.0281 0.381648 -1.10065 27.1132 
17.4556 -12.3569 -24.2428 0.404632 -1.10065 27.2357 
17.5056 -12.517 -23.9322 0.389639 -1.10112 27.0331 
17.5557 -12.5106 -23.7341 0.378053 -1.11196 26.8552 
17.6057 -12.4446 -23.8416 0.382767 -1.1189 26.92 
17.6557 -12.4855 -23.9205 0.374657 -1.11473 27.0086 
17.7057 -12.3994 -23.8516 0.372051 -1.10784 26.9074 
17.7557 -12.5062 -23.8892 0.364495 -1.09828 26.9896 
17.8057 -12.4924 -24.0522 0.362833 -1.09521 27.1275 
17.8558 -12.44 -24.268 0.359408 -1.09299 27.2949 
17.9058 -12.5386 -24.2483 0.355946 -1.09151 27.3224 
17.9558 -12.4828 -24.2078 0.356495 -1.09045 27.2609 
18.0058 -12.5303 -24.2027 0.368268 -1.08899 27.2782 
18.0558 -12.4973 -24.2692 0.369175 -1.0836 27.3219 
18.1058 -12.4723 -24.0312 0.364896 -1.07461 27.0989 
18.1559 -12.5154 -23.8833 0.358132 -1.0734 26.9876 
18.2059 -12.5478 -23.7349 0.350565 -1.06398 26.871 
18.2559 -12.5949 -23.4603 0.340383 -1.06069 26.6506 
18.3059 -13.1919 -23.4634 0.306082 -1.04609 26.9397 
18.3559 -13.4918 -22.4968 0.196714 -1.04893 26.254 
18.4059 -13.252 -21.3801 0.0821197 -1.05395 25.1762 
18.456 -13.6073 -20.5687 -0.0477738 -1.06422 24.6853 
18.506 -13.7062 -19.5024 -0.140947 -1.05452 23.8608 
18.556 -13.8273 -19.7485 -0.179451 -1.02463 24.1305 
18.606 -13.8854 -19.0477 -0.207656 -0.977037 23.5928 
18.656 -13.5375 -19.288 -0.155668 -0.903516 23.5824 
18.706 -13.0737 -19.6931 -0.0638843 -0.857236 23.6533 
18.756 -13.272 -18.6754 -0.021047 -0.805561 22.9252 
18.8061 -13.3823 -18.5916 0.011826 -0.770103 22.92 
18.8561 -13.4382 -18.0199 0.0157039 -0.726546 22.4907 
18.9061 -12.8986 -18.4631 0.0404114 -0.702975 22.5335 
18.9561 -13.2602 -18.1381 -0.0223917 -0.685373 22.4787 
19.0061 -13.1205 -18.0512 -0.0371856 -0.689904 22.3265 
19.0561 -12.9796 -17.8271 -0.0380816 -0.699899 22.0628 
19.1062 -12.8735 -17.5484 -0.0339292 -0.701198 21.7754 
19.1562 -12.8521 -17.2605 -0.0463229 -0.707197 21.5314 
19.2062 -13.0505 -16.9734 -0.0705757 -0.70278 21.4222 
19.2562 -12.9454 -16.2271 -0.0806578 -0.703686 20.7702 
19.3062 -12.7328 -16.4251 -0.0557999 -0.690335 20.7939 
19.3562 -12.6597 -15.8676 -0.065967 -0.679871 20.3104 
19.4063 -12.2611 -16.6545 -0.0284273 -0.675355 20.6921 
19.4563 -12.7264 -15.8647 -0.0312646 -0.663476 20.3492 
19.5063 -12.5333 -15.7858 0.00830838 -0.637351 20.1663 
19.5563 -12.2923 -15.9714 0.0484014 -0.625246 20.1638 
19.6063 -12.1772 -15.667 0.0697196 -0.611029 19.8523 
19.6563 -11.7124 -15.9261 0.121455 -0.59881 19.7787 
19.7064 -12.1934 -15.227 0.102361 -0.584409 19.5165 
19.7564 -11.887 -15.5988 0.136792 -0.579267 19.6208 
19.8064 -12 -15.2268 0.132531 -0.572629 19.396 
19.8564 -11.9711 -14.9528 0.134863 -0.572255 19.1635 
19.9064 -11.7552 -14.9589 0.147319 -0.566395 19.034 
19.9564 -11.5534 -14.4012 0.140634 -0.558253 18.4718 
20.0065 -11.3218 -14.9741 0.168074 -0.554166 18.7814 
20.0565 -11.3223 -14.5695 0.164549 -0.548415 18.4605 
20.1065 -11.3267 -14.3461 0.160699 -0.546515 18.2874 
20.1565 -11.4245 -14.1458 0.156372 -0.541722 18.1918 
20.2065 -10.9725 -14.1105 0.170528 -0.537276 17.8835 
20.2565 -10.7423 -14.6453 0.212348 -0.543764 18.1723 
20.3065 -10.9695 -13.8463 0.189753 -0.539001 17.6743 
20.3566 -10.9916 -13.9131 0.189599 -0.535121 17.7401 
20.4066 -11.0575 -13.5111 0.184262 -0.532887 17.4682 
20.4566 -10.9565 -13.0785 0.173409 -0.520621 17.0704 
20.5066 -10.6719 -13.0658 0.203176 -0.517811 16.8793 
20.5566 -10.7156 -12.7252 0.184371 -0.507748 16.6447 
20.6066 -10.5291 -12.9795 0.207301 -0.50354 16.722 
20.6567 -10.5586 -12.5218 0.198305 -0.497507 16.388 
20.7067 -10.3611 -12.7212 0.215268 -0.492914 16.4156 
20.7567 -10.2651 -12.3004 0.212673 -0.489112 16.0299 
20.8067 -10.2497 -12.4414 0.21168 -0.490228 16.1287 
20.8567 -10.1941 -12.267 0.219871 -0.493398 15.959 
20.9067 -9.77145 -12.6042 0.261305 -0.497075 15.9581 
20.9568 -10.1601 -11.5047 0.228648 -0.492798 15.3582 
21.0068 -10.1309 -11.4645 0.226003 -0.485876 15.3087 
21.0568 -10.1314 -11.0994 0.213588 -0.476458 15.037 
21.1068 -10.0494 -11.2039 0.210767 -0.463335 15.059 
21.1568 -9.90914 -11.5837 0.208635 -0.455032 15.2522 
21.2068 -9.7098 -11.5251 0.223473 -0.452729 15.0785 
21.2569 -9.80412 -10.8124 0.211796 -0.45465 14.6041 
21.3069 -9.77027 -10.912 0.227912 -0.448579 14.6555 
21.3569 -9.8949 -10.5505 0.21161 -0.439972 14.4732 
21.4069 -9.41101 -11.038 0.248845 -0.438838 14.5145 
21.4569 -9.72791 -10.3721 0.232122 -0.428758 14.2284 
21.5069 -9.38418 -10.3341 0.259937 -0.428179 13.9682 
21.557 -9.56655 -10.5672 0.258257 -0.426481 14.263 
21.607 -9.08099 -10.473 0.282604 -0.424142 13.8714 
21.657 -9.25832 -10.6974 0.280336 -0.417018 14.157 
21.707 -9.25389 -9.95986 0.268123 -0.414445 13.6042 
21.757 -8.83267 -10.6198 0.30595 -0.419124 13.8223 
21.807 -8.93287 -9.87105 0.296668 -0.41469 13.3227 
21.857 -8.85633 -9.87411 0.299545 -0.40777 13.2737 
21.9071 -8.93784 -9.89125 0.302129 -0.399987 13.3407 
21.9571 -8.61364 -9.60358 0.322361 -0.402614 12.911 
22.0071 -8.63405 -9.41678 0.301368 -0.395221 12.7855 
22.0571 -8.43485 -9.65278 0.316057 -0.390074 12.8285 
22.1071 -8.43027 -9.49442 0.317418 -0.380552 12.7066 
22.1571 -8.2776 -9.38477 0.331076 -0.379531 12.5239 
22.2072 -8.43219 -8.82761 0.309531 -0.372466 12.2173 
22.2572 -8.95395 -8.59182 0.247327 -0.353835 12.4164 
22.3072 -10.0261 -6.82018 0.111726 -0.339748 12.1317 
22.3572 -9.93937 -7.354 0.0924007 -0.314642 12.3684 
22.4072 -10.0842 -7.09933 0.0591204 -0.287979 12.3362 
22.4572 -10.0604 -6.61788 0.0344749 -0.273566 12.045 
22.5073 -9.85419 -6.8022 0.0673208 -0.281337 11.9778 
22.5573 -9.80055 -6.20525 0.072071 -0.28131 11.6035 
22.6073 -10.1432 -5.38322 0.033457 -0.271399 11.4867 
22.6573 -10.4537 -4.808 -0.0146187 -0.245834 11.509 
22.7073 -10.3839 -4.70498 -0.0348252 -0.218548 11.4018 
22.7573 -9.85717 -5.59152 0.00878964 -0.212686 11.3343 
22.8074 -10.1639 -4.798 -0.0265463 -0.198194 11.2415 
22.8574 -9.90175 -4.87689 -0.0124136 -0.204716 11.0396 
22.9074 -9.86123 -4.50832 -0.00605042 -0.213103 10.8452 
22.9574 -9.74724 -3.81628 -0.00223613 -0.217766 10.4697 
23.0074 -9.84963 -3.64506 0.0060995 -0.22143 10.5051 
23.0574 -9.79384 -3.35571 -0.0031801 -0.211046 10.355 
23.1075 -9.31421 -3.94593 0.0513428 -0.222609 10.1184 
23.1575 -9.0132 -4.00115 0.0598431 -0.208374 9.86401 
23.2075 -8.74977 -4.06388 0.0888559 -0.213117 9.65032 
23.2575 -8.84117 -4.14568 0.0915214 -0.215645 9.76745 
23.3075 -8.94625 -3.12204 0.0686766 -0.208059 9.47775 
23.3575 -8.67137 -3.77594 0.0963728 -0.204623 9.46037 
23.4075 -8.97366 -2.82344 0.0659368 -0.20187 9.40963 
23.4576 -8.5539 -3.42854 0.089572 -0.193807 9.2178 
23.5076 -8.95818 -2.84994 0.055052 -0.185671 9.40263 
23.5576 -8.79718 -2.51534 0.0342882 -0.170783 9.15251 
23.6076 -8.97123 -2.11092 0.00804552 -0.163695 9.21779 
23.6576 -8.82335 -2.45609 0.00845625 -0.146447 9.15996 
23.7076 -8.63048 -2.2206 0.00957557 -0.137578 8.91261 
23.7577 -8.78995 -2.18781 0.0117726 -0.124696 9.05899 
23.8077 -8.60736 -2.20961 0.0176601 -0.122102 8.88744 
23.8577 -8.56366 -2.06504 0.021737 -0.123191 8.80998 
23.9077 -8.4021 -1.88415 0.0190124 -0.120971 8.6117 
23.9577 -8.28165 -1.9501 0.0356251 -0.114663 8.509 
24.0077 -8.20501 -2.11462 0.0399973 -0.10931 8.47396 
24.0578 -8.09014 -1.57812 0.0396914 -0.114078 8.24341 
24.1078 -7.9983 -1.6204 0.047902 -0.116731 8.16173 
24.1578 -7.77894 -1.71595 0.0570338 -0.120303 7.96709 
24.2078 -7.95508 -0.878599 0.0374768 -0.101965 8.00467 
24.2578 -8.10433 -0.314183 0.00520949 -0.0835569 8.11082 
24.3078 -8.22222 -0.00962143 -0.0186219 -0.0890957 8.22272 
24.3579 -8.06334 0.225333 -0.0379915 -0.0811868 8.06699 
24.4079 -7.96651 0.320997 -0.0390931 -0.061394 7.97337 
24.4579 -8.19509 1.37322 -0.0741669 -0.0516407 8.30982 
24.5079 -7.97435 0.837163 -0.0641154 -0.0382442 8.01851 
24.5579 -7.89393 1.00298 -0.0759499 -0.0389522 7.95784 
24.6079 -7.95419 1.11504 -0.084971 -0.0278855 8.03247 
24.658 -7.89499 1.65296 -0.0927529 -0.0313555 8.06676 
24.708 -7.54999 1.23446 -0.0653675 -0.0276165 7.65057 
24.758 -7.56638 1.71636 -0.0743476 -0.0300241 7.75902 
24.808 -7.57172 1.62774 -0.0656124 -0.0170448 7.745 
24.858 -7.52854 1.92234 -0.080202 -0.00491714 7.77064 
24.908 -6.99928 0.886096 -0.0535131 0.00413438 7.05535 
24.958 -6.88451 0.682867 -0.0432245 0.0131185 6.91847 
25.0081 -7.16217 1.31453 -0.0747417 0.0134882 7.28224 
25.0581 -6.96481 1.23738 -0.0555765 0.0132847 7.0741 
25.1081 -7.11737 1.93309 -0.0714644 0.00241614 7.37556 
25.1581 -6.82233 1.58309 -0.054749 0.00885324 7.00371 
25.2081 -6.81438 1.88068 -0.059874 0.0187609 7.06947 
25.2581 -6.65258 1.69916 -0.0594119 0.0283881 6.86654 
25.3082 -6.43936 1.50433 -0.0396996 0.0236577 6.61289 
25.3582 -6.42943 1.86585 -0.0660992 0.036803 6.69512 
25.4082 -6.40982 1.99991 -0.0703181 0.0397377 6.71492 
25.4582 -6.42453 2.01374 -0.0717716 0.0442869 6.73326 
25.5082 -6.50892 2.3371 -0.0770091 0.0382478 6.91637 
25.5582 -6.16607 2.01665 -0.0554242 0.034073 6.48779 
25.6083 -5.92445 1.61048 -0.0459655 0.0425498 6.13974 
25.6583 -5.90016 1.89574 -0.0471461 0.0449601 6.19748 
25.7083 -5.5466 1.59627 -0.00546225 0.0322668 5.77202 
25.7583 -5.63268 1.62487 -0.0125256 0.031394 5.86236 
25.8083 -5.37481 1.34537 0.00176175 0.0470357 5.54126 
25.8583 -5.41108 1.73554 0.00395386 0.0424138 5.68256 
25.9084 -4.97886 0.504231 0.00944585 0.071099 5.00449 
25.9584 -5.01478 1.11579 -0.0115984 0.0775857 5.13787 
26.0084 -4.91857 1.24483 -0.0119088 0.0796233 5.07429 
26.0584 -4.7083 1.46585 -0.0112765 0.0722752 4.93169 
26.1084 -4.89716 2.446 -0.0485727 0.0689465 5.47384 
26.1584 -4.83119 2.8236 -0.0292044 0.0600622 5.59617 
26.2085 -5.08795 3.23498 -0.0616096 0.0667655 6.03004 
26.2585 -4.8704 3.0384 -0.0659245 0.0843614 5.74127 
26.3085 -4.96828 3.3267 -0.098854 0.103062 5.98077 
26.3585 -4.90554 3.33561 -0.100414 0.103712 5.93401 
26.4085 -5.01167 3.59441 -0.134669 0.116358 6.16992 
26.4585 -4.87129 3.59497 -0.128929 0.121093 6.05671 
26.5085 -4.84126 4.11335 -0.135592 0.111337 6.35479 
26.5586 -4.85507 4.39645 -0.145087 0.109584 6.55236 
26.6086 -4.75317 4.60474 -0.155971 0.10454 6.62051 
26.6586 -4.53483 4.4924 -0.143534 0.103693 6.38589 
26.7086 -4.78939 5.10522 -0.168234 0.112586 7.00296 
26.7586 -4.32019 4.65856 -0.148938 0.118978 6.35635 
26.8086 -4.24505 5.06668 -0.159964 0.10701 6.61289 
26.8587 -3.83523 4.80885 -0.118537 0.0906019 6.15261 
26.9087 -3.82175 5.41021 -0.128605 0.0844423 6.62552 
26.9587 -3.86818 5.50229 -0.109904 0.0758066 6.72741 
27.0087 -3.70223 5.69247 -0.11923 0.0782615 6.79207 
27.0587 -3.70848 5.9107 -0.154218 0.0925058 6.98011 
27.1087 -3.46735 5.84047 -0.138537 0.0909301 6.79425 
27.1588 -3.50063 6.24179 -0.161327 0.091525 7.15882 
27.2088 -2.96982 5.51497 -0.141824 0.0948818 6.266 
27.2588 -3.06841 5.89498 -0.138756 0.0904314 6.64783 
27.3088 -3.16587 6.50859 -0.159939 0.0902475 7.24004 
27.3588 -2.95658 6.38592 -0.141485 0.0816666 7.03897 
27.4088 -2.85013 6.37599 -0.155221 0.0803378 6.98628 
27.4589 -2.73585 6.37317 -0.173194 0.0896852 6.93833 
27.5089 -2.46348 6.60981 -0.165976 0.0870031 7.0564 
27.5589 -2.21112 6.3967 -0.161895 0.0879491 6.7706 
27.6089 -2.33524 7.03892 -0.200267 0.0836563 7.4193 
27.6589 -2.35218 7.29385 -0.213033 0.0783936 7.66726 
27.7089 -2.37377 7.66823 -0.224416 0.0848041 8.03082 
27.759 -2.12539 7.51272 -0.225869 0.0892938 7.81145 
27.809 -1.96742 7.70787 -0.22714 0.0772326 7.95861 
27.859 -1.48265 7.198 -0.194186 0.0696691 7.35194 
27.909 -1.58054 7.61401 -0.211239 0.0677074 7.77945 
27.959 -1.4404 7.86896 -0.221436 0.0673219 8.00302 
28.009 -1.27006 8.30625 -0.241981 0.0632812 8.40683 
28.059 0.206712 5.8315 -0.111145 0.0669619 5.83715 
28.1091 -0.6708 6.68642 -0.150684 0.0816409 6.72191 
28.1591 -1.02016 7.70109 -0.176325 0.0736119 7.77064 
28.2091 -0.124773 6.32135 -0.0861107 0.0548426 6.32358 
28.2591 -0.136874 6.32027 -0.0608889 0.0483866 6.32246 
28.3091 -0.293106 6.92758 -0.0657849 0.04494 6.93443 
28.3591 0.410516 5.60941 -0.00885918 0.0425645 5.62428 
28.4092 0.832989 5.03175 0.0415388 0.0330475 5.10057 
28.4592 1.27198 4.60962 0.0981041 0.00836572 4.78334 
28.5092 1.97732 3.74765 0.163242 -0.0236409 4.24098 
28.5592 2.22457 3.68619 0.179272 -0.0320198 4.30929 
28.6092 2.42158 3.61422 0.185145 -0.0398011 4.35494 
28.6592 2.71071 3.24807 0.211399 -0.0525632 4.23619 
28.7093 2.72938 3.46193 0.216235 -0.0618511 4.41419 
28.7593 2.80115 3.50511 0.230805 -0.0661446 4.49317 
28.8093 2.94023 3.22599 0.247782 -0.0707909 4.37242 
28.8593 3.00751 3.24395 0.251744 -0.0744814 4.4314 
28.9093 3.21244 2.85464 0.272411 -0.070701 4.30649 
28.9593 3.37892 2.60313 0.299701 -0.0782068 4.27682 
29.0094 3.34925 2.83411 0.299609 -0.086947 4.39857 
29.0594 3.57783 2.56235 0.322274 -0.0923505 4.41337 
29.1094 3.73645 2.36119 0.348224 -0.096591 4.43482 
29.1594 3.8258 2.18465 0.36393 -0.103267 4.42189 
29.2094 3.98589 1.96608 0.380779 -0.10308 4.46244 
29.2594 3.93336 2.20555 0.38123 -0.10554 4.52699 
29.3095 3.83845 2.25576 0.365604 -0.104828 4.46843 
29.3595 4.07105 1.78048 0.38129 -0.105583 4.46115 
29.4095 4.06415 1.78187 0.402475 -0.115635 4.45739 
29.4595 4.14865 1.7097 0.407337 -0.120015 4.50723 
29.5095 4.27152 1.46764 0.439487 -0.12446 4.53962 
29.5595 4.40733 1.04478 0.454881 -0.129126 4.55429 
29.6095 4.35502 1.23869 0.449766 -0.131095 4.5519 
29.6596 4.47094 1.05051 0.455153 -0.13207 4.61703 
29.7096 4.57208 0.781514 0.462931 -0.130036 4.66321 
29.7596 4.6025 0.645062 0.470555 -0.135266 4.67321 
29.8096 4.56932 0.682353 0.490363 -0.145647 4.64814 
29.8596 4.5782 0.685748 0.486697 -0.141092 4.65678 
29.9096 4.66827 0.35098 0.485146 -0.137438 4.7085 
29.9597 4.57361 0.675556 0.48679 -0.145604 4.65121 
30.0097 4.62356 0.452152 0.486308 -0.141757 4.67335 
30.0597 4.56723 0.602527 0.479738 -0.139614 4.63378 
30.1097 4.66432 0.305497 0.489678 -0.139416 4.70184 
30.1597 4.62328 0.533559 0.484177 -0.145859 4.68136 
30.2097 4.70381 0.341637 0.49739 -0.148162 4.74476 
30.2598 4.67695 0.294255 0.504624 -0.147699 4.71556 
30.3098 4.78123 0.218758 0.50183 -0.14316 4.81457 
30.3598 4.70474 0.451492 0.493832 -0.147358 4.75443 
30.4098 4.57167 0.631987 0.478539 -0.145011 4.64214 
30.4598 4.62623 0.452815 0.487607 -0.145571 4.67613 
30.5098 4.6425 0.670697 0.49546 -0.151988 4.71922 
30.5599 4.62186 0.789568 0.490107 -0.15212 4.71681 
30.6099 4.61516 0.617969 0.495878 -0.145538 4.685 
30.6599 4.63306 0.746351 0.491111 -0.144488 4.72064 
30.7099 4.62828 0.719897 0.487126 -0.138105 4.71123 
30.7599 4.65038 0.758923 0.484956 -0.138182 4.73879 
30.8099 4.71794 0.514107 0.494152 -0.139728 4.77358 
30.86 4.6861 0.75909 0.500773 -0.14834 4.77583 
30.91 4.5885 0.886862 0.499672 -0.149425 4.70243 
30.96 4.59376 0.96581 0.486112 -0.136672 4.72127 
