0 -0.395273 0.758739 -0.0686491 -0.00242939 0.812798 
0.0500161 -0.398531 0.767017 -0.0696786 -0.00300121 0.824402 
0.100032 -0.401788 0.775295 -0.0707081 -0.00357303 0.836005 
0.150048 -0.405046 0.783573 -0.0717376 -0.00414485 0.847609 
0.200065 -0.408304 0.791851 -0.0727671 -0.00471666 0.859212 
0.250081 -0.411562 0.800129 -0.0737966 -0.00528847 0.870816 
0.300097 -0.41482 0.808408 -0.0748261 -0.00586028 0.882419 
0.350113 -0.418077 0.816686 -0.0758555 -0.00643208 0.894023 
0.400129 -0.421335 0.824964 -0.076885 -0.00700388 0.905626 
0.450145 -0.424593 0.833242 -0.0779145 -0.00757568 0.917229 
0.500161 -0.427851 0.84152 -0.078944 -0.00814747 0.928833 
0.550177 -0.431108 0.849798 -0.0799734 -0.00871926 0.940436 
0.600194 -0.434366 0.858076 -0.0810029 -0.00929103 0.952039 
0.65021 -0.437623 0.866354 -0.0820323 -0.00986281 0.963642 
0.700226 -0.440881 0.874633 -0.0830617 -0.0104346 0.975246 
0.750242 -0.444138 0.882911 -0.0840912 -0.0110063 0.986848 
0.800258 -0.447395 0.891189 -0.0851206 -0.0115781 0.998452 
0.850274 -0.450652 0.899467 -0.08615 -0.0121498 1.01005 
0.90029 -0.453909 0.907745 -0.0871794 -0.0127215 1.02166 
0.950306 -0.457166 0.916023 -0.0882087 -0.0132933 1.03326 
1.00032 -0.460423 0.924302 -0.0892381 -0.013865 1.04486 
1.05034 -0.46368 0.93258 -0.0902674 -0.0144367 1.05647 
1.10035 -0.466937 0.940858 -0.0912967 -0.0150083 1.06807 
1.15037 -0.470193 0.949136 -0.092326 -0.01558 1.07967 
1.20039 -0.47345 0.957414 -0.0933553 -0.0161516 1.09127 
1.2504 -0.476706 0.965692 -0.0943845 -0.0167232 1.10287 
1.30042 -0.479962 0.97397 -0.0954137 -0.0172948 1.11448 
1.35044 -0.483217 0.982248 -0.0964429 -0.0178664 1.12608 
1.40045 -0.486473 0.990526 -0.097472 -0.0184379 1.13768 
1.45047 -0.489728 0.998805 -0.0985011 -0.0190094 1.14928 
1.50048 -0.492983 1.00708 -0.0995302 -0.0195809 1.16088 
1.5505 -0.496238 1.01536 -0.100559 -0.0201523 1.17248 
1.60052 -0.499492 1.02364 -0.101588 -0.0207237 1.18408 
1.65053 -0.502746 1.03192 -0.102617 -0.0212951 1.19568 
1.70055 -0.506 1.04019 -0.103646 -0.0218663 1.20728 
1.75056 -0.509253 1.04847 -0.104674 -0.0224376 1.21888 
1.80058 -0.512506 1.05675 -0.105703 -0.0230087 1.23048 
1.8506 -0.515758 1.06503 -0.106731 -0.0235798 1.24208 
1.90061 -0.519009 1.0733 -0.10776 -0.0241508 1.25368 
1.95063 -0.52226 1.08158 -0.108788 -0.0247217 1.26528 
2.00065 -0.52551 1.08986 -0.109816 -0.0252925 1.27687 
2.05066 -0.528759 1.09813 -0.110844 -0.0258632 1.28847 
2.10068 -0.532007 1.10641 -0.111872 -0.0264338 1.30006 
2.15069 -0.535255 1.11469 -0.1129 -0.0270042 1.31166 
2.20071 -0.538501 1.12296 -0.113927 -0.0275745 1.32325 
2.25073 -0.541746 1.13124 -0.114954 -0.0281446 1.33484 
2.30074 -0.544989 1.13951 -0.115981 -0.0287145 1.34643 
2.35076 -0.548231 1.14779 -0.117008 -0.0292841 1.35802 
2.40077 -0.551471 1.15607 -0.118035 -0.0298535 1.3696 
2.45079 -0.554709 1.16435 -0.119061 -0.0304226 1.38118 
2.50081 -0.557945 1.17262 -0.120087 -0.0309913 1.39276 
2.55082 -0.561178 1.18091 -0.121113 -0.0315596 1.40433 
2.60084 -0.564408 1.18919 -0.122139 -0.0321274 1.41589 
2.65085 -0.567634 1.19748 -0.123164 -0.0326947 1.42744 
2.70087 -0.570857 1.20577 -0.12419 -0.0332614 1.43898 
2.75089 -0.574074 1.21407 -0.125216 -0.0338272 1.4505 
2.8009 -0.577286 1.22239 -0.126242 -0.0343922 1.462 
2.85092 -0.580491 1.23071 -0.127268 -0.0349562 1.47348 
2.90094 -0.583687 1.23906 -0.128295 -0.0355188 1.48492 
2.95095 -0.586873 1.24743 -0.129324 -0.03608 1.49632 
3.00097 -0.590047 1.25582 -0.130354 -0.0366393 1.50767 
3.05098 -0.593206 1.26426 -0.131387 -0.0371964 1.51894 
3.101 -0.596346 1.27275 -0.132422 -0.0377509 1.53013 
3.15102 -0.599463 1.2813 -0.133462 -0.0383021 1.54121 
3.20103 -0.602551 1.28992 -0.134507 -0.0388496 1.55215 
3.25105 -0.605603 1.29864 -0.135558 -0.0393923 1.56293 
3.30106 -0.60861 1.30747 -0.136617 -0.0399295 1.57349 
3.35108 -0.611562 1.31644 -0.137687 -0.0404599 1.5838 
3.4011 -0.614444 1.32558 -0.138769 -0.0409821 1.59379 
3.45111 -0.617239 1.33492 -0.139865 -0.0414945 1.60339 
3.50113 -0.619925 1.34448 -0.140979 -0.0419951 1.61252 
3.55115 -0.622477 1.35432 -0.142114 -0.0424817 1.62108 
3.60116 -0.624861 1.36446 -0.143272 -0.0429514 1.62896 
3.65118 -0.627037 1.37495 -0.144456 -0.0434013 1.63603 
3.70119 -0.628956 1.38581 -0.145669 -0.0438275 1.64215 
3.75121 -0.630558 1.39709 -0.146914 -0.044226 1.64714 
3.80123 -0.631773 1.40879 -0.148191 -0.044592 1.65082 
3.85124 -0.632513 1.42093 -0.149501 -0.0449201 1.65299 
3.90126 -0.632677 1.43347 -0.150841 -0.0452045 1.65344 
3.95127 -0.632142 1.44636 -0.152205 -0.0454386 1.65193 
4.00129 -0.630767 1.4595 -0.153585 -0.0456154 1.64825 
4.05131 -0.628388 1.47272 -0.154966 -0.0457276 1.64217 
4.10132 -0.624814 1.48577 -0.156325 -0.0457676 1.63349 
4.15134 -0.619833 1.49831 -0.157632 -0.0457278 1.62206 
4.20135 -0.613207 1.50987 -0.158848 -0.0456011 1.60777 
4.25137 -0.604675 1.51983 -0.159918 -0.0453811 1.59061 
4.30139 -0.593959 1.52742 -0.160776 -0.045063 1.57069 
4.3514 -0.580768 1.53168 -0.161339 -0.0446437 1.54825 
4.40142 -0.564813 1.53146 -0.161508 -0.0441232 1.52373 
4.45144 -0.545811 1.52539 -0.161166 -0.0435049 1.49777 
4.50145 -0.52351 1.51193 -0.16018 -0.0427961 1.47128 
4.55147 -0.497703 1.48938 -0.158405 -0.0420095 1.44538 
4.60148 -0.46825 1.45591 -0.155685 -0.0411628 1.4215 
4.6515 -0.435097 1.40963 -0.15186 -0.0402791 1.40128 
4.70152 -0.398299 1.34872 -0.146775 -0.0393867 1.38656 
4.75153 -0.358027 1.27145 -0.140284 -0.0385185 1.37932 
4.80155 -0.314581 1.17637 -0.132264 -0.0377104 1.3816 
4.85156 -0.268384 1.06233 -0.122623 -0.0369999 1.39537 
4.90158 -0.219973 0.92864 -0.111304 -0.0364242 1.42243 
4.9516 -0.169976 0.775055 -0.0982899 -0.0360182 1.46435 
5.00161 -0.119087 0.601858 -0.083611 -0.0358123 1.52232 
5.05163 -0.0680278 0.409805 -0.0673367 -0.0358313 1.59712 
5.10164 -0.0175194 0.200101 -0.0495756 -0.0360927 1.6891 
5.15166 0.0317534 -0.0257016 -0.0304663 -0.0366065 1.79818 
5.20168 0.0791638 -0.265777 -0.0101709 -0.037375 1.92386 
5.25169 0.124165 -0.518147 0.0111355 -0.0383936 2.06531 
5.30171 0.166296 -0.780773 0.0332723 -0.0396515 2.22141 
5.35173 0.205188 -1.05163 0.0560604 -0.0411327 2.39087 
5.40174 0.240558 -1.32881 0.0793295 -0.0428179 2.57225 
5.45176 0.272198 -1.61053 0.10292 -0.044685 2.76409 
5.50177 0.299965 -1.89518 0.126689 -0.0467107 2.9649 
5.55179 0.323769 -2.18136 0.150507 -0.0488713 3.17327 
5.60181 0.343553 -2.46783 0.174261 -0.0511436 3.38781 
5.65182 0.359287 -2.75354 0.197853 -0.0535051 3.60728 
5.70184 0.370953 -3.03759 0.221197 -0.055935 3.8305 
5.75185 0.378535 -3.31924 0.244218 -0.058414 4.05641 
5.80187 0.382015 -3.59783 0.26685 -0.0609245 4.28403 
5.85189 0.381361 -3.87283 0.289037 -0.063451 4.51249 
5.9019 0.376529 -4.14376 0.310725 -0.0659799 4.74098 
5.95192 0.36746 -4.41021 0.331865 -0.0684993 4.96876 
6.00194 0.354075 -4.67178 0.352412 -0.0709993 5.19517 
6.05195 0.336281 -4.92812 0.37232 -0.0734719 5.41955 
6.10197 0.313971 -5.1789 0.391548 -0.0759108 5.64134 
6.15198 0.287025 -5.42378 0.410052 -0.0783116 5.85996 
6.202 0.255319 -5.66241 0.427789 -0.0806717 6.0749 
6.25202 0.218725 -5.89449 0.444719 -0.0829902 6.28565 
6.30203 0.177121 -6.11968 0.4608 -0.0852681 6.49173 
6.35205 0.130398 -6.33767 0.475995 -0.0875081 6.69271 
6.40206 0.0784642 -6.54814 0.490266 -0.0897147 6.88816 
6.45208 0.0212546 -6.75081 0.503582 -0.0918941 7.07771 
6.5021 -0.0412597 -6.94542 0.515916 -0.094054 7.26104 
6.55211 -0.109068 -7.13174 0.527247 -0.0962039 7.43785 
6.60213 -0.18211 -7.30962 0.537561 -0.0983545 7.60793 
6.65214 -0.260271 -7.47894 0.546853 -0.100517 7.77112 
6.70216 -0.343384 -7.63966 0.55513 -0.102705 7.92736 
6.75218 -0.431218 -7.79182 0.562407 -0.104931 8.07663 
6.80219 -0.523489 -7.93554 0.568711 -0.107207 8.21904 
6.85221 -0.619858 -8.07103 0.574079 -0.109548 8.35476 
6.90223 -0.719938 -8.19858 0.57856 -0.111964 8.48404 
6.95224 -0.823305 -8.31858 0.582211 -0.114468 8.60722 
7.00226 -0.929503 -8.43146 0.585099 -0.117068 8.72471 
7.05227 -1.03806 -8.53774 0.587296 -0.119773 8.83699 
7.10229 -1.14851 -8.63799 0.588879 -0.122587 8.94456 
7.15231 -1.26039 -8.73281 0.589928 -0.125515 9.04797 
7.20232 -1.37324 -8.82282 0.590523 -0.128558 9.14779 
7.25234 -1.48667 -8.90863 0.590742 -0.131714 9.24458 
7.30235 -1.60031 -8.99083 0.590657 -0.134981 9.3389 
7.35237 -1.71383 -9.07002 0.590338 -0.138352 9.43127 
7.40239 -1.82699 -9.14672 0.589845 -0.141821 9.52219 
7.4524 -1.93957 -9.22142 0.589231 -0.145378 9.61209 
7.50242 -2.05143 -9.29453 0.588539 -0.149013 9.70137 
7.55244 -2.1625 -9.36642 0.587804 -0.152715 9.79036 
7.60245 -2.27273 -9.43738 0.587051 -0.156472 9.87934 
7.65247 -2.38215 -9.50764 0.586296 -0.160272 9.96854 
7.70248 -2.49081 -9.57737 0.585546 -0.164101 10.0581 
7.7525 -2.59883 -9.64667 0.584799 -0.167948 10.1482 
7.80252 -2.70633 -9.71561 0.58405 -0.171799 10.2389 
7.85253 -2.81348 -9.78418 0.583282 -0.175643 10.3301 
7.90255 -2.92046 -9.85236 0.582476 -0.179469 10.422 
7.95256 -3.02746 -9.92007 0.581609 -0.183267 10.5144 
8.00258 -3.13466 -9.98723 0.580651 -0.187028 10.6074 
8.0526 -3.24228 -10.0537 0.579574 -0.190743 10.7008 
8.10261 -3.3505 -10.1194 0.578346 -0.194406 10.7946 
8.15263 -3.4595 -10.1842 0.576934 -0.198011 10.8886 
8.20265 -3.56943 -10.2479 0.575306 -0.201555 10.9828 
8.25266 -3.68044 -10.3104 0.573432 -0.205036 11.0771 
8.30268 -3.79262 -10.3716 0.571283 -0.208452 11.1713 
8.35269 -3.90607 -10.4315 0.568835 -0.211807 11.2655 
8.40271 -4.02081 -10.4899 0.566067 -0.215104 11.3596 
8.45273 -4.13685 -10.5468 0.562962 -0.218347 11.4535 
8.50274 -4.25415 -10.6023 0.55951 -0.221544 11.5471 
8.55276 -4.37262 -10.6563 0.555707 -0.224706 11.6405 
8.60277 -4.49214 -10.709 0.551554 -0.227842 11.7337 
8.65279 -4.61256 -10.7604 0.547061 -0.230965 11.8266 
8.70281 -4.73367 -10.8107 0.542244 -0.234089 11.9194 
8.75282 -4.85523 -10.8601 0.537124 -0.237228 12.0121 
8.80284 -4.977 -10.9087 0.531732 -0.240398 12.1048 
8.85285 -5.0987 -10.9569 0.5261 -0.243614 12.1975 
8.90287 -5.22005 -11.0048 0.520266 -0.246891 12.2904 
8.95289 -5.34075 -11.0528 0.514273 -0.250243 12.3835 
9.0029 -5.46054 -11.101 0.508165 -0.253684 12.4769 
9.05292 -5.57915 -11.1497 0.501985 -0.257224 12.5708 
9.10293 -5.69633 -11.1991 0.495778 -0.260875 12.6652 
9.15295 -5.81188 -11.2496 0.489587 -0.264644 12.7602 
9.20297 -5.92562 -11.3012 0.483451 -0.268537 12.8558 
9.25298 -6.0374 -11.3541 0.477405 -0.272558 12.9523 
9.303 -6.14712 -11.4084 0.471482 -0.276708 13.0494 
9.35302 -6.25471 -11.4644 0.465708 -0.280988 13.1475 
9.40303 -6.36015 -11.5219 0.460105 -0.285395 13.2463 
9.45305 -6.46344 -11.5811 0.45469 -0.289925 13.346 
9.50306 -6.56462 -11.6419 0.449473 -0.294573 13.4465 
9.55308 -6.66374 -11.7044 0.444462 -0.299333 13.5478 
9.6031 -6.7609 -11.7684 0.43966 -0.304197 13.6498 
9.65311 -6.8562 -11.834 0.435065 -0.309158 13.7527 
9.70313 -6.94976 -11.901 0.430672 -0.314207 13.8562 
9.75315 -7.04172 -11.9694 0.426475 -0.319335 13.9604 
9.80316 -7.1322 -12.039 0.422464 -0.324533 14.0652 
9.85318 -7.22135 -12.1098 0.418627 -0.329793 14.1706 
9.90319 -7.30931 -12.1816 0.414952 -0.335106 14.2764 
9.95321 -7.39624 -12.2543 0.411425 -0.340463 14.3828 
10.0032 -7.48226 -12.3277 0.408032 -0.345856 14.4896 
10.0532 -7.56753 -12.4019 0.404758 -0.351277 14.5967 
10.1033 -7.65217 -12.4766 0.401589 -0.356718 14.7041 
10.1533 -7.73632 -12.5517 0.398511 -0.362172 14.8119 
10.2033 -7.8201 -12.6272 0.39551 -0.367632 14.9199 
10.2533 -7.90365 -12.703 0.392572 -0.373091 15.0281 
10.3033 -7.98707 -12.7788 0.389683 -0.378542 15.1365 
10.3533 -8.07048 -12.8547 0.386831 -0.383979 15.245 
10.4034 -8.15399 -12.9305 0.384003 -0.389395 15.3536 
10.4534 -8.23772 -13.0061 0.381188 -0.394785 15.4624 
10.5034 -8.32176 -13.0815 0.378376 -0.400142 15.5712 
10.5534 -8.40622 -13.1565 0.375554 -0.405461 15.6801 
10.6034 -8.49121 -13.2311 0.372713 -0.410737 15.789 
10.6534 -8.57682 -13.3052 0.369844 -0.415963 15.898 
10.7035 -8.66314 -13.3786 0.366937 -0.421135 16.007 
10.7535 -8.75028 -13.4514 0.363985 -0.426248 16.116 
10.8035 -8.83833 -13.5234 0.360977 -0.431296 16.225 
10.8535 -8.92737 -13.5946 0.357908 -0.436275 16.334 
10.9035 -9.0175 -13.6648 0.35477 -0.44118 16.443 
10.9535 -9.1088 -13.7341 0.351557 -0.446006 16.552 
11.0035 -9.20136 -13.8023 0.348262 -0.450751 16.661 
11.0536 -9.29525 -13.8693 0.344881 -0.455409 16.77 
11.1036 -9.39054 -13.9352 0.341408 -0.459979 16.879 
11.1536 -9.48731 -13.9999 0.337839 -0.464457 16.9881 
11.2036 -9.5856 -14.0633 0.334171 -0.468841 17.0972 
11.2536 -9.68547 -14.1254 0.330402 -0.47313 17.2063 
11.3036 -9.78697 -14.1861 0.326529 -0.477322 17.3154 
11.3537 -9.89013 -14.2455 0.322552 -0.481418 17.4247 
11.4037 -9.99497 -14.3035 0.31847 -0.485417 17.534 
11.4537 -10.1015 -14.3601 0.314284 -0.48932 17.6434 
11.5037 -10.2097 -14.4153 0.309997 -0.49313 17.7529 
11.5537 -10.3196 -14.4692 0.305609 -0.496849 17.8625 
11.6037 -10.4312 -14.5217 0.301125 -0.500481 17.9723 
11.6538 -10.5444 -14.5729 0.296549 -0.504029 18.0822 
11.7038 -10.6592 -14.6229 0.291885 -0.507498 18.1923 
11.7538 -10.7755 -14.6717 0.28714 -0.510893 18.3026 
11.8038 -10.8933 -14.7194 0.282319 -0.514221 18.413 
11.8538 -11.0124 -14.766 0.27743 -0.517487 18.5237 
11.9038 -11.1328 -14.8116 0.272479 -0.520699 18.6346 
11.9539 -11.2544 -14.8563 0.267475 -0.523863 18.7457 
12.0039 -11.3771 -14.9002 0.262425 -0.526988 18.857 
12.0539 -11.5007 -14.9434 0.257338 -0.53008 18.9686 
12.1039 -11.6253 -14.986 0.252222 -0.533148 19.0805 
12.1539 -11.7505 -15.028 0.247086 -0.536197 19.1926 
12.2039 -11.8765 -15.0697 0.241936 -0.539237 19.3049 
12.254 -12.0029 -15.111 0.236782 -0.542275 19.4175 
12.304 -12.1298 -15.1521 0.23163 -0.545317 19.5304 
12.354 -12.257 -15.1931 0.226489 -0.54837 19.6435 
12.404 -12.3843 -15.234 0.221365 -0.551441 19.7569 
12.454 -12.5118 -15.275 0.216264 -0.554536 19.8706 
12.504 -12.6393 -15.3161 0.211193 -0.557659 19.9845 
12.554 -12.7666 -15.3574 0.206157 -0.560817 20.0986 
12.6041 -12.8938 -15.399 0.201161 -0.564014 20.213 
12.6541 -13.0207 -15.4409 0.196209 -0.567254 20.3276 
12.7041 -13.1473 -15.4833 0.191305 -0.570541 20.4425 
12.7541 -13.2735 -15.5261 0.186453 -0.573879 20.5575 
12.8041 -13.3993 -15.5694 0.181655 -0.577269 20.6729 
12.8541 -13.5245 -15.6133 0.176914 -0.580716 20.7884 
12.9042 -13.6493 -15.6577 0.172232 -0.584221 20.9041 
12.9542 -13.7734 -15.7028 0.167609 -0.587785 21.0201 
13.0042 -13.8969 -15.7486 0.163046 -0.591412 21.1363 
13.0542 -14.0198 -15.795 0.158545 -0.595101 21.2527 
13.1042 -14.1421 -15.8422 0.154104 -0.598854 21.3693 
13.1542 -14.2637 -15.8902 0.149724 -0.602671 21.4861 
13.2043 -14.3846 -15.9389 0.145403 -0.606555 21.6032 
13.2543 -14.5049 -15.9884 0.14114 -0.610504 21.7205 
13.3043 -14.6245 -16.0387 0.136934 -0.61452 21.8381 
13.3543 -14.7435 -16.0898 0.132783 -0.618603 21.956 
13.4043 -14.8619 -16.1418 0.128683 -0.622754 22.0742 
13.4543 -14.9797 -16.1946 0.124632 -0.626972 22.1926 
13.5044 -15.097 -16.2483 0.120626 -0.631259 22.3115 
13.5544 -15.2137 -16.3029 0.116661 -0.635614 22.4307 
13.6044 -15.33 -16.3584 0.112733 -0.640038 22.5503 
13.6544 -15.4459 -16.4149 0.108836 -0.644532 22.6704 
13.7044 -15.5613 -16.4723 0.104965 -0.649096 22.791 
13.7544 -15.6765 -16.5306 0.101113 -0.65373 22.9122 
13.8045 -15.7914 -16.59 0.0972721 -0.658435 23.0339 
13.8545 -15.9061 -16.6504 0.0934348 -0.663211 23.1563 
13.9045 -16.0207 -16.7119 0.0895919 -0.668059 23.2795 
13.9545 -16.1352 -16.7744 0.0857335 -0.672977 23.4033 
14.0045 -16.2496 -16.838 0.0818485 -0.677966 23.528 
14.0545 -16.3641 -16.9027 0.077925 -0.683025 23.6535 
14.1045 -16.4786 -16.9686 0.0739504 -0.688152 23.7799 
14.1546 -16.5932 -17.0355 0.0699112 -0.693344 23.9071 
14.2046 -16.7079 -17.1036 0.0657932 -0.698597 24.0352 
14.2546 -16.8225 -17.1728 0.0615818 -0.703904 24.164 
14.3046 -16.937 -17.2431 0.0572629 -0.70926 24.2935 
14.3546 -17.0513 -17.3143 0.0528225 -0.714652 24.4236 
14.4046 -17.1651 -17.3865 0.0482481 -0.72007 24.5538 
14.4547 -17.2781 -17.4593 0.0435294 -0.725495 24.6841 
14.5047 -17.3899 -17.5328 0.0386593 -0.73091 24.8139 
14.5547 -17.5001 -17.6065 0.0336344 -0.736291 24.9428 
14.6047 -17.6081 -17.6803 0.0284572 -0.741611 25.0701 
14.6547 -17.7131 -17.7539 0.0231368 -0.746841 25.1951 
14.7047 -17.8145 -17.8267 0.0176894 -0.751947 25.3171 
14.7548 -17.9113 -17.8985 0.0121397 -0.756895 25.4352 
14.8048 -18.0028 -17.9687 0.00652101 -0.761649 25.5485 
14.8548 -18.088 -18.0369 0.000874697 -0.766177 25.656 
14.9048 -18.1661 -18.1027 -0.00475107 -0.770445 25.757 
14.9548 -18.2364 -18.1656 -0.0103025 -0.774429 25.8504 
15.0048 -18.2982 -18.2252 -0.0157229 -0.778108 25.9359 
15.0549 -18.3512 -18.2814 -0.0209557 -0.781469 26.0128 
15.1049 -18.395 -18.3338 -0.0259471 -0.784509 26.0809 
15.1549 -18.4298 -18.3825 -0.0306489 -0.787233 26.1401 
15.2049 -18.4557 -18.4274 -0.0350212 -0.789654 26.1907 
15.2549 -18.4732 -18.4686 -0.0390341 -0.791794 26.233 
15.3049 -18.4827 -18.5065 -0.0426681 -0.793679 26.2676 
15.355 -18.4851 -18.5411 -0.0459143 -0.795339 26.2952 
15.405 -18.4812 -18.5729 -0.0487744 -0.796807 26.3165 
15.455 -18.4716 -18.6023 -0.0512585 -0.798116 26.3323 
15.505 -18.4574 -18.6295 -0.0533838 -0.799298 26.3436 
15.555 -18.4392 -18.655 -0.0551731 -0.800383 26.351 
15.605 -18.4179 -18.679 -0.0566531 -0.801398 26.3554 
15.655 -18.394 -18.7019 -0.0578523 -0.802367 26.3573 
15.7051 -18.3682 -18.7239 -0.0588004 -0.80331 26.3573 
15.7551 -18.341 -18.7452 -0.0595267 -0.804244 26.3561 
15.8051 -18.3128 -18.7662 -0.0600596 -0.805181 26.3539 
15.8551 -18.284 -18.7868 -0.0604258 -0.806132 26.3513 
15.9051 -18.2549 -18.8073 -0.0606507 -0.807105 26.3483 
15.9551 -18.2257 -18.8277 -0.060757 -0.808106 26.3453 
16.0052 -18.1966 -18.8482 -0.060766 -0.809137 26.3425 
16.0552 -18.1678 -18.8687 -0.0606968 -0.810202 26.3399 
16.1052 -18.1393 -18.8894 -0.0605668 -0.8113 26.3377 
16.1552 -18.1113 -18.9101 -0.0603915 -0.812431 26.3359 
16.2052 -18.0838 -18.931 -0.0601854 -0.813594 26.3346 
16.2552 -18.0569 -18.9519 -0.0599616 -0.814788 26.3338 
16.3053 -18.0306 -18.973 -0.059732 -0.816011 26.3335 
16.3553 -18.0049 -18.9941 -0.0595079 -0.817259 26.3337 
16.4053 -17.9799 -19.0152 -0.0593001 -0.818531 26.3344 
16.4553 -17.9556 -19.0363 -0.0591186 -0.819822 26.3355 
16.5053 -17.9319 -19.0573 -0.0589734 -0.82113 26.3371 
16.5553 -17.9089 -19.0782 -0.0588743 -0.822451 26.3391 
16.6054 -17.8867 -19.0988 -0.0588313 -0.823782 26.3414 
16.6554 -17.8652 -19.1192 -0.0588543 -0.825117 26.3441 
16.7054 -17.8445 -19.1392 -0.0589538 -0.826454 26.3471 
16.7554 -17.8246 -19.1587 -0.0591406 -0.827788 26.3503 
16.8054 -17.8055 -19.1776 -0.0594262 -0.829113 26.3536 
16.8554 -17.7872 -19.1958 -0.0598228 -0.830425 26.3571 
16.9055 -17.7699 -19.2132 -0.0603434 -0.831717 26.3607 
16.9555 -17.7535 -19.2295 -0.0610021 -0.832983 26.3642 
17.0055 -17.7381 -19.2447 -0.0618139 -0.834217 26.3676 
17.0555 -17.7238 -19.2585 -0.0627952 -0.83541 26.3708 
17.1055 -17.7106 -19.2707 -0.0639636 -0.836554 26.3736 
17.1555 -17.6985 -19.281 -0.0653382 -0.837638 26.376 
17.2055 -17.6877 -19.2893 -0.0669396 -0.838653 26.3778 
17.2556 -17.6782 -19.295 -0.0687899 -0.839585 26.3789 
17.3056 -17.6701 -19.2979 -0.0709129 -0.840421 26.3789 
17.3556 -17.6634 -19.2977 -0.073334 -0.841146 26.3778 
17.4056 -17.6583 -19.2937 -0.07608 -0.841742 26.3752 
17.4556 -17.6548 -19.2856 -0.0791793 -0.84219 26.3709 
17.5056 -17.653 -19.2727 -0.0826614 -0.842469 26.3645 
17.5557 -17.6529 -19.2545 -0.0865572 -0.842555 26.3556 
17.6057 -17.6546 -19.2303 -0.0908975 -0.842423 26.3438 
17.6557 -17.6581 -19.1994 -0.0957134 -0.842044 26.3287 
17.7057 -17.6634 -19.1609 -0.101035 -0.841387 26.3097 
17.7557 -17.6705 -19.1141 -0.106891 -0.840421 26.2862 
17.8057 -17.6794 -19.058 -0.113307 -0.839111 26.2576 
17.8558 -17.6899 -18.9917 -0.120305 -0.837422 26.2231 
17.9058 -17.702 -18.9143 -0.1279 -0.835316 26.1822 
17.9558 -17.7154 -18.825 -0.136101 -0.832757 26.134 
18.0058 -17.7299 -18.7228 -0.144907 -0.829712 26.0778 
18.0558 -17.7452 -18.6069 -0.154307 -0.826146 26.0128 
18.1058 -17.7609 -18.4766 -0.164277 -0.822031 25.9382 
18.1559 -17.7765 -18.3314 -0.174777 -0.817344 25.8535 
18.2059 -17.7915 -18.1709 -0.185755 -0.81207 25.7581 
18.2559 -17.8055 -17.995 -0.19714 -0.806199 25.6514 
18.3059 -17.8177 -17.8039 -0.208848 -0.799736 25.5331 
18.3559 -17.8275 -17.5979 -0.220781 -0.792695 25.4033 
18.4059 -17.8343 -17.3778 -0.232825 -0.785101 25.2618 
18.456 -17.8375 -17.1447 -0.244862 -0.776994 25.1091 
18.506 -17.8365 -16.8998 -0.256765 -0.768421 24.9457 
18.556 -17.8307 -16.6448 -0.268406 -0.759444 24.7724 
18.606 -17.8197 -16.3815 -0.279664 -0.75013 24.59 
18.656 -17.8032 -16.1118 -0.290423 -0.740553 24.3997 
18.706 -17.781 -15.8376 -0.300582 -0.730789 24.2027 
18.756 -17.7529 -15.561 -0.310056 -0.720917 24.0003 
18.8061 -17.719 -15.2838 -0.318775 -0.711011 23.7938 
18.8561 -17.6795 -15.0078 -0.326694 -0.70114 23.5847 
18.9061 -17.6344 -14.7346 -0.333785 -0.691367 23.374 
18.9561 -17.5843 -14.4655 -0.34004 -0.681746 23.1629 
19.0061 -17.5294 -14.2016 -0.34547 -0.672322 22.9525 
19.0561 -17.4702 -13.9436 -0.350098 -0.663131 22.7437 
19.1062 -17.4071 -13.6923 -0.353962 -0.654197 22.537 
19.1562 -17.3406 -13.448 -0.357111 -0.645539 22.3332 
19.2062 -17.2712 -13.2108 -0.359597 -0.637164 22.1327 
19.2562 -17.1993 -12.9808 -0.361479 -0.629076 21.9358 
19.3062 -17.1254 -12.7577 -0.362818 -0.621271 21.7426 
19.3562 -17.0497 -12.5413 -0.363674 -0.61374 21.5532 
19.4063 -16.9728 -12.3313 -0.364108 -0.606471 21.3677 
19.4563 -16.8949 -12.1272 -0.364175 -0.599452 21.1861 
19.5063 -16.8163 -11.9286 -0.363929 -0.592665 21.0082 
19.5563 -16.7373 -11.7351 -0.36342 -0.586096 20.8338 
19.6063 -16.6581 -11.5463 -0.362693 -0.579725 20.6629 
19.6563 -16.5788 -11.3615 -0.361789 -0.573538 20.4953 
19.7064 -16.4997 -11.1805 -0.360744 -0.567517 20.3308 
19.7564 -16.4209 -11.0028 -0.359593 -0.561646 20.1691 
19.8064 -16.3424 -10.8281 -0.358362 -0.555912 20.0103 
19.8564 -16.2645 -10.656 -0.357078 -0.550302 19.854 
19.9064 -16.1871 -10.4862 -0.355761 -0.544801 19.7001 
19.9564 -16.1103 -10.3184 -0.354432 -0.5394 19.5485 
20.0065 -16.0343 -10.1523 -0.353105 -0.534088 19.3991 
20.0565 -15.9589 -9.9879 -0.351795 -0.528857 19.2518 
20.1065 -15.8844 -9.82485 -0.350512 -0.523697 19.1064 
20.1565 -15.8106 -9.66302 -0.349265 -0.518601 18.9628 
20.2065 -15.7376 -9.5023 -0.348063 -0.513564 18.821 
20.2565 -15.6654 -9.34256 -0.346911 -0.50858 18.681 
20.3065 -15.5941 -9.18374 -0.345813 -0.503645 18.5426 
20.3566 -15.5236 -9.02575 -0.344774 -0.498752 18.4058 
20.4066 -15.4539 -8.86854 -0.343796 -0.4939 18.2706 
20.4566 -15.385 -8.71208 -0.34288 -0.489085 18.1369 
20.5066 -15.3169 -8.55633 -0.342026 -0.484304 18.0047 
20.5566 -15.2497 -8.40129 -0.341235 -0.479555 17.874 
20.6066 -15.1832 -8.24695 -0.340507 -0.474835 17.7448 
20.6567 -15.1175 -8.09331 -0.339839 -0.470144 17.617 
20.7067 -15.0525 -7.94038 -0.33923 -0.465478 17.4906 
20.7567 -14.9883 -7.78818 -0.338678 -0.460838 17.3657 
20.8067 -14.9248 -7.63672 -0.33818 -0.456222 17.2421 
20.8567 -14.862 -7.48604 -0.337734 -0.451629 17.12 
20.9067 -14.7998 -7.33614 -0.337337 -0.447057 16.9992 
20.9568 -14.7383 -7.18708 -0.336984 -0.442506 16.8797 
21.0068 -14.6775 -7.03887 -0.336673 -0.437976 16.7617 
21.0568 -14.6172 -6.89154 -0.3364 -0.433465 16.6449 
21.1068 -14.5574 -6.74512 -0.336161 -0.428973 16.5295 
21.1568 -14.4982 -6.59964 -0.335951 -0.424498 16.4154 
21.2068 -14.4395 -6.45513 -0.335767 -0.420041 16.3025 
21.2569 -14.3813 -6.31161 -0.335605 -0.415601 16.1909 
21.3069 -14.3234 -6.16911 -0.33546 -0.411178 16.0806 
21.3569 -14.266 -6.02766 -0.335329 -0.406769 15.9714 
21.4069 -14.209 -5.88726 -0.335206 -0.402376 15.8635 
21.4569 -14.1523 -5.74795 -0.335087 -0.397997 15.7567 
21.5069 -14.0959 -5.60972 -0.334969 -0.393631 15.6511 
21.557 -14.0398 -5.4726 -0.334847 -0.389278 15.5465 
21.607 -13.9839 -5.33658 -0.334716 -0.384938 15.443 
21.657 -13.9283 -5.20168 -0.334573 -0.380609 15.3405 
21.707 -13.8728 -5.0679 -0.334414 -0.376291 15.239 
21.757 -13.8174 -4.93522 -0.334234 -0.371983 15.1384 
21.807 -13.7622 -4.80364 -0.33403 -0.367685 15.0388 
21.857 -13.707 -4.67314 -0.333798 -0.363396 14.94 
21.9071 -13.6518 -4.54371 -0.333534 -0.359114 14.842 
21.9571 -13.5967 -4.41532 -0.333235 -0.35484 14.7448 
22.0071 -13.5416 -4.28796 -0.332897 -0.350573 14.6483 
22.0571 -13.4863 -4.16157 -0.332516 -0.346312 14.5524 
22.1071 -13.431 -4.03613 -0.332091 -0.342056 14.4572 
22.1571 -13.3756 -3.91159 -0.331617 -0.337805 14.3625 
22.2072 -13.3201 -3.78791 -0.331092 -0.333557 14.2684 
22.2572 -13.2643 -3.66503 -0.330514 -0.329314 14.1747 
22.3072 -13.2083 -3.54288 -0.329879 -0.325073 14.0814 
22.3572 -13.1521 -3.42141 -0.329186 -0.320834 13.9885 
22.4072 -13.0956 -3.30053 -0.328433 -0.316598 13.8959 
22.4572 -13.0388 -3.18017 -0.327617 -0.312363 13.8035 
22.5073 -12.9816 -3.06025 -0.326737 -0.308129 13.7113 
22.5573 -12.9241 -2.94066 -0.325793 -0.303896 13.6193 
22.6073 -12.8662 -2.82131 -0.324782 -0.299664 13.5273 
22.6573 -12.8077 -2.7021 -0.323705 -0.295434 13.4354 
22.7073 -12.7488 -2.5829 -0.322562 -0.291204 13.3436 
22.7573 -12.6894 -2.46361 -0.321352 -0.286976 13.2516 
22.8074 -12.6294 -2.34408 -0.320077 -0.28275 13.1597 
22.8574 -12.5688 -2.2242 -0.318738 -0.278527 13.0676 
22.9074 -12.5075 -2.10381 -0.317337 -0.274307 12.9754 
22.9574 -12.4455 -1.98278 -0.315877 -0.270092 12.883 
23.0074 -12.3827 -1.86096 -0.31436 -0.265884 12.7905 
23.0574 -12.3192 -1.7382 -0.312791 -0.261684 12.6979 
23.1075 -12.2548 -1.61434 -0.311176 -0.257494 12.6051 
23.1575 -12.1895 -1.48924 -0.309519 -0.253316 12.5122 
23.2075 -12.1232 -1.36273 -0.307829 -0.249154 12.4193 
23.2575 -12.0559 -1.23468 -0.306112 -0.245011 12.3263 
23.3075 -11.9875 -1.10494 -0.304379 -0.24089 12.2333 
23.3575 -11.918 -0.973386 -0.302639 -0.236795 12.1405 
23.4075 -11.8473 -0.839899 -0.300904 -0.232731 12.0479 
23.4576 -11.7754 -0.704367 -0.299186 -0.228701 11.9556 
23.5076 -11.7023 -0.566715 -0.297498 -0.224712 11.8638 
23.5576 -11.6278 -0.426881 -0.295856 -0.220768 11.7726 
23.6076 -11.552 -0.284835 -0.294274 -0.216874 11.6822 
23.6576 -11.4749 -0.140574 -0.292769 -0.213036 11.5927 
23.7076 -11.3963 0.0058722 -0.291357 -0.209261 11.5045 
23.7577 -11.3164 0.15443 -0.290055 -0.205552 11.4176 
23.8077 -11.2351 0.305008 -0.28888 -0.201916 11.3323 
23.8577 -11.1524 0.457458 -0.287848 -0.198358 11.2489 
23.9077 -11.0684 0.611599 -0.286975 -0.194882 11.1675 
23.9577 -10.9831 0.767214 -0.286276 -0.191493 11.0884 
24.0077 -10.8966 0.924051 -0.285765 -0.188194 11.0118 
24.0578 -10.8089 1.08183 -0.285454 -0.184987 10.9378 
24.1078 -10.7202 1.24023 -0.285352 -0.181876 10.8667 
24.1578 -10.6305 1.39893 -0.285469 -0.17886 10.7986 
24.2078 -10.54 1.5576 -0.285808 -0.175939 10.7336 
24.2578 -10.4486 1.71586 -0.286374 -0.173114 10.6719 
24.3078 -10.3567 1.87338 -0.287168 -0.170382 10.6135 
24.3579 -10.2642 2.02981 -0.288187 -0.16774 10.5585 
24.4079 -10.1713 2.18482 -0.289427 -0.165185 10.5068 
24.4579 -10.0782 2.33809 -0.290882 -0.162713 10.4584 
24.5079 -9.98492 2.48935 -0.292544 -0.160318 10.4133 
24.5579 -9.8916 2.63834 -0.294402 -0.157996 10.3713 
24.6079 -9.79834 2.78484 -0.296445 -0.15574 10.3325 
24.658 -9.70526 2.92866 -0.298661 -0.153544 10.2966 
24.708 -9.61242 3.06965 -0.301034 -0.151403 10.2634 
24.758 -9.51992 3.2077 -0.303553 -0.14931 10.2329 
24.808 -9.42782 3.34272 -0.306201 -0.147258 10.2048 
24.858 -9.33617 3.47468 -0.308965 -0.145242 10.179 
24.908 -9.24504 3.60356 -0.311831 -0.143256 10.1553 
24.958 -9.15444 3.72937 -0.314785 -0.141295 10.1335 
25.0081 -9.0644 3.85215 -0.317814 -0.139353 10.1134 
25.0581 -8.97496 3.97197 -0.320906 -0.137426 10.0948 
25.1081 -8.88611 4.08889 -0.32405 -0.13551 10.0776 
25.1581 -8.79787 4.20301 -0.327236 -0.133601 10.0616 
25.2081 -8.71022 4.31444 -0.330453 -0.131695 10.0467 
25.2581 -8.62316 4.4233 -0.333692 -0.12979 10.0327 
25.3082 -8.53667 4.5297 -0.336948 -0.127883 10.0196 
25.3582 -8.45075 4.63378 -0.340212 -0.12597 10.0071 
25.4082 -8.36536 4.73564 -0.343479 -0.124052 9.99512 
25.4582 -8.28049 4.83544 -0.346743 -0.122125 9.98367 
25.5082 -8.19611 4.93329 -0.35 -0.120189 9.97261 
25.5582 -8.1122 5.02931 -0.353247 -0.118242 9.96186 
25.6083 -8.02872 5.12365 -0.356481 -0.116284 9.95135 
25.6583 -7.94565 5.2164 -0.359698 -0.114314 9.94103 
25.7083 -7.86295 5.30769 -0.362897 -0.11233 9.93083 
25.7583 -7.7806 5.39762 -0.366077 -0.110334 9.92073 
25.8083 -7.69856 5.48632 -0.369236 -0.108323 9.91066 
25.8583 -7.61681 5.57386 -0.372374 -0.106299 9.90062 
25.9084 -7.53529 5.66037 -0.375489 -0.10426 9.89055 
25.9584 -7.45399 5.74593 -0.378582 -0.102208 9.88045 
26.0084 -7.37285 5.83063 -0.381652 -0.10014 9.87029 
26.0584 -7.29185 5.91455 -0.3847 -0.098058 9.86005 
26.1084 -7.21094 5.99779 -0.387725 -0.0959609 9.84972 
26.1584 -7.13007 6.08042 -0.390728 -0.0938487 9.83929 
26.2085 -7.0492 6.16251 -0.393708 -0.091721 9.82875 
26.2585 -6.96828 6.24416 -0.396666 -0.0895775 9.8181 
26.3085 -6.88724 6.32542 -0.399601 -0.0874179 9.80734 
26.3585 -6.80603 6.40637 -0.402513 -0.0852415 9.79644 
26.4085 -6.72457 6.48708 -0.405401 -0.083048 9.78543 
26.4585 -6.64279 6.56762 -0.408264 -0.0808365 9.77429 
26.5085 -6.56061 6.64804 -0.411099 -0.0786065 9.76301 
26.5586 -6.47794 6.72842 -0.413906 -0.0763572 9.75162 
26.6086 -6.39467 6.80882 -0.416679 -0.0740876 9.74009 
26.6586 -6.31069 6.88928 -0.419416 -0.0717969 9.72843 
26.7086 -6.22587 6.96987 -0.42211 -0.0694844 9.71663 
26.7586 -6.14008 7.05061 -0.424754 -0.0671491 9.7047 
26.8086 -6.05317 7.13155 -0.42734 -0.0647904 9.69263 
26.8587 -5.96499 7.2127 -0.429857 -0.0624079 9.68041 
26.9087 -5.87536 7.29407 -0.432291 -0.060001 9.66803 
26.9587 -5.7841 7.37564 -0.434627 -0.0575701 9.65548 
27.0087 -5.69102 7.45738 -0.436846 -0.0551158 9.64275 
27.0587 -5.59594 7.53922 -0.438927 -0.0526394 9.62981 
27.1087 -5.49867 7.62105 -0.440843 -0.0501431 9.61666 
27.1588 -5.39901 7.70273 -0.442566 -0.0476301 9.60326 
27.2088 -5.29681 7.78407 -0.444063 -0.045105 9.58959 
27.2588 -5.19191 7.86481 -0.445296 -0.0425733 9.57561 
27.3088 -5.0842 7.94465 -0.446226 -0.0400428 9.56128 
27.3588 -4.97363 8.02322 -0.446809 -0.0375227 9.54657 
27.4088 -4.86017 8.10009 -0.447 -0.0350243 9.53143 
27.4589 -4.74391 8.17477 -0.446753 -0.0325607 9.51582 
27.5089 -4.62499 8.24669 -0.446022 -0.030147 9.49969 
27.5589 -4.50367 8.31525 -0.444765 -0.0277999 9.48299 
27.6089 -4.38029 8.37984 -0.442943 -0.0255373 9.46569 
27.6589 -4.25532 8.43981 -0.440524 -0.0233781 9.44776 
27.7089 -4.12931 8.49453 -0.437485 -0.0213413 9.42917 
27.759 -4.00291 8.5434 -0.433816 -0.0194454 9.4099 
27.809 -3.87684 8.58593 -0.429517 -0.0177076 9.38995 
27.859 -3.75188 8.62168 -0.424602 -0.0161428 9.36933 
27.909 -3.62881 8.65036 -0.419101 -0.014763 9.34806 
27.959 -3.5084 8.67181 -0.413055 -0.0135766 9.32619 
28.009 -3.39138 8.68601 -0.406517 -0.0125883 9.30376 
28.059 -3.27841 8.69309 -0.39955 -0.0117985 9.28083 
28.1091 -3.17003 8.69333 -0.392223 -0.0112036 9.25747 
28.1591 -3.06668 8.68711 -0.384609 -0.0107964 9.23376 
28.2091 -2.96866 8.67492 -0.376781 -0.0105665 9.20976 
28.2591 -2.87616 8.65732 -0.368811 -0.010501 9.18556 
28.3091 -2.78922 8.63492 -0.360766 -0.010585 9.16121 
28.3591 -2.7078 8.60835 -0.352705 -0.0108027 9.13678 
28.4092 -2.63174 8.57822 -0.344683 -0.0111379 9.11233 
28.4592 -2.56083 8.54515 -0.336743 -0.0115743 9.08791 
28.5092 -2.49477 8.50968 -0.328922 -0.0120965 9.06356 
28.5592 -2.43325 8.47233 -0.321248 -0.01269 9.03931 
28.6092 -2.37591 8.43356 -0.313744 -0.0133414 9.01518 
28.6592 -2.3224 8.39376 -0.306421 -0.0140389 8.9912 
28.7093 -2.27237 8.35329 -0.299291 -0.0147719 8.96738 
28.7593 -2.22546 8.31243 -0.292355 -0.0155314 8.94372 
28.8093 -2.18135 8.27141 -0.285614 -0.0163095 8.92023 
28.8593 -2.13973 8.23044 -0.279065 -0.0170999 8.89691 
28.9093 -2.10031 8.18966 -0.272701 -0.0178971 8.87375 
28.9593 -2.06282 8.14921 -0.266516 -0.0186966 8.85076 
29.0094 -2.02704 8.10915 -0.2605 -0.0194952 8.82792 
29.0594 -1.99274 8.06956 -0.254645 -0.0202899 8.80522 
29.1094 -1.95974 8.03048 -0.248939 -0.0210787 8.78266 
29.1594 -1.92787 7.99193 -0.243373 -0.0218601 8.76023 
29.2094 -1.89698 7.95394 -0.237938 -0.0226329 8.73793 
29.2594 -1.86693 7.9165 -0.232623 -0.0233963 8.71573 
29.3095 -1.83762 7.8796 -0.227419 -0.02415 8.69364 
29.3595 -1.80894 7.84323 -0.222318 -0.0248936 8.67165 
29.4095 -1.78081 7.80738 -0.21731 -0.0256272 8.64975 
29.4595 -1.75314 7.77203 -0.212389 -0.0263509 8.62792 
29.5095 -1.72588 7.73714 -0.207547 -0.0270648 8.60618 
29.5595 -1.69897 7.7027 -0.202777 -0.0277694 8.5845 
29.6095 -1.67236 7.66869 -0.198073 -0.0284648 8.56288 
29.6596 -1.646 7.63508 -0.19343 -0.0291516 8.54133 
29.7096 -1.61986 7.60184 -0.188841 -0.0298301 8.51982 
29.7596 -1.5939 7.56895 -0.184302 -0.0305008 8.49837 
29.8096 -1.56811 7.53638 -0.179809 -0.0311641 8.47695 
29.8596 -1.54245 7.50412 -0.175358 -0.0318205 8.45558 
29.9096 -1.51691 7.47215 -0.170944 -0.0324703 8.43425 
29.9597 -1.49147 7.44044 -0.166566 -0.033114 8.41294 
30.0097 -1.46611 7.40898 -0.162219 -0.033752 8.39167 
30.0597 -1.44082 7.37774 -0.1579 -0.0343846 8.37043 
30.1097 -1.4156 7.34671 -0.153608 -0.0350122 8.34922 
30.1597 -1.39042 7.31588 -0.14934 -0.0356352 8.32802 
30.2097 -1.36529 7.28523 -0.145093 -0.0362538 8.30685 
30.2598 -1.34019 7.25475 -0.140867 -0.0368684 8.2857 
30.3098 -1.31513 7.22442 -0.136659 -0.0374792 8.26456 
30.3598 -1.29009 7.19424 -0.132468 -0.0380865 8.24344 
30.4098 -1.26507 7.16419 -0.128292 -0.0386906 8.22234 
30.4598 -1.24006 7.13427 -0.124129 -0.0392917 8.20125 
30.5098 -1.21508 7.10445 -0.11998 -0.03989 8.18017 
30.5599 -1.1901 7.07475 -0.115843 -0.0404856 8.15911 
30.6099 -1.16513 7.04514 -0.111716 -0.0410789 8.13805 
30.6599 -1.14017 7.01562 -0.107599 -0.0416699 8.117 
30.7099 -1.11522 6.98619 -0.103491 -0.0422588 8.09597 
30.7599 -1.09027 6.95683 -0.0993915 -0.0428457 8.07494 
30.8099 -1.06532 6.92755 -0.0952996 -0.0434309 8.05392 
30.86 -1.04038 6.89833 -0.0912148 -0.0440143 8.0329 
30.91 -1.01543 6.86918 -0.0871365 -0.0445962 8.0119 
30.96 -0.990489 6.84008 -0.0830642 -0.0451767 7.99089 
