0.795110 0.873248 0.873248 0.831685
0.795062 0.873305 0.873305 0.831654
0.795043 0.873336 0.873336 0.831623
0.795094 0.873483 0.873483 0.831686
0.795046 0.873528 0.873553 0.831655
0.794998 0.873585 0.873610 0.831624
0.794980 0.873615 0.873641 0.831593
0.794931 0.873672 0.873698 0.831561
0.794982 0.873820 0.873845 0.831625
0.794964 0.873850 0.873876 0.831594
0.794916 0.873895 0.873946 0.831563
0.794868 0.873952 0.874003 0.831532
0.794820 0.874009 0.874060 0.831501
0.794801 0.874040 0.874091 0.831470
0.794841 0.874184 0.874235 0.831565
0.794793 0.874241 0.874292 0.831534
0.794775 0.874259 0.874335 0.831502
0.794727 0.874316 0.874392 0.831471
0.794679 0.874373 0.874450 0.831440
0.794730 0.874521 0.874597 0.831504
0.794712 0.874551 0.874628 0.831473
0.794664 0.874609 0.874685 0.831442
0.794616 0.874653 0.874755 0.831411
0.794568 0.874711 0.874813 0.831380
0.794649 0.874832 0.874934 0.831444
0.794601 0.874889 0.874991 0.831413
0.794553 0.874946 0.875048 0.831382
0.794535 0.874977 0.875079 0.831351
0.794487 0.875022 0.875149 0.831320
0.794538 0.875169 0.875297 0.831385
0.794491 0.875227 0.875354 0.831354
0.794473 0.875258 0.875385 0.831323
0.794425 0.875315 0.875442 0.831292
0.794377 0.875372 0.875500 0.831261
0.794359 0.875390 0.875543 0.831230
0.794410 0.875538 0.875691 0.831294
0.794363 0.875596 0.875749 0.831263
0.794315 0.875653 0.875806 0.831232
0.794297 0.875684 0.875837 0.831202
0.794249 0.875741 0.875894 0.831171
0.794289 0.875885 0.876038 0.831266
0.794271 0.875903 0.876082 0.831235
0.794223 0.875961 0.876139 0.831204
0.794176 0.876018 0.876197 0.831174
0.794128 0.876076 0.876255 0.831143
0.794209 0.876197 0.876376 0.831207
0.794162 0.876255 0.876433 0.831176
0.794114 0.876300 0.876504 0.831146
0.794096 0.876331 0.876535 0.831115
0.794049 0.876388 0.876592 0.831084
0.794100 0.876536 0.876740 0.831149
0.794053 0.876594 0.876798 0.831118
0.794035 0.876625 0.876829 0.831087
0.793987 0.876670 0.876899 0.831057
0.793940 0.876727 0.876957 0.831026
0.794021 0.876849 0.877078 0.831090
0.793974 0.876906 0.877136 0.831060
0.793927 0.876964 0.877194 0.831029
0.793879 0.877022 0.877251 0.830999
0.793861 0.877040 0.877295 0.830968
0.793913 0.877188 0.877443 0.831033
0.793866 0.877246 0.877501 0.831002
0.793818 0.877304 0.877559 0.830971
0.793801 0.877335 0.877590 0.830941
0.793753 0.877392 0.877648 0.830910
0.793793 0.877536 0.877792 0.831005
0.793776 0.877555 0.877835 0.830975
0.793728 0.877612 0.877893 0.830944
0.793681 0.877670 0.877951 0.830914
0.793634 0.877728 0.878009 0.830883
0.793715 0.877850 0.878130 0.830948
0.793668 0.877907 0.878188 0.830918
0.793621 0.877953 0.878259 0.830887
0.793603 0.877984 0.878290 0.830857
0.793556 0.878042 0.878348 0.830826
0.793608 0.878190 0.878496 0.830891
0.793561 0.878248 0.878554 0.830861
0.793544 0.878279 0.878585 0.830830
0.793496 0.878324 0.878656 0.830800
0.793449 0.878382 0.878714 0.830770
0.793531 0.878504 0.878836 0.830834
0.793484 0.878562 0.878894 0.830804
0.793437 0.878620 0.878951 0.830774
0.793390 0.878678 0.879009 0.830743
0.793373 0.878696 0.879053 0.830713
0.793425 0.878845 0.879202 0.830778
0.793378 0.878903 0.879260 0.830748
0.793360 0.878934 0.879291 0.830717
0.793313 0.878992 0.879349 0.830687
0.793266 0.879050 0.879407 0.830657
0.793306 0.879194 0.879551 0.830752
0.793289 0.879212 0.879595 0.830722
0.793242 0.879270 0.879653 0.830692
0.793195 0.879328 0.879712 0.830661
0.793178 0.879360 0.879743 0.830631
0.793230 0.879508 0.879891 0.830696
0.793183 0.879566 0.879950 0.830666
0.793136 0.879612 0.880020 0.830636
0.793119 0.879643 0.880052 0.830606
0.793072 0.879701 0.880110 0.830576
0.793125 0.879850 0.880259 0.830641
0.793108 0.879881 0.880290 0.830611
0.793061 0.879939 0.880348 0.830581
0.793014 0.879985 0.880419 0.830550
0.792967 0.880043 0.880477 0.830520
0.793049 0.880165 0.880599 0.830586
0.793003 0.880223 0.880658 0.830556
0.792956 0.880281 0.880716 0.830525
0.792909 0.880340 0.880774 0.830495
0.792892 0.880371 0.880806 0.830465
0.792945 0.880507 0.880967 0.830531
0.792898 0.880565 0.881025 0.830501
0.792881 0.880597 0.881057 0.830471
0.792835 0.880655 0.881115 0.830441
0.792788 0.880713 0.881173 0.830411
0.792828 0.880858 0.881317 0.830506
0.792811 0.880876 0.881362 0.830476
0.792764 0.880935 0.881420 0.830446
0.792718 0.880993 0.881478 0.830416
0.792800 0.881115 0.881601 0.830482
0.792754 0.881173 0.881659 0.830452
0.792707 0.881232 0.881717 0.830422
0.792661 0.881277 0.881788 0.830392
0.792644 0.881309 0.881820 0.830362
0.792696 0.881458 0.881969 0.830428
0.792650 0.881516 0.882027 0.830398
0.792633 0.881548 0.882059 0.830368
0.792587 0.881606 0.882118 0.830338
0.792540 0.881665 0.882176 0.830308
0.792593 0.881801 0.882338 0.830374
0.792576 0.881833 0.882370 0.830344
0.792530 0.881891 0.882428 0.830314
0.792484 0.881949 0.882486 0.830284
0.792467 0.881981 0.882518 0.830255
0.792520 0.882130 0.882667 0.830320
0.792474 0.882176 0.882739 0.830290
0.792427 0.882235 0.882797 0.830261
0.792411 0.882266 0.882829 0.830231
0.792365 0.882325 0.882887 0.830201
0.792404 0.882469 0.883031 0.830297
0.792388 0.882501 0.883063 0.830267
0.792342 0.882546 0.883135 0.830237
0.792295 0.882605 0.883193 0.830208
0.792348 0.882754 0.883342 0.830274
0.792332 0.882786 0.883374 0.830244
0.792286 0.882845 0.883433 0.830214
0.792240 0.882903 0.883491 0.830185
0.792194 0.882962 0.883550 0.830155
0.792276 0.883071 0.883685 0.830221
0.792230 0.883130 0.883744 0.830191
0.792184 0.883189 0.883803 0.830162
0.792168 0.883221 0.883835 0.830132
0.792122 0.883279 0.883893 0.830102
0.792175 0.883428 0.884042 0.830168
0.792129 0.883474 0.884114 0.830139
0.792112 0.883506 0.884146 0.830109
0.792066 0.883565 0.884205 0.830080
0.792120 0.883714 0.884354 0.830146
0.792103 0.883746 0.884386 0.830116
0.792057 0.883805 0.884445 0.830087
0.792011 0.883864 0.884503 0.830057
0.791966 0.883910 0.884575 0.830028
0.792035 0.884027 0.884692 0.830124
0.791989 0.884086 0.884751 0.830094
0.791943 0.884145 0.884810 0.830065
0.791927 0.884177 0.884842 0.830035
0.791881 0.884235 0.884901 0.830006
0.791935 0.884372 0.885063 0.830072
0.791889 0.884431 0.885122 0.830043
0.791873 0.884463 0.885154 0.830013
0.791827 0.884522 0.885213 0.829984
0.791880 0.884671 0.885362 0.830050
0.791864 0.884703 0.885394 0.830021
0.791818 0.884762 0.885453 0.829991
0.791773 0.884808 0.885525 0.829962
0.791727 0.884867 0.885584 0.829933
0.791810 0.884990 0.885707 0.829999
0.791764 0.885049 0.885766 0.829970
0.791719 0.885108 0.885825 0.829941
0.791703 0.885140 0.885857 0.829911
0.791657 0.885186 0.885929 0.829882
0.791711 0.885336 0.886078 0.829948
0.791665 0.885395 0.886137 0.829919
0.791649 0.885427 0.886169 0.829890
0.791604 0.885486 0.886228 0.829861
0.791643 0.885630 0.886372 0.829956
0.791628 0.885662 0.886405 0.829927
0.791582 0.885708 0.886476 0.829898
0.791537 0.885767 0.886535 0.829869
0.791491 0.885826 0.886595 0.829840
0.791574 0.885949 0.886717 0.829906
0.791529 0.886008 0.886777 0.829877
0.791483 0.886067 0.886836 0.829848
0.791468 0.886087 0.886881 0.829819
0.791521 0.886237 0.887030 0.829886
0.791476 0.886296 0.887090 0.829856
0.791431 0.886355 0.887149 0.829827
0.791415 0.886387 0.887181 0.829798
0.791369 0.886446 0.887240 0.829769
0.791423 0.886596 0.887390 0.829836
0.791378 0.886642 0.887462 0.829807
0.791362 0.886675 0.887494 0.829778
0.791317 0.886734 0.887553 0.829749
0.791371 0.886884 0.887703 0.829816
0.791355 0.886916 0.887736 0.829787
0.791310 0.886975 0.887795 0.829758
0.791265 0.887021 0.887867 0.829729
0.791206 0.887075 0.887920 0.829729
0.791289 0.887198 0.888044 0.829795
0.791244 0.887257 0.888103 0.829767
0.791199 0.887316 0.888162 0.829738
0.791183 0.887349 0.888195 0.829709
0.791237 0.887499 0.888344 0.829776
0.791192 0.887545 0.888417 0.829747
0.791147 0.887605 0.888476 0.829718
0.791131 0.887637 0.888508 0.829689
0.791086 0.887696 0.888568 0.829660
0.791140 0.887846 0.888718 0.829727
0.791125 0.887879 0.888750 0.829698
0.791080 0.887925 0.888822 0.829669
0.791035 0.887985 0.888882 0.829641
0.791089 0.888135 0.889032 0.829708
0.791074 0.888167 0.889064 0.829679
0.791029 0.888227 0.889124 0.829650
0.790984 0.888286 0.889183 0.829621
0.790968 0.888319 0.889216 0.829593
0.791023 0.888456 0.889379 0.829660
0.790978 0.888515 0.889438 0.829631
0.790933 0.888575 0.889497 0.829602
0.790903 0.888601 0.889524 0.829602
0.790957 0.888751 0.889674 0.829669
0.790913 0.888811 0.889734 0.829641
0.790897 0.888831 0.889779 0.829612
0.790853 0.888890 0.889839 0.829583
0.790808 0.888949 0.889898 0.829555
0.790862 0.889100 0.890048 0.829622
0.790847 0.889132 0.890081 0.829593
0.790802 0.889192 0.890140 0.829565
0.790757 0.889251 0.890200 0.829536
0.790841 0.889362 0.890336 0.829603
0.790797 0.889421 0.890396 0.829575
0.790752 0.889481 0.890455 0.829546
0.790707 0.889540 0.890515 0.829517
0.790791 0.889664 0.890638 0.829585
0.790747 0.889723 0.890698 0.829556
0.790702 0.889770 0.890770 0.829528
0.790658 0.889830 0.890830 0.829499
0.790642 0.889863 0.890863 0.829471
0.790697 0.890013 0.891013 0.829538
0.790652 0.890072 0.891073 0.829510
0.790623 0.890099 0.891099 0.829510
0.790578 0.890159 0.891159 0.829481
0.790633 0.890296 0.891322 0.829549
0.790589 0.890356 0.891382 0.829520
0.790574 0.890389 0.891415 0.829492
0.790529 0.890448 0.891474 0.829463
0.790584 0.890599 0.891625 0.829531
0.790569 0.890632 0.891658 0.829502
0.790524 0.890691 0.891717 0.829474
0.790480 0.890738 0.891790 0.829446
0.790436 0.890798 0.891850 0.829417
0.790520 0.890921 0.891973 0.829485
0.790475 0.890981 0.892033 0.829457
0.790431 0.891041 0.892093 0.829428
0.790416 0.891074 0.892126 0.829400
0.790471 0.891211 0.892289 0.829468
0.790427 0.891271 0.892349 0.829439
0.790383 0.891331 0.892409 0.829411
0.790368 0.891364 0.892442 0.829383
0.790423 0.891514 0.892592 0.829450
0.790378 0.891574 0.892652 0.829422
0.790364 0.891607 0.892685 0.829394
0.790305 0.891648 0.892751 0.829394
0.790261 0.891708 0.892811 0.829366
0.790315 0.891858 0.892962 0.829434
0.790301 0.891891 0.892995 0.829405
0.790257 0.891951 0.893055 0.829377
0.790213 0.892011 0.893115 0.829349
0.790297 0.892122 0.893251 0.829417
0.790253 0.892182 0.893311 0.829389
0.790209 0.892242 0.893371 0.829361
0.790165 0.892301 0.893431 0.829333
0.790249 0.892425 0.893555 0.829400
0.790205 0.892485 0.893615 0.829372
0.790161 0.892545 0.893675 0.829344
0.790147 0.892566 0.893721 0.829316
0.790202 0.892716 0.893871 0.829384
0.790158 0.892776 0.893931 0.829356
0.790114 0.892836 0.893991 0.829328
0.790100 0.892869 0.894025 0.829300
0.790056 0.892929 0.894085 0.829272
0.790111 0.893080 0.894235 0.829340
0.790081 0.893094 0.894275 0.829340
0.790038 0.893154 0.894335 0.829312
0.789994 0.893214 0.894395 0.829284
0.790049 0.893364 0.894546 0.829352
0.790034 0.893398 0.894579 0.829324
0.789991 0.893458 0.894639 0.829296
0.789947 0.893518 0.894699 0.829268
0.790002 0.893656 0.894863 0.829336
0.789988 0.893689 0.894896 0.829309
0.789944 0.893749 0.894956 0.829281
0.789901 0.893809 0.895016 0.829253
0.789985 0.893933 0.895140 0.829321
0.789941 0.893993 0.895200 0.829293
0.789898 0.894041 0.895273 0.829265
0.789854 0.894101 0.895334 0.829237
0.789939 0.894225 0.895458 0.829306
0.789895 0.894285 0.895518 0.829278
0.789852 0.894345 0.895578 0.829250
0.789838 0.894378 0.895611 0.829222
0.789794 0.894439 0.895672 0.829195
0.789850 0.894577 0.895835 0.829263
0.789791 0.894630 0.895889 0.829263
0.789777 0.894663 0.895922 0.829235
0.789733 0.894724 0.895982 0.829207
0.789789 0.894875 0.896133 0.829276
0.789775 0.894908 0.896167 0.829248
0.789731 0.894968 0.896227 0.829220
0.789688 0.895016 0.896300 0.829193
0.789743 0.895167 0.896451 0.829261
0.789729 0.895200 0.896485 0.829233
0.789686 0.895260 0.896545 0.829206
0.789643 0.895321 0.896605 0.829178
0.789728 0.895445 0.896730 0.829247
0.789684 0.895492 0.896803 0.829219
0.789641 0.895553 0.896863 0.829191
0.789598 0.895613 0.896923 0.829164
0.789683 0.895737 0.897048 0.829232
0.789639 0.895798 0.897108 0.829205
0.789596 0.895858 0.897168 0.829177
0.789582 0.895891 0.897202 0.829150
0.789638 0.896030 0.897366 0.829218
0.789579 0.896083 0.897419 0.829218
0.789536 0.896143 0.897480 0.829191
0.789523 0.896177 0.897514 0.829163
0.789578 0.896328 0.897665 0.829232
0.789535 0.896388 0.897725 0.829205
0.789521 0.896422 0.897759 0.829177
0.789478 0.896470 0.897832 0.829150
0.789534 0.896621 0.897983 0.829218
0.789491 0.896681 0.898044 0.829191
0.789477 0.896715 0.898077 0.829163
0.789434 0.896775 0.898138 0.829136
0.789391 0.896836 0.898198 0.829109
0.789477 0.896960 0.898323 0.829177
0.789434 0.897008 0.898396 0.829150
0.789391 0.897068 0.898457 0.829123
0.789348 0.897129 0.898517 0.829095
0.789433 0.897253 0.898642 0.829164
0.789390 0.897314 0.898702 0.829137
0.789347 0.897374 0.898763 0.829110
0.789318 0.897401 0.898789 0.829110
0.789374 0.897539 0.898954 0.829178
0.789331 0.897600 0.899014 0.829151
0.789288 0.897660 0.899075 0.829124
0.789275 0.897694 0.899109 0.829097
0.789331 0.897846 0.899260 0.829166
0.789288 0.897906 0.899320 0.829138
0.789245 0.897954 0.899394 0.829111
0.789232 0.897988 0.899428 0.829084
0.789288 0.898139 0.899579 0.829153
0.789245 0.898200 0.899640 0.829126
0.789232 0.898233 0.899674 0.829099
0.789189 0.898294 0.899734 0.829071
0.789245 0.898445 0.899886 0.829141
0.789203 0.898493 0.899959 0.829113
0.789190 0.898527 0.899993 0.829086
0.789147 0.898588 0.900054 0.829059
0.789203 0.898739 0.900205 0.829128
0.789190 0.898773 0.900239 0.829101
0.789131 0.898826 0.900293 0.829101
0.789089 0.898887 0.900353 0.829074
0.789145 0.899026 0.900518 0.829143
0.789132 0.899060 0.900552 0.829116
0.789089 0.899120 0.900612 0.829089
0.789047 0.899181 0.900673 0.829062
0.789133 0.899306 0.900798 0.829131
0.789090 0.899367 0.900859 0.829104
0.789048 0.899427 0.900920 0.829077
0.789005 0.899475 0.900993 0.829050
0.789091 0.899600 0.901118 0.829120
0.789049 0.899661 0.901179 0.829093
0.789006 0.899722 0.901240 0.829066
0.788993 0.899756 0.901274 0.829039
0.789050 0.899907 0.901425 0.829108
0.789007 0.899968 0.901486 0.829081
0.788965 0.900016 0.901560 0.829054
0.788952 0.900050 0.901594 0.829028
0.789009 0.900202 0.901746 0.829097
0.788950 0.900255 0.901799 0.829097
0.788937 0.900289 0.901833 0.829070
0.788895 0.900350 0.901894 0.829043
0.788951 0.900502 0.902046 0.829113
0.788909 0.900549 0.902119 0.829086
0.788897 0.900584 0.902154 0.829059
0.788854 0.900644 0.902215 0.829032
0.788911 0.900796 0.902366 0.829102
0.788898 0.900830 0.902400 0.829075
0.788856 0.900891 0.902461 0.829048
0.788814 0.900952 0.902522 0.829022
0.788871 0.901091 0.902687 0.829091
0.788858 0.901125 0.902721 0.829064
0.788816 0.901186 0.902782 0.829038
0.788873 0.901338 0.902934 0.829107
0.788860 0.901372 0.902968 0.829081
0.788818 0.901433 0.903029 0.829054
0.788776 0.901494 0.903090 0.829027
0.788833 0.901633 0.903255 0.829097
0.788804 0.901660 0.903281 0.829097
0.788762 0.901721 0.903342 0.829070
0.788720 0.901782 0.903403 0.829044
0.788806 0.901907 0.903529 0.829113
0.788764 0.901968 0.903590 0.829087
0.788722 0.902029 0.903651 0.829060
0.788680 0.902077 0.903725 0.829034
0.788766 0.902202 0.903850 0.829103
0.788725 0.902263 0.903911 0.829077
0.788683 0.902324 0.903972 0.829050
0.788670 0.902358 0.904006 0.829024
0.788727 0.902510 0.904158 0.829094
0.788686 0.902571 0.904219 0.829067
0.788644 0.902620 0.904293 0.829041
0.788632 0.902654 0.904328 0.829014
0.788688 0.902806 0.904480 0.829084
0.788647 0.902867 0.904541 0.829058
0.788605 0.902928 0.904602 0.829031
0.788576 0.902955 0.904629 0.829031
0.788633 0.903107 0.904781 0.829101
0.788592 0.903155 0.904855 0.829075
0.788579 0.903189 0.904889 0.829048
0.788538 0.903251 0.904950 0.829022
0.788595 0.903403 0.905102 0.829092
0.788553 0.903464 0.905164 0.829066
0.788541 0.903498 0.905198 0.829039
0.788598 0.903637 0.905363 0.829109
0.788557 0.903699 0.905424 0.829083
0.788544 0.903733 0.905459 0.829057
0.788503 0.903794 0.905520 0.829030
0.788560 0.903946 0.905672 0.829100
0.788519 0.904008 0.905733 0.829074
0.788507 0.904042 0.905768 0.829048
0.788465 0.904103 0.905829 0.829022
0.788523 0.904243 0.905994 0.829092
0.788511 0.904277 0.906029 0.829066
0.788452 0.904330 0.906082 0.829066
0.788411 0.904392 0.906144 0.829039
0.788468 0.904544 0.906296 0.829110
0.788456 0.904578 0.906330 0.829083
0.788415 0.904640 0.906392 0.829057
0.788374 0.904688 0.906466 0.829031
0.788460 0.904814 0.906591 0.829101
0.788419 0.904875 0.906653 0.829075
0.788378 0.904936 0.906714 0.829049
0.788337 0.904997 0.906775 0.829023
0.788423 0.905123 0.906901 0.829093
0.788382 0.905184 0.906962 0.829067
0.788341 0.905233 0.907037 0.829041
0.788428 0.905358 0.907162 0.829111
0.788387 0.905420 0.907224 0.829085
0.788346 0.905481 0.907285 0.829059
0.788305 0.905542 0.907347 0.829033
0.788391 0.905668 0.907472 0.829104
0.788333 0.905721 0.907525 0.829104
0.788292 0.905770 0.907600 0.829078
0.788281 0.905805 0.907635 0.829052
0.788338 0.905957 0.907787 0.829122
0.788297 0.906018 0.907848 0.829096
0.788256 0.906080 0.907910 0.829070
0.788244 0.906114 0.907945 0.829044
0.788302 0.906267 0.908097 0.829115
0.788261 0.906315 0.908171 0.829089
0.788250 0.906350 0.908206 0.829063
0.788307 0.906503 0.908359 0.829134
0.788267 0.906564 0.908420 0.829108
0.788226 0.906625 0.908482 0.829082
0.788214 0.906660 0.908517 0.829056
0.788272 0.906813 0.908669 0.829127
0.788231 0.906861 0.908743 0.829101
0.788220 0.906896 0.908778 0.829075
0.788179 0.906958 0.908840 0.829049
0.788219 0.907102 0.908984 0.829146
0.788179 0.907163 0.909045 0.829120
0.788167 0.907198 0.909080 0.829094
0.788126 0.907260 0.909142 0.829068
0.788184 0.907399 0.909307 0.829139
0.788173 0.907434 0.909342 0.829113
0.788132 0.907496 0.909404 0.829088
0.788190 0.907648 0.909556 0.829158
0.788150 0.907710 0.909618 0.829133
0.788138 0.907745 0.909653 0.829107
0.788098 0.907807 0.909715 0.829081
0.788156 0.907946 0.909880 0.829152
0.788144 0.907981 0.909915 0.829126
0.788104 0.908043 0.909977 0.829101
0.788063 0.908104 0.910039 0.829075
0.788121 0.908257 0.910191 0.829146
0.788110 0.908292 0.910226 0.829120
0.788052 0.908345 0.910279 0.829120
0.788110 0.908485 0.910445 0.829191
0.788070 0.908546 0.910507 0.829166
0.788059 0.908582 0.910542 0.829140
0.788018 0.908643 0.910603 0.829115
0.788076 0.908796 0.910756 0.829186
0.788065 0.908831 0.910791 0.829160
0.788025 0.908893 0.910853 0.829135
0.787985 0.908941 0.910928 0.829109
0.788043 0.909094 0.911080 0.829180
0.788032 0.909129 0.911115 0.829155
0.787992 0.909191 0.911177 0.829129
0.788050 0.909344 0.911330 0.829200
0.788039 0.909379 0.911365 0.829175
0.787999 0.909440 0.911427 0.829149
0.787959 0.909489 0.911502 0.829124
0.788017 0.909642 0.911654 0.829195
0.787988 0.909669 0.911681 0.829195
0.787948 0.909730 0.911743 0.829170
0.787908 0.909792 0.911804 0.829144
0.787995 0.909918 0.911931 0.829216
0.787955 0.909980 0.911992 0.829190
0.787915 0.910042 0.912054 0.829165
0.787974 0.910182 0.912220 0.829236
0.787963 0.910217 0.912255 0.829211
0.787923 0.910279 0.912317 0.829185
0.787883 0.910341 0.912379 0.829160
0.787970 0.910467 0.912505 0.829231
0.787930 0.910529 0.912567 0.829206
0.787890 0.910590 0.912629 0.829181
0.787851 0.910639 0.912704 0.829156
0.787938 0.910766 0.912830 0.829227
0.787898 0.910828 0.912892 0.829202
0.787859 0.910889 0.912954 0.829176
0.787928 0.911007 0.913071 0.829273
0.787888 0.911069 0.913133 0.829248
0.787848 0.911131 0.913195 0.829223
0.787809 0.911180 0.913270 0.829198
0.787896 0.911306 0.913396 0.829269
0.787857 0.911368 0.913458 0.829244
0.787817 0.911430 0.913520 0.829219
0.787905 0.911556 0.913647 0.829290
0.787865 0.911618 0.913709 0.829265
0.787825 0.911680 0.913771 0.829240
0.787786 0.911729 0.913846 0.829215
0.787874 0.911856 0.913972 0.829287
0.787834 0.911918 0.914034 0.829261
0.787794 0.911980 0.914096 0.829236
0.787784 0.912015 0.914132 0.829211
0.787843 0.912168 0.914285 0.829283
0.787785 0.912221 0.914338 0.829283
0.787745 0.912283 0.914400 0.829258
0.787833 0.912397 0.914539 0.829330
0.787794 0.912459 0.914601 0.829305
0.787754 0.912521 0.914663 0.829280
0.787744 0.912556 0.914699 0.829255
0.787803 0.912709 0.914852 0.829326
0.787763 0.912771 0.914914 0.829301
0.787724 0.912833 0.914976 0.829276
0.787812 0.912947 0.915115 0.829348
0.787773 0.913009 0.915178 0.829323
0.787733 0.913071 0.915240 0.829298
0.787723 0.913106 0.915275 0.829273
0.787782 0.913260 0.915428 0.829345
0.787743 0.913322 0.915491 0.829320
0.787703 0.913384 0.915553 0.829296
0.787791 0.913497 0.915692 0.829368
0.787734 0.913550 0.915745 0.829368
0.787695 0.913613 0.915807 0.829343
0.787684 0.913648 0.915843 0.829318
0.787743 0.913801 0.915996 0.829390
0.787704 0.913863 0.916058 0.829365
0.787665 0.913926 0.916121 0.829340
0.787753 0.914052 0.916247 0.829412
0.787714 0.914101 0.916322 0.829387
0.787675 0.914164 0.916385 0.829363
0.787665 0.914199 0.916420 0.829338
0.787724 0.914353 0.916573 0.829410
0.787685 0.914415 0.916636 0.829385
0.787646 0.914477 0.916698 0.829361
0.787636 0.914513 0.916734 0.829336
0.787695 0.914653 0.916900 0.829408
0.787656 0.914715 0.916962 0.829383
0.787599 0.914768 0.917015 0.829383
0.787687 0.914895 0.917142 0.829456
0.787648 0.914957 0.917204 0.829431
0.787609 0.915019 0.917266 0.829406
0.787599 0.915055 0.917302 0.829382
0.787659 0.915195 0.917468 0.829454
0.787620 0.915258 0.917531 0.829429
0.787581 0.915320 0.917593 0.829405
0.787669 0.915447 0.917720 0.829477
0.787631 0.915509 0.917782 0.829452
0.787592 0.915571 0.917845 0.829428
0.787582 0.915607 0.917880 0.829403
0.787641 0.915760 0.918034 0.829476
0.787603 0.915810 0.918109 0.829451
0.787564 0.915872 0.918171 0.829427
0.787653 0.915999 0.918298 0.829499
0.787595 0.916052 0.918351 0.829499
0.787556 0.916114 0.918414 0.829474
0.787547 0.916150 0.918450 0.829450
0.787606 0.916303 0.918603 0.829522
0.787568 0.916353 0.918678 0.829498
0.787529 0.916415 0.918741 0.829474
0.787618 0.916542 0.918868 0.829546
0.787579 0.916605 0.918930 0.829522
0.787541 0.916667 0.918992 0.829497
0.787629 0.916794 0.919119 0.829570
0.787591 0.916856 0.919182 0.829545
0.787552 0.916906 0.919257 0.829521
0.787514 0.916968 0.919320 0.829497
0.787602 0.917095 0.919447 0.829569
0.787564 0.917158 0.919509 0.829545
0.787507 0.917210 0.919562 0.829545
0.787595 0.917338 0.919689 0.829618
0.787557 0.917400 0.919752 0.829593
0.787519 0.917462 0.919814 0.829569
0.787480 0.917512 0.919890 0.829545
0.787569 0.917639 0.920017 0.829617
0.787531 0.917701 0.920079 0.829593
0.787492 0.917764 0.920142 0.829569
0.787581 0.917891 0.920269 0.829642
0.787543 0.917953 0.920331 0.829617
0.787505 0.918016 0.920394 0.829593
0.787467 0.918066 0.920469 0.829569
0.787555 0.918193 0.920596 0.829642
0.787517 0.918255 0.920659 0.829618
0.787479 0.918318 0.920722 0.829593
0.787568 0.918445 0.920849 0.829666
0.787511 0.918498 0.920901 0.829666
0.787472 0.918560 0.920964 0.829642
0.787533 0.918714 0.921118 0.829715
0.787523 0.918737 0.921167 0.829691
0.787485 0.918800 0.921229 0.829667
0.787447 0.918862 0.921292 0.829643
0.787536 0.918989 0.921419 0.829716
0.787498 0.919052 0.921482 0.829692
0.787460 0.919114 0.921545 0.829668
0.787520 0.919268 0.921698 0.829741
0.787511 0.919291 0.921747 0.829717
0.787473 0.919354 0.921810 0.829693
0.787436 0.919417 0.921873 0.829668
0.787525 0.919544 0.922000 0.829742
0.787487 0.919606 0.922063 0.829718
0.787429 0.919659 0.922115 0.829718
0.787490 0.919813 0.922269 0.829791
0.787481 0.919849 0.922305 0.829767
0.787443 0.919899 0.922381 0.829743
0.787503 0.920053 0.922535 0.829816
0.787494 0.920089 0.922571 0.829792
0.787457 0.920151 0.922634 0.829768
0.787419 0.920214 0.922697 0.829744
0.787479 0.920368 0.922850 0.829817
0.787470 0.920404 0.922887 0.829793
0.787433 0.920454 0.922962 0.829770
0.787493 0.920608 0.923116 0.829843
0.787484 0.920644 0.923152 0.829819
0.787447 0.920707 0.923215 0.829795
0.787409 0.920769 0.923278 0.829771
0.787450 0.920913 0.923422 0.829869
0.787441 0.920950 0.923458 0.829845
0.787404 0.921012 0.923521 0.829821
0.787464 0.921153 0.923688 0.829894
0.787455 0.921190 0.923724 0.829871
0.787418 0.921252 0.923787 0.829847
0.787479 0.921406 0.923941 0.829920
0.787441 0.921469 0.924003 0.829896
0.787432 0.921505 0.924040 0.829873
0.787395 0.921568 0.924103 0.829849
0.787456 0.921709 0.924270 0.829922
0.787447 0.921745 0.924306 0.829899
0.787410 0.921808 0.924369 0.829875
0.787470 0.921962 0.924523 0.829949
0.787433 0.922025 0.924586 0.829925
0.787405 0.922051 0.924612 0.829925
0.787465 0.922205 0.924766 0.829998
0.787428 0.922268 0.924829 0.829975
0.787391 0.922318 0.924905 0.829951
0.787383 0.922354 0.924941 0.829928
0.787443 0.922508 0.925095 0.830001
0.787406 0.922571 0.925158 0.829978
0.787398 0.922608 0.925195 0.829954
0.787458 0.922762 0.925348 0.830028
0.787421 0.922824 0.925411 0.830004
0.787384 0.922887 0.925474 0.829981
0.787474 0.923002 0.925615 0.830054
0.787437 0.923065 0.925678 0.830031
0.787400 0.923128 0.925741 0.830007
0.787391 0.923164 0.925777 0.829984
0.787432 0.923308 0.925921 0.830081
0.787395 0.923371 0.925984 0.830058
0.787358 0.923434 0.926047 0.830034
0.787448 0.923549 0.926188 0.830108
0.787411 0.923612 0.926251 0.830085
0.787374 0.923675 0.926314 0.830061
0.787464 0.923802 0.926441 0.830135
0.787427 0.923865 0.926504 0.830112
0.787390 0.923928 0.926567 0.830088
0.787451 0.924082 0.926721 0.830162
0.787443 0.924119 0.926758 0.830139
0.787406 0.924169 0.926834 0.830115
0.787370 0.924232 0.926897 0.830092
0.787459 0.924360 0.927025 0.830166
0.787423 0.924423 0.927088 0.830143
0.787366 0.924475 0.927141 0.830143
0.787427 0.924629 0.927295 0.830217
0.787419 0.924666 0.927331 0.830193
0.787382 0.924729 0.927395 0.830170
0.787444 0.924870 0.927562 0.830244
0.787435 0.924907 0.927598 0.830221
0.787399 0.924970 0.927661 0.830198
0.787362 0.925033 0.927725 0.830174
0.787423 0.925187 0.927879 0.830248
0.787415 0.925224 0.927915 0.830225
0.787379 0.925287 0.927979 0.830202
0.787440 0.925428 0.928146 0.830276
0.787432 0.925465 0.928183 0.830253
0.787396 0.925528 0.928246 0.830230
0.787437 0.925672 0.928389 0.830327
0.787401 0.925735 0.928452 0.830304
0.787393 0.925772 0.928489 0.830281
0.787454 0.925926 0.928643 0.830355
0.787418 0.925989 0.928707 0.830332
0.787410 0.926013 0.928757 0.830309
0.787374 0.926076 0.928820 0.830286
0.787435 0.926230 0.928974 0.830360
0.787399 0.926293 0.929037 0.830337
0.787391 0.926330 0.929074 0.830314
0.787452 0.926484 0.929228 0.830388
0.787416 0.926547 0.929291 0.830365
0.787408 0.926584 0.929328 0.830342
0.787470 0.926726 0.929496 0.830417
0.787414 0.926778 0.929548 0.830417
0.787377 0.926841 0.929611 0.830394
0.787467 0.926969 0.929739 0.830468
0.787431 0.927033 0.929803 0.830445
0.787395 0.927096 0.929866 0.830422
0.787387 0.927133 0.929903 0.830399
0.787449 0.927287 0.930057 0.830474
0.787413 0.927337 0.930133 0.830451
0.787377 0.927400 0.930197 0.830428
0.787467 0.927529 0.930325 0.830502
0.787431 0.927592 0.930388 0.830480
0.787395 0.927655 0.930451 0.830457
0.787486 0.927783 0.930579 0.830531
0.787450 0.927846 0.930643 0.830508
0.787393 0.927886 0.930708 0.830508
0.787455 0.928040 0.930863 0.830583
0.787448 0.928077 0.930900 0.830560
0.787412 0.928141 0.930963 0.830537
0.787474 0.928295 0.931117 0.830612
0.787466 0.928332 0.931154 0.830589
0.787430 0.928395 0.931218 0.830566
0.787394 0.928458 0.931281 0.830544
0.787457 0.928600 0.931448 0.830618
0.787449 0.928637 0.931486 0.830596
0.787413 0.928700 0.931549 0.830573
0.787476 0.928855 0.931703 0.830648
0.787468 0.928892 0.931740 0.830625
0.787432 0.928955 0.931804 0.830602
0.787474 0.929099 0.931947 0.830700
0.787438 0.929162 0.932011 0.830677
0.787431 0.929186 0.932061 0.830654
0.787493 0.929341 0.932215 0.830729
0.787457 0.929404 0.932279 0.830707
0.787450 0.929441 0.932316 0.830684
0.787512 0.929596 0.932470 0.830759
0.787477 0.929659 0.932534 0.830736
0.787441 0.929722 0.932597 0.830714
0.787532 0.929851 0.932725 0.830789
0.787496 0.929901 0.932802 0.830766
0.787461 0.929964 0.932865 0.830744
0.787454 0.930002 0.932903 0.830721
0.787516 0.930156 0.933057 0.830796
0.787460 0.930209 0.933110 0.830796
0.787424 0.930272 0.933173 0.830773
0.787515 0.930400 0.933301 0.830848
0.787479 0.930464 0.933365 0.830826
0.787444 0.930514 0.933441 0.830803
0.787535 0.930643 0.933570 0.830878
0.787500 0.930706 0.933633 0.830856
0.787464 0.930769 0.933697 0.830834
0.787527 0.930924 0.933851 0.830909
0.787520 0.930961 0.933888 0.830886
0.787485 0.931025 0.933952 0.830864
0.787547 0.931179 0.934107 0.830939
0.787540 0.931204 0.934157 0.830917
0.787505 0.931267 0.934220 0.830894
0.787547 0.931411 0.934364 0.830992
0.787511 0.931474 0.934428 0.830969
0.787504 0.931512 0.934465 0.830947
0.787469 0.931575 0.934528 0.830925
0.787532 0.931730 0.934683 0.831000
0.787525 0.931767 0.934720 0.830978
0.787490 0.931817 0.934797 0.830955
0.787553 0.931972 0.934952 0.831031
0.787518 0.932036 0.935015 0.831008
0.787511 0.932073 0.935053 0.830986
0.787574 0.932228 0.935207 0.831062
0.787539 0.932291 0.935271 0.831039
0.787504 0.932355 0.935335 0.831017
0.787574 0.932472 0.935452 0.831115
0.787539 0.932523 0.935528 0.831092
0.787504 0.932586 0.935592 0.831070
0.787595 0.932715 0.935720 0.831146
0.787560 0.932778 0.935784 0.831123
0.787525 0.932842 0.935848 0.831101
0.787588 0.932997 0.936002 0.831177
0.787581 0.933034 0.936040 0.831155
0.787547 0.933098 0.936104 0.831133
0.787610 0.933240 0.936271 0.831208
0.787603 0.933277 0.936309 0.831186
0.787569 0.933341 0.936373 0.831164
0.787632 0.933495 0.936527 0.831239
0.787597 0.933559 0.936591 0.831217
0.787569 0.933585 0.936617 0.831217
0.787632 0.933740 0.936772 0.831293
0.787597 0.933804 0.936836 0.831271
0.787591 0.933828 0.936886 0.831249
0.787556 0.933892 0.936950 0.831227
0.787619 0.934047 0.937105 0.831302
0.787585 0.934110 0.937168 0.831280
0.787579 0.934148 0.937206 0.831259
0.787642 0.934303 0.937361 0.831334
0.787607 0.934366 0.937424 0.831312
0.787601 0.934404 0.937462 0.831290
0.787664 0.934546 0.937630 0.831366
0.787630 0.934609 0.937694 0.831344
0.787574 0.934662 0.937746 0.831344
0.787665 0.934790 0.937875 0.831420
0.787631 0.934854 0.937938 0.831398
0.787596 0.934918 0.938002 0.831376
0.787688 0.935047 0.938131 0.831452
0.787653 0.935110 0.938195 0.831430
0.787619 0.935161 0.938272 0.831408
0.787683 0.935316 0.938426 0.831484
0.787676 0.935354 0.938464 0.831462
0.787642 0.935417 0.938528 0.831440
0.787705 0.935572 0.938683 0.831516
0.787699 0.935610 0.938720 0.831495
0.787665 0.935674 0.938784 0.831473
0.787707 0.935817 0.938928 0.831570
0.787673 0.935868 0.939004 0.831549
0.787667 0.935905 0.939042 0.831527
0.787730 0.936060 0.939197 0.831603
0.787696 0.936124 0.939261 0.831581
0.787690 0.936162 0.939299 0.831560
0.787754 0.936317 0.939454 0.831636
0.787719 0.936381 0.939517 0.831614
0.787685 0.936444 0.939581 0.831592
0.787777 0.936560 0.939723 0.831668
0.787743 0.936624 0.939787 0.831647
0.787709 0.936688 0.939851 0.831625
0.787801 0.936817 0.939980 0.831701
0.787745 0.936869 0.940032 0.831701
0.787711 0.936933 0.940096 0.831679
0.787775 0.937088 0.940251 0.831756
0.787769 0.937126 0.940289 0.831734
0.787735 0.937177 0.940366 0.831712
0.787799 0.937332 0.940521 0.831789
0.787793 0.937369 0.940558 0.831767
0.787759 0.937433 0.940622 0.831746
0.787823 0.937588 0.940777 0.831822
0.787789 0.937652 0.940841 0.831800
0.787784 0.937690 0.940879 0.831779
0.787848 0.937845 0.941034 0.831855
0.787814 0.937896 0.941111 0.831834
0.787786 0.937922 0.941137 0.831834
0.787850 0.938077 0.941292 0.831910
0.787816 0.938141 0.941356 0.831888
0.787783 0.938205 0.941420 0.831867
0.787875 0.938334 0.941549 0.831943
0.787841 0.938398 0.941613 0.831922
0.787808 0.938462 0.941677 0.831901
0.787900 0.938578 0.941819 0.831977
0.787866 0.938642 0.941883 0.831956
0.787833 0.938706 0.941947 0.831934
0.787897 0.938861 0.942102 0.832011
0.787891 0.938899 0.942140 0.831989
0.787835 0.938951 0.942193 0.831989
0.787899 0.939106 0.942348 0.832066
0.787894 0.939144 0.942386 0.832044
0.787861 0.939195 0.942463 0.832023
0.787925 0.939350 0.942618 0.832100
0.787892 0.939414 0.942682 0.832078
0.787886 0.939452 0.942720 0.832057
0.787950 0.939607 0.942875 0.832134
0.787917 0.939671 0.942939 0.832112
0.787912 0.939709 0.942977 0.832091
0.787976 0.939864 0.943132 0.832168
0.787943 0.939928 0.943196 0.832147
0.787910 0.939979 0.943273 0.832126
0.787979 0.940097 0.943390 0.832223
0.787946 0.940161 0.943455 0.832202
0.787913 0.940225 0.943519 0.832181
0.788005 0.940354 0.943648 0.832258
0.787972 0.940418 0.943712 0.832237
0.787939 0.940482 0.943776 0.832215
0.788003 0.940637 0.943931 0.832292
0.787998 0.940662 0.943982 0.832271
0.787965 0.940726 0.944047 0.832250
0.788030 0.940882 0.944202 0.832327
0.788024 0.940920 0.944240 0.832306
0.787991 0.940984 0.944304 0.832285
0.788033 0.941127 0.944447 0.832382
0.788000 0.941191 0.944511 0.832361
0.787995 0.941229 0.944549 0.832340
0.788060 0.941372 0.944718 0.832417
0.788027 0.941436 0.944782 0.832396
0.788022 0.941474 0.944820 0.832375
0.788087 0.941629 0.944975 0.832452
0.788054 0.941693 0.945039 0.832431
0.788021 0.941757 0.945104 0.832410
0.788113 0.941887 0.945233 0.832487
0.788081 0.941951 0.945297 0.832466
0.788048 0.942015 0.945361 0.832445
0.788141 0.942131 0.945504 0.832522
0.788085 0.942183 0.945556 0.832522
0.788052 0.942247 0.945620 0.832501
0.788117 0.942403 0.945775 0.832578
0.788112 0.942441 0.945813 0.832558
0.788080 0.942505 0.945878 0.832537
0.788144 0.942660 0.946033 0.832614
0.788139 0.942698 0.946071 0.832593
0.788107 0.942750 0.946148 0.832572
0.788172 0.942905 0.946304 0.832649
0.788139 0.942969 0.946368 0.832628
0.788135 0.943007 0.946406 0.832608
0.788199 0.943163 0.946562 0.832685
0.788144 0.943215 0.946614 0.832685
0.788139 0.943253 0.946652 0.832664
0.788204 0.943409 0.946807 0.832741
0.788172 0.943460 0.946885 0.832720
0.788140 0.943524 0.946949 0.832700
0.788232 0.943653 0.947078 0.832777
0.788200 0.943718 0.947143 0.832756
0.788265 0.943873 0.947298 0.832833
0.788260 0.943911 0.947336 0.832813
0.788228 0.943976 0.947401 0.832792
0.788293 0.944131 0.947556 0.832869
0.788261 0.944195 0.947620 0.832849
0.788233 0.944208 0.947659 0.832849
0.788298 0.944364 0.947815 0.832926
0.788266 0.944428 0.947879 0.832906
0.788262 0.944466 0.947918 0.832885
0.788327 0.944622 0.948073 0.832962
0.788295 0.944686 0.948137 0.832942
0.788263 0.944750 0.948202 0.832921
0.788355 0.944880 0.948331 0.832999
0.788324 0.944931 0.948409 0.832978
0.788292 0.944995 0.948473 0.832958
0.788384 0.945125 0.948602 0.833035
0.788352 0.945189 0.948667 0.833015
0.788297 0.945241 0.948719 0.833015
0.788362 0.945397 0.948874 0.833092
0.788358 0.945435 0.948913 0.833072
0.788326 0.945499 0.948977 0.833051
0.788391 0.945655 0.949133 0.833129
0.788387 0.945680 0.949184 0.833108
0.788356 0.945745 0.949248 0.833088
0.788421 0.945900 0.949404 0.833165
0.788389 0.945965 0.949468 0.833145
0.788385 0.946003 0.949507 0.833125
0.788450 0.946159 0.949662 0.833202
0.788419 0.946223 0.949727 0.833182
0.788488 0.946340 0.949844 0.833280
0.788457 0.946392 0.949921 0.833260
0.788425 0.946456 0.949986 0.833239
0.788490 0.946612 0.950141 0.833317
0.788486 0.946650 0.950180 0.833297
0.788455 0.946714 0.950244 0.833276
0.788520 0.946870 0.950400 0.833354
0.788516 0.946908 0.950438 0.833334
0.788485 0.946973 0.950503 0.833314
0.788550 0.947128 0.950658 0.833391
0.788519 0.947180 0.950736 0.833371
0.788515 0.947218 0.950774 0.833351
0.788557 0.947362 0.950917 0.833449
0.788525 0.947426 0.950982 0.833429
0.788494 0.947490 0.951046 0.833408
0.788587 0.947620 0.951176 0.833486
0.788556 0.947684 0.951241 0.833466
0.788524 0.947749 0.951305 0.833446
0.788618 0.947866 0.951448 0.833524
0.788586 0.947930 0.951512 0.833504
0.788555 0.947995 0.951577 0.833484
0.788621 0.948150 0.951733 0.833562
0.788617 0.948189 0.951771 0.833541
0.788683 0.948345 0.951927 0.833619
0.788628 0.948396 0.951979 0.833619
0.788624 0.948435 0.952017 0.833599
0.788690 0.948591 0.952173 0.833677
0.788659 0.948642 0.952251 0.833657
0.788628 0.948707 0.952315 0.833637
0.788721 0.948836 0.952445 0.833715
0.788690 0.948901 0.952509 0.833695
0.788659 0.948965 0.952574 0.833675
0.788752 0.949095 0.952704 0.833753
0.788721 0.949160 0.952768 0.833733
0.788690 0.949224 0.952833 0.833714
0.788733 0.949354 0.952989 0.833812
0.788729 0.949393 0.953028 0.833792
0.788698 0.949457 0.953092 0.833772
0.788764 0.949613 0.953248 0.833850
0.788761 0.949652 0.953287 0.833830
0.788827 0.949808 0.953442 0.833908
0.788796 0.949872 0.953507 0.833888
0.788765 0.949937 0.953572 0.833868
0.788858 0.950067 0.953701 0.833947
0.788828 0.950118 0.953779 0.833927
0.788797 0.950183 0.953844 0.833907
0.788890 0.950313 0.953974 0.833985
0.788836 0.950365 0.954025 0.833985
0.788805 0.950429 0.954090 0.833965
0.788871 0.950585 0.954246 0.834044
0.788868 0.950624 0.954285 0.834024
0.788837 0.950688 0.954349 0.834004
0.788903 0.950844 0.954505 0.834082
0.788900 0.950870 0.954557 0.834063
0.788967 0.951026 0.954713 0.834141
0.788936 0.951090 0.954777 0.834121
0.788905 0.951155 0.954842 0.834102
0.788999 0.951285 0.954972 0.834180
0.788944 0.951337 0.955024 0.834180
0.788914 0.951401 0.955088 0.834160
0.789007 0.951531 0.955218 0.834239
0.788977 0.951583 0.955296 0.834219
0.788947 0.951647 0.955361 0.834200
0.789013 0.951803 0.955517 0.834278
0.789010 0.951842 0.955555 0.834258
0.788979 0.951907 0.955620 0.834239
0.789046 0.952063 0.955776 0.834317
0.789043 0.952101 0.955815 0.834298
0.789109 0.952257 0.955971 0.834376
0.789055 0.952309 0.956022 0.834376
0.789025 0.952361 0.956100 0.834357
0.789119 0.952491 0.956230 0.834435
0.789088 0.952555 0.956295 0.834416
0.789058 0.952620 0.956360 0.834396
0.789152 0.952750 0.956490 0.834475
0.789122 0.952815 0.956554 0.834456
0.789091 0.952879 0.956619 0.834436
0.789158 0.953035 0.956775 0.834515
0.789155 0.953074 0.956814 0.834495
0.789125 0.953126 0.956892 0.834476
0.789192 0.953282 0.957048 0.834555
0.789165 0.953308 0.957074 0.834555
0.789232 0.953464 0.957229 0.834633
0.789201 0.953529 0.957294 0.834614
0.789171 0.953593 0.957359 0.834595
0.789266 0.953723 0.957489 0.834673
0.789235 0.953788 0.957554 0.834654
0.789205 0.953853 0.957619 0.834635
0.789300 0.953970 0.957762 0.834713
0.789270 0.954035 0.957827 0.834694
0.789240 0.954099 0.957892 0.834675
0.789307 0.954256 0.958047 0.834754
0.789280 0.954281 0.958073 0.834754
0.789347 0.954437 0.958229 0.834832
0.789317 0.954502 0.958294 0.834813
0.789314 0.954541 0.958333 0.834794
0.789381 0.954697 0.958489 0.834873
0.789352 0.954749 0.958567 0.834854
0.789322 0.954814 0.958632 0.834834
0.789416 0.954944 0.958762 0.834913
0.789386 0.955009 0.958827 0.834894
0.789356 0.955073 0.958892 0.834875
0.789451 0.955204 0.959022 0.834954
0.789396 0.955255 0.959074 0.834954
0.789464 0.955411 0.959229 0.835033
0.789434 0.955463 0.959307 0.835014
0.789432 0.955502 0.959346 0.834995
0.789499 0.955658 0.959502 0.835074
0.789469 0.955723 0.959567 0.835055
0.789467 0.955762 0.959607 0.835036
0.789534 0.955918 0.959763 0.835115
0.789505 0.955983 0.959827 0.835096
0.789475 0.956048 0.959892 0.835077
0.789570 0.956178 0.960023 0.835156
0.789516 0.956217 0.960087 0.835156
0.789583 0.956373 0.960243 0.835235
0.789581 0.956412 0.960282 0.835216
0.789551 0.956477 0.960347 0.835197
0.789619 0.956633 0.960503 0.835276
0.789589 0.956698 0.960568 0.835257
0.789587 0.956737 0.960607 0.835238
0.789654 0.956893 0.960764 0.835317
0.789625 0.956958 0.960828 0.835299
0.789623 0.956984 0.960881 0.835280
0.789691 0.957140 0.961037 0.835359
0.789636 0.957192 0.961088 0.835359
0.789704 0.957348 0.961244 0.835438
0.789702 0.957387 0.961284 0.835419
0.789673 0.957452 0.961349 0.835400
0.789740 0.957608 0.961505 0.835480
0.789738 0.957647 0.961544 0.835461
0.789709 0.957712 0.961609 0.835442
0.789777 0.957855 0.961778 0.835522
0.789748 0.957920 0.961843 0.835503
0.789843 0.958051 0.961973 0.835582
0.789788 0.958102 0.962025 0.835582
0.789759 0.958167 0.962090 0.835563
0.789854 0.958297 0.962220 0.835643
0.789825 0.958362 0.962285 0.835624
0.789796 0.958427 0.962350 0.835605
0.789864 0.958583 0.962506 0.835685
0.789862 0.958610 0.962559 0.835666
0.789930 0.958766 0.962715 0.835746
0.789901 0.958831 0.962780 0.835727
0.789899 0.958870 0.962819 0.835708
0.789967 0.959026 0.962975 0.835788
0.789913 0.959078 0.963027 0.835788
0.789884 0.959143 0.963092 0.835769
0.789979 0.959273 0.963222 0.835849
0.789950 0.959338 0.963287 0.835830
0.789922 0.959390 0.963365 0.835811
0.790017 0.959521 0.963496 0.835891
0.789988 0.959586 0.963561 0.835873
0.790056 0.959742 0.963717 0.835952
0.790027 0.959807 0.963782 0.835934
0.790026 0.959846 0.963822 0.835915
0.790094 0.960002 0.963978 0.835995
0.790040 0.960054 0.964029 0.835995
0.790038 0.960093 0.964069 0.835976
0.790106 0.960236 0.964238 0.836056
0.790078 0.960301 0.964303 0.836037
0.790146 0.960458 0.964459 0.836117
0.790144 0.960497 0.964498 0.836099
0.790116 0.960562 0.964564 0.836080
0.790184 0.960718 0.964720 0.836160
0.790183 0.960758 0.964759 0.836142
0.790154 0.960823 0.964824 0.836123
0.790197 0.960965 0.964967 0.836222
0.790168 0.961030 0.965032 0.836203
0.790264 0.961148 0.965175 0.836283
0.790236 0.961213 0.965241 0.836265
0.790207 0.961278 0.965306 0.836246
0.790303 0.961409 0.965436 0.836326
0.790274 0.961474 0.965501 0.836308
0.790246 0.961539 0.965567 0.836289
0.790314 0.961695 0.965723 0.836369
0.790313 0.961734 0.965762 0.836351
0.790381 0.961891 0.965919 0.836431
0.790328 0.961929 0.965983 0.836431
0.790327 0.961969 0.966022 0.836413
0.790395 0.962125 0.966179 0.836493
0.790367 0.962190 0.966244 0.836475
0.790339 0.962255 0.966309 0.836456
0.790434 0.962386 0.966440 0.836536
0.790406 0.962451 0.966505 0.836518
0.790474 0.962607 0.966661 0.836598
0.790473 0.962647 0.966701 0.836580
0.790446 0.962699 0.966779 0.836562
0.790488 0.962841 0.966921 0.836660
0.790460 0.962906 0.966987 0.836642
0.790459 0.962946 0.967026 0.836624
0.790528 0.963102 0.967182 0.836704
0.790500 0.963167 0.967248 0.836686
0.790596 0.963298 0.967378 0.836766
0.790568 0.963363 0.967444 0.836748
0.790540 0.963428 0.967509 0.836730
0.790609 0.963572 0.967678 0.836810
0.790608 0.963611 0.967718 0.836792
0.790554 0.963663 0.967769 0.836792
0.790623 0.963819 0.967925 0.836872
0.790622 0.963859 0.967965 0.836854
0.790691 0.964015 0.968121 0.836934
0.790663 0.964080 0.968186 0.836916
0.790635 0.964145 0.968252 0.836898
0.790731 0.964276 0.968382 0.836979
0.790704 0.964328 0.968461 0.836961
0.790773 0.964485 0.968617 0.837041
0.790772 0.964524 0.968657 0.837023
0.790744 0.964589 0.968722 0.837005
0.790787 0.964732 0.968864 0.837104
0.790759 0.964797 0.968930 0.837086
0.790759 0.964837 0.968969 0.837068
0.790828 0.964993 0.969126 0.837148
0.790800 0.965058 0.969191 0.837130
0.790896 0.965189 0.969322 0.837211
0.790869 0.965241 0.969400 0.837193
0.790841 0.965307 0.969465 0.837175
0.790910 0.965463 0.969622 0.837255
0.790910 0.965503 0.969661 0.837238
0.790953 0.965645 0.969804 0.837336
0.790925 0.965710 0.969869 0.837318
0.790925 0.965750 0.969909 0.837300
0.790994 0.965907 0.970065 0.837381
0.790967 0.965972 0.970130 0.837363
0.790940 0.966024 0.970209 0.837345
0.791036 0.966155 0.970340 0.837426
0.791008 0.966220 0.970405 0.837408
0.791078 0.966377 0.970561 0.837489
0.791077 0.966416 0.970601 0.837471
0.791024 0.966467 0.970652 0.837471
0.791093 0.966624 0.970809 0.837552
0.791066 0.966689 0.970874 0.837534
0.791065 0.966729 0.970914 0.837516
0.791135 0.966872 0.971083 0.837597
0.791108 0.966938 0.971149 0.837579
0.791204 0.967069 0.971280 0.837660
0.791177 0.967134 0.971345 0.837643
0.791150 0.967199 0.971410 0.837625
0.791219 0.967356 0.971567 0.837706
0.791193 0.967381 0.971592 0.837706
0.791262 0.967538 0.971749 0.837787
0.791235 0.967603 0.971814 0.837769
0.791235 0.967643 0.971854 0.837751
0.791305 0.967787 0.972023 0.837832
0.791278 0.967852 0.972089 0.837815
0.791348 0.968008 0.972245 0.837896
0.791347 0.968048 0.972285 0.837878
0.791321 0.968113 0.972351 0.837861
0.791390 0.968270 0.972507 0.837941
0.791364 0.968296 0.972533 0.837941
0.791337 0.968361 0.972598 0.837924
0.791406 0.968517 0.972755 0.838005
0.791380 0.968570 0.972833 0.837987
0.791476 0.968701 0.972964 0.838068
0.791450 0.968766 0.973029 0.838051
0.791423 0.968831 0.973095 0.838034
0.791519 0.968963 0.973226 0.838115
0.791493 0.969028 0.973291 0.838097
0.791563 0.969185 0.973448 0.838178
0.791509 0.969236 0.973499 0.838178
0.791509 0.969275 0.973539 0.838161
0.791579 0.969432 0.973695 0.838242
0.791553 0.969484 0.973774 0.838225
0.791553 0.969524 0.973814 0.838207
0.791623 0.969681 0.973970 0.838288
0.791597 0.969746 0.974036 0.838271
0.791666 0.969903 0.974192 0.838352
0.791667 0.969943 0.974232 0.838335
0.791640 0.970008 0.974298 0.838318
0.791683 0.970150 0.974440 0.838416
0.791684 0.970190 0.974480 0.838399
0.791754 0.970334 0.974649 0.838480
0.791728 0.970399 0.974715 0.838463
0.791701 0.970464 0.974780 0.838446
0.791798 0.970596 0.974911 0.838527
0.791772 0.970661 0.974977 0.838510
0.791842 0.970818 0.975133 0.838591
0.791842 0.970858 0.975173 0.838574
0.791789 0.970909 0.975224 0.838574
0.791859 0.971065 0.975381 0.838655
0.791833 0.971131 0.975446 0.838638
0.791930 0.971249 0.975591 0.838719
0.791904 0.971314 0.975656 0.838702
0.791878 0.971380 0.975722 0.838685
0.791975 0.971511 0.975853 0.838766
0.791949 0.971576 0.975918 0.838749
0.792019 0.971733 0.976075 0.838831
0.791993 0.971798 0.976140 0.838814
0.791966 0.971824 0.976166 0.838814
0.792037 0.971981 0.976322 0.838895
0.792011 0.972046 0.976388 0.838878
0.792012 0.972073 0.976441 0.838861
0.792082 0.972230 0.976598 0.838943
0.792056 0.972295 0.976663 0.838926
0.792126 0.972452 0.976820 0.839007
0.792127 0.972492 0.976860 0.838990
0.792101 0.972557 0.976925 0.838973
0.792172 0.972714 0.977082 0.839055
0.792145 0.972740 0.977108 0.839055
0.792216 0.972896 0.977264 0.839136
0.792190 0.972949 0.977343 0.839119
0.792165 0.973014 0.977408 0.839102
0.792262 0.973146 0.977540 0.839184
0.792236 0.973211 0.977605 0.839167
0.792306 0.973368 0.977762 0.839249
0.792307 0.973408 0.977802 0.839232
0.792282 0.973473 0.977867 0.839215
0.792325 0.973615 0.978009 0.839314
0.792299 0.973681 0.978075 0.839297
0.792396 0.973812 0.978206 0.839379
0.792371 0.973865 0.978285 0.839362
0.792346 0.973930 0.978350 0.839345
0.792443 0.974062 0.978482 0.839427
0.792417 0.974127 0.978547 0.839410
0.792488 0.974284 0.978704 0.839492
0.792463 0.974349 0.978770 0.839475
0.792464 0.974389 0.978810 0.839458
0.792507 0.974532 0.978952 0.839557
0.792482 0.974597 0.979017 0.839540
0.792579 0.974729 0.979149 0.839622
0.792554 0.974781 0.979227 0.839605
0.792529 0.974846 0.979293 0.839589
0.792600 0.975003 0.979449 0.839670
0.792601 0.975043 0.979490 0.839654
0.792672 0.975200 0.979646 0.839736
0.792646 0.975266 0.979712 0.839719
0.792620 0.975291 0.979737 0.839719
0.792691 0.975448 0.979894 0.839801
0.792666 0.975513 0.979960 0.839784
0.792737 0.975670 0.980117 0.839866
0.792738 0.975697 0.980170 0.839850
0.792713 0.975763 0.980235 0.839833
0.792784 0.975920 0.980392 0.839915
0.792785 0.975960 0.980432 0.839899
0.792857 0.976117 0.980589 0.839981
0.792832 0.976182 0.980655 0.839964
0.792779 0.976233 0.980706 0.839964
0.792876 0.976365 0.980837 0.840046
0.792851 0.976430 0.980903 0.840030
0.792923 0.976587 0.981059 0.840112
0.792924 0.976614 0.981113 0.840095
0.792899 0.976680 0.981178 0.840079
0.792971 0.976837 0.981335 0.840161
0.792946 0.976902 0.981401 0.840145
0.793043 0.977034 0.981532 0.840227
0.792991 0.977084 0.981583 0.840227
0.792966 0.977150 0.981649 0.840210
0.793063 0.977282 0.981780 0.840293
0.793039 0.977347 0.981846 0.840276
0.793110 0.977504 0.982003 0.840358
0.793086 0.977556 0.982081 0.840342
0.793087 0.977597 0.982122 0.840326
0.793159 0.977754 0.982278 0.840408
0.793134 0.977819 0.982344 0.840392
0.793204 0.977936 0.982460 0.840490
0.793179 0.978001 0.982526 0.840474
0.793155 0.978067 0.982592 0.840458
0.793226 0.978224 0.982749 0.840540
0.793228 0.978264 0.982789 0.840524
0.793299 0.978421 0.982946 0.840606
0.793275 0.978474 0.983025 0.840590
0.793277 0.978514 0.983065 0.840574
0.793348 0.978671 0.983222 0.840656
0.793296 0.978722 0.983272 0.840656
0.793368 0.978879 0.983429 0.840738
0.793369 0.978919 0.983470 0.840722
0.793345 0.978984 0.983535 0.840706
0.793417 0.979141 0.983692 0.840788
0.793419 0.979182 0.983733 0.840772
0.793490 0.979339 0.983890 0.840855
0.793466 0.979391 0.983968 0.840839
0.793538 0.979548 0.984125 0.840921
0.793512 0.979574 0.984150 0.840921
0.793488 0.979639 0.984216 0.840905
0.793559 0.979796 0.984373 0.840988
0.793561 0.979836 0.984413 0.840972
0.793633 0.979994 0.984570 0.841054
0.793609 0.980059 0.984636 0.841038
0.793585 0.980125 0.984702 0.841022
0.793683 0.980256 0.984833 0.841105
0.793659 0.980309 0.984912 0.841089
0.793731 0.980466 0.985069 0.841171
0.793705 0.980491 0.985094 0.841171
0.793681 0.980557 0.985160 0.841155
0.793753 0.980714 0.985317 0.841238
0.793729 0.980780 0.985383 0.841222
0.793827 0.980911 0.985514 0.841305
0.793803 0.980977 0.985580 0.841289
0.793779 0.981043 0.985646 0.841273
0.793877 0.981174 0.985778 0.841356
0.793854 0.981227 0.985856 0.841340
0.793898 0.981369 0.985998 0.841438
0.793874 0.981435 0.986064 0.841422
0.793972 0.981566 0.986195 0.841505
0.793948 0.981632 0.986261 0.841489
0.793924 0.981698 0.986327 0.841473
0.794022 0.981830 0.986459 0.841556
0.793999 0.981895 0.986524 0.841540
0.794071 0.982052 0.986681 0.841623
0.794047 0.982118 0.986747 0.841608
0.794022 0.982130 0.986785 0.841608
0.794094 0.982287 0.986942 0.841690
0.794070 0.982353 0.987008 0.841675
0.794168 0.982485 0.987140 0.841758
0.794145 0.982550 0.987206 0.841742
0.794121 0.982616 0.987271 0.841726
0.794194 0.982773 0.987428 0.841809
0.794196 0.982814 0.987469 0.841793
0.794268 0.982971 0.987626 0.841876
0.794216 0.983021 0.987676 0.841876
0.794315 0.983140 0.987821 0.841959
0.794292 0.983206 0.987887 0.841944
0.794268 0.983271 0.987953 0.841928
0.794341 0.983428 0.988110 0.842011
0.794343 0.983469 0.988150 0.841995
0.794416 0.983626 0.988307 0.842078
0.794392 0.983692 0.988373 0.842063
0.794367 0.983717 0.988398 0.842063
0.794439 0.983874 0.988555 0.842146
0.794416 0.983940 0.988621 0.842130
0.794488 0.984097 0.988778 0.842213
0.794491 0.984124 0.988832 0.842198
0.794468 0.984190 0.988897 0.842182
0.794541 0.984347 0.989054 0.842266
0.794544 0.984388 0.989095 0.842250
0.794616 0.984545 0.989252 0.842333
0.794564 0.984595 0.989302 0.842333
0.794637 0.984752 0.989459 0.842416
0.794640 0.984793 0.989500 0.842401
0.794617 0.984858 0.989566 0.842385
0.794690 0.985016 0.989723 0.842469
0.794693 0.985043 0.989777 0.842453
0.794766 0.985200 0.989934 0.842537
0.794743 0.985266 0.990000 0.842521
0.794720 0.985332 0.990065 0.842506
0.794790 0.985448 0.990182 0.842604
0.794767 0.985514 0.990248 0.842589
0.794839 0.985671 0.990405 0.842672
0.794842 0.985712 0.990445 0.842657
0.794915 0.985869 0.990602 0.842740
0.794892 0.985935 0.990668 0.842725
0.794870 0.985987 0.990747 0.842710
0.794969 0.986120 0.990879 0.842793
0.794946 0.986185 0.990945 0.842778
0.794990 0.986327 0.991086 0.842877
0.794993 0.986368 0.991127 0.842861
0.794971 0.986433 0.991193 0.842846
0.795044 0.986590 0.991350 0.842929
0.795021 0.986656 0.991416 0.842914
0.795120 0.986788 0.991548 0.842998
0.795097 0.986854 0.991614 0.842982
0.795170 0.987011 0.991771 0.843066
0.795145 0.987023 0.991809 0.843066
0.795122 0.987089 0.991875 0.843051
0.795196 0.987246 0.992032 0.843134
0.795173 0.987312 0.992098 0.843119
0.795272 0.987444 0.992230 0.843203
0.795249 0.987510 0.992295 0.843188
0.795323 0.987667 0.992453 0.843271
0.795326 0.987708 0.992493 0.843256
0.795304 0.987773 0.992559 0.843241
0.795348 0.987915 0.992701 0.843340
0.795326 0.987968 0.992780 0.843325
0.795425 0.988100 0.992912 0.843408
0.795403 0.988166 0.992977 0.843393
0.795380 0.988232 0.993043 0.843378
0.795479 0.988364 0.993175 0.843462
0.795457 0.988429 0.993241 0.843447
0.795530 0.988587 0.993398 0.843530
0.795508 0.988653 0.993464 0.843515
0.795578 0.988769 0.993581 0.843614
0.795556 0.988835 0.993646 0.843599
0.795534 0.988901 0.993712 0.843584
0.795633 0.989020 0.993857 0.843668
0.795611 0.989086 0.993923 0.843653
0.795685 0.989243 0.994080 0.843737
0.795663 0.989309 0.994146 0.843722
0.795762 0.989441 0.994278 0.843806
0.795711 0.989491 0.994329 0.843806
0.795689 0.989557 0.994394 0.843791
0.795788 0.989689 0.994527 0.843875
0.795766 0.989755 0.994592 0.843860
0.795839 0.989912 0.994750 0.843944
0.795817 0.989978 0.994816 0.843929
0.795822 0.990005 0.994869 0.843914
0.795895 0.990163 0.995027 0.843998
0.795874 0.990229 0.995092 0.843983
0.795943 0.990345 0.995209 0.844082
0.795922 0.990411 0.995275 0.844067
0.795995 0.990568 0.995432 0.844151
0.795974 0.990634 0.995498 0.844136
0.795977 0.990675 0.995539 0.844121
0.796051 0.990832 0.995696 0.844206
0.796030 0.990898 0.995762 0.844191
0.796129 0.991017 0.995907 0.844275
0.796078 0.991067 0.995957 0.844275
0.796152 0.991225 0.996114 0.844359
0.796131 0.991290 0.996180 0.844344
0.796134 0.991331 0.996221 0.844329
0.796208 0.991488 0.996378 0.844414
0.796187 0.991554 0.996444 0.844399
0.796286 0.991687 0.996576 0.844483
0.796265 0.991752 0.996642 0.844468
0.796339 0.991910 0.996799 0.844553
0.796288 0.991960 0.996849 0.844553
0.796292 0.991987 0.996903 0.844538
0.796366 0.992145 0.997061 0.844622
0.796345 0.992211 0.997126 0.844608
0.796444 0.992343 0.997259 0.844692
0.796423 0.992409 0.997325 0.844677
0.796497 0.992566 0.997482 0.844762
0.796476 0.992632 0.997548 0.844747
0.796450 0.992657 0.997573 0.844747
0.796525 0.992814 0.997730 0.844831
0.796503 0.992880 0.997796 0.844817
0.796603 0.993013 0.997928 0.844901
0.796582 0.993065 0.998007 0.844887
0.796656 0.993223 0.998164 0.844971
0.796635 0.993289 0.998230 0.844956
0.796640 0.993329 0.998271 0.844942
0.796684 0.993471 0.998413 0.845041
0.796663 0.993537 0.998479 0.845026
0.796763 0.993669 0.998611 0.845111
0.796742 0.993735 0.998677 0.845096
0.796816 0.993892 0.998834 0.845181
0.796795 0.993958 0.998900 0.845166
0.796799 0.993999 0.998941 0.845152
0.796874 0.994143 0.999111 0.845236
0.796853 0.994209 0.999177 0.845222
0.796923 0.994326 0.999293 0.845321
0.796902 0.994392 0.999359 0.845307
0.796977 0.994549 0.999517 0.845391
0.796956 0.994615 0.999583 0.845377
0.796960 0.994656 0.999624 0.845362
0.797035 0.994813 0.999781 0.845447
0.797014 0.994879 0.999847 0.845433
0.797114 0.995012 0.999979 0.845517
0.797063 0.995061 1.000029 0.845517
0.797138 0.995206 1.000199 0.845602
0.797118 0.995272 1.000265 0.845588
0.797218 0.995404 1.000398 0.845672
0.797197 0.995470 1.000464 0.845658
0.797176 0.995536 1.000530 0.845644
0.797276 0.995668 1.000662 0.845728
0.797256 0.995734 1.000728 0.845714
0.797300 0.995876 1.000869 0.845813
0.797280 0.995941 1.000935 0.845799
0.797380 0.996074 1.001067 0.845884
0.797359 0.996140 1.001134 0.845870
0.797339 0.996193 1.001212 0.845855
0.797439 0.996325 1.001345 0.845940
0.797419 0.996391 1.001411 0.845926
0.797494 0.996548 1.001568 0.846011
0.797443 0.996598 1.001618 0.846011
0.797543 0.996731 1.001750 0.846096
0.797523 0.996797 1.001816 0.846082
0.797503 0.996862 1.001882 0.846067
0.797603 0.996995 1.002015 0.846152
0.797582 0.997061 1.002081 0.846138
0.797657 0.997218 1.002238 0.846223
0.797638 0.997271 1.002317 0.846209
0.797708 0.997388 1.002433 0.846308
0.797687 0.997454 1.002499 0.846294
0.797762 0.997611 1.002657 0.846379
0.797767 0.997652 1.002698 0.846365
0.797747 0.997718 1.002764 0.846351
0.797822 0.997875 1.002921 0.846436
0.797802 0.997941 1.002987 0.846422
0.797903 0.998074 1.003120 0.846507
0.797852 0.998124 1.003169 0.846507
0.797927 0.998281 1.003327 0.846592
0.797933 0.998309 1.003381 0.846578
0.797913 0.998375 1.003447 0.846564
0.797988 0.998532 1.003604 0.846649
0.797968 0.998598 1.003670 0.846635
0.798069 0.998731 1.003803 0.846720
0.798049 0.998797 1.003869 0.846707
0.798093 0.998938 1.004010 0.846806
0.798099 0.998979 1.004051 0.846792
0.798174 0.999137 1.004208 0.846877
0.798154 0.999203 1.004274 0.846863
0.798134 0.999268 1.004340 0.846849
0.798235 0.999388 1.004486 0.846934
0.798216 0.999454 1.004552 0.846921
0.798291 0.999611 1.004709 0.847006
0.798266 0.999636 1.004734 0.847006
0.798341 0.999794 1.004891 0.847091
0.798322 0.999860 1.004957 0.847077
0.798302 0.999926 1.005023 0.847063
0.798402 1.000058 1.005156 0.847149
0.798383 1.000124 1.005222 0.847135
0.798458 1.000282 1.005379 0.847220
0.798464 1.000323 1.005421 0.847207
0.798509 1.000464 1.005561 0.847306
0.798490 1.000517 1.005640 0.847292
0.798565 1.000674 1.005798 0.847377
0.798571 1.000715 1.005839 0.847364
0.798551 1.000781 1.005905 0.847350
0.798627 1.000939 1.006062 0.847435
0.798633 1.000980 1.006104 0.847422
0.798708 1.001138 1.006261 0.847507
0.798658 1.001187 1.006311 0.847507
0.798734 1.001345 1.006468 0.847593
0.798740 1.001386 1.006509 0.847579
0.798815 1.001543 1.006667 0.847664
0.798797 1.001596 1.006746 0.847651
0.798802 1.001637 1.006787 0.847637
0.798878 1.001795 1.006944 0.847723
0.798859 1.001861 1.007011 0.847709
0.798904 1.002002 1.007151 0.847808
0.798910 1.002043 1.007193 0.847795
0.798985 1.002201 1.007350 0.847880
0.798966 1.002267 1.007416 0.847867
0.799067 1.002399 1.007549 0.847952
0.799048 1.002465 1.007615 0.847939
0.799029 1.002531 1.007681 0.847926
0.799105 1.002676 1.007851 0.848011
0.799080 1.002700 1.007876 0.848011
0.799156 1.002858 1.008033 0.848097
0.799137 1.002924 1.008099 0.848083
0.799238 1.003057 1.008232 0.848169
0.799219 1.003123 1.008298 0.848156
0.799296 1.003280 1.008456 0.848241
0.799277 1.003346 1.008522 0.848228
0.799283 1.003387 1.008563 0.848215
0.799328 1.003528 1.008704 0.848314
0.799309 1.003594 1.008770 0.848300
0.799410 1.003727 1.008903 0.848386
0.799392 1.003780 1.008982 0.848373
0.799468 1.003938 1.009139 0.848458
0.799449 1.004004 1.009205 0.848445
0.799550 1.004137 1.009338 0.848531
0.799500 1.004186 1.009387 0.848531
0.799482 1.004252 1.009453 0.848518
0.799583 1.004385 1.009586 0.848604
0.799564 1.004451 1.009652 0.848590
0.799640 1.004608 1.009809 0.848676
0.799622 1.004674 1.009876 0.848663
0.799723 1.004807 1.010008 0.848749
0.799704 1.004873 1.010074 0.848736
0.799750 1.005001 1.010228 0.848835
0.799756 1.005042 1.010269 0.848822
0.799833 1.005200 1.010427 0.848907
0.799814 1.005266 1.010493 0.848894
0.799796 1.005332 1.010559 0.848881
0.799897 1.005465 1.010692 0.848967
0.799879 1.005531 1.010758 0.848954
0.799955 1.005688 1.010915 0.849040
0.799930 1.005713 1.010940 0.849040
0.800007 1.005870 1.011097 0.849126
0.799989 1.005936 1.011164 0.849113
0.800066 1.006081 1.011334 0.849199
0.800072 1.006122 1.011375 0.849186
0.800054 1.006188 1.011442 0.849173
0.800130 1.006346 1.011599 0.849259
0.800106 1.006370 1.011624 0.849259
0.800182 1.006528 1.011781 0.849345
0.800164 1.006594 1.011847 0.849332
0.800241 1.006752 1.012005 0.849418
0.800247 1.006793 1.012046 0.849405
0.800324 1.006950 1.012203 0.849491
0.800306 1.007016 1.012270 0.849478
0.800408 1.007149 1.012402 0.849564
0.800359 1.007186 1.012465 0.849564
0.800341 1.007252 1.012531 0.849552
0.800417 1.007409 1.012688 0.849638
0.800424 1.007450 1.012730 0.849625
0.800501 1.007608 1.012887 0.849711
0.800483 1.007674 1.012953 0.849698
0.800585 1.007807 1.013086 0.849784
0.800535 1.007856 1.013135 0.849784
0.800612 1.008014 1.013293 0.849871
0.800594 1.008080 1.013359 0.849858
0.800696 1.008213 1.013492 0.849944
0.800678 1.008279 1.013558 0.849931
0.800661 1.008332 1.013637 0.849918
0.800762 1.008465 1.013770 0.850005
0.800745 1.008531 1.013836 0.849992
0.800790 1.008672 1.013976 0.850091
0.800772 1.008738 1.014043 0.850078
0.800874 1.008871 1.014175 0.850165
0.800856 1.008937 1.014242 0.850152
0.800934 1.009094 1.014399 0.850238
0.800941 1.009136 1.014441 0.850226
0.801018 1.009293 1.014598 0.850312
0.801000 1.009359 1.014664 0.850299
0.800951 1.009408 1.014713 0.850299
0.801053 1.009528 1.014859 0.850386
0.801036 1.009594 1.014925 0.850373
0.801113 1.009752 1.015083 0.850460
0.801120 1.009793 1.015124 0.850447
0.801197 1.009951 1.015282 0.850534
0.801180 1.010017 1.015348 0.850521
0.801225 1.010158 1.015488 0.850620
0.801233 1.010199 1.015530 0.850608
0.801310 1.010357 1.015687 0.850694
0.801292 1.010423 1.015754 0.850682
0.801300 1.010464 1.015795 0.850669
0.801377 1.010622 1.015953 0.850756
0.801360 1.010675 1.016032 0.850743
0.801406 1.010816 1.016172 0.850842
0.801413 1.010857 1.016214 0.850830
0.801491 1.011015 1.016371 0.850916
0.801473 1.011081 1.016437 0.850904
0.801576 1.011214 1.016570 0.850990
0.801558 1.011280 1.016636 0.850978
0.801636 1.011437 1.016794 0.851065
0.801619 1.011503 1.016860 0.851052
0.801594 1.011528 1.016885 0.851052
0.801672 1.011686 1.017042 0.851139
0.801655 1.011752 1.017108 0.851126
0.801758 1.011872 1.017254 0.851213
0.801740 1.011938 1.017320 0.851201
0.801818 1.012095 1.017478 0.851288
0.801801 1.012161 1.017544 0.851275
0.801871 1.012277 1.017660 0.851374
0.801854 1.012343 1.017726 0.851362
0.801932 1.012501 1.017883 0.851449
0.801940 1.012543 1.017925 0.851436
0.802017 1.012700 1.018082 0.851523
0.802001 1.012766 1.018149 0.851511
0.801984 1.012832 1.018215 0.851499
0.802086 1.012965 1.018348 0.851586
0.802038 1.013001 1.018410 0.851586
0.802116 1.013159 1.018567 0.851673
0.802123 1.013201 1.018609 0.851660
0.802201 1.013358 1.018766 0.851747
0.802184 1.013424 1.018833 0.851735
0.802262 1.013582 1.018990 0.851822
0.802270 1.013623 1.019032 0.851810
0.802316 1.013764 1.019172 0.851909
0.802299 1.013830 1.019238 0.851897
0.802402 1.013963 1.019371 0.851984
0.802385 1.014029 1.019437 0.851971
0.802369 1.014095 1.019504 0.851959
0.802447 1.014240 1.019674 0.852046
0.802455 1.014281 1.019716 0.852034
0.802501 1.014422 1.019856 0.852133
0.802484 1.014488 1.019922 0.852121
0.802587 1.014621 1.020055 0.852208
0.802570 1.014687 1.020121 0.852196
0.802649 1.014845 1.020279 0.852283
0.802632 1.014911 1.020345 0.852271
0.802735 1.015044 1.020478 0.852358
0.802686 1.015093 1.020527 0.852358
0.802764 1.015251 1.020684 0.852446
0.802772 1.015292 1.020726 0.852433
0.802851 1.015450 1.020884 0.852521
0.802835 1.015503 1.020963 0.852509
0.802819 1.015569 1.021029 0.852497
0.802921 1.015702 1.021162 0.852584
0.802905 1.015768 1.021228 0.852572
0.802951 1.015909 1.021368 0.852671
0.802959 1.015950 1.021410 0.852659
0.803038 1.016108 1.021568 0.852746
0.803022 1.016174 1.021634 0.852734
0.803100 1.016332 1.021791 0.852822
0.803108 1.016373 1.021833 0.852810
0.803187 1.016531 1.021991 0.852897
0.803138 1.016580 1.022039 0.852897
0.803242 1.016700 1.022185 0.852984
0.803226 1.016766 1.022252 0.852973
0.803304 1.016924 1.022409 0.853060
0.803288 1.016990 1.022475 0.853048
0.803296 1.017031 1.022517 0.853036
0.803375 1.017189 1.022675 0.853124
0.803327 1.017238 1.022723 0.853124
0.803429 1.017371 1.022856 0.853211
0.803414 1.017437 1.022923 0.853199
0.803492 1.017595 1.023080 0.853287
0.803476 1.017661 1.023146 0.853275
0.803579 1.017794 1.023280 0.853362
0.803564 1.017860 1.023346 0.853351
0.803610 1.017987 1.023499 0.853450
0.803619 1.018029 1.023540 0.853438
0.803698 1.018187 1.023698 0.853526
0.803682 1.018253 1.023764 0.853514
0.803761 1.018410 1.023922 0.853601
0.803769 1.018452 1.023964 0.853590
0.803754 1.018518 1.024030 0.853578
0.803800 1.018658 1.024170 0.853677
0.803808 1.018700 1.024212 0.853666
0.803887 1.018858 1.024369 0.853753
0.803872 1.018924 1.024435 0.853741
0.803951 1.019082 1.024593 0.853829
0.803959 1.019123 1.024635 0.853817
0.804039 1.019268 1.024805 0.853905
0.803991 1.019316 1.024854 0.853905
0.804094 1.019450 1.024987 0.853993
0.804078 1.019516 1.025053 0.853981
0.804157 1.019674 1.025211 0.854069
0.804142 1.019740 1.025277 0.854057
0.804245 1.019873 1.025410 0.854145
0.804230 1.019939 1.025476 0.854133
0.804276 1.020079 1.025616 0.854233
0.804285 1.020121 1.025658 0.854221
0.804270 1.020187 1.025724 0.854210
0.804349 1.020345 1.025882 0.854297
0.804334 1.020398 1.025961 0.854286
0.804438 1.020531 1.026094 0.854374
0.804423 1.020597 1.026160 0.854362
0.804469 1.020737 1.026300 0.854462
0.804478 1.020779 1.026342 0.854450
0.804557 1.020937 1.026500 0.854538
0.804542 1.021003 1.026566 0.854527
0.804621 1.021161 1.026723 0.854614
0.804630 1.021202 1.026765 0.854603
0.804710 1.021360 1.026923 0.854691
0.804662 1.021409 1.026971 0.854691
0.804765 1.021542 1.027105 0.854779
0.804750 1.021608 1.027171 0.854767
0.804830 1.021753 1.027341 0.854855
0.804815 1.021819 1.027407 0.854844
0.804919 1.021952 1.027541 0.854932
0.804904 1.022018 1.027607 0.854921
0.804950 1.022158 1.027747 0.855020
0.804959 1.022200 1.027789 0.855009
0.804944 1.022266 1.027855 0.854997
0.805024 1.022424 1.028012 0.855085
0.805009 1.022490 1.028079 0.855074
0.805113 1.022623 1.028212 0.855162
0.805098 1.022689 1.028278 0.855151
0.805145 1.022830 1.028418 0.855250
0.805154 1.022871 1.028460 0.855239
0.805234 1.023016 1.028630 0.855327
0.805219 1.023082 1.028697 0.855316
0.805299 1.023240 1.028854 0.855404
0.805309 1.023282 1.028896 0.855393
0.805388 1.023439 1.029054 0.855481
0.805340 1.023488 1.029102 0.855481
0.805444 1.023621 1.029235 0.855569
0.805430 1.023687 1.029301 0.855558
0.805509 1.023845 1.029459 0.855646
0.805495 1.023911 1.029525 0.855635
0.805599 1.024045 1.029659 0.855723
0.805584 1.024111 1.029725 0.855712
0.805631 1.024251 1.029864 0.855811
0.805641 1.024279 1.029919 0.855800
0.805627 1.024345 1.029986 0.855789
0.805706 1.024503 1.030143 0.855878
0.805692 1.024569 1.030209 0.855866
0.805796 1.024703 1.030343 0.855955
0.805782 1.024769 1.030409 0.855944
0.805828 1.024909 1.030549 0.856043
0.805838 1.024951 1.030591 0.856032
0.805918 1.025108 1.030748 0.856120
0.805904 1.025174 1.030814 0.856109
0.805984 1.025332 1.030972 0.856198
0.805994 1.025374 1.031014 0.856187
0.806040 1.025514 1.031154 0.856286
0.806026 1.025580 1.031220 0.856275
0.806131 1.025700 1.031366 0.856364
0.806117 1.025766 1.031432 0.856353
0.806197 1.025924 1.031590 0.856441
0.806183 1.025990 1.031656 0.856430
0.806287 1.026124 1.031789 0.856519
0.806239 1.026172 1.031838 0.856519
0.806319 1.026330 1.031995 0.856607
0.806329 1.026372 1.032037 0.856596
0.806410 1.026529 1.032195 0.856685
0.806396 1.026595 1.032261 0.856674
0.806476 1.026753 1.032418 0.856762
0.806486 1.026795 1.032461 0.856752
0.806533 1.026935 1.032600 0.856851
0.806519 1.026988 1.032679 0.856840
0.806529 1.027030 1.032721 0.856829
0.806610 1.027187 1.032879 0.856918
0.806596 1.027253 1.032945 0.856907
0.806677 1.027411 1.033103 0.856996
0.806687 1.027453 1.033145 0.856985
0.806733 1.027593 1.033284 0.857084
0.806720 1.027659 1.033350 0.857074
0.806824 1.027793 1.033484 0.857162
0.806810 1.027859 1.033550 0.857152
0.806891 1.028016 1.033708 0.857240
0.806877 1.028082 1.033774 0.857230
0.806948 1.028198 1.033889 0.857329
0.806934 1.028264 1.033955 0.857318
0.807016 1.028409 1.034126 0.857407
0.807026 1.028451 1.034168 0.857396
0.807106 1.028609 1.034325 0.857485
0.807093 1.028675 1.034392 0.857474
0.807174 1.028832 1.034549 0.857563
0.807150 1.028856 1.034573 0.857563
0.807231 1.029014 1.034731 0.857652
0.807217 1.029080 1.034797 0.857641
0.807322 1.029214 1.034930 0.857730
0.807309 1.029280 1.034997 0.857720
0.807389 1.029437 1.035154 0.857809
0.807376 1.029503 1.035220 0.857798
0.807447 1.029619 1.035336 0.857897
0.807434 1.029672 1.035415 0.857887
0.807515 1.029830 1.035572 0.857976
0.807525 1.029872 1.035614 0.857965
0.807606 1.030030 1.035772 0.858054
0.807593 1.030096 1.035838 0.858044
0.807640 1.030235 1.035978 0.858143
0.807651 1.030277 1.036020 0.858133
0.807637 1.030343 1.036086 0.858122
0.807718 1.030501 1.036243 0.858211
0.807729 1.030543 1.036286 0.858201
0.807810 1.030701 1.036443 0.858290
0.807797 1.030767 1.036509 0.858279
0.807844 1.030906 1.036649 0.858379
0.807855 1.030948 1.036691 0.858368
0.807936 1.031093 1.036861 0.858457
0.807924 1.031159 1.036928 0.858447
0.808028 1.031293 1.037061 0.858536
0.808015 1.031359 1.037127 0.858526
0.808062 1.031499 1.037267 0.858625
0.808050 1.031564 1.037333 0.858615
0.808154 1.031698 1.037466 0.858704
0.808142 1.031764 1.037532 0.858693
0.808223 1.031922 1.037690 0.858783
0.808234 1.031964 1.037732 0.858772
0.808315 1.032122 1.037890 0.858861
0.808268 1.032170 1.037938 0.858861
0.808349 1.032327 1.038095 0.858951
0.808360 1.032369 1.038137 0.858940
0.808442 1.032514 1.038308 0.859030
0.808430 1.032580 1.038374 0.859019
0.808534 1.032714 1.038508 0.859109
0.808487 1.032762 1.038556 0.859109
0.808569 1.032919 1.038713 0.859198
0.808556 1.032985 1.038779 0.859188
0.808661 1.033119 1.038913 0.859277
0.808649 1.033185 1.038979 0.859267
0.808730 1.033343 1.039136 0.859356
0.808741 1.033385 1.039179 0.859346
0.808788 1.033525 1.039318 0.859445
0.808776 1.033591 1.039384 0.859435
0.808858 1.033748 1.039542 0.859525
0.808869 1.033790 1.039584 0.859514
0.808951 1.033935 1.039754 0.859604
0.808939 1.034001 1.039820 0.859594
0.809009 1.034117 1.039936 0.859693
0.808997 1.034183 1.040002 0.859683
0.809079 1.034340 1.040159 0.859772
0.809067 1.034406 1.040226 0.859762
0.809172 1.034540 1.040359 0.859852
0.809160 1.034606 1.040425 0.859842
0.809241 1.034764 1.040583 0.859931
0.809218 1.034788 1.040607 0.859931
0.809300 1.034945 1.040764 0.860021
0.809288 1.035011 1.040831 0.860011
0.809369 1.035169 1.040988 0.860100
0.809381 1.035211 1.041030 0.860090
0.809463 1.035356 1.041201 0.860180
0.809417 1.035404 1.041249 0.860180
0.809522 1.035538 1.041382 0.860269
0.809510 1.035603 1.041448 0.860259
0.809592 1.035761 1.041606 0.860349
0.809580 1.035827 1.041672 0.860339
0.809685 1.035961 1.041806 0.860429
0.809673 1.036027 1.041872 0.860419
0.809721 1.036166 1.042011 0.860518
0.809732 1.036209 1.042053 0.860508
0.809814 1.036366 1.042211 0.860598
0.809802 1.036432 1.042277 0.860588
0.809885 1.036590 1.042434 0.860678
0.809896 1.036632 1.042477 0.860668
0.809944 1.036758 1.042629 0.860768
0.809932 1.036824 1.042695 0.860758
0.810038 1.036958 1.042828 0.860847
0.810026 1.037024 1.042895 0.860838
0.810108 1.037182 1.043052 0.860927
0.810097 1.037248 1.043118 0.860918
0.810167 1.037364 1.043233 0.861017
0.810156 1.037429 1.043300 0.861007
0.810238 1.037587 1.043457 0.861097
0.810250 1.037629 1.043499 0.861087
0.810332 1.037787 1.043657 0.861177
0.810321 1.037853 1.043723 0.861167
0.810403 1.038011 1.043881 0.861257
0.810380 1.038034 1.043904 0.861257
0.810462 1.038192 1.044062 0.861347
0.810451 1.038245 1.044141 0.861337
0.810557 1.038379 1.044275 0.861427
0.810546 1.038445 1.044341 0.861418
0.810628 1.038603 1.044498 0.861508
0.810582 1.038650 1.044546 0.861508
0.810687 1.038784 1.044680 0.861597
0.810676 1.038850 1.044746 0.861588
0.810759 1.039008 1.044903 0.861678
0.810771 1.039050 1.044946 0.861668
0.810853 1.039208 1.045103 0.861758
0.810807 1.039255 1.045151 0.861758
0.810890 1.039413 1.045308 0.861848
0.810902 1.039455 1.045351 0.861839
0.810984 1.039613 1.045508 0.861929
0.810974 1.039666 1.045587 0.861919
0.811079 1.039800 1.045721 0.862009
0.811069 1.039866 1.045787 0.862000
0.811116 1.040005 1.045926 0.862099
0.811105 1.040071 1.045992 0.862090
0.811211 1.040205 1.046126 0.862180
0.811200 1.040271 1.046192 0.862170
0.811283 1.040428 1.046349 0.862260
0.811295 1.040471 1.046392 0.862251
0.811342 1.040610 1.046531 0.862350
0.811332 1.040676 1.046597 0.862341
0.811414 1.040833 1.046754 0.862431
0.811427 1.040876 1.046797 0.862422
0.811509 1.041033 1.046954 0.862512
0.811499 1.041099 1.047020 0.862502
0.811570 1.041202 1.047148 0.862602
0.811559 1.041268 1.047214 0.862593
0.811642 1.041425 1.047372 0.862683
0.811632 1.041491 1.047438 0.862674
0.811738 1.041625 1.047572 0.862764
0.811727 1.041691 1.047638 0.862754
0.811775 1.041830 1.047777 0.862854
0.811787 1.041873 1.047819 0.862845
0.811870 1.042030 1.047977 0.862935
0.811860 1.042096 1.048043 0.862926
0.811943 1.042254 1.048200 0.863016
0.811955 1.042296 1.048243 0.863007
0.812003 1.042435 1.048381 0.863106
0.811992 1.042501 1.048448 0.863097
0.812098 1.042635 1.048581 0.863187
0.812089 1.042688 1.048660 0.863178
0.812172 1.042846 1.048818 0.863268
0.812162 1.042912 1.048884 0.863259
0.812268 1.043046 1.049018 0.863350
0.812222 1.043093 1.049065 0.863350
0.812305 1.043251 1.049223 0.863440
0.812318 1.043293 1.049265 0.863431
0.812401 1.043451 1.049422 0.863521
0.812391 1.043516 1.049489 0.863512
0.812474 1.043674 1.049646 0.863603
0.812451 1.043698 1.049670 0.863603
0.812535 1.043855 1.049827 0.863693
0.812524 1.043921 1.049893 0.863684
0.812631 1.044055 1.050027 0.863774
0.812621 1.044121 1.050093 0.863765
0.812705 1.044266 1.050264 0.863856
0.812659 1.044313 1.050311 0.863856
0.812765 1.044447 1.050445 0.863946
0.812755 1.044513 1.050511 0.863937
0.812839 1.044671 1.050668 0.864028
0.812852 1.044713 1.050711 0.864019
0.812935 1.044871 1.050868 0.864109
0.812890 1.044918 1.050915 0.864109
0.812973 1.045076 1.051073 0.864200
0.812986 1.045118 1.051115 0.864191
0.813070 1.045276 1.051273 0.864282
0.813060 1.045341 1.051339 0.864273
0.813166 1.045476 1.051473 0.864363
0.813121 1.045523 1.051520 0.864363
0.813205 1.045680 1.051677 0.864454
0.813195 1.045746 1.051744 0.864445
0.813302 1.045867 1.051890 0.864536
0.813292 1.045933 1.051956 0.864527
0.813376 1.046091 1.052114 0.864618
0.813353 1.046114 1.052137 0.864618
0.813437 1.046272 1.052295 0.864708
0.813427 1.046338 1.052361 0.864700
0.813511 1.046496 1.052518 0.864790
0.813524 1.046538 1.052561 0.864781
0.813608 1.046696 1.052718 0.864872
0.813656 1.046835 1.052857 0.864972
0.813669 1.046877 1.052899 0.864963
0.813753 1.047035 1.053057 0.865054
0.813744 1.047100 1.053123 0.865045
0.813828 1.047258 1.053280 0.865136
0.813841 1.047300 1.053323 0.865127
0.813890 1.047426 1.053474 0.865227
0.813881 1.047492 1.053540 0.865218
0.813987 1.047626 1.053674 0.865309
0.813978 1.047692 1.053740 0.865300
0.814062 1.047850 1.053898 0.865391
0.814053 1.047915 1.053964 0.865382
0.814123 1.048031 1.054079 0.865482
0.814114 1.048097 1.054145 0.865473
0.814198 1.048254 1.054302 0.865564
0.814212 1.048297 1.054345 0.865555
0.814296 1.048454 1.054502 0.865646
0.814287 1.048520 1.054568 0.865638
0.814335 1.048659 1.054707 0.865737
0.814348 1.048701 1.054749 0.865729
0.814433 1.048859 1.054907 0.865820
0.814424 1.048925 1.054973 0.865811
0.814531 1.049046 1.055120 0.865902
0.814522 1.049112 1.055186 0.865894
0.814570 1.049251 1.055324 0.865993
0.814561 1.049316 1.055390 0.865985
0.814668 1.049451 1.055524 0.866076
0.814659 1.049516 1.055590 0.866067
0.814744 1.049674 1.055747 0.866158
0.814757 1.049716 1.055790 0.866150
0.814805 1.049855 1.055928 0.866249
0.814797 1.049921 1.055994 0.866241
0.814881 1.050079 1.056152 0.866332
0.814895 1.050121 1.056194 0.866324
0.814979 1.050279 1.056352 0.866415
0.815064 1.050436 1.056509 0.866506
0.815041 1.050460 1.056533 0.866506
0.815126 1.050617 1.056690 0.866597
0.815118 1.050670 1.056769 0.866589
0.815202 1.050828 1.056926 0.866680
0.815216 1.050870 1.056969 0.866671
0.815301 1.051028 1.057126 0.866763
0.815256 1.051075 1.057173 0.866763
0.815363 1.051209 1.057307 0.866854
0.815354 1.051275 1.057373 0.866846
0.815439 1.051432 1.057531 0.866937
0.815431 1.051498 1.057597 0.866928
0.815538 1.051632 1.057731 0.867020
0.815493 1.051679 1.057778 0.867020
0.815578 1.051837 1.057935 0.867111
0.815592 1.051879 1.057978 0.867103
0.815676 1.052037 1.058135 0.867194
0.815668 1.052103 1.058201 0.867186
0.815753 1.052260 1.058358 0.867277
0.815731 1.052270 1.058395 0.867277
0.815816 1.052428 1.058552 0.867369
0.815808 1.052494 1.058618 0.867360
0.815915 1.052628 1.058752 0.867452
0.815907 1.052694 1.058818 0.867443
0.815955 1.052832 1.058956 0.867543
0.816040 1.052990 1.059114 0.867635
0.816054 1.053033 1.059156 0.867626
0.816139 1.053190 1.059314 0.867718
0.816131 1.053256 1.059380 0.867710
0.816239 1.053390 1.059514 0.867801
0.816194 1.053437 1.059561 0.867801
0.816279 1.053595 1.059718 0.867893
0.816271 1.053660 1.059784 0.867884
