0 0 0 0 0 0 
0.0500161 -0.127277 0.112644 -0.0115131 -0.00152181 0.170353 
0.100032 -0.0314077 -0.0326772 -0.00526319 -0.00241105 0.0459115 
0.150048 -0.106332 0.0587849 -0.0106333 -0.00275812 0.121803 
0.200065 -0.106162 0.0590595 -0.00963121 -0.00195476 0.12159 
0.250081 -0.104807 -0.0131452 -0.00926378 -0.00271247 0.106767 
0.300097 -0.115672 0.0256616 -0.0141758 -0.0034749 0.119653 
0.350113 -0.103915 -0.0687594 -0.00817923 -0.00354013 0.124984 
0.400129 -0.00644355 -0.0704416 0.000480492 -0.0039881 0.0714804 
0.450145 0.107901 -0.295418 0.0109408 -0.00125166 0.314693 
0.500161 0.0613196 -0.140916 -0.000345234 -0.000667917 0.153545 
0.550177 -0.127442 0.00334359 -0.0179649 -0.00469427 0.128658 
0.600194 -0.0372285 -0.211193 -0.0080121 -0.00359047 0.215046 
0.65021 0.046453 -0.215087 0.00839891 -0.00511747 0.220329 
0.700226 0.0460464 -0.206778 0.0143695 -0.00426688 0.212258 
0.750242 0.0503656 -0.129432 0.00252068 -0.00448734 0.139425 
0.800258 -0.112766 0.0161552 -0.0207368 -0.00402586 0.11603 
0.850274 -0.158069 0.0250889 -0.0166678 -0.00743736 0.161457 
0.90029 -0.081338 -0.0371871 -0.00575804 -0.00521678 0.085377 
0.950306 -0.0998005 0.0937614 -0.00554992 -0.0079535 0.137063 
1.00032 -0.0841764 0.0632861 -0.00151744 -0.00608421 0.105269 
1.05034 -0.11141 0.128436 -0.00954119 -0.00726681 0.170387 
1.10035 -0.170906 0.0984835 -0.00851293 -0.00693118 0.196197 
1.15037 -0.21719 0.217802 -0.0125893 -0.00784921 0.308615 
1.20039 -0.192663 0.128347 -0.0134564 -0.00666778 0.23234 
1.2504 -0.0320938 0.00740507 -0.00216865 -0.00739574 0.0340785 
1.30042 0.0269913 -0.00150892 0.00458294 -0.00496532 0.0442411 
1.35044 -0.156947 0.181121 -0.00715003 -0.00667445 0.239782 
1.40045 -0.260258 0.298044 -0.0244478 -0.011106 0.397059 
1.45047 -0.260739 0.288576 -0.0273738 -0.00892527 0.389769 
1.50048 -0.197928 0.215311 -0.013361 -0.00884029 0.29249 
1.5505 -0.10309 0.143414 -0.00217002 -0.00821582 0.176881 
1.60052 -0.133218 0.254037 -0.00950714 -0.00898368 0.287215 
1.65053 -0.236327 0.261913 -0.0184068 -0.00945169 0.353656 
1.70055 -0.206466 0.246988 -0.0145971 -0.0101873 0.322457 
1.75056 -0.186394 0.255769 -0.0147602 -0.00994178 0.316979 
1.80058 -0.196607 0.298266 -0.0121636 -0.0108685 0.35801 
1.8506 -0.189688 0.238864 -0.0131707 -0.0110559 0.305488 
1.90061 -0.239331 0.23894 -0.0138284 -0.0179968 0.338878 
1.95063 -0.140563 0.174548 -0.00353566 -0.0305622 0.225225 
2.00065 -0.220485 0.129357 -0.0160113 -0.0228757 0.256009 
2.05066 -0.187457 0.111746 -0.0118377 -0.022362 0.222411 
2.10068 -0.0182678 -0.0419799 0.00518663 -0.0221047 0.0493691 
2.15069 -0.0253257 -0.0416632 0.00374336 -0.0206258 0.0527347 
2.20071 -0.203648 0.215691 -0.0127779 -0.0250764 0.30044 
2.25073 -0.296818 0.330065 -0.0184331 -0.0266426 0.447227 
2.30074 -0.283211 0.28247 -0.019849 -0.0234036 0.402299 
2.35076 -0.207306 0.326729 -0.00555402 -0.022576 0.387789 
2.40077 -0.0974943 0.153339 0.00188172 -0.0247435 0.183212 
2.45079 -0.174115 0.277145 -0.00372027 -0.0201768 0.328014 
2.50081 -0.220766 0.362093 -0.00930058 -0.0221674 0.425717 
2.55082 -0.18707 0.162781 -0.00661728 -0.0213881 0.259874 
2.60084 -0.170272 0.2507 -0.00945964 -0.0206739 0.306657 
2.65085 -0.222822 0.355678 -0.0132042 -0.0222885 0.420441 
2.70087 -0.263044 0.290859 -0.016749 -0.0218556 0.392861 
2.75089 -0.255861 0.373249 -0.02025 -0.0208427 0.453579 
2.8009 -0.304177 0.307201 -0.022137 -0.0223436 0.432695 
2.85092 -0.207685 0.170051 -0.0154183 -0.0219728 0.275238 
2.90094 -0.168641 0.252897 -0.00763628 -0.0196696 0.305326 
2.95095 -0.0717152 0.0854342 9.27782e-05 -0.0174579 0.112902 
3.00097 -0.0407514 0.219913 -0.00231829 -0.0199697 0.222868 
3.05098 -0.227075 0.353249 -0.0153401 -0.0211194 0.421434 
3.101 -0.252773 0.260013 -0.0172538 -0.0204314 0.366099 
3.15102 -0.192453 0.209033 -0.0115007 -0.022397 0.285548 
3.20103 -0.112931 0.170828 -0.00314923 -0.0241575 0.207724 
3.25105 -0.112247 0.0566479 -0.00314431 -0.0208488 0.124403 
3.30106 -0.150412 0.153789 -0.00874337 -0.0178897 0.219555 
3.35108 -0.166424 0.136856 -0.0136568 -0.0235445 0.217028 
3.4011 -0.0646685 -0.0261974 -0.0050064 -0.0216478 0.0649456 
3.45111 -0.085072 -0.00606038 -0.0027187 -0.0210116 0.0835176 
3.50113 -0.0992163 -0.00100773 -0.00437705 -0.0241821 0.0997845 
3.55115 -0.0486584 -0.0590313 -0.00751601 -0.023846 0.0727052 
3.60116 -0.0357054 -0.0386324 -0.00554167 -0.0226631 0.0546982 
3.65118 0.00762779 -0.22871 -0.00322464 -0.0220158 0.230363 
3.70119 0.00451941 -0.198571 -0.00522455 -0.0224018 0.200354 
3.75121 0.0893101 -0.341338 0.0020413 -0.0190929 0.353404 
3.80123 0.288954 -0.575361 0.0210153 -0.016102 0.645312 
3.85124 0.155358 -0.340548 0.0111869 -0.0213465 0.375072 
3.90126 0.0196442 -0.211127 -0.0132298 -0.0207235 0.213442 
3.95127 -0.0651404 -0.305903 -0.0187882 -0.0173663 0.313715 
4.00129 -0.0667761 -0.162326 -0.0140123 -0.0201742 0.176502 
4.05131 0.0826615 -0.247064 0.000174937 -0.0224737 0.261617 
4.10132 0.120983 -0.286819 0.00391263 -0.0181235 0.314071 
4.15134 0.029771 -0.140226 -0.000366855 -0.0193611 0.144719 
4.20135 0.0390789 -0.23825 -0.0051666 -0.0223736 0.246016 
4.25137 0.0213401 -0.0531223 -0.00428443 -0.0214285 0.0629008 
4.30139 -0.0597957 -0.106298 -0.00348837 -0.0213279 0.146808 
4.3514 -0.0335523 -0.0259313 -0.00478951 -0.0238577 0.0491443 
4.40142 -0.0810858 0.00447178 -0.0100906 -0.0225244 0.0873535 
4.45144 -0.094256 0.0271965 -0.0131537 -0.023355 0.102567 
4.50145 -0.0675936 -0.109046 -0.00947469 -0.0220756 0.129938 
4.55147 0.0412119 -0.141565 0.000560796 -0.0200245 0.150758 
4.60148 0.0911768 -0.229477 0.0121774 -0.0187988 0.247649 
4.6515 0.032435 -0.0343946 0.00191926 -0.0225877 0.0511944 
4.70152 -0.0762454 -0.0167403 -0.0124271 -0.0212462 0.0806541 
4.75153 -0.11156 -0.0635463 -0.00923799 -0.0229821 0.139959 
4.80155 -0.0416941 0.0280029 -0.00080571 -0.0224811 0.0547332 
4.85156 0.00802445 0.00982034 0.00937845 -0.0226408 0.0317905 
4.90158 0.00303385 0.00198868 0.000720015 -0.0232147 0.0425674 
4.9516 -0.0952781 0.137541 -0.00644452 -0.0232583 0.173003 
5.00161 -0.0313038 -0.0345534 -0.00435653 -0.0246582 0.0695489 
5.05163 -0.0584503 0.137693 0.000270694 -0.0246833 0.15387 
5.10164 0.075824 -0.0703946 0.0121744 -0.0251282 0.107015 
5.15166 0.833743 -0.532808 0.08569 -0.0240508 0.992865 
5.20168 1.3439 -1.39294 0.209688 -0.0255466 1.9477 
5.25169 1.58363 -1.75381 0.328463 -0.0250607 2.38629 
5.30171 1.9162 -2.0648 0.425508 -0.0128092 2.84925 
5.35173 2.60848 -2.57968 0.486874 -0.023097 3.70086 
5.40174 2.90586 -2.52535 0.540194 -0.0249004 3.88759 
5.45176 3.73233 -3.11302 0.65344 -0.0208652 4.90429 
5.50177 2.89557 -2.23386 0.63271 -0.013236 3.71148 
5.55179 3.2344 -2.69606 0.686179 -0.0176807 4.26642 
5.60181 3.58423 -2.8872 0.726487 -0.0166508 4.65949 
5.65182 3.64915 -2.86462 0.757968 -0.0139982 4.70069 
5.70184 3.7935 -3.22266 0.792472 -0.00918018 5.04011 
5.75185 3.8103 -3.09903 0.812082 -0.00887487 4.9783 
5.80187 4.53586 -4.0002 0.895162 -0.00652716 6.11372 
5.85189 4.40397 -3.55852 0.91354 -4.55932e-05 5.73527 
5.9019 4.78621 -4.11741 0.989169 0.012723 6.39061 
5.95192 3.44126 -3.0488 0.921702 0.0255254 4.68914 
6.00194 4.17966 -4.19697 1.01018 0.046407 6.00888 
6.05195 3.12608 -3.37002 0.947888 0.047391 4.69364 
6.10197 3.95974 -4.11519 1.02774 0.0557673 5.80291 
6.15198 3.16997 -3.51009 0.98246 0.0569303 4.83092 
6.202 3.45975 -4.15707 1.03383 0.0653904 5.50674 
6.25202 2.86713 -3.82937 0.999921 0.0553062 4.88748 
6.30203 3.1824 -4.30903 1.04279 0.0491247 5.4576 
6.35205 2.24487 -3.36324 0.976418 0.0310848 4.15999 
6.40206 2.43855 -3.90917 0.995408 0.0357815 4.71385 
6.45208 2.40559 -4.0037 1.00446 0.0304067 4.77772 
6.5021 1.87542 -3.99026 0.9796 0.0290196 4.51658 
6.55211 1.93491 -3.99207 0.988922 0.0255007 4.5452 
6.60213 2.19531 -4.61037 1.03059 0.0360449 5.20942 
6.65214 1.13345 -3.49448 0.947085 0.0343382 3.79397 
6.70216 1.46164 -4.48352 0.989939 0.0442207 4.81862 
6.75218 0.48088 -3.72843 0.923925 0.0427709 3.87162 
6.80219 0.971724 -4.35309 0.967095 0.0674261 4.56483 
6.85221 0.193725 -3.48611 0.90407 0.0816789 3.60759 
6.90223 0.726718 -4.85302 0.97084 0.0951709 5.00295 
6.95224 -0.28511 -3.66761 0.893585 0.0897894 3.78668 
7.00226 0.054357 -4.18877 0.919451 0.098122 4.28996 
7.05227 -0.28155 -3.99244 0.900072 0.101271 4.10358 
7.10229 -0.60886 -4.10591 0.884789 0.0967702 4.24529 
7.15231 -0.59724 -4.01889 0.88468 0.090338 4.15904 
7.20232 -0.961615 -4.07732 0.863854 0.0806431 4.27857 
7.25234 -0.956866 -4.15354 0.861762 0.0764563 4.34888 
7.30235 -1.52911 -3.98503 0.824814 0.066429 4.34759 
7.35237 -1.55396 -4.13898 0.827775 0.0592147 4.49846 
7.40239 -1.58913 -4.11512 0.826242 0.0517308 4.48836 
7.4524 -1.75613 -4.08121 0.81923 0.0482019 4.51819 
7.50242 -2.43199 -4.12919 0.768097 0.0470953 4.85364 
7.55244 -2.36947 -4.10285 0.773547 0.0492594 4.801 
7.60245 -2.41351 -4.13789 0.7687 0.0538047 4.85216 
7.65247 -2.41005 -4.24886 0.781688 0.0684172 4.94735 
7.70248 -3.0753 -4.062 0.739835 0.0741579 5.14901 
7.7525 -3.27844 -4.11532 0.731144 0.0798173 5.31277 
7.80252 -3.67236 -3.7746 0.692194 0.101103 5.31256 
7.85253 -3.71093 -3.88732 0.699517 0.118103 5.42076 
7.90255 -3.76239 -3.96757 0.692859 0.123489 5.51298 
7.95256 -4.03192 -3.82336 0.673793 0.130739 5.59846 
8.00258 -4.34116 -3.5075 0.647242 0.133035 5.6201 
8.0526 -4.73215 -3.31752 0.627659 0.127655 5.8143 
8.10261 -5.00096 -3.26619 0.603621 0.117232 6.00432 
8.15263 -4.96155 -3.46642 0.611698 0.1086 6.08463 
8.20265 -5.24032 -3.39415 0.597687 0.0990422 6.27284 
8.25266 -5.62326 -3.17822 0.55779 0.0935003 6.48392 
8.30268 -5.75674 -3.27307 0.540224 0.0864412 6.64456 
8.35269 -5.72393 -3.40511 0.548206 0.0847427 6.68313 
8.40271 -6.43409 -3.09232 0.499728 0.0715108 7.15707 
8.45273 -5.77054 -3.67166 0.539066 0.0937693 6.86473 
8.50274 -6.21668 -3.44197 0.526433 0.092444 7.12698 
8.55276 -6.44538 -3.06251 0.510277 0.0989025 7.15456 
8.60277 -6.61258 -3.51127 0.520848 0.125349 7.50693 
8.65279 -7.33218 -2.8743 0.460157 0.145044 7.89001 
8.70281 -7.12696 -3.28487 0.486461 0.161108 7.86449 
8.75282 -7.3341 -3.12501 0.465301 0.170352 7.98754 
8.80284 -7.2606 -3.44253 0.479184 0.176307 8.05201 
8.85285 -7.6561 -3.02479 0.448578 0.177569 8.24622 
8.90287 -7.67516 -3.16794 0.445838 0.176633 8.31582 
8.95289 -7.79146 -3.36997 0.444736 0.166561 8.50204 
9.0029 -8.00471 -3.34938 0.433211 0.157509 8.68988 
9.05292 -7.94355 -3.67343 0.43595 0.150588 8.76345 
9.10293 -8.4134 -3.2043 0.397106 0.14488 9.01429 
9.15295 -8.38417 -3.5364 0.401349 0.131473 9.10924 
9.20297 -8.47176 -3.5695 0.382788 0.112418 9.20156 
9.25298 -8.5834 -3.87132 0.382516 0.101659 9.42443 
9.303 -8.6396 -3.68349 0.37579 0.106821 9.40009 
9.35302 -8.89837 -3.36193 0.35995 0.120567 9.5193 
9.40303 -8.36802 -4.18429 0.416812 0.124529 9.36619 
9.45305 -9.50523 -3.15745 0.339883 0.116745 10.0221 
9.50306 -9.42736 -3.54672 0.352182 0.133103 10.0794 
9.55308 -9.74483 -3.32984 0.328321 0.15053 10.3044 
9.6031 -9.66373 -3.48379 0.343178 0.169509 10.2793 
9.65311 -9.51935 -3.93092 0.362434 0.167199 10.3072 
9.70313 -9.87597 -3.40079 0.329788 0.153601 10.4517 
9.75315 -9.96665 -3.95875 0.336966 0.144938 10.7306 
9.80316 -10.1032 -3.5798 0.314641 0.140457 10.7234 
9.85318 -9.97904 -4.08678 0.337035 0.130427 10.7898 
9.90319 -10.7475 -3.33048 0.269031 0.114748 11.2555 
9.95321 -10.1665 -4.40561 0.32568 0.104499 11.085 
10.0032 -10.8972 -3.82587 0.26427 0.0870142 11.5526 
10.0532 -10.6765 -4.08553 0.283936 0.083751 11.4353 
10.1033 -11.1279 -4.15771 0.245982 0.108297 11.8812 
10.1533 -10.0443 -5.10093 0.34488 0.107285 11.2715 
10.2033 -11.1009 -4.25427 0.26748 0.116509 11.8917 
10.2533 -10.7479 -4.72428 0.310211 0.125333 11.745 
10.3033 -11.9133 -3.84135 0.235688 0.14677 12.5201 
10.3533 -11.4688 -4.22834 0.275867 0.163445 12.2278 
10.4034 -11.5985 -4.2045 0.25999 0.169261 12.341 
10.4534 -11.5331 -4.37274 0.273978 0.159592 12.3383 
10.5034 -11.6202 -4.49939 0.269581 0.152745 12.4648 
10.5534 -11.8801 -4.39561 0.259457 0.144207 12.6709 
10.6034 -12.1942 -4.20841 0.245403 0.136113 12.903 
10.6534 -12.1788 -4.49684 0.247556 0.127272 12.9855 
10.7035 -12.2832 -4.64491 0.235063 0.116949 13.1356 
10.7535 -12.2555 -4.70928 0.234426 0.10734 13.1317 
10.8035 -12.3304 -4.55695 0.227561 0.094316 13.1481 
10.8535 -12.6291 -4.63265 0.214648 0.0908734 13.4538 
10.9035 -12.6043 -4.71307 0.224889 0.0995221 13.459 
10.9535 -12.7555 -4.5631 0.227172 0.0934221 13.5494 
11.0035 -12.8842 -4.60141 0.222526 0.10191 13.6834 
11.0536 -13.2071 -4.40538 0.211862 0.116448 13.9246 
11.1036 -13.3466 -4.3798 0.20253 0.1392 14.0489 
11.1536 -13.3601 -4.34474 0.207711 0.152246 14.051 
11.2036 -13.3621 -4.73619 0.21509 0.146122 14.179 
11.2536 -13.5336 -4.53805 0.200669 0.125136 14.2762 
11.3036 -13.4229 -4.79 0.215279 0.117279 14.2541 
11.3537 -13.9752 -4.37958 0.185554 0.108752 14.647 
11.4037 -13.8741 -4.82878 0.20448 0.0998669 14.692 
11.4537 -13.9847 -4.8843 0.190282 0.0918166 14.8146 
11.5037 -13.8365 -5.09723 0.202909 0.0858848 14.747 
11.5537 -14.2798 -4.76814 0.178392 0.0879917 15.0561 
11.6037 -14.2499 -4.90862 0.191196 0.0903806 15.0732 
11.6538 -14.3971 -4.96984 0.193994 0.0895679 15.2322 
11.7038 -14.4523 -5.05748 0.191612 0.0878471 15.3131 
11.7538 -14.5252 -5.02407 0.19431 0.0889115 15.3711 
11.8038 -14.8738 -4.93081 0.183536 0.100966 15.6712 
11.8538 -14.7922 -4.69231 0.190156 0.106022 15.5201 
11.9038 -14.998 -4.82867 0.187903 0.11783 15.7577 
11.9539 -14.8963 -5.09109 0.198731 0.108679 15.7439 
12.0039 -15.0418 -5.12825 0.196353 0.0997796 15.8935 
12.0539 -15.2417 -4.98909 0.185362 0.0877386 16.0388 
12.1039 -15.4757 -4.96967 0.176597 0.0813876 16.2552 
12.1539 -15.5592 -5.12143 0.175358 0.0661311 16.3815 
12.2039 -15.504 -5.15186 0.173342 0.0539009 16.3385 
12.254 -15.5134 -5.25766 0.177363 0.0524728 16.3811 
12.304 -15.7758 -5.21842 0.159276 0.0485065 16.6173 
12.354 -15.7758 -4.86873 0.1719 0.0458676 16.5109 
12.404 -16.0057 -5.11868 0.160167 0.0411608 16.8051 
12.454 -15.9197 -5.20824 0.182348 0.0413169 16.751 
12.504 -16.3958 -4.9324 0.1629 0.0501315 17.1225 
12.554 -16.4087 -4.82344 0.158711 0.0560337 17.1038 
12.6041 -16.7152 -4.90536 0.151981 0.0658114 17.4209 
12.6541 -16.5107 -5.03499 0.1666 0.0649193 17.2623 
12.7041 -16.61 -5.12559 0.154278 0.0516709 17.3836 
12.7541 -16.6308 -5.22186 0.164573 0.0396088 17.4322 
12.8041 -16.7149 -5.49456 0.164312 0.036329 17.5957 
12.8541 -17.0876 -5.2631 0.145651 0.0250794 17.8804 
12.9042 -16.9434 -5.41105 0.147546 0.0128918 17.7871 
12.9542 -17.1809 -5.26405 0.131786 0.00671549 17.9696 
13.0042 -17.3344 -5.22718 0.110182 0.0160773 18.1057 
13.0542 -17.0662 -5.59159 0.147658 0.0154021 17.9595 
13.1042 -17.5261 -5.70302 0.129782 0.00817034 18.4311 
13.1542 -17.5042 -5.68089 0.138566 0.0144706 18.4035 
13.2043 -17.8711 -5.44288 0.116605 0.0231663 18.6819 
13.2543 -17.7041 -5.47272 0.136327 0.0447528 18.5314 
13.3043 -18.0436 -5.47037 0.115244 0.0407406 18.855 
13.3543 -17.7868 -5.84827 0.136291 0.0306172 18.7241 
13.4043 -18.0541 -5.84591 0.144363 0.0185642 18.9775 
13.4543 -18.1663 -5.87657 0.140937 -0.00056339 19.094 
13.5044 -18.023 -6.19545 0.141493 -0.0237163 19.0587 
13.5544 -18.5854 -6.08184 0.105526 -0.0340773 19.5554 
13.6044 -18.4544 -6.11349 0.106402 -0.0319365 19.4408 
13.6544 -18.7932 -5.95354 0.0779891 -0.0353796 19.714 
13.7044 -18.2897 -6.12205 0.108476 -0.0273667 19.2874 
13.7544 -18.7882 -6.02111 0.0946707 -0.0355899 19.7297 
13.8045 -18.6949 -6.04048 0.108039 -0.0392605 19.6469 
13.8545 -19.0029 -6.03141 0.100853 -0.0390614 19.9374 
13.9045 -19.2226 -5.95592 0.0943175 -0.0267725 20.1244 
13.9545 -19.1163 -6.14717 0.107581 -0.0106561 20.0807 
14.0045 -19.2129 -6.27559 0.103243 -0.0194623 20.2122 
14.0545 -19.3196 -6.31788 0.109774 -0.0280655 20.3268 
14.1045 -19.5763 -6.42135 0.099525 -0.0358171 20.6028 
14.1546 -19.4284 -6.09151 0.105765 -0.0336917 20.3616 
14.2046 -19.7616 -6.48483 0.103247 -0.036617 20.7987 
14.2546 -19.7561 -6.3374 0.105724 -0.0415506 20.7481 
14.3046 -20.038 -6.52704 0.0952623 -0.0445611 21.0746 
14.3546 -19.5841 -6.50381 0.119406 -0.0485363 20.6363 
14.4046 -20.1131 -6.70785 0.10749 -0.060988 21.2026 
14.4547 -20.1783 -6.7656 0.114459 -0.0572568 21.2827 
14.5047 -20.3404 -6.65695 0.118278 -0.0464812 21.4024 
14.5547 -20.4079 -6.64832 0.120086 -0.0283717 21.4639 
14.6047 -20.3741 -6.71775 0.130635 -0.0272784 21.4536 
14.6547 -20.5082 -6.68834 0.127739 -0.0373726 21.5716 
14.7047 -20.5712 -6.95155 0.140224 -0.0556473 21.7145 
14.7548 -20.7287 -6.91684 0.132851 -0.061951 21.8528 
14.8048 -20.8147 -6.976 0.153028 -0.0523756 21.9532 
14.8548 -21.1117 -7.20268 0.147931 -0.0574598 22.3072 
14.9048 -20.9637 -7.1103 0.150738 -0.067175 22.1374 
14.9548 -21.183 -7.26633 0.148628 -0.0739136 22.3953 
15.0048 -21.0147 -7.17627 0.168775 -0.0618258 22.207 
15.0549 -21.7741 -7.06318 0.140277 -0.0597018 22.8917 
15.1049 -22.0171 -6.75584 0.102527 -0.0517784 23.0306 
15.1549 -21.5565 -6.64604 0.0842214 -0.0473152 22.5581 
15.2049 -21.5824 -6.52733 0.0775325 -0.0481675 22.5484 
15.2549 -21.8948 -6.57556 0.0580425 -0.0561644 22.861 
15.3049 -21.5671 -6.34947 0.0525065 -0.055335 22.4825 
15.355 -21.8468 -6.4491 0.0457897 -0.0586043 22.7789 
15.405 -21.7919 -6.42085 0.0352038 -0.0588883 22.7183 
15.455 -21.6634 -6.49774 0.0423488 -0.0542413 22.6172 
15.505 -21.8849 -6.56032 0.0456803 -0.037539 22.8471 
15.555 -21.72 -6.40697 0.037978 -0.0329741 22.6452 
15.605 -21.8524 -6.25889 0.0308024 -0.0324548 22.7312 
15.655 -21.9739 -6.08472 0.0138815 -0.0280205 22.8008 
15.7051 -21.8896 -6.18068 0.0185975 -0.0239298 22.7455 
15.7551 -22.0025 -6.19736 0.0212264 -0.0280862 22.8588 
15.8051 -21.8696 -6.14449 0.021196 -0.0349794 22.7164 
15.8551 -21.9033 -6.21779 0.0207729 -0.0371433 22.7688 
15.9051 -22.0026 -6.02782 0.00910033 -0.0378306 22.8135 
15.9551 -21.9419 -5.99556 0.00588212 -0.0371071 22.7463 
16.0052 -22.0108 -6.01544 0.00298586 -0.03711 22.8181 
16.0552 -21.9859 -5.89425 -0.0018562 -0.0445587 22.7624 
16.1052 -21.9874 -5.87313 -0.00584998 -0.0447702 22.7585 
16.1552 -22.0164 -5.91832 -0.0085241 -0.0460333 22.7981 
16.2052 -22.0332 -5.7927 -0.0105668 -0.0452325 22.782 
16.2552 -22.0582 -6.00859 -0.0131424 -0.0489542 22.8622 
16.3053 -22.0168 -5.94743 -0.0110575 -0.0448897 22.806 
16.3553 -22.0228 -6.23828 -0.0108478 -0.0399228 22.8896 
16.4053 -22.0284 -6.1665 -0.0122686 -0.0448737 22.8753 
16.4553 -21.9674 -6.53465 -0.00593481 -0.0429614 22.9188 
16.5053 -21.9569 -6.56239 0.00421818 -0.0402543 22.9166 
16.5553 -21.9292 -6.729 0.00942749 -0.0359952 22.9385 
16.6054 -22.0229 -6.44497 -0.00912351 -0.0364323 22.9466 
16.6554 -22.0099 -6.31402 -0.0164618 -0.0387596 22.8977 
16.7054 -22.0382 -6.41442 -0.0101281 -0.0425611 22.9528 
16.7554 -21.9374 -6.65534 -0.00130327 -0.0450763 22.9247 
16.8054 -21.9578 -6.79646 -0.00421756 -0.0388155 22.9856 
16.8554 -21.958 -6.66782 -0.0101059 -0.0338697 22.9481 
16.9055 -22.0087 -6.67122 -0.0123383 -0.0414393 22.9976 
16.9555 -22.0031 -6.63325 -0.0122913 -0.0416537 22.9812 
17.0055 -21.9865 -6.60967 -0.0102918 -0.0447897 22.9586 
17.0555 -21.9721 -6.55573 -0.0143232 -0.0447578 22.9295 
17.1055 -22.0238 -6.46336 -0.019342 -0.0485786 22.9527 
17.1555 -22.0356 -6.54319 -0.0199416 -0.0483241 22.9866 
17.2055 -22.0545 -6.6008 -0.0262892 -0.0285448 23.0212 
17.2556 -22.1046 -6.52636 -0.0324546 -0.0204262 23.048 
17.3056 -22.1102 -6.36842 -0.0391447 -0.0230977 23.0092 
17.3556 -22.083 -6.31435 -0.0403291 -0.0227532 22.9681 
17.4056 -22.134 -6.34148 -0.0400505 -0.0315289 23.0246 
17.4556 -22.1652 -6.30766 -0.0298296 -0.0319892 23.0453 
17.5056 -22.0664 -6.30422 -0.0350704 -0.0278046 22.9493 
17.5557 -22.0677 -6.14351 -0.0440465 -0.0239057 22.907 
17.6057 -22.223 -6.05896 -0.0531798 -0.034633 23.0342 
17.6557 -22.2444 -5.90428 -0.0646502 -0.0354716 23.0148 
17.7057 -22.1827 -5.9152 -0.0511547 -0.0367857 22.9579 
17.7557 -22.1919 -5.95443 -0.0515223 -0.0347961 22.9769 
17.8057 -22.2226 -5.96804 -0.0485952 -0.0390164 23.0101 
17.8558 -22.2384 -5.95075 -0.057104 -0.0351788 23.0209 
17.9058 -22.1761 -5.97801 -0.0562375 -0.0374549 22.9678 
17.9558 -22.2068 -5.94676 -0.0524829 -0.0362506 22.9893 
18.0058 -22.2851 -5.86029 -0.0559626 -0.0370121 23.0428 
18.0558 -22.2661 -5.8707 -0.0569945 -0.0378115 23.0272 
18.1058 -22.2905 -5.86842 -0.060127 -0.0369471 23.0501 
18.1559 -22.1233 -5.98578 -0.0581419 -0.0362334 22.9189 
18.2059 -22.2069 -6.02967 -0.0607017 -0.0346347 23.0111 
18.2559 -22.2618 -5.76713 -0.0714224 -0.0293933 22.9968 
18.3059 -22.6156 -5.3659 -0.106952 -0.0316166 23.2438 
18.3559 -23.0163 -4.93762 -0.210478 -0.0314715 23.5409 
18.4059 -22.9538 -4.32049 -0.28807 -0.0241618 23.3587 
18.456 -22.8592 -4.01603 -0.370995 -0.0251291 23.2123 
18.506 -23.1137 -3.00052 -0.4574 -0.0253409 23.3122 
18.556 -23.3788 -2.46489 -0.53647 -0.0191717 23.5145 
18.606 -23.3886 -2.01929 -0.592892 -0.0129359 23.4831 
18.656 -23.4397 -1.71104 -0.646033 -0.00411237 23.511 
18.706 -23.2118 -1.63759 -0.671685 0.00103896 23.2792 
18.756 -23.3452 -1.41568 -0.702933 0.00309144 23.3987 
18.8061 -23.4973 -1.10389 -0.73543 0.00540501 23.5347 
18.8561 -23.456 -0.688809 -0.761493 0.00280205 23.4785 
18.9061 -23.4216 -0.609637 -0.782792 0.00415383 23.4426 
18.9561 -23.4743 -0.542122 -0.815751 0.00304509 23.4947 
19.0061 -23.2356 -0.394659 -0.819349 0.00565615 23.2533 
19.0561 -23.1001 -0.391858 -0.820616 0.00301705 23.1179 
19.1062 -23.1515 -0.106128 -0.826734 0.00562968 23.1664 
19.1562 -23.0748 -0.0785779 -0.829411 0.0100474 23.0898 
19.2062 -22.9578 -0.0237235 -0.821712 0.0187226 22.9726 
19.2562 -22.8844 0.0989547 -0.827073 0.0193119 22.8996 
19.3062 -22.7449 0.271969 -0.824016 0.0271344 22.7614 
19.3562 -22.7574 0.324774 -0.837774 0.0321805 22.7752 
19.4063 -22.7385 0.519883 -0.850646 0.0375349 22.7603 
19.4563 -22.5196 0.624908 -0.842293 0.0386753 22.5441 
19.5063 -22.6223 0.634722 -0.861312 0.0330917 22.6477 
19.5563 -22.4393 0.786213 -0.862578 0.0303575 22.4696 
19.6063 -22.4093 0.87109 -0.87084 0.019191 22.4431 
19.6563 -22.1109 0.872241 -0.867648 0.0180377 22.1452 
19.7064 -22.174 0.694515 -0.88126 0.0235559 22.2025 
19.7564 -22.1806 1.01998 -0.895029 0.0307498 22.2221 
19.8064 -21.9268 1.18464 -0.871413 0.0436442 21.9761 
19.8564 -22.0179 1.26704 -0.873473 0.0632189 22.0718 
19.9064 -21.8736 1.23918 -0.864738 0.0652269 21.926 
19.9564 -21.8979 1.40024 -0.882547 0.0824682 21.9605 
20.0065 -21.6709 1.29731 -0.859341 0.0873296 21.7268 
20.0565 -21.7975 1.72732 -0.870497 0.0791128 21.8832 
20.1065 -21.5943 1.42461 -0.856073 0.0726252 21.6585 
20.1565 -21.6048 1.66021 -0.87287 0.0845359 21.6862 
20.2065 -21.3466 1.15284 -0.859008 0.0833508 21.3952 
20.2565 -21.2325 1.12149 -0.871151 0.0715208 21.2802 
20.3065 -21.0506 1.51923 -0.863068 0.0698626 21.1231 
20.3566 -21.0861 1.5716 -0.864909 0.0743385 21.1624 
20.4066 -21.3362 1.86786 -0.881299 0.0880225 21.4361 
20.4566 -21.0043 1.79084 -0.85958 0.0954101 21.0983 
20.5066 -20.8155 1.81592 -0.854696 0.108717 20.9125 
20.5566 -20.6489 2.08624 -0.841095 0.102222 20.7717 
20.6066 -20.8748 2.01791 -0.856675 0.106474 20.9898 
20.6567 -20.8727 2.10749 -0.867911 0.106654 20.997 
20.7067 -20.7465 2.23211 -0.863868 0.113623 20.8844 
20.7567 -20.4044 2.36048 -0.852586 0.110206 20.5592 
20.8067 -20.3748 1.94509 -0.854524 0.10971 20.4855 
20.8567 -20.4904 2.29402 -0.877852 0.111148 20.6373 
20.9067 -20.2189 2.1484 -0.857017 0.106424 20.3511 
20.9568 -20.0488 2.29089 -0.855374 0.110692 20.1977 
21.0068 -19.9778 2.34978 -0.847176 0.11708 20.1339 
21.0568 -19.9525 2.37629 -0.831883 0.140739 20.1115 
21.1068 -19.8728 2.54357 -0.819619 0.171505 20.0524 
21.1568 -19.8417 2.72328 -0.807138 0.213515 20.0451 
21.2068 -19.7292 2.82721 -0.791891 0.251451 19.9482 
21.2569 -19.7351 2.78336 -0.789208 0.282271 19.9481 
21.3069 -19.4454 2.76067 -0.774474 0.299632 19.6579 
21.3569 -19.4759 2.87865 -0.77141 0.301743 19.7049 
21.4069 -19.4414 2.95211 -0.776304 0.300171 19.6818 
21.4569 -19.2769 3.05997 -0.774812 0.305535 19.536 
21.5069 -19.3505 3.10916 -0.782999 0.301149 19.6166 
21.557 -19.0808 3.05641 -0.777776 0.298801 19.342 
21.607 -19.0156 3.07016 -0.783029 0.281561 19.2799 
21.657 -18.7231 3.03272 -0.767384 0.291309 18.9848 
21.707 -18.9065 3.41842 -0.779272 0.291618 19.231 
21.757 -18.5883 3.27205 -0.749808 0.30429 18.8915 
21.807 -18.6512 3.56415 -0.750229 0.316789 19.0068 
21.857 -18.6681 3.45502 -0.749979 0.324816 19.0025 
21.9071 -18.4398 3.65437 -0.735162 0.335131 18.8157 
21.9571 -18.5301 3.9302 -0.746785 0.344568 18.9602 
22.0071 -18.3675 3.73961 -0.739172 0.336084 18.7621 
22.0571 -18.227 3.66235 -0.74076 0.332231 18.6096 
22.1071 -18.1561 3.91518 -0.74656 0.332703 18.5915 
22.1571 -18.037 3.74295 -0.731163 0.329052 18.4387 
22.2072 -18.1023 4.01494 -0.749598 0.322088 18.5603 
22.2572 -17.8193 3.83581 -0.740344 0.316 18.2452 
22.3072 -18.1261 4.02556 -0.771344 0.296987 18.5862 
22.3572 -17.6405 3.64901 -0.738238 0.295656 18.0315 
22.4072 -17.5593 4.01286 -0.744384 0.296918 18.0297 
22.4572 -17.4643 4.01009 -0.729678 0.29889 17.9361 
22.5073 -17.589 4.19868 -0.741974 0.308528 18.1012 
22.5573 -17.3533 4.06148 -0.717375 0.316269 17.8395 
22.6073 -17.3857 4.40814 -0.725418 0.323586 17.9534 
22.6573 -17.1852 4.40495 -0.703315 0.33735 17.7578 
22.7073 -17.1408 4.42703 -0.698466 0.345815 17.7206 
22.7573 -17.0964 4.37414 -0.698286 0.342998 17.6646 
22.8074 -17.0617 4.32303 -0.702457 0.345457 17.618 
22.8574 -16.9602 4.37388 -0.707561 0.347668 17.5331 
22.9074 -16.7572 4.42189 -0.69833 0.339133 17.3482 
22.9574 -16.7561 4.57091 -0.705065 0.335831 17.3859 
23.0074 -16.6418 4.39389 -0.694473 0.322368 17.2291 
23.0574 -16.5304 4.37686 -0.707855 0.309776 17.1175 
23.1075 -16.2933 4.14244 -0.692256 0.30163 16.8286 
23.1575 -16.0323 3.84382 -0.670298 0.291912 16.5027 
23.2075 -16.0897 4.55103 -0.687448 0.296321 16.7378 
23.2575 -15.6407 4.10145 -0.642453 0.284703 16.1855 
23.3075 -16.2163 4.8148 -0.688713 0.291641 16.9325 
23.3575 -15.867 4.47916 -0.660579 0.296029 16.503 
23.4075 -15.7353 4.65023 -0.658616 0.306925 16.4239 
23.4576 -15.3048 4.57165 -0.617665 0.323415 15.9883 
23.5076 -15.8079 4.76007 -0.648201 0.329457 16.525 
23.5576 -15.4342 4.81926 -0.645165 0.31049 16.1851 
23.6076 -15.6058 5.0769 -0.665785 0.297964 16.4269 
23.6576 -14.9399 4.48029 -0.619801 0.286451 15.6122 
23.7076 -15.0699 4.85277 -0.641109 0.257182 15.8472 
23.7577 -14.9237 4.82881 -0.637744 0.238943 15.7005 
23.8077 -15.2892 5.12698 -0.678716 0.239374 16.142 
23.8577 -14.7719 4.53467 -0.6441 0.22147 15.4673 
23.9077 -14.8213 4.7892 -0.657028 0.216996 15.5912 
23.9577 -14.4909 4.69604 -0.630382 0.213884 15.2474 
24.0077 -14.3562 4.85609 -0.632473 0.224712 15.1701 
24.0578 -14.3243 4.8362 -0.627425 0.21777 15.1333 
24.1078 -14.1134 4.78686 -0.620114 0.208508 14.9174 
24.1578 -14.3317 5.03937 -0.627751 0.215857 15.2064 
24.2078 -14.1929 5.26108 -0.617947 0.229941 15.151 
24.2578 -13.9543 5.25528 -0.593945 0.247769 14.9251 
24.3078 -13.9835 5.33689 -0.604147 0.258972 14.9818 
24.3579 -13.9161 5.33878 -0.602491 0.26061 14.9194 
24.4079 -13.5518 5.19237 -0.57724 0.246413 14.526 
24.4579 -13.5684 5.128 -0.57716 0.261183 14.5189 
24.5079 -13.4961 5.0444 -0.57289 0.23942 14.4214 
24.5579 -13.4721 5.37236 -0.587892 0.211888 14.5173 
24.6079 -13.1526 4.93169 -0.576227 0.204704 14.0601 
24.658 -13.056 5.1245 -0.58062 0.191378 14.039 
24.708 -13.3121 5.50381 -0.608668 0.180173 14.4189 
24.758 -12.7559 4.76589 -0.574353 0.159026 13.6302 
24.808 -12.9048 5.08699 -0.604524 0.143602 13.8851 
24.858 -12.523 4.86711 -0.580524 0.142334 13.4488 
24.908 -12.4283 4.99582 -0.575752 0.141203 13.4079 
24.958 -12.1549 4.85794 -0.561353 0.146224 13.1026 
25.0081 -12.6656 5.72381 -0.603724 0.14252 13.9128 
25.0581 -12.2139 5.03621 -0.570126 0.147213 13.2246 
25.1081 -12.1438 5.34301 -0.576272 0.160576 13.2807 
25.1581 -11.9373 5.23117 -0.556035 0.170392 13.0462 
25.2081 -11.8526 5.4205 -0.563116 0.169871 13.0465 
25.2581 -11.8551 5.38152 -0.565554 0.169744 13.0328 
25.3082 -11.978 5.65743 -0.590119 0.172403 13.2611 
25.3582 -11.545 5.32314 -0.554196 0.166561 12.7263 
25.4082 -11.6907 5.80481 -0.585256 0.162344 13.0665 
25.4582 -11.0643 5.12158 -0.534148 0.14825 12.2049 
25.5082 -11.7927 6.2185 -0.616493 0.146499 13.3467 
25.5582 -10.8599 4.91775 -0.544888 0.13766 11.9347 
25.6083 -11.4298 5.59536 -0.603394 0.138708 12.7411 
25.6583 -11.0266 5.57495 -0.581358 0.130499 12.3702 
25.7083 -10.9312 5.47313 -0.589761 0.119966 12.2398 
25.7583 -10.5184 5.24768 -0.565876 0.110526 11.769 
25.8083 -10.8358 5.76331 -0.599927 0.102706 12.2881 
25.8583 -10.3445 5.32236 -0.576981 0.112691 11.6484 
25.9084 -10.5252 5.76501 -0.603912 0.112987 12.0164 
25.9584 -10.3331 5.35802 -0.590392 0.122883 11.6554 
26.0084 -10.2277 5.56016 -0.586523 0.113895 11.6568 
26.0584 -10.0976 5.58379 -0.581658 0.094181 11.5541 
26.1084 -9.75116 5.27273 -0.566887 0.10645 11.1006 
26.1584 -10.0282 5.80476 -0.593871 0.101435 11.6029 
26.2085 -9.58857 5.24473 -0.560974 0.103286 10.9441 
26.2585 -9.5828 5.32377 -0.568264 0.0977833 10.9774 
26.3085 -9.0081 4.9044 -0.541117 0.0933809 10.2713 
26.3585 -9.4604 5.72143 -0.592168 0.0968985 11.0721 
26.4085 -8.86408 4.96922 -0.54312 0.104654 10.1768 
26.4585 -9.48511 5.9198 -0.618916 0.0913262 11.1985 
26.5085 -8.62979 4.64818 -0.545694 0.0882664 9.81777 
26.5586 -8.49699 4.63734 -0.554366 0.0737584 9.69619 
26.6086 -8.17124 4.56042 -0.538402 0.0760481 9.3737 
26.6586 -7.9723 4.4335 -0.54183 0.0673389 9.13848 
26.7086 -8.0006 4.2456 -0.558904 0.0635106 9.0751 
26.7586 -7.88426 4.67713 -0.581476 0.05567 9.18765 
26.8086 -7.73325 4.39648 -0.582265 0.0455426 8.91577 
26.8587 -7.29867 4.33163 -0.554083 0.0323814 8.50548 
26.9087 -7.55289 4.42774 -0.596636 0.0204659 8.77648 
26.9587 -7.45018 4.5052 -0.615361 0.0217582 8.72808 
27.0087 -7.18761 4.31095 -0.60361 0.0234523 8.40318 
27.0587 -7.37344 4.87373 -0.632856 0.0155313 8.86143 
27.1087 -7.09533 4.63677 -0.624258 0.0112858 8.49994 
27.1588 -6.75927 4.45665 -0.61073 0.0102648 8.11942 
27.2088 -6.86224 4.92766 -0.623025 0.00565137 8.47182 
27.2588 -6.7506 4.88516 -0.630144 0.00373546 8.35743 
27.3088 -6.82795 5.17465 -0.653238 0.00157399 8.59206 
27.3588 -6.83009 5.34134 -0.681882 0.00779753 8.69726 
27.4088 -6.84961 5.30595 -0.704675 0.00834637 8.69279 
27.4589 -6.55611 5.19062 -0.705895 0.000833164 8.39191 
27.5089 -6.46947 5.51409 -0.71281 -0.0112944 8.53017 
27.5589 -6.43699 5.53837 -0.716324 -0.0293321 8.52224 
27.6089 -6.33556 5.77895 -0.737837 -0.0362415 8.60701 
27.6589 -6.33438 5.58143 -0.751521 -0.0349368 8.4757 
27.7089 -6.26243 5.9993 -0.787939 -0.0482121 8.70807 
27.759 -6.12597 5.76962 -0.800189 -0.0539959 8.45328 
27.809 -6.09303 5.94216 -0.823232 -0.0711587 8.55091 
27.859 -5.95579 5.81374 -0.845121 -0.0800711 8.36605 
27.909 -5.83714 5.91602 -0.869358 -0.0891294 8.35671 
27.959 -5.7736 6.02468 -0.888241 -0.0919241 8.39262 
28.009 -5.10241 5.62706 -0.875041 -0.093886 7.6469 
28.059 -3.67182 3.80626 -0.74313 -0.079882 5.34176 
28.1091 -4.95334 5.31288 -0.816149 -0.0845438 7.3101 
28.1591 -5.15167 5.73643 -0.813986 -0.0944751 7.75359 
28.2091 -4.28921 4.7591 -0.736273 -0.0986199 6.44969 
28.2591 -4.76775 5.18989 -0.751166 -0.0969815 7.08816 
28.3091 -4.78056 5.43081 -0.754402 -0.101031 7.27509 
28.3591 -4.42132 4.84479 -0.732792 -0.0969771 6.60049 
28.4092 -4.82708 5.37933 -0.758448 -0.0871594 7.26778 
28.4592 -4.58551 5.15085 -0.731651 -0.0600309 6.93523 
28.5092 -4.37377 4.96364 -0.709108 -0.0126796 6.65357 
28.5592 -4.53772 5.04358 -0.714907 0.00531337 6.822 
28.6092 -4.28005 4.79652 -0.695993 0.0158763 6.46628 
28.6592 -4.2928 4.73522 -0.686533 0.0232518 6.4282 
28.7093 -4.42347 4.86535 -0.693931 0.023399 6.61215 
28.7593 -4.15152 4.5012 -0.676251 0.025434 6.16079 
28.8093 -4.10362 4.54003 -0.667898 0.0307344 6.15621 
28.8593 -4.02588 4.4548 -0.653046 0.0277302 6.04012 
28.9093 -4.0523 4.48483 -0.659671 0.02636 6.08037 
28.9593 -4.29219 4.82078 -0.673975 0.0291792 6.48984 
29.0094 -4.31492 4.85965 -0.674708 0.0297242 6.53382 
29.0594 -4.0927 4.6477 -0.664109 0.0273375 6.22841 
29.1094 -4.1004 4.54443 -0.654579 0.0323697 6.15587 
29.1594 -4.1173 4.60531 -0.64639 0.0309509 6.21126 
29.2094 -4.10309 4.65903 -0.6549 0.0295808 6.24274 
29.2594 -4.05284 4.52083 -0.651814 0.0306273 6.10646 
29.3095 -4.02637 4.54489 -0.63988 0.0337682 6.10564 
29.3595 -4.01092 4.40228 -0.630007 0.0307529 5.98878 
29.4095 -3.90315 4.19846 -0.622813 0.033711 5.76634 
29.4595 -3.93438 4.33021 -0.624165 0.0330178 5.88398 
29.5095 -3.82956 4.01314 -0.61563 0.0336953 5.58134 
29.5595 -3.80221 4.00084 -0.610829 0.0338039 5.55318 
29.6095 -3.68268 3.767 -0.601687 0.0347505 5.30243 
29.6596 -3.57762 3.6605 -0.592305 0.0338842 5.15272 
29.7096 -3.46952 3.54595 -0.583278 0.0366602 4.99545 
29.7596 -3.52538 3.6392 -0.581224 0.0343406 5.10016 
29.8096 -3.6944 3.77967 -0.599621 0.036027 5.31944 
29.8596 -3.66521 3.70271 -0.598959 0.0418414 5.24446 
29.9096 -3.57823 3.80719 -0.591665 0.0364111 5.25833 
29.9597 -3.52764 3.61387 -0.575759 0.0330608 5.08304 
30.0097 -3.5251 3.60797 -0.573691 0.0357209 5.07681 
30.0597 -3.52497 3.45315 -0.575896 0.0382595 4.96818 
30.1097 -3.51499 3.46767 -0.58284 0.0385706 4.97202 
30.1597 -3.43207 3.38014 -0.569086 0.0432137 4.85077 
30.2097 -3.313 3.2679 -0.555394 0.04898 4.68681 
30.2598 -3.52033 3.59209 -0.571787 0.0423648 5.06214 
30.3098 -3.60108 3.71569 -0.577918 0.0362609 5.20661 
30.3598 -3.45437 3.42741 -0.565759 0.0427866 4.89915 
30.4098 -3.52109 3.51507 -0.569257 0.0468718 5.00802 
30.4598 -3.65076 3.60784 -0.570823 0.0410028 5.16449 
30.5098 -3.35709 3.40076 -0.55742 0.0454038 4.81126 
30.5599 -3.54358 3.70885 -0.564343 0.0443267 5.16075 
30.6099 -3.67056 3.80978 -0.570578 0.0414879 5.32115 
30.6599 -3.60661 3.60678 -0.568986 0.0408842 5.13244 
30.7099 -3.76576 3.8616 -0.577742 0.0458804 5.42483 
30.7599 -3.57971 3.75499 -0.56291 0.0440912 5.21853 
30.8099 -3.50153 3.60154 -0.553112 0.045682 5.05369 
30.86 -3.69164 3.88282 -0.560588 0.0426683 5.38707 
30.91 -3.49149 3.54933 -0.553106 0.0448313 5.00961 
30.96 -3.50221 3.53098 -0.558004 0.0452346 5.00467 
