0 0 0 0 0 0 
0.0500161 0.0630738 0.0553848 0.000229909 -0.00118034 0.0838338 
0.100032 0.0647284 0.039179 0.0102405 -0.00269566 0.0762608 
0.150048 -0.0643877 0.261233 -0.00252975 -0.00343269 0.269075 
0.200065 -0.0847478 0.191724 -0.00715793 -0.00625707 0.209834 
0.250081 -0.115544 0.304966 -0.00447068 -0.00774751 0.32601 
0.300097 -0.147054 0.283924 -0.00587594 -0.00734909 0.319932 
0.350113 -0.10873 0.340431 -0.00351189 -0.00740643 0.357565 
0.400129 -0.178163 0.283779 -0.0117898 -0.0111857 0.335256 
0.450145 -0.125807 0.271747 -0.00792793 -0.0118214 0.29954 
0.500161 -0.102206 0.426067 0.00609643 -0.0137902 0.438406 
0.550177 -0.117074 0.475671 0.00709552 -0.0130019 0.490104 
0.600194 -0.276851 0.587326 -0.0106518 -0.0142123 0.649521 
0.65021 -0.33683 0.590717 -0.01812 -0.0163779 0.680573 
0.700226 -0.326239 0.660385 -0.0169461 -0.0170876 0.736862 
0.750242 -0.241654 0.544562 -0.00958075 -0.0160386 0.596071 
0.800258 -0.210647 0.563946 -0.00200902 -0.0165349 0.602252 
0.850274 -0.226021 0.518576 -0.00507724 -0.0177112 0.565776 
0.90029 -0.254073 0.628165 -0.00915357 -0.0211684 0.678329 
0.950306 -0.229876 0.58725 -0.00726298 -0.0173168 0.630883 
1.00032 -0.251861 0.593814 -0.00646483 -0.0201017 0.645321 
1.05034 -0.209094 0.497532 -0.0114191 -0.0205785 0.540068 
1.10035 -0.230923 0.646333 -0.0090607 -0.0210541 0.686658 
1.15037 -0.274404 0.628269 -0.00869039 -0.020106 0.686747 
1.20039 -0.257154 0.698336 -0.00612002 -0.0227987 0.745294 
1.2504 -0.238886 0.589535 -0.0145057 -0.018377 0.63653 
1.30042 -0.272751 0.690387 -0.0103577 -0.0186113 0.742562 
1.35044 -0.208992 0.531255 -0.00596058 -0.0195822 0.571348 
1.40045 -0.263379 0.664849 -0.00300243 -0.019501 0.71533 
1.45047 -0.349958 0.890592 -0.0160142 -0.0227163 0.957474 
1.50048 -0.530922 0.956705 -0.0288384 -0.0249711 1.09486 
1.5505 -0.5059 0.980269 -0.0341606 -0.0194393 1.10373 
1.60052 -0.471425 0.963384 -0.0227182 -0.0231466 1.07302 
1.65053 -0.354017 0.896881 -0.0155202 -0.0232318 0.9646 
1.70055 -0.421107 0.835818 -0.0191508 -0.0209879 0.936322 
1.75056 -0.441514 0.910012 -0.0229691 -0.0193461 1.01198 
1.80058 -0.427398 0.882102 -0.0223998 -0.0222784 0.980984 
1.8506 -0.407678 0.804571 -0.0185139 -0.0213496 0.903039 
1.90061 -0.347696 0.747041 -0.0171811 -0.0206123 0.82428 
1.95063 -0.326437 0.710892 -0.0201145 -0.0221245 0.782825 
2.00065 -0.36398 0.718319 -0.0180042 -0.0221949 0.805791 
2.05066 -0.433818 0.808129 -0.017123 -0.0198377 0.917506 
2.10068 -0.467915 0.891121 -0.0236341 -0.0229089 1.00807 
2.15069 -0.414559 0.804186 -0.0229639 -0.019759 0.906161 
2.20071 -0.317021 0.715432 -0.0105772 -0.0170404 0.783132 
2.25073 -0.273055 0.705837 -0.0090619 -0.0210864 0.757182 
2.30074 -0.479222 1.08525 -0.0264783 -0.0225813 1.18679 
2.35076 -0.510126 1.02249 -0.0367967 -0.0213498 1.14361 
2.40077 -0.537831 0.96647 -0.029666 -0.0230278 1.10661 
2.45079 -0.470349 1.02731 -0.0175743 -0.0242962 1.13033 
2.50081 -0.364511 0.783572 -0.0103556 -0.0225406 0.864446 
2.55082 -0.347207 0.792685 -0.0154762 -0.0237134 0.865828 
2.60084 -0.424234 0.867825 -0.0215591 -0.0245172 0.967276 
2.65085 -0.39287 0.84204 -0.0162425 -0.0222355 0.929957 
2.70087 -0.434487 0.957418 -0.0190821 -0.0252479 1.05194 
2.75089 -0.472813 0.867398 -0.0232339 -0.0246721 0.988694 
2.8009 -0.417967 0.855997 -0.0193025 -0.0267516 0.95316 
2.85092 -0.43658 0.86695 -0.0179259 -0.0238217 0.97116 
2.90094 -0.476792 0.986762 -0.0199345 -0.0256376 1.09668 
2.95095 -0.469735 0.921433 -0.0295491 -0.0274269 1.03509 
3.00097 -0.495774 0.755028 -0.0282202 -0.0255903 0.903771 
3.05098 -0.433528 0.878215 -0.0230463 -0.0246405 0.980206 
3.101 -0.285593 0.621156 -0.00995847 -0.0234689 0.684446 
3.15102 -0.33343 0.746827 -0.0168336 -0.0248041 0.818736 
3.20103 -0.490959 0.942629 -0.0300629 -0.0311991 1.06415 
3.25105 -0.446278 0.768471 -0.0300349 -0.0321878 0.890145 
3.30106 -0.400391 0.740071 -0.0176631 -0.0311232 0.842224 
3.35108 -0.276748 0.490758 -0.00494972 -0.0285486 0.563773 
3.4011 -0.118735 0.333956 0.00790069 -0.0258245 0.355535 
3.45111 -0.142476 0.283369 0.000562058 -0.028626 0.31852 
3.50113 -0.136499 0.271133 -1.72346e-05 -0.0264429 0.3061 
3.55115 -0.10359 0.125376 -0.00152081 -0.0266577 0.164527 
3.60116 -0.106852 0.188647 -4.38519e-05 -0.0239862 0.219029 
3.65118 -0.0958861 0.173407 -0.00351286 -0.0245174 0.199601 
3.70119 -0.147955 0.239324 -0.00125222 -0.0256779 0.282506 
3.75121 -0.139556 0.271814 0.00249249 -0.0270054 0.306848 
3.80123 -0.068984 0.141142 0.00423178 -0.0257279 0.159965 
3.85124 -0.123883 0.251472 -0.00105367 -0.0257111 0.281864 
3.90126 -0.12372 0.0854228 -0.00168867 -0.025928 0.160342 
3.95127 -0.00162735 -0.0292148 0.0111138 -0.0235063 0.0471602 
4.00129 0.0892103 -0.0255171 0.0240893 -0.0213946 0.0968976 
4.05131 0.0406639 0.0883726 0.0134303 -0.0238775 0.10213 
4.10132 -0.14268 0.262568 -0.0111008 -0.0245308 0.300175 
4.15134 -0.182881 0.275855 -0.0166437 -0.0244139 0.333284 
4.20135 -0.188946 0.396113 -0.00615658 -0.0276781 0.440477 
4.25137 -0.123528 0.36929 0.0077888 -0.0254982 0.391225 
4.30139 -0.119839 0.41889 -0.000143522 -0.0261006 0.436151 
4.3514 -0.259155 0.500433 -0.0129763 -0.0307528 0.564527 
4.40142 -0.241871 0.435548 -0.0152038 -0.0278124 0.499149 
4.45144 -0.279979 0.58155 -0.00181236 -0.0299785 0.646217 
4.50145 -0.281659 0.694485 -0.00795437 -0.0333063 0.750508 
4.55147 -0.308776 0.578683 -0.0110729 -0.0320767 0.656811 
4.60148 -0.290815 0.650251 -0.00909237 -0.0295833 0.712997 
4.6515 -0.277446 0.579744 -0.00354701 -0.0321804 0.643757 
4.70152 -0.299936 0.667108 -0.00837722 -0.0327464 0.732571 
4.75153 -0.317503 0.583676 -0.00622226 -0.033218 0.665173 
4.80155 -0.234039 0.558089 0.000442315 -0.0295223 0.605897 
4.85156 -0.215464 0.521992 0.00209597 -0.0335586 0.566859 
4.90158 -0.27648 0.681987 -0.00771837 -0.0318257 0.736648 
4.9516 -0.441106 0.895444 -0.0247605 -0.0350572 0.999261 
5.00161 -0.438103 0.754271 -0.0252174 -0.0355244 0.873416 
5.05163 -0.39547 0.776934 -0.0128301 -0.0364314 0.872874 
5.10164 -0.116871 0.607509 0.00886873 -0.0323083 0.620117 
5.15166 0.314084 0.243959 0.0653564 -0.037137 0.400934 
5.20168 1.2673 -1.01749 0.209581 -0.0282737 1.63909 
5.25169 1.3202 -1.19345 0.330703 -0.0154206 1.81036 
5.30171 1.60572 -1.27952 0.350943 -0.0226664 2.08304 
5.35173 2.13611 -1.82147 0.434646 -0.0205886 2.84152 
5.40174 2.62073 -2.27224 0.493697 -0.0167834 3.50392 
5.45176 2.83155 -2.29493 0.558064 -0.0189119 3.68705 
5.50177 2.76218 -2.17216 0.583509 -0.0123106 3.56209 
5.55179 2.9827 -2.3745 0.624949 -0.0129464 3.86313 
5.60181 3.17269 -2.48571 0.652662 -0.0154902 4.08307 
5.65182 3.32206 -2.7698 0.683265 -0.00777359 4.37891 
5.70184 3.64182 -3.07943 0.727799 0.000763122 4.8245 
5.75185 3.46264 -2.72503 0.721508 -0.00423068 4.46495 
5.80187 4.42003 -4.00033 0.822524 0.00525278 6.01807 
5.85189 4.28065 -3.71335 0.846565 -0.000957495 5.72969 
5.9019 4.00414 -3.35207 0.866554 0.00943259 5.29339 
5.95192 3.77214 -3.4648 0.87743 0.0335181 5.19662 
6.00194 3.69369 -3.69424 0.890608 0.0469239 5.29963 
6.05195 3.0058 -3.19772 0.851836 0.0426325 4.47075 
6.10197 3.57606 -4.26914 0.907164 0.0461251 5.64261 
6.15198 3.12817 -3.58459 0.879564 0.0444947 4.83842 
6.202 3.32179 -3.97233 0.910854 0.04897 5.25792 
6.25202 3.41219 -4.03686 0.932831 0.0357828 5.36753 
6.30203 2.87116 -3.95051 0.898196 0.0289432 4.96565 
6.35205 2.99796 -4.35022 0.934223 0.0330279 5.36529 
6.40206 2.18341 -3.75461 0.876256 0.0412225 4.43101 
6.45208 2.56304 -4.25529 0.912359 0.0527569 5.05095 
6.5021 2.4718 -4.61403 0.925186 0.0622991 5.31591 
6.55211 1.93558 -3.92266 0.886856 0.0625898 4.46369 
6.60213 1.84856 -4.34871 0.885202 0.0712003 4.80799 
6.65214 1.32257 -4.03587 0.849636 0.0653188 4.33169 
6.70216 1.3399 -4.4406 0.853563 0.0671153 4.71661 
6.75218 1.05244 -4.33149 0.84855 0.0643459 4.53799 
6.80219 0.989321 -4.48468 0.852266 0.074912 4.67155 
6.85221 0.80619 -4.27696 0.84174 0.0793286 4.43362 
6.90223 0.575229 -4.58134 0.83729 0.084135 4.69327 
6.95224 0.658842 -4.75996 0.847536 0.0854695 4.88025 
7.00226 0.109675 -4.34801 0.814342 0.0768122 4.42581 
7.05227 -0.274261 -4.35206 0.785754 0.0637781 4.43124 
7.10229 -0.171726 -4.68311 0.791237 0.0549879 4.75284 
7.15231 -0.135058 -5.15128 0.804599 0.0682271 5.21589 
7.20232 -0.672714 -4.52793 0.753938 0.0567156 4.6396 
7.25234 -0.353972 -5.18419 0.798595 0.0612952 5.25755 
7.30235 -1.14683 -4.54257 0.732506 0.0719357 4.74249 
7.35237 -0.670012 -5.31299 0.780362 0.0804129 5.41208 
7.40239 -1.46261 -4.65546 0.722751 0.0735308 4.93362 
7.4524 -1.358 -5.09576 0.7411 0.0758886 5.32583 
7.50242 -1.74261 -4.81938 0.713112 0.0885757 5.17496 
7.55244 -1.89558 -4.71613 0.706363 0.103741 5.13273 
7.60245 -1.98703 -4.81584 0.702593 0.100017 5.25771 
7.65247 -2.39004 -4.60531 0.679645 0.0998932 5.2338 
7.70248 -2.41607 -4.56978 0.673045 0.112789 5.21365 
7.7525 -2.5447 -4.87249 0.676445 0.126348 5.53973 
7.80252 -2.86575 -4.5522 0.644483 0.125882 5.41876 
7.85253 -2.91535 -4.83166 0.648805 0.113416 5.68139 
7.90255 -2.94534 -4.97275 0.648674 0.11076 5.81713 
7.95256 -3.09779 -4.84934 0.64576 0.103455 5.79158 
8.00258 -3.55912 -4.80207 0.614095 0.0945327 6.00934 
8.0526 -3.63916 -4.73463 0.607987 0.0801429 6.00383 
8.10261 -3.88011 -4.90649 0.589562 0.0818212 6.28348 
8.15263 -4.04754 -4.79189 0.574141 0.076539 6.29946 
8.20265 -3.80982 -5.09899 0.598846 0.0816661 6.39375 
8.25266 -4.27221 -5.01525 0.576099 0.087405 6.61401 
8.30268 -4.52699 -4.76188 0.559785 0.0926432 6.59483 
8.35269 -4.62923 -4.79907 0.565713 0.107987 6.69208 
8.40271 -5.15629 -4.32769 0.528284 0.129975 6.7535 
8.45273 -5.12951 -4.66293 0.536342 0.141913 6.95465 
8.50274 -5.36813 -4.49043 0.521547 0.15299 7.01964 
8.55276 -5.40137 -4.77835 0.522801 0.162695 7.23265 
8.60277 -5.29338 -4.74623 0.531339 0.170854 7.13165 
8.65279 -6.00437 -4.3525 0.485089 0.168976 7.43318 
8.70281 -5.74123 -4.90608 0.506561 0.166178 7.57019 
8.75282 -6.08676 -4.69741 0.475389 0.148414 7.70485 
8.80284 -6.00793 -4.841 0.478762 0.132894 7.73133 
8.85285 -6.27316 -4.78458 0.466331 0.134684 7.9044 
8.90287 -6.40545 -4.87848 0.451454 0.12605 8.06538 
8.95289 -6.60564 -4.93497 0.437249 0.106571 8.25776 
9.0029 -6.90348 -4.6655 0.409883 0.0902707 8.34276 
9.05292 -6.71299 -5.2102 0.437414 0.101482 8.51001 
9.10293 -6.48956 -5.49908 0.456065 0.111564 8.51859 
9.15295 -7.00973 -4.82607 0.423627 0.114797 8.52164 
9.20297 -7.0546 -5.15381 0.432458 0.117448 8.74794 
9.25298 -7.7158 -4.53498 0.386453 0.128935 8.95868 
9.303 -8.03686 -4.31689 0.3681 0.147822 9.13172 
9.35302 -7.91954 -4.44388 0.379037 0.163939 9.09141 
9.40303 -7.88649 -4.49828 0.390848 0.172032 9.08947 
9.45305 -8.13371 -4.4156 0.375997 0.174384 9.26423 
9.50306 -8.18737 -4.58805 0.381838 0.171291 9.39447 
9.55308 -8.43554 -4.45909 0.351511 0.167663 9.54962 
9.6031 -8.45148 -4.8226 0.357193 0.14934 9.73888 
9.65311 -8.8659 -4.67957 0.324798 0.138911 10.0317 
9.70313 -8.71505 -5.11693 0.340101 0.13221 10.1127 
9.75315 -8.91962 -5.00975 0.321556 0.124622 10.236 
9.80316 -9.06523 -4.90928 0.316213 0.108037 10.3147 
9.85318 -9.15421 -5.029 0.306758 0.109208 10.4495 
9.90319 -9.10679 -5.38908 0.318418 0.10897 10.587 
9.95321 -8.98827 -5.66263 0.332935 0.110935 10.6288 
10.0032 -9.40328 -5.26346 0.310613 0.111971 10.7814 
10.0532 -9.57847 -5.25731 0.311701 0.127327 10.9316 
10.1033 -10.0869 -5.02088 0.281402 0.137255 11.2717 
10.1533 -9.79828 -5.33564 0.302909 0.149942 11.162 
10.2033 -9.95338 -5.10893 0.291449 0.153284 11.1933 
10.2533 -9.95901 -5.43184 0.303869 0.158698 11.3492 
10.3033 -10.2491 -5.28738 0.292252 0.153973 11.5373 
10.3533 -10.3918 -5.33783 0.285697 0.147484 11.6869 
10.4034 -10.5893 -5.38748 0.270908 0.129735 11.8848 
10.4534 -10.5516 -5.64072 0.270959 0.12077 11.9688 
10.5034 -10.6873 -5.68203 0.262871 0.109088 12.1072 
10.5534 -10.695 -5.76296 0.264971 0.0954616 12.152 
10.6034 -11.3917 -5.32086 0.22241 0.0939876 12.5758 
10.6534 -10.9288 -5.86228 0.258141 0.0862508 12.405 
10.7035 -10.8645 -5.76168 0.264817 0.0765187 12.3016 
10.7535 -11.2522 -5.47443 0.256333 0.0830292 12.516 
10.8035 -11.6033 -5.52276 0.248381 0.0916341 12.8533 
10.8535 -11.7703 -5.67014 0.24301 0.102431 13.0674 
10.9035 -11.8733 -5.42666 0.238096 0.123639 13.0574 
10.9535 -11.9645 -5.45502 0.236845 0.131441 13.1522 
11.0035 -11.8122 -5.86612 0.253997 0.128517 13.1918 
11.0536 -11.978 -5.78144 0.245395 0.114353 13.303 
11.1036 -12.1201 -5.86161 0.241629 0.106816 13.4657 
11.1536 -12.4928 -5.75113 0.223236 0.0962969 13.7552 
11.2036 -12.4623 -5.85397 0.228907 0.0827605 13.7709 
11.2536 -12.5168 -6.15569 0.225504 0.0720136 13.9505 
11.3036 -12.5052 -6.15675 0.228435 0.0727761 13.9406 
11.3537 -12.6381 -6.31261 0.222511 0.0667285 14.1288 
11.4037 -12.8434 -6.18303 0.215991 0.0588613 14.256 
11.4537 -13.0617 -6.15783 0.218282 0.0553637 14.4421 
11.5037 -13.1119 -6.13805 0.21605 0.0580964 14.4792 
11.5537 -13.0998 -6.15414 0.230772 0.0627665 14.4753 
11.6037 -13.4059 -6.0422 0.217862 0.0773842 14.7065 
11.6538 -13.6396 -6.13834 0.213913 0.0901283 14.959 
11.7038 -13.7004 -6.1109 0.211486 0.104328 15.0034 
11.7538 -13.6583 -6.28425 0.219037 0.109996 15.0367 
11.8038 -13.9148 -6.12094 0.201334 0.106818 15.2033 
11.8538 -13.8848 -6.28256 0.208879 0.0936645 15.2417 
11.9038 -14.0475 -6.50397 0.196875 0.0519088 15.4815 
11.9539 -14.2569 -6.7611 0.18256 0.037018 15.78 
12.0039 -14.2105 -6.44789 0.180411 0.040787 15.6061 
12.0539 -14.3194 -6.61513 0.171616 0.0349166 15.7745 
12.1039 -14.5922 -6.42983 0.1562 0.0288729 15.9468 
12.1539 -14.3356 -6.92498 0.185281 0.0311788 15.9217 
12.2039 -14.9167 -6.4911 0.155287 0.0348394 16.2687 
12.254 -14.4548 -6.61841 0.186785 0.0420381 15.8991 
12.304 -15.255 -6.30524 0.147695 0.0448541 16.5074 
12.354 -15.143 -6.4426 0.161823 0.0663419 16.4575 
12.404 -15.536 -6.2621 0.142142 0.0783163 16.7514 
12.454 -15.401 -6.28724 0.142288 0.0898011 16.6358 
12.504 -15.4933 -6.57353 0.141649 0.075209 16.8309 
12.554 -15.5723 -6.73035 0.140531 0.0626155 16.9652 
12.6041 -15.7131 -6.62793 0.130361 0.0485153 17.0543 
12.6541 -15.9615 -6.76324 0.125071 0.0469774 17.3358 
12.7041 -16.0168 -6.95411 0.121735 0.0364404 17.4618 
12.7541 -16.0751 -6.78798 0.104403 0.0375115 17.4499 
12.8041 -16.176 -7.08538 0.109251 0.0319898 17.6601 
12.8541 -16.1586 -7.14044 0.118844 0.0313127 17.6664 
12.9042 -16.5343 -7.03839 0.100851 0.0284606 17.9704 
12.9542 -16.5456 -7.11433 0.10901 0.0389312 18.0107 
13.0042 -16.9072 -6.92185 0.0847804 0.0429163 18.2695 
13.0542 -16.5468 -6.89326 0.103732 0.0568653 17.9256 
13.1042 -16.9705 -6.70946 0.0880152 0.0682586 18.249 
13.1542 -16.9802 -7.09876 0.0927763 0.074838 18.4047 
13.2043 -17.0679 -7.14335 0.0903929 0.0610048 18.5028 
13.2543 -17.1316 -7.15137 0.0912454 0.0544394 18.5646 
13.3043 -17.2037 -7.33014 0.0953041 0.0537091 18.7006 
13.3543 -17.5117 -7.45691 0.076588 0.0588866 19.0335 
13.4043 -17.5785 -7.40326 0.0703897 0.0433333 19.074 
13.4543 -17.7024 -7.54778 0.0690668 0.0298733 19.2444 
13.5044 -17.5964 -7.79488 0.0791843 0.0292573 19.2458 
13.5544 -18.0224 -7.63013 0.0605557 0.0274824 19.5712 
13.6044 -17.9156 -7.61059 0.0727436 0.0316875 19.4653 
13.6544 -18.2092 -7.85413 0.0744517 0.0396214 19.8311 
13.7044 -18.3509 -7.50647 0.0755643 0.0542414 19.827 
13.7544 -18.5061 -7.34595 0.0665362 0.0683284 19.9111 
13.8045 -18.4887 -7.42274 0.0618823 0.0651334 19.9233 
13.8545 -18.6025 -7.50897 0.0780976 0.0588149 20.0612 
13.9045 -18.6631 -7.7696 0.0723806 0.0414596 20.216 
13.9545 -18.7803 -7.82878 0.0712596 0.0215406 20.3469 
14.0045 -19.0148 -7.84797 0.0545272 0.0197963 20.5708 
14.0545 -18.9324 -7.99588 0.0668828 0.0237704 20.5517 
14.1045 -19.2563 -8.02269 0.0569493 0.0181025 20.8609 
14.1546 -19.0554 -8.00735 0.069689 0.00593825 20.6696 
14.2046 -19.1055 -8.07366 0.0888017 0.000652017 20.7416 
14.2546 -19.6497 -8.17045 0.0715012 0.00453749 21.2809 
14.3046 -19.4875 -8.10578 0.0889064 0.0124342 21.1063 
14.3546 -19.8287 -7.90933 0.0701463 0.0192849 21.3482 
14.4046 -19.6776 -8.09172 0.0907983 0.0374202 21.2768 
14.4547 -19.9321 -8.10827 0.0773709 0.0415824 21.5183 
14.5047 -20.003 -8.11807 0.0894716 0.0305672 21.5876 
14.5547 -19.8345 -8.35102 0.107727 0.0148247 21.5213 
14.6047 -20.3227 -8.35671 0.0896301 0.00120421 21.9739 
14.6547 -20.3097 -8.38836 0.0933548 -0.00692991 21.9741 
14.7047 -20.3954 -8.53533 0.107581 -0.0057965 22.1097 
14.7548 -20.7474 -8.65002 0.0950423 -0.00999347 22.4785 
14.8048 -20.4338 -8.83808 0.113179 -0.00770636 22.2635 
14.8548 -20.6534 -8.88168 0.112018 -0.00976186 22.4827 
14.9048 -20.6785 -8.6426 0.128593 -0.0123232 22.4123 
14.9548 -20.9961 -8.76415 0.13391 0.00114711 22.7523 
15.0048 -21.0305 -8.89697 0.146174 0.0119617 22.8354 
15.0549 -21.4087 -8.46305 0.117855 0.0199656 23.0214 
15.1049 -21.47 -8.54264 0.0942553 0.0138672 23.1073 
15.1549 -21.4971 -8.37153 0.0591402 0.00407996 23.0697 
15.2049 -21.3104 -8.16931 0.0599581 0.00252724 22.823 
15.2549 -21.5703 -8.21631 0.0487778 0.00414296 23.0822 
15.3049 -21.3913 -8.18729 0.043036 0.00219665 22.9046 
15.355 -21.4875 -8.02686 0.0311031 -0.00122445 22.9379 
15.405 -21.685 -7.96978 0.0203305 -0.00051893 23.1032 
15.455 -21.5794 -7.70151 0.0142997 0.00431173 22.9125 
15.505 -21.6259 -7.85853 0.0161148 0.00236444 23.0094 
15.555 -21.5858 -7.92759 0.0100525 -0.000770704 22.9956 
15.605 -21.5664 -7.85279 0.00638212 -0.000318086 22.9516 
15.655 -21.6529 -7.67288 0.00127719 0.000870522 22.9723 
15.7051 -21.5807 -7.51289 -0.00993304 -0.00243791 22.8511 
15.7551 -21.6573 -7.58864 -0.00655288 -0.00572517 22.9484 
15.8051 -21.6594 -7.62554 -0.00611045 -0.00595858 22.9625 
15.8551 -21.5878 -7.81949 -0.00199428 -0.00494099 22.9603 
15.9051 -21.7236 -7.69271 -0.0104084 -0.00192656 23.0455 
15.9551 -21.6955 -7.80112 -0.0238603 -0.00600195 23.0555 
16.0052 -21.7366 -7.89216 -0.0187123 -0.00232449 23.125 
16.0552 -21.6774 -8.04232 -0.0123256 0.00105034 23.1211 
16.1052 -21.628 -8.09745 -0.0126977 -0.000528586 23.0942 
16.1552 -21.7172 -7.91512 -0.0209618 0.000722411 23.1146 
16.2052 -21.7329 -7.82371 -0.0259406 -0.000563879 23.0983 
16.2552 -21.7415 -7.81144 -0.0262196 -0.00140663 23.1022 
16.3053 -21.7014 -7.8884 -0.0168924 0.000176977 23.0906 
16.3553 -21.712 -7.90538 -0.0230341 -0.00134036 23.1064 
16.4053 -21.7169 -7.99277 -0.0250833 -0.00102871 23.1411 
16.4553 -21.7345 -8.04447 -0.0321238 0.00223444 23.1755 
16.5053 -21.7383 -8.04215 -0.0347706 0.00515705 23.1783 
16.5553 -21.7571 -7.88925 -0.036451 0.00535652 23.1433 
16.6054 -21.7734 -8.09841 -0.0274299 0.0101926 23.2307 
16.6554 -21.7675 -8.00212 -0.0354052 0.0104342 23.1918 
16.7054 -21.7566 -8.13507 -0.0300887 0.00788586 23.2278 
16.7554 -21.7662 -8.22188 -0.0128363 0.0125638 23.2673 
16.8054 -21.6638 -8.51888 -0.00489372 0.0129013 23.2786 
16.8554 -21.6583 -8.58381 -0.00591519 0.0130593 23.2973 
16.9055 -21.698 -8.27374 -0.0286454 0.0116625 23.2219 
16.9555 -21.8219 -8.02644 -0.0509563 0.00948616 23.2513 
17.0055 -21.7577 -7.86915 -0.0490274 0.00959718 23.137 
17.0555 -21.736 -7.93814 -0.0372723 0.0071269 23.1402 
17.1055 -21.7642 -7.95369 -0.0409855 0.00624042 23.172 
17.1555 -21.7976 -7.722 -0.0498208 0.00490422 23.1251 
17.2055 -21.7674 -7.60168 -0.0524372 0.0056345 23.0567 
17.2556 -21.8091 -7.58139 -0.0525153 0.00354063 23.0893 
17.3056 -21.8021 -7.62394 -0.0493809 0.00282387 23.0968 
17.3556 -21.7869 -7.56406 -0.0500538 0.00349652 23.0626 
17.4056 -21.8225 -7.60488 -0.0545721 0.00134215 23.1097 
17.4556 -21.8539 -7.54807 -0.0588429 0.00595545 23.1208 
17.5056 -21.8047 -7.60689 -0.0540783 0.00651062 23.0936 
17.5557 -21.8474 -7.66096 -0.0541305 0.0057069 23.1517 
17.6057 -21.801 -7.69002 -0.0518909 0.00725137 23.1175 
17.6557 -21.8506 -7.40019 -0.0571647 0.00489075 23.0698 
17.7057 -21.9465 -7.4141 -0.0607258 0.000246041 23.1651 
17.7557 -21.9152 -7.25558 -0.0708784 0.000314545 23.0852 
17.8057 -21.8408 -7.35186 -0.0624716 0.00219651 23.0451 
17.8558 -21.9134 -7.46157 -0.0624768 0.00152833 23.149 
17.9058 -21.8351 -7.2655 -0.0685927 0.0035348 23.0123 
17.9558 -21.9266 -7.33923 -0.0743979 0.00353575 23.1224 
18.0058 -21.9447 -7.28044 -0.0715566 0.00443632 23.121 
18.0558 -21.8617 -7.35244 -0.0688277 0.00829435 23.065 
18.1058 -21.9682 -7.30909 -0.0709488 0.0146769 23.1523 
18.1559 -21.9281 -7.24872 -0.0725273 0.0146246 23.0952 
18.2059 -21.9978 -7.07444 -0.0834146 0.0127678 23.1075 
18.2559 -21.9384 -7.30166 -0.0810277 0.0107006 23.1217 
18.3059 -21.9587 -7.30941 -0.086164 0.0134802 23.1434 
18.3559 -22.5304 -7.1004 -0.153153 0.00892798 23.6232 
18.4059 -22.5836 -5.94289 -0.275688 0.00532296 23.3541 
18.456 -22.5956 -5.3264 -0.37308 0.00220605 23.2179 
18.506 -22.7451 -4.56485 -0.471807 0.00308027 23.2035 
18.556 -23.0441 -3.73099 -0.578011 -0.00376037 23.3513 
18.606 -22.9471 -3.44192 -0.647315 -0.0106321 23.2128 
18.656 -22.8174 -2.98182 -0.688303 -0.0126302 23.0217 
18.706 -23.1596 -2.8532 -0.736928 -0.00487141 23.3464 
18.756 -23.0317 -2.32709 -0.761781 0.0105312 23.1615 
18.8061 -23.0683 -1.97972 -0.783682 0.0158049 23.1663 
18.8561 -23.0808 -1.94938 -0.80589 0.0241647 23.177 
18.9061 -23.0708 -1.80201 -0.821722 0.0229169 23.1557 
18.9561 -22.7541 -1.75085 -0.830989 0.0289799 22.8365 
19.0061 -22.9782 -1.37595 -0.848877 0.0361114 23.035 
19.0561 -22.8591 -1.25335 -0.853847 0.0448311 22.9094 
19.1062 -22.8168 -1.29338 -0.86977 0.0432813 22.87 
19.1562 -22.6463 -1.18119 -0.875306 0.0362603 22.6939 
19.2062 -22.5802 -1.2198 -0.880581 0.0285402 22.6302 
19.2562 -22.3411 -1.17289 -0.87488 0.0290084 22.389 
19.3062 -22.4105 -1.05919 -0.886707 0.0343126 22.4531 
19.3562 -22.2569 -0.765984 -0.876999 0.0447771 22.2874 
19.4063 -22.3923 -0.600827 -0.893414 0.0496337 22.4182 
19.4563 -22.17 -0.490586 -0.885534 0.0523781 22.1932 
19.5063 -22.238 -0.483818 -0.900389 0.0553491 22.2616 
19.5563 -21.8417 -0.409967 -0.892234 0.0511711 21.8637 
19.6063 -21.8789 -0.786843 -0.894035 0.0537703 21.9115 
19.6563 -22.012 -0.185868 -0.915766 0.0458763 22.0319 
19.7064 -21.7219 -0.454309 -0.912782 0.0456204 21.7458 
19.7564 -21.6772 -0.176831 -0.930135 0.0462239 21.698 
19.8064 -21.3729 -0.3974 -0.91174 0.0423355 21.3961 
19.8564 -21.3992 -0.0343767 -0.924659 0.0358696 21.4192 
19.9064 -21.2478 -0.124483 -0.918953 0.038346 21.268 
19.9564 -21.4782 0.123555 -0.936361 0.0527276 21.499 
20.0065 -21.1039 0.294102 -0.903084 0.0671143 21.1254 
20.0565 -21.033 0.251421 -0.904133 0.0732412 21.054 
20.1065 -21.1863 0.518732 -0.926966 0.0761124 21.2131 
20.1565 -20.8977 0.577956 -0.919698 0.0838992 20.926 
20.2065 -20.8869 0.723816 -0.923776 0.0785096 20.9201 
20.2565 -20.7809 0.578343 -0.924306 0.0810445 20.8096 
20.3065 -20.6825 0.987787 -0.921084 0.0787655 20.7266 
20.3566 -20.7319 0.859563 -0.937853 0.0652876 20.771 
20.4066 -20.4418 0.99917 -0.928861 0.0618045 20.4874 
20.4566 -20.2637 0.913 -0.927004 0.0549638 20.3055 
20.5066 -20.2773 0.943523 -0.931057 0.0537695 20.3207 
20.5566 -20.0904 1.00466 -0.915156 0.0627395 20.1364 
20.6066 -20.2932 1.48031 -0.931366 0.0747406 20.3688 
20.6567 -20.1349 1.30221 -0.916369 0.0858154 20.1979 
20.7067 -20.0731 1.8082 -0.916596 0.096489 20.1756 
20.7567 -19.7097 1.63188 -0.88894 0.1032 19.7974 
20.8067 -19.8743 1.69897 -0.909243 0.0898136 19.9676 
20.8567 -19.8126 1.60568 -0.912979 0.0910019 19.8985 
20.9067 -19.6668 1.75415 -0.904756 0.0888236 19.7658 
20.9568 -19.5086 1.70451 -0.905017 0.0908124 19.604 
21.0068 -19.4677 1.93463 -0.910724 0.0835185 19.5849 
21.0568 -19.5667 1.80971 -0.920875 0.0758398 19.6718 
21.1068 -19.0744 1.70921 -0.897993 0.0704072 19.1721 
21.1568 -19.14 1.88202 -0.902946 0.0693627 19.2537 
21.2068 -18.9391 1.87421 -0.885844 0.0749257 19.0524 
21.2569 -18.9221 1.93973 -0.882004 0.0835971 19.0419 
21.3069 -18.8663 2.21081 -0.876329 0.0957561 19.0159 
21.3569 -18.7725 2.40645 -0.871255 0.112423 18.9465 
21.4069 -18.734 2.53819 -0.859969 0.127167 18.9251 
21.4569 -18.6353 2.53325 -0.857097 0.127563 18.8266 
21.5069 -18.6985 2.67912 -0.867479 0.129636 18.9099 
21.557 -18.3244 2.49055 -0.84553 0.115649 18.5125 
21.607 -18.5016 2.54618 -0.866638 0.113794 18.6966 
21.657 -18.1634 2.61878 -0.855033 0.117261 18.3714 
21.707 -18.2569 2.63799 -0.861624 0.115533 18.4671 
21.757 -17.8779 2.3875 -0.84704 0.10533 18.0568 
21.807 -17.9396 2.69007 -0.853644 0.103213 18.1606 
21.857 -17.638 2.54196 -0.836343 0.0958642 17.8407 
21.9071 -17.6977 2.67978 -0.83469 0.0970299 17.9191 
21.9571 -17.6842 2.84832 -0.837106 0.105785 17.9319 
22.0071 -17.515 2.8036 -0.805649 0.130349 17.7567 
22.0571 -17.456 2.90615 -0.80643 0.128191 17.7151 
22.1071 -17.2948 3.06649 -0.792177 0.137929 17.5829 
22.1571 -17.2605 3.03396 -0.788638 0.152735 17.5435 
22.2072 -17.3068 3.24002 -0.792802 0.155554 17.6259 
22.2572 -17.1259 3.4065 -0.797476 0.151573 17.4802 
22.3072 -16.7975 3.09987 -0.770609 0.148529 17.0991 
22.3572 -16.9428 3.15968 -0.784398 0.139088 17.2535 
22.4072 -16.6852 3.18391 -0.775762 0.13608 17.0046 
22.4572 -16.9133 3.56998 -0.810137 0.135436 17.3054 
22.5073 -16.5253 3.01289 -0.776382 0.138435 16.8163 
22.5573 -16.4091 3.36073 -0.783915 0.124191 16.7684 
22.6073 -16.1157 2.9073 -0.755219 0.122957 16.3937 
22.6573 -16.156 3.14761 -0.754144 0.118395 16.4774 
22.7073 -16.315 3.61331 -0.766469 0.127339 16.7283 
22.7573 -16.1187 3.43643 -0.75043 0.141583 16.4987 
22.8074 -16.0203 3.49356 -0.728889 0.161452 16.4139 
22.8574 -15.9183 3.83472 -0.732866 0.163066 16.3911 
22.9074 -15.728 3.63599 -0.718009 0.17069 16.1596 
22.9574 -15.8249 3.8715 -0.725197 0.172292 16.3086 
23.0074 -15.6853 3.68075 -0.721454 0.180344 16.1285 
23.0574 -15.6415 3.76361 -0.730671 0.169205 16.1054 
23.1075 -15.2375 3.46702 -0.701264 0.17017 15.6437 
23.1575 -15.265 3.69432 -0.700604 0.155324 15.7221 
23.2075 -15.2095 3.60154 -0.707865 0.152978 15.6467 
23.2575 -15.0893 3.85644 -0.709196 0.145878 15.5911 
23.3075 -14.9931 3.85223 -0.703935 0.139431 15.4967 
23.3575 -14.6967 3.70663 -0.682842 0.125958 15.1728 
23.4075 -14.5407 3.6145 -0.676485 0.126657 14.9993 
23.4576 -14.4135 3.81471 -0.673293 0.125637 14.9256 
23.5076 -14.3714 3.51414 -0.664338 0.137671 14.8102 
23.5576 -14.5763 4.04846 -0.683224 0.1426 15.1444 
23.6076 -14.2159 3.77997 -0.649204 0.149199 14.7249 
23.6576 -14.3267 4.23412 -0.656233 0.165339 14.9545 
23.7076 -14.0039 4.10147 -0.630559 0.16898 14.6067 
23.7577 -14.0825 4.23585 -0.640269 0.171676 14.7206 
23.8077 -13.977 4.36001 -0.635074 0.16616 14.656 
23.8577 -13.8966 4.24288 -0.639451 0.159489 14.5447 
23.9077 -13.7611 4.25444 -0.631558 0.1591 14.4186 
23.9577 -13.5416 3.98497 -0.62632 0.149262 14.1304 
24.0077 -13.2121 3.88324 -0.612674 0.136942 13.7851 
24.0578 -13.5113 4.10388 -0.632211 0.123047 14.1355 
24.1078 -13.316 3.74731 -0.620217 0.116531 13.8476 
24.1578 -13.3039 4.12237 -0.64331 0.115594 13.9433 
24.2078 -12.6748 3.57676 -0.594644 0.107823 13.1837 
24.2578 -12.6433 3.83019 -0.60329 0.0944614 13.2248 
24.3078 -12.5975 3.79616 -0.593696 0.0980784 13.1708 
24.3579 -12.6214 3.89302 -0.595936 0.113443 13.222 
24.4079 -12.7752 4.44683 -0.609052 0.117061 13.5413 
24.4579 -12.5564 4.34721 -0.605023 0.129521 13.3021 
24.5079 -12.2467 4.20331 -0.574205 0.150401 12.9616 
24.5579 -12.2746 4.43474 -0.580975 0.159846 13.0651 
24.6079 -12.15 4.52073 -0.577565 0.166785 12.9777 
24.658 -12.1053 4.62728 -0.57332 0.148904 12.9731 
24.708 -12.1014 4.54189 -0.575615 0.136099 12.9392 
24.758 -12.0839 4.778 -0.588145 0.13839 13.0083 
24.808 -11.8102 4.55439 -0.575051 0.141849 12.6718 
24.858 -11.5651 4.59318 -0.566428 0.132745 12.4574 
24.908 -11.3229 4.18695 -0.54759 0.12019 12.0853 
24.958 -11.5873 4.9339 -0.588816 0.109345 12.6082 
25.0081 -11.4282 4.75572 -0.582937 0.0991729 12.3924 
25.0581 -11.2223 4.45867 -0.569604 0.0995388 12.0894 
25.1081 -11.0411 4.70582 -0.562226 0.0934609 12.0157 
25.1581 -10.8095 4.29663 -0.547131 0.0884198 11.6454 
25.2081 -10.6805 4.43869 -0.549134 0.0795966 11.5796 
25.2581 -11.0983 5.00723 -0.57818 0.0871378 12.1896 
25.3082 -10.6977 4.75072 -0.563601 0.0953506 11.7191 
25.3582 -10.7211 4.96355 -0.569139 0.101749 11.8286 
25.4082 -10.2937 4.59649 -0.536612 0.102615 11.2867 
25.4582 -10.4885 4.91663 -0.548156 0.115248 11.5975 
25.5082 -10.4199 5.32568 -0.561933 0.102796 11.716 
25.5582 -10.0218 4.67597 -0.527512 0.111753 11.0723 
25.6083 -10.1811 5.14048 -0.554253 0.100371 11.4192 
25.6583 -10.2053 5.44027 -0.565472 0.0987243 11.5791 
25.7083 -9.44919 4.40096 -0.496292 0.101256 10.4361 
25.7583 -9.82125 5.33464 -0.55315 0.0910738 11.1906 
25.8083 -9.35675 4.70252 -0.511427 0.0812961 10.4849 
25.8583 -9.76625 5.46027 -0.563714 0.0711001 11.2034 
25.9084 -9.02924 4.59228 -0.503904 0.0629389 10.1427 
25.9584 -9.604 5.67299 -0.564882 0.0590612 11.1689 
26.0084 -8.72975 4.7439 -0.509001 0.057088 9.94876 
26.0584 -9.11401 5.12109 -0.547604 0.054059 10.4692 
26.1084 -8.4869 4.80092 -0.514004 0.0536526 9.7655 
26.1584 -8.87196 5.39035 -0.551885 0.061472 10.3959 
26.2085 -8.56716 4.98223 -0.52998 0.0533667 9.92504 
26.2585 -8.57219 5.32806 -0.552994 0.0603046 10.1084 
26.3085 -8.44848 5.11114 -0.539227 0.0624032 9.8891 
26.3585 -8.38401 5.07936 -0.546427 0.0558647 9.81777 
26.4085 -8.32376 5.37722 -0.55571 0.0467645 9.92522 
26.4585 -8.00185 5.06797 -0.530909 0.0551245 9.48677 
26.5085 -8.29444 5.66189 -0.56118 0.0493875 10.0585 
26.5586 -7.80565 5.10074 -0.533122 0.0495346 9.34013 
26.6086 -7.90201 5.66811 -0.562329 0.0478591 9.74076 
26.6586 -7.49851 5.13101 -0.538473 0.050658 9.10207 
26.7086 -7.87201 5.71108 -0.574916 0.040591 9.74252 
26.7586 -7.61812 5.50723 -0.562475 0.0363753 9.41732 
26.8086 -7.65942 6.02143 -0.579267 0.0327406 9.75995 
26.8587 -7.33847 5.61947 -0.567112 0.0306419 9.26057 
26.9087 -7.27918 5.6215 -0.578278 0.0137295 9.21532 
26.9587 -6.93863 5.36335 -0.567944 0.00586622 8.78823 
27.0087 -7.21729 5.90762 -0.607634 -0.00981884 9.34649 
27.0587 -6.72601 5.5176 -0.586297 -0.0112784 8.71933 
27.1087 -6.67049 5.56085 -0.593157 -0.0150439 8.70463 
27.1588 -6.51212 5.55263 -0.59663 -0.0247759 8.57894 
27.2088 -6.45605 5.64185 -0.605046 -0.0393746 8.59592 
27.2588 -6.31408 5.667 -0.610641 -0.0394006 8.50679 
27.3088 -6.40812 6.11968 -0.644465 -0.0420233 8.88442 
27.3588 -5.67038 5.13471 -0.588194 -0.0387238 7.67237 
27.4088 -6.01975 5.70084 -0.625593 -0.0361939 8.31513 
27.4589 -5.4609 5.17528 -0.588079 -0.0652199 7.54688 
27.5089 -5.51766 5.64083 -0.60982 -0.064882 7.91432 
27.5589 -5.54114 5.67606 -0.625087 -0.0669908 7.95725 
27.6089 -5.16445 5.39427 -0.607196 -0.0663563 7.49303 
27.6589 -5.18763 5.53037 -0.623451 -0.0660182 7.60851 
27.7089 -4.87439 5.41867 -0.614223 -0.0676097 7.31457 
27.759 -4.85986 5.36717 -0.631266 -0.0710912 7.26912 
27.809 -4.37635 5.18844 -0.620866 -0.0779267 6.8164 
27.859 -4.23923 5.10521 -0.614094 -0.0820169 6.66475 
27.909 -4.68788 5.94763 -0.666254 -0.0860195 7.60269 
27.959 -4.02202 5.28802 -0.635592 -0.0949587 6.67475 
28.009 -3.6754 4.97173 -0.625985 -0.106629 6.21491 
28.059 -2.90013 4.2601 -0.558554 -0.115483 5.18511 
28.1091 -3.37372 4.71607 -0.56257 -0.113292 5.827 
28.1591 -3.80993 5.24472 -0.5904 -0.10815 6.51089 
28.2091 -3.07512 4.25063 -0.535095 -0.106508 5.2747 
28.2591 -3.30254 4.55846 -0.537457 -0.105232 5.65566 
28.3091 -3.51885 4.96397 -0.551862 -0.103942 6.11056 
28.3591 -3.22263 4.59285 -0.532529 -0.10012 5.63678 
28.4092 -3.68762 5.07717 -0.564396 -0.0949503 6.30114 
28.4592 -3.52197 4.9136 -0.549217 -0.0823296 6.07098 
28.5092 -3.21405 4.61834 -0.520608 -0.0497372 5.65093 
28.5592 -3.35756 4.8506 -0.528278 -0.0227404 5.92298 
28.6092 -3.16896 4.68898 -0.513284 -0.0120798 5.68266 
28.6592 -3.18553 4.74872 -0.5092 -0.00989866 5.74094 
28.7093 -3.2247 4.68883 -0.508945 -0.00723634 5.71345 
28.7593 -3.10601 4.52758 -0.501469 -0.00418557 5.51347 
28.8093 -3.07445 4.43992 -0.486151 -0.00377208 5.42234 
28.8593 -3.12159 4.55212 -0.492928 -0.0021406 5.54161 
28.9093 -3.0583 4.50721 -0.479533 -0.002201 5.46796 
28.9593 -3.03567 4.50396 -0.47496 -0.00385741 5.45222 
29.0094 -3.08384 4.56786 -0.478358 -0.00190248 5.53211 
29.0594 -3.04615 4.42848 -0.473451 0.0008484 5.39578 
29.1094 -3.03509 4.45382 -0.472334 -0.00352757 5.41031 
29.1594 -2.94715 4.35079 -0.46988 -0.00121441 5.27594 
29.2094 -2.86959 4.24318 -0.462445 0.0035129 5.14329 
29.2594 -2.83105 3.96527 -0.466604 0.010505 4.89445 
29.3095 -3.08129 4.17662 -0.497843 0.0138608 5.21408 
29.3595 -2.93724 3.98444 -0.48328 0.0178171 4.97363 
29.4095 -2.8918 4.12644 -0.475026 0.0139467 5.06132 
29.4595 -2.85321 4.05919 -0.459841 0.0135765 4.98291 
29.5095 -2.75071 3.88026 -0.446784 0.0168156 4.77731 
29.5595 -2.86553 4.095 -0.458284 0.0125695 5.0191 
29.6095 -2.85341 3.88048 -0.455266 0.0125025 4.83809 
29.6596 -2.67424 3.76129 -0.447852 0.0160791 4.63679 
29.7096 -2.84636 3.99511 -0.450145 0.0158573 4.92602 
29.7596 -2.73758 3.73839 -0.44053 0.0144991 4.65448 
29.8096 -2.63511 3.70814 -0.430363 0.0162467 4.56942 
29.8596 -2.79692 4.0026 -0.435656 0.0136954 4.90242 
29.9096 -2.71482 3.7989 -0.430372 0.011137 4.68906 
29.9597 -2.70805 3.80943 -0.425197 0.0164864 4.69322 
30.0097 -2.74129 3.83687 -0.434137 0.0158699 4.7355 
30.0597 -2.65689 3.6993 -0.424536 0.0141202 4.57429 
30.1097 -2.48851 3.59165 -0.412614 0.0144062 4.38903 
30.1597 -2.57065 3.66211 -0.413127 0.0153569 4.49336 
30.2097 -2.7392 3.8556 -0.431457 0.0101244 4.74921 
30.2598 -2.74255 3.80963 -0.433568 0.0118987 4.71413 
30.3098 -2.72992 3.79357 -0.428583 0.0145316 4.69335 
30.3598 -2.68965 3.73476 -0.418257 0.0148152 4.62146 
30.4098 -2.56101 3.62125 -0.408855 0.0110566 4.45415 
30.4598 -2.57799 3.72408 -0.411724 0.0138732 4.548 
30.5098 -2.64586 3.665 -0.416109 0.0127474 4.53938 
30.5599 -2.49828 3.5622 -0.41176 0.0149827 4.37041 
30.6099 -2.52683 3.50665 -0.402567 0.0130882 4.34093 
30.6599 -2.57896 3.4534 -0.406184 0.0139318 4.32923 
30.7099 -2.56685 3.58284 -0.403477 0.011556 4.42588 
30.7599 -2.51584 3.50876 -0.399402 0.0135342 4.33596 
30.8099 -2.48444 3.61682 -0.395188 0.0139143 4.4057 
30.86 -2.43199 3.52522 -0.396253 0.014681 4.30105 
30.91 -2.47324 3.45496 -0.398476 0.0114752 4.26762 
30.96 -2.3865 3.32639 -0.384042 0.00902952 4.11192 
