0 0 0 0 0 0 
0.0500161 0.0104553 -0.0337203 -0.00595777 -0.00200278 0.0361487 
0.100032 -0.0436148 0.0220195 -0.0175398 -0.00154686 0.0523243 
0.150048 -0.170921 0.113999 -0.0282691 -0.00241283 0.207415 
0.200065 -0.107725 0.151949 -0.0232726 -0.00316783 0.18773 
0.250081 -0.117088 0.0961077 -0.0221421 -0.00596705 0.153294 
0.300097 -0.053745 0.0594399 -0.0197752 -0.00481074 0.0826665 
0.350113 -0.0839116 0.11498 -0.0141477 -0.00590624 0.143106 
0.400129 -0.0620029 0.0265336 -0.0147628 -0.00358371 0.071565 
0.450145 -0.0638155 0.0229063 -0.0178549 -0.00675222 0.0713941 
0.500161 -0.0326316 -0.105139 -0.0155451 -0.00170857 0.110077 
0.550177 0.0345496 -0.0593184 -0.00525376 -0.00407735 0.0691316 
0.600194 0.123133 -0.163558 0.000516509 -0.000577878 0.204716 
0.65021 -0.0902863 0.263854 -0.0152943 -0.00817519 0.27935 
0.700226 -0.216773 0.24802 -0.0327781 -0.00357393 0.331016 
0.750242 -0.203926 0.217567 -0.0299839 -0.00547692 0.301133 
0.800258 -0.154411 0.109276 -0.0149241 -0.00485956 0.188957 
0.850274 0.0445017 0.0690279 -0.00256384 -0.0052565 0.0796595 
0.90029 -0.0283897 0.0346021 -0.0103635 -0.00774284 0.0464185 
0.950306 -0.152872 0.196453 -0.0204601 -0.00567771 0.249742 
1.00032 -0.127261 0.150187 -0.0226992 -0.00438856 0.197764 
1.05034 -0.0651053 0.105161 -0.016242 -0.00516733 0.124291 
1.10035 -0.0646352 0.0549096 -0.0128808 -0.005074 0.0884104 
1.15037 -0.0453321 0.0671813 -0.0107226 -0.00677434 0.0775206 
1.20039 -0.0876758 0.0799175 -0.0137457 -0.00539603 0.119524 
1.2504 -0.0980331 0.0410712 -0.00698714 -0.0055855 0.10623 
1.30042 -0.0769809 0.0598055 -0.0110497 -0.00567682 0.10073 
1.35044 0.0274912 0.00311689 -0.00900073 -0.00617387 0.0336161 
1.40045 0.0706141 -0.111203 -0.00234093 -0.00452321 0.130844 
1.45047 0.0315255 -0.0864624 -0.000587388 -0.00691168 0.0938031 
1.50048 -0.0812887 0.0646493 -0.0144909 -0.00767304 0.106957 
1.5505 -0.0835227 0.127472 -0.0168841 -0.00627757 0.159706 
1.60052 -0.0105434 -0.0357861 -0.007058 -0.00617938 0.0304136 
1.65053 0.0315763 -0.0694955 0.00480916 -0.00688771 0.0749102 
1.70055 0.138038 -0.195896 0.0146327 -0.00655856 0.24062 
1.75056 0.168013 -0.331819 0.00717978 -0.00587287 0.371987 
1.80058 0.103962 -0.304623 -0.00474039 -0.00605337 0.323024 
1.8506 0.0928654 -0.203468 -0.00158249 -0.00461604 0.224278 
1.90061 0.142606 -0.40537 0.00559615 -0.00335293 0.429723 
1.95063 0.140957 -0.288699 0.00693686 -0.00549448 0.321133 
2.00065 0.0840571 -0.201229 0.0024184 -0.006377 0.218807 
2.05066 0.0415986 -0.11494 -0.00605695 -0.00742919 0.122363 
2.10068 -0.00585277 -0.0693276 -0.014125 -0.00610278 0.0858681 
2.15069 0.0184798 -0.0795503 -0.00888494 -0.00714585 0.0820104 
2.20071 0.0713559 -0.140351 0.00110828 -0.00917773 0.157693 
2.25073 0.138502 -0.198038 0.0111151 -0.00667606 0.242003 
2.30074 0.0573859 -0.107791 0.00160368 -0.00898921 0.123421 
2.35076 -0.113515 0.168914 -0.0164707 -0.0116039 0.207541 
2.40077 -0.093314 0.111506 -0.019893 -0.00900338 0.146651 
2.45079 -0.0704484 0.153395 -0.0100795 -0.00852639 0.166214 
2.50081 0.038523 0.0131839 0.00469898 -0.011097 0.0660738 
2.55082 0.060119 -0.0112792 0.00385741 -0.0115429 0.0564077 
2.60084 -0.0307331 0.0463218 -0.00692045 -0.0110273 0.0561865 
2.65085 -0.0132392 -0.0334027 -0.0127974 -0.0114184 0.0485847 
2.70087 -0.0161098 0.0449745 -0.0106933 -0.011362 0.0532166 
2.75089 -0.0257297 0.0525146 -0.00885065 -0.00883606 0.0624193 
2.8009 0.0283449 0.0101596 -0.00701135 -0.00926377 0.0775004 
2.85092 -0.0672901 0.0693239 -0.0109908 -0.0108114 0.0933885 
2.90094 -0.0443005 0.0171934 -0.0133082 -0.0106367 0.051589 
2.95095 -0.0717011 0.028243 -0.0208471 -0.00737931 0.0787912 
3.00097 -0.0224587 -0.0420083 -0.0125916 -0.0066667 0.0636274 
3.05098 0.108266 -0.208085 -0.000903845 -0.00890371 0.240481 
3.101 0.0167089 -0.0598087 -0.00512095 -0.00774184 0.0715544 
3.15102 -0.140943 0.136666 -0.0211261 -0.00982921 0.198776 
3.20103 -0.0966398 0.15587 -0.0249154 -0.0108555 0.184948 
3.25105 -0.144911 0.188432 -0.0221128 -0.0101605 0.238199 
3.30106 -0.0369632 0.0705177 -0.00507112 -0.00872203 0.0797102 
3.35108 0.0496556 -0.0317905 0.000211736 -0.00981205 0.0686908 
3.4011 -0.0179904 -0.000285179 -0.00651316 -0.00965206 0.0853504 
3.45111 -0.0250888 -0.0686042 -0.0142014 -0.00818188 0.0683936 
3.50113 0.0194398 -0.115781 -0.00612185 -0.00940821 0.117327 
3.55115 -0.0378361 0.0235495 -0.00628954 -0.0099756 0.0415272 
3.60116 -0.0143166 -0.0471329 -0.00553714 -0.00912757 0.0506357 
3.65118 -0.0332074 -0.00784492 -0.00945122 -0.00920513 0.0301707 
3.70119 -0.0383201 0.0123991 -0.00953846 -0.00919646 0.0672076 
3.75121 -0.00224042 0.0262898 -0.00602035 -0.00876494 0.0244219 
3.80123 0.028318 -0.0632994 -0.00630195 -0.0093648 0.071452 
3.85124 0.0835079 -0.156672 0.00330247 -0.00506358 0.178126 
3.90126 0.0388161 -0.0341134 -0.00285202 -0.00801552 0.0522171 
3.95127 -0.0485009 0.0790294 -0.0162383 -0.00938261 0.0949899 
4.00129 -0.0849811 0.0594503 -0.0190885 -0.00958125 0.10383 
4.05131 -0.120533 0.193281 -0.0138356 -0.00740894 0.227951 
4.10132 0.0196903 -0.0585544 0.00235597 -0.00822928 0.0615649 
4.15134 0.0804152 -0.157585 0.00370973 -0.00602431 0.176686 
4.20135 0.04753 0.0337452 -0.00596022 -0.00715431 0.0469747 
4.25137 -0.0281619 0.0216904 -0.0117443 -0.00748551 0.032072 
4.30139 0.0374177 -0.0841071 -0.00513831 -0.00726911 0.0905972 
4.3514 0.0121605 -0.0572784 -0.00144998 -0.00606439 0.0800651 
4.40142 -0.0054132 -0.122717 -0.00282339 -0.00527917 0.12561 
4.45144 -0.0186639 0.115193 -0.0118913 -0.00717585 0.11436 
4.50145 -0.108257 0.131045 -0.0186682 -0.00642199 0.180711 
4.55147 -0.048711 -0.0434754 -0.0138091 -0.00284818 0.0666848 
4.60148 0.0380356 -0.0572269 -0.00728505 -0.00242425 0.0698506 
4.6515 0.126648 -0.0539734 0.00628969 -0.000902654 0.13722 
4.70152 0.0532889 -0.0357971 0.0043818 -0.00169513 0.0584884 
4.75153 -0.0522678 0.150224 -0.0121928 -0.00528439 0.159572 
4.80155 -0.0178259 0.0579591 -0.0118991 -0.00417235 0.0638593 
4.85156 0.0293977 -0.157161 -0.00575606 0.000132107 0.157097 
4.90158 0.100477 -0.117355 0.00688569 -0.00268735 0.155945 
4.9516 0.173817 -0.134581 0.00922897 -0.00378112 0.21984 
5.00161 0.145519 -0.244899 0.000999505 -0.00240352 0.285214 
5.05163 0.107424 -0.156503 -0.00427092 -0.00215034 0.190053 
5.10164 0.315976 -0.282648 0.0148629 -0.00775092 0.423448 
5.15166 1.07405 -1.13614 0.112675 -0.00479904 1.5672 
5.20168 1.5945 -1.47987 0.229945 0.00379186 2.18771 
5.25169 2.15779 -2.31531 0.361155 0.0100101 3.18559 
5.30171 1.86897 -1.85498 0.360758 0.0091551 2.65801 
5.35173 2.54937 -2.53262 0.436631 0.0263489 3.62004 
5.40174 3.03969 -2.5965 0.502794 0.0231424 4.02978 
5.45176 3.36689 -3.02696 0.586113 0.0335615 4.56538 
5.50177 3.18342 -2.80948 0.61118 0.0334277 4.28971 
5.55179 3.65397 -3.28433 0.666462 0.044805 4.95863 
5.60181 3.48517 -3.0311 0.668621 0.0414923 4.66732 
5.65182 3.9037 -3.37149 0.71202 0.0398361 5.20714 
5.70184 4.10606 -3.67817 0.758629 0.0446104 5.56477 
5.75185 4.05881 -3.70945 0.786548 0.0462663 5.55473 
5.80187 4.09883 -3.56395 0.795815 0.0500837 5.48981 
5.85189 5.05877 -4.51253 0.905065 0.0614051 6.83939 
5.9019 4.0734 -3.54135 0.877347 0.0575 5.4688 
5.95192 4.38915 -4.1173 0.918829 0.0612545 6.08799 
6.00194 3.50671 -3.62873 0.884585 0.0623321 5.12358 
6.05195 3.46357 -3.88322 0.893174 0.0646829 5.27994 
6.10197 3.37726 -3.93827 0.897143 0.0651593 5.26544 
6.15198 3.59993 -4.33958 0.939593 0.0538943 5.71639 
6.202 2.86766 -3.74855 0.891242 0.0525287 4.80335 
6.25202 3.06174 -4.35337 0.924454 0.0553709 5.40219 
6.30203 2.63042 -3.92692 0.889338 0.0500151 4.80969 
6.35205 2.84111 -4.43911 0.924249 0.0498812 5.35108 
6.40206 2.44312 -4.16855 0.895854 0.0511151 4.91434 
6.45208 2.58637 -4.37768 0.926955 0.0615179 5.16896 
6.5021 1.73579 -3.90385 0.878629 0.0593501 4.36224 
6.55211 1.76013 -4.19861 0.888812 0.0688736 4.63908 
6.60213 1.50504 -4.28507 0.882683 0.0876612 4.62743 
6.65214 1.18376 -4.20665 0.868533 0.11021 4.45685 
6.70216 1.00398 -4.16468 0.855166 0.11609 4.37003 
6.75218 1.07669 -4.37764 0.873234 0.117235 4.59338 
6.80219 0.464036 -4.23267 0.827107 0.118644 4.33929 
6.85221 0.65291 -4.43454 0.8522 0.135489 4.56459 
6.90223 0.265033 -4.29105 0.831369 0.137337 4.38118 
6.95224 0.261756 -4.36606 0.825071 0.13414 4.45306 
7.00226 0.0630507 -4.53862 0.82545 0.11581 4.61532 
7.05227 -0.252039 -4.49435 0.805255 0.115129 4.57434 
7.10229 -0.755542 -4.49767 0.775245 0.114929 4.62777 
7.15231 -0.710813 -4.50996 0.771278 0.114571 4.63172 
7.20232 -0.664408 -4.72921 0.781108 0.0974918 4.83995 
7.25234 -0.940892 -4.70442 0.754509 0.117573 4.85851 
7.30235 -1.07997 -4.88347 0.746266 0.108163 5.05794 
7.35237 -1.28738 -4.72974 0.738518 0.109075 4.95866 
7.40239 -1.35402 -4.83142 0.742392 0.119004 5.07376 
7.4524 -1.77474 -4.5775 0.719164 0.123372 4.96342 
7.50242 -1.75269 -5.00902 0.730668 0.125531 5.35859 
7.55244 -2.64588 -4.19212 0.660822 0.138386 5.00291 
7.60245 -2.18012 -4.99026 0.706182 0.156929 5.4934 
7.65247 -2.69166 -4.59946 0.677939 0.170614 5.37499 
7.70248 -2.85926 -4.63452 0.666975 0.171199 5.48881 
7.7525 -3.32255 -4.35148 0.636365 0.17596 5.5145 
7.80252 -2.95682 -4.75216 0.665295 0.179623 5.63894 
7.85253 -3.44403 -4.41623 0.632853 0.182283 5.63844 
7.90255 -3.50557 -4.50891 0.636789 0.176174 5.74871 
7.95256 -3.62809 -4.74914 0.624223 0.164688 6.01154 
8.00258 -3.48776 -5.06123 0.642984 0.153323 6.18313 
8.0526 -4.23189 -4.38458 0.585855 0.146141 6.1233 
8.10261 -2.76266 -3.52985 0.421323 0.101365 4.54127 
8.15263 -4.55912 -4.74773 0.567238 0.133863 6.60781 
8.20265 -4.67043 -4.60404 0.547605 0.121778 6.58216 
8.25266 -4.46015 -5.15448 0.576783 0.14064 6.84197 
8.30268 -4.42232 -5.31679 0.584738 0.144727 6.94184 
8.35269 -4.64965 -4.98134 0.57493 0.149597 6.84008 
8.40271 -5.13498 -4.88691 0.546469 0.158505 7.11142 
8.45273 -5.40163 -4.78091 0.536823 0.179034 7.23591 
8.50274 -5.78765 -4.68811 0.512173 0.201817 7.46848 
8.55276 -5.90086 -4.60403 0.509279 0.216547 7.50485 
8.60277 -5.80068 -4.71941 0.512406 0.220637 7.49881 
8.65279 -5.8986 -4.84535 0.512385 0.229937 7.65375 
8.70281 -6.07662 -4.89984 0.497962 0.232952 7.82497 
8.75282 -6.18718 -4.90791 0.492741 0.231751 7.9166 
8.80284 -6.50672 -5.00469 0.477745 0.216943 8.22548 
8.85285 -6.519 -4.96229 0.465985 0.208623 8.20875 
8.90287 -6.56547 -5.09782 0.460716 0.199137 8.32739 
8.95289 -6.98941 -4.85271 0.427959 0.183291 8.5214 
9.0029 -6.85076 -5.28324 0.437652 0.177685 8.66382 
9.05292 -7.23447 -4.76305 0.414656 0.165833 8.67328 
9.10293 -7.36926 -4.92802 0.401549 0.168208 8.87712 
9.15295 -6.97686 -5.47071 0.434348 0.15875 8.87816 
9.20297 -7.4729 -4.99115 0.41277 0.168413 8.99742 
9.25298 -7.58573 -5.27971 0.422166 0.188244 9.25368 
9.303 -8.25126 -4.48096 0.368638 0.203982 9.39886 
9.35302 -8.12812 -4.89719 0.390214 0.217729 9.49998 
9.40303 -8.48056 -4.65022 0.360076 0.224892 9.68105 
9.45305 -8.27451 -5.03131 0.381406 0.230115 9.69482 
9.50306 -8.40247 -5.04619 0.382626 0.237251 9.8117 
9.55308 -8.46107 -5.01353 0.381981 0.242699 9.84525 
9.6031 -8.87143 -4.93502 0.357911 0.234751 10.1608 
9.65311 -8.93822 -5.04787 0.34577 0.219231 10.2736 
9.70313 -9.21878 -5.08272 0.329937 0.209622 10.5356 
9.75315 -8.86482 -5.35286 0.349733 0.202947 10.3633 
9.80316 -9.33984 -5.37722 0.322411 0.192013 10.7835 
9.85318 -9.15817 -5.50223 0.327716 0.177372 10.6903 
9.90319 -9.87974 -5.10198 0.285686 0.182033 11.1254 
9.95321 -9.63902 -5.46754 0.309542 0.178011 11.0876 
10.0032 -9.68589 -5.41347 0.305229 0.17863 11.1018 
10.0532 -9.69974 -5.50867 0.321004 0.182611 11.161 
10.1033 -10.0966 -5.20785 0.296851 0.192167 11.3662 
10.1533 -10.3277 -5.09293 0.284488 0.202277 11.5204 
10.2033 -10.5772 -5.12276 0.272037 0.213713 11.7576 
10.2533 -10.4544 -5.23656 0.293899 0.223399 11.6983 
10.3033 -10.5697 -5.06087 0.288505 0.230396 11.7246 
10.3533 -10.6662 -5.32754 0.284535 0.229906 11.9283 
10.4034 -10.7857 -5.37707 0.285459 0.22796 12.0574 
10.4534 -11.0612 -5.27619 0.26563 0.218156 12.2599 
10.5034 -10.9763 -5.77696 0.273539 0.211043 12.4082 
10.5534 -11.364 -5.44508 0.248358 0.202179 12.6052 
10.6034 -11.2018 -5.82707 0.260279 0.185688 12.6308 
10.6534 -11.4137 -5.44507 0.244796 0.1791 12.6496 
10.7035 -11.7178 -5.6999 0.232352 0.176017 13.034 
10.7535 -11.3425 -5.96208 0.267305 0.176262 12.818 
10.8035 -11.7882 -5.6093 0.240471 0.173457 13.0581 
10.8535 -11.6957 -5.78088 0.258847 0.173515 13.0501 
10.9035 -12.1918 -5.59185 0.237384 0.183655 13.4163 
10.9535 -12.2912 -5.49915 0.241075 0.200887 13.469 
11.0035 -12.4164 -5.50465 0.237933 0.21788 13.5858 
11.0536 -12.3022 -5.53696 0.240313 0.236688 13.495 
11.1036 -12.5367 -5.55161 0.242089 0.230695 13.7149 
11.1536 -12.5123 -5.89961 0.249329 0.220508 13.8377 
11.2036 -12.8415 -5.71994 0.230251 0.210378 14.0612 
11.2536 -12.7688 -5.92486 0.243617 0.20476 14.0801 
11.3036 -13.0699 -5.87484 0.221417 0.187252 14.3325 
11.3537 -12.889 -6.05543 0.227276 0.16828 14.2434 
11.4037 -13.1302 -6.15881 0.219505 0.161816 14.5052 
11.4537 -13.3641 -6.1417 0.224568 0.171713 14.7106 
11.5037 -13.4189 -6.21004 0.212999 0.166029 14.7887 
11.5537 -12.9717 -6.56827 0.25762 0.158713 14.5431 
11.6037 -13.7288 -6.13912 0.215983 0.157894 15.0416 
11.6538 -13.5279 -6.38958 0.246998 0.176742 14.964 
11.7038 -14.1518 -6.05544 0.208875 0.185156 15.3954 
11.7538 -13.8605 -6.29462 0.236523 0.210772 15.2262 
11.8038 -14.3137 -6.17004 0.21155 0.220645 15.59 
11.8538 -13.9686 -6.33985 0.242162 0.221355 15.3435 
11.9038 -14.4185 -6.53911 0.217845 0.209043 15.835 
11.9539 -14.2746 -6.64203 0.230981 0.195917 15.7472 
12.0039 -14.7176 -6.43613 0.201771 0.179111 16.0657 
12.0539 -14.614 -6.57633 0.205915 0.165806 16.0276 
12.1039 -14.5881 -6.86 0.208415 0.15076 16.1226 
12.1539 -14.9461 -6.68215 0.177215 0.149673 16.3735 
12.2039 -14.5797 -6.88513 0.213111 0.142737 16.1257 
12.254 -15.1572 -6.81747 0.181154 0.132697 16.6213 
12.304 -15.086 -6.79643 0.194711 0.133969 16.548 
12.354 -15.2438 -6.69485 0.193145 0.143364 16.6509 
12.404 -15.4257 -6.6226 0.18401 0.154468 16.7889 
12.454 -15.426 -6.86097 0.190793 0.161034 16.8848 
12.504 -15.7652 -6.46293 0.166768 0.167813 17.0402 
12.554 -15.6047 -6.79534 0.178596 0.146685 17.0216 
12.6041 -15.916 -6.79654 0.152926 0.111441 17.3075 
12.6541 -15.7551 -6.86671 0.177427 0.10136 17.1877 
12.7041 -16.1678 -6.72609 0.156621 0.0822493 17.512 
12.7541 -16.15 -7.02974 0.147064 0.0700645 17.6144 
12.8041 -16.3955 -6.90812 0.12798 0.0574667 17.792 
12.8541 -16.5871 -6.80108 0.110628 0.039005 17.9276 
12.9042 -16.2532 -7.05673 0.133711 0.0387871 17.7196 
12.9542 -16.7136 -6.74286 0.117203 0.0384782 18.0229 
13.0042 -16.8209 -6.82756 0.122245 0.0396243 18.1542 
13.0542 -17.07 -6.82491 0.106109 0.0425932 18.3843 
13.1042 -16.9865 -6.74479 0.117057 0.0472239 18.2772 
13.1542 -17.3037 -6.49878 0.0954571 0.0481713 18.4841 
13.2043 -17.2878 -6.51352 0.102086 0.0480845 18.4747 
13.2543 -17.3421 -6.71395 0.0902411 0.0340505 18.5966 
13.3043 -17.1379 -6.80995 0.114455 0.0250871 18.4417 
13.3543 -17.6167 -6.73732 0.0975529 0.0188422 18.8613 
13.4043 -17.7527 -6.83514 0.0972923 0.013295 19.0233 
13.4543 -17.9216 -6.77302 0.0792771 0.00305027 19.1589 
13.5044 -17.872 -6.63121 0.0777087 -0.00200255 19.0628 
13.5544 -17.8992 -6.8207 0.0769381 -0.00502801 19.1549 
13.6044 -17.9218 -6.72431 0.0890947 -0.00438484 19.142 
13.6544 -18.3431 -6.7484 0.0765187 0.00405361 19.5452 
13.7044 -18.2938 -6.71074 0.0992799 0.00648997 19.4861 
13.7544 -18.6766 -6.45459 0.0844395 0.0131019 19.7606 
13.8045 -18.5024 -6.78513 0.0971481 0.0290964 19.7076 
13.8545 -18.8227 -6.4561 0.0797313 0.0363153 19.8994 
13.9045 -18.8003 -6.16874 0.0825811 0.0321348 19.7867 
13.9545 -18.9692 -6.01527 0.0739162 0.0164309 19.9002 
14.0045 -19.0123 -5.81969 0.0833507 0.00925046 19.8832 
14.0545 -19.112 -6.07613 0.0889018 0.00029697 20.0548 
14.1045 -19.5935 -5.82672 0.0605352 -0.00301302 20.4416 
14.1546 -19.3565 -5.93714 0.0790839 0.00311219 20.2467 
14.2046 -19.5109 -6.01585 0.0754842 0.00848057 20.4174 
14.2546 -19.4332 -6.04836 0.0982643 0.0146846 20.3528 
14.3046 -19.6609 -6.12233 0.105016 0.0217249 20.5924 
14.3546 -19.9238 -5.96852 0.113281 0.0445596 20.7989 
14.4046 -20.0717 -5.84671 0.123292 0.0638232 20.907 
14.4547 -20.1492 -5.79216 0.124082 0.0682315 20.9656 
14.5047 -20.1042 -5.68846 0.130754 0.0688761 20.8939 
14.5547 -20.2878 -5.70329 0.13054 0.0647203 21.0747 
14.6047 -20.1658 -6.19439 0.148434 0.0396329 21.0962 
14.6547 -20.6468 -5.85617 0.133286 0.0252068 21.4617 
14.7047 -20.5319 -6.11944 0.147409 0.0162329 21.4248 
14.7548 -20.7765 -6.10722 0.138523 0.0188361 21.656 
14.8048 -20.7426 -6.0625 0.149749 0.0107477 21.611 
14.8548 -20.8584 -6.25291 0.149243 0.00329128 21.7761 
14.9048 -20.876 -6.28785 0.159879 -0.00721751 21.8032 
14.9548 -20.9678 -6.30272 0.173472 -0.00425205 21.8954 
15.0048 -21.222 -6.18944 0.171179 0.00703785 22.1071 
15.0549 -21.5557 -5.87978 0.158261 0.0245183 22.3441 
15.1049 -21.7683 -5.8419 0.119907 0.0266036 22.539 
15.1549 -21.4173 -5.86794 0.100497 0.0112073 22.207 
15.2049 -21.3724 -5.97581 0.101557 -0.000263222 22.1923 
15.2549 -21.6348 -5.82511 0.0795356 0.00367629 22.4055 
15.3049 -21.4868 -5.63605 0.0701146 0.0123998 22.2138 
15.355 -21.6646 -5.59951 0.0583608 0.00690351 22.3767 
15.405 -21.6294 -5.74732 0.055045 0.00607341 22.38 
15.455 -21.6056 -5.6356 0.0613836 0.019283 22.3288 
15.505 -21.7561 -5.7803 0.0549373 0.0493594 22.511 
15.555 -21.6998 -5.57277 0.0480841 0.0599386 22.4041 
15.605 -21.7886 -5.632 0.0407186 0.0516344 22.5048 
15.655 -21.7315 -5.68653 0.0344388 0.0457448 22.4632 
15.7051 -21.7108 -5.79833 0.0390229 0.041082 22.4718 
15.7551 -21.6903 -6.36128 0.0448209 0.0392655 22.604 
15.8051 -21.587 -6.28075 0.0425971 0.0316877 22.4821 
15.8551 -21.7352 -6.2259 0.0373648 0.0364892 22.6094 
15.9051 -21.7492 -5.95563 0.0265186 0.0330869 22.5501 
15.9551 -21.6915 -6.20019 0.0367152 0.0301959 22.5603 
16.0052 -21.7205 -6.21382 0.0376035 0.023236 22.5919 
16.0552 -21.6559 -6.26077 0.0353815 0.0242735 22.5428 
16.1052 -21.8128 -6.02079 0.0202669 0.0220367 22.6286 
16.1552 -21.8104 -5.98618 0.0129888 0.0163135 22.6169 
16.2052 -21.7883 -5.84604 0.0204263 0.0129532 22.559 
16.2552 -21.8198 -5.80666 0.0194505 0.0129344 22.5793 
16.3053 -21.8245 -5.77854 0.0126865 0.0123173 22.5766 
16.3553 -21.8506 -5.73251 0.00219745 0.0120136 22.5901 
16.4053 -21.7905 -5.85104 0.0018714 0.00887617 22.5624 
16.4553 -21.8481 -5.70948 -0.00496726 0.00858726 22.5819 
16.5053 -21.7988 -5.79942 0.0012201 0.00730268 22.5571 
16.5553 -21.8165 -5.84733 0.00548653 0.00567172 22.5866 
16.6054 -21.8472 -5.68014 -0.000888844 0.00930017 22.5735 
16.6554 -21.8798 -5.65423 -0.00243954 0.0100294 22.5986 
16.7054 -21.8579 -5.652 -0.00258753 0.00896243 22.5768 
16.7554 -21.8359 -5.60479 -0.00620196 0.00375562 22.5437 
16.8054 -21.8428 -5.63811 -0.000450742 0.00565765 22.5588 
16.8554 -21.8438 -5.75259 -0.00018456 0.00928859 22.5885 
16.9055 -21.827 -5.62344 -0.00855193 0.0110848 22.5397 
16.9555 -21.8539 -5.62275 -0.00907052 0.0057968 22.5657 
17.0055 -21.9023 -5.63165 -0.00876516 0.00443744 22.6147 
17.0555 -21.8761 -5.64994 -0.00601489 0.00381455 22.594 
17.1055 -21.8585 -5.67433 -0.00605321 0.00325225 22.583 
17.1555 -21.9161 -5.57164 -0.01108 0.00641605 22.6133 
17.2055 -21.9352 -5.66922 -0.0139906 0.00733012 22.656 
17.2556 -21.9472 -5.66429 -0.0150774 0.0117047 22.6663 
17.3056 -21.9078 -5.77896 -0.00793823 0.0110999 22.6572 
17.3556 -21.8076 -5.684 -0.0110469 0.0165704 22.5361 
17.4056 -21.9059 -5.82336 -0.0136873 0.0121442 22.6668 
17.4556 -21.9559 -5.54707 -0.0251258 0.00761581 22.6458 
17.5056 -21.9013 -5.64253 -0.0245454 0.0132327 22.6165 
17.5557 -21.9755 -5.62288 -0.0255888 0.0144187 22.6835 
17.6057 -21.9067 -5.75689 -0.0184148 0.0135588 22.6506 
17.6557 -21.9278 -5.77541 -0.0184647 0.0129736 22.6757 
17.7057 -21.9289 -5.79377 -0.0244984 0.00870427 22.6814 
17.7557 -21.905 -5.73839 -0.020503 0.00752159 22.6442 
17.8057 -21.9183 -5.73953 -0.0213614 0.00892541 22.6574 
17.8558 -21.905 -5.63744 -0.0205982 0.0106071 22.6188 
17.9058 -21.9203 -5.73444 -0.0239531 0.0136946 22.658 
17.9558 -21.9697 -5.7505 -0.023112 0.0164006 22.7098 
18.0058 -21.9223 -5.73383 -0.0227179 0.0166458 22.6598 
18.0558 -21.94 -5.63897 -0.0256398 0.0149027 22.6531 
18.1058 -21.9214 -5.62012 -0.0229072 0.0162805 22.6304 
18.1559 -21.8963 -5.76857 -0.0235617 0.0121496 22.6435 
18.2059 -21.9493 -5.56729 -0.0203829 0.0148338 22.6443 
18.2559 -21.8997 -5.70619 -0.0215034 0.0152541 22.631 
18.3059 -22.0324 -5.4984 -0.0355857 0.0169371 22.7082 
18.3559 -22.7276 -5.03786 -0.124791 0.0148253 23.2797 
18.4059 -22.6924 -4.15779 -0.231125 0.0148912 23.0713 
18.456 -22.6861 -3.69063 -0.326044 0.0186314 22.9867 
18.506 -22.9091 -2.94899 -0.432214 0.017085 23.1021 
18.556 -22.984 -2.48094 -0.520802 0.013852 23.1234 
18.606 -22.835 -2.16733 -0.572181 0.0182274 22.9448 
18.656 -23.2029 -1.6502 -0.645404 0.0225385 23.2704 
18.706 -23.2849 -1.23277 -0.680009 0.0376137 23.3274 
18.756 -23.1549 -1.13353 -0.711861 0.0570871 23.1936 
18.8061 -23.1844 -0.757048 -0.740644 0.0610066 23.2087 
18.8561 -23.2487 -0.751011 -0.764913 0.060207 23.2735 
18.9061 -23.3566 -0.511171 -0.796444 0.0586117 23.3758 
18.9561 -23.0544 -0.220848 -0.797126 0.064747 23.0693 
19.0061 -22.9136 -0.276038 -0.799488 0.0822906 22.9293 
19.0561 -23.0868 -0.261424 -0.818024 0.10396 23.103 
19.1062 -22.9082 -0.350032 -0.821143 0.097692 22.9258 
19.1562 -22.747 -0.259954 -0.825862 0.0916276 22.7636 
19.2062 -22.6772 -0.0292671 -0.829026 0.0844543 22.6925 
19.2562 -22.7155 0.209895 -0.845434 0.0865123 22.7324 
19.3062 -22.6828 0.340463 -0.849887 0.094712 22.7014 
19.3562 -22.5528 0.456548 -0.846196 0.105047 22.5735 
19.4063 -22.3664 0.749064 -0.849056 0.0973084 22.3957 
19.4563 -22.2581 0.399031 -0.841171 0.106159 22.2779 
19.5063 -22.4446 0.52574 -0.861112 0.110294 22.4676 
19.5563 -22.1284 0.456567 -0.853275 0.117632 22.1499 
19.6063 -22.2529 0.639818 -0.870955 0.115697 22.2794 
19.6563 -22.1683 0.681578 -0.853483 0.113075 22.1954 
19.7064 -21.6682 0.265841 -0.824093 0.106507 21.6857 
19.7564 -21.8223 0.536652 -0.837237 0.095948 21.8451 
19.8064 -21.4505 0.4962 -0.83281 0.0925292 21.4726 
19.8564 -21.7002 0.768638 -0.860185 0.089022 21.7309 
19.9064 -21.6167 1.07067 -0.868394 0.109426 21.6609 
19.9564 -21.6151 1.12841 -0.86869 0.128544 21.6625 
20.0065 -21.4251 1.44274 -0.875767 0.144843 21.4919 
20.0565 -21.2475 1.15511 -0.871104 0.142276 21.2971 
20.1065 -21.2946 1.51773 -0.886404 0.140608 21.3674 
20.1565 -21.175 1.53446 -0.878307 0.139174 21.2492 
20.2065 -21.4512 1.96039 -0.906282 0.141872 21.5602 
20.2565 -21.138 1.75831 -0.902856 0.128746 21.2306 
20.3065 -21.0761 1.92662 -0.919685 0.127762 21.1844 
20.3566 -20.6827 1.59057 -0.901215 0.11571 20.7636 
20.4066 -20.5982 1.66204 -0.903517 0.107266 20.6853 
20.4566 -20.8123 1.97677 -0.920536 0.110148 20.9265 
20.5066 -20.7053 2.08022 -0.918118 0.118091 20.8301 
20.5566 -20.5462 2.21023 -0.90543 0.132183 20.6851 
20.6066 -20.4343 2.05263 -0.892998 0.141794 20.557 
20.6567 -20.2868 2.03744 -0.888149 0.152276 20.4088 
20.7067 -20.506 2.31493 -0.905659 0.159986 20.6569 
20.7567 -20.2886 2.3894 -0.904012 0.164555 20.4495 
20.8067 -20.2663 2.41897 -0.901633 0.165557 20.4307 
20.8567 -20.0475 2.22373 -0.888479 0.151204 20.1907 
20.9067 -20.0783 2.42944 -0.909929 0.149292 20.2457 
20.9568 -19.9812 2.44235 -0.912841 0.14644 20.1511 
21.0068 -19.8915 2.29842 -0.905423 0.1454 20.0448 
21.0568 -19.5763 2.47603 -0.900263 0.133307 19.7531 
21.1068 -19.6618 2.42809 -0.905401 0.115922 19.8322 
21.1568 -19.6115 2.65558 -0.906229 0.118082 19.8116 
21.2068 -19.3712 2.82117 -0.892342 0.140813 19.5964 
21.2569 -19.2865 2.80812 -0.88012 0.156155 19.5104 
21.3069 -19.5355 2.96515 -0.896149 0.161948 19.7805 
21.3569 -19.2219 3.06023 -0.879097 0.171361 19.4845 
21.4069 -19.0928 3.10641 -0.873782 0.178335 19.3646 
21.4569 -19.3193 3.1805 -0.889448 0.180445 19.6004 
21.5069 -19.2992 3.35848 -0.895703 0.181534 19.6106 
21.557 -18.8406 3.18507 -0.871133 0.180122 19.1288 
21.607 -18.9496 3.47255 -0.88358 0.172384 19.2862 
21.657 -18.8504 3.51205 -0.890841 0.164227 19.1961 
21.707 -18.7308 3.17057 -0.886019 0.162562 19.0187 
21.757 -18.6601 3.32434 -0.89471 0.157536 18.9756 
21.807 -18.3242 2.87563 -0.859185 0.154793 18.5688 
21.857 -18.3993 3.43341 -0.881954 0.156532 18.7384 
21.9071 -18.224 3.53623 -0.861882 0.167825 18.5846 
21.9571 -18.4947 3.88942 -0.874844 0.185402 18.9205 
22.0071 -18.0559 3.76075 -0.842505 0.197454 18.4641 
22.0571 -18.0379 3.99136 -0.84241 0.20949 18.4946 
22.1071 -18.1675 3.94864 -0.848375 0.212601 18.6122 
22.1571 -17.9717 3.86769 -0.841706 0.201442 18.4036 
22.2072 -17.8719 3.87531 -0.846484 0.203212 18.308 
22.2572 -17.6311 3.91401 -0.831963 0.208414 18.0808 
22.3072 -17.5612 3.91679 -0.831337 0.198432 18.013 
22.3572 -17.6367 4.13697 -0.840058 0.195739 18.1359 
22.4072 -17.7849 4.26393 -0.861061 0.191856 18.3102 
22.4572 -17.3436 3.99286 -0.845465 0.183188 17.8182 
22.5073 -17.4206 4.17656 -0.853316 0.179437 17.9356 
22.5573 -16.9155 3.79122 -0.815585 0.173413 17.3552 
22.6073 -17.041 4.13275 -0.825248 0.181869 17.5553 
22.6573 -17.0379 4.30082 -0.822046 0.19441 17.5927 
22.7073 -16.7239 4.01633 -0.780037 0.204738 17.2184 
22.7573 -16.9487 4.47533 -0.801009 0.210148 17.549 
22.8074 -16.8234 4.49343 -0.803284 0.211257 17.4329 
22.8574 -16.7099 4.45259 -0.800786 0.22395 17.3129 
22.9074 -16.7234 4.64646 -0.792495 0.222364 17.3764 
22.9574 -16.6367 4.88588 -0.802266 0.230433 17.3593 
23.0074 -16.3936 4.50273 -0.786513 0.21444 17.0201 
23.0574 -16.2854 4.65671 -0.791167 0.208956 16.9581 
23.1075 -16.2172 4.5556 -0.787273 0.200812 16.8645 
23.1575 -16.3298 4.8457 -0.807637 0.196739 17.0539 
23.2075 -16.0229 4.63276 -0.800611 0.190086 16.6995 
23.2575 -16.0268 4.46791 -0.789661 0.175124 16.6575 
23.3075 -15.6959 4.43991 -0.776148 0.178139 16.3312 
23.3575 -15.5682 4.38522 -0.767952 0.181574 16.1931 
23.4075 -15.4734 4.4032 -0.754974 0.183247 16.1066 
23.4576 -15.534 4.67082 -0.77219 0.185381 16.2405 
23.5076 -15.3219 4.4967 -0.743999 0.194048 15.9866 
23.5576 -15.2245 4.58342 -0.739685 0.208485 15.9181 
23.6076 -15.1625 4.9014 -0.734074 0.21875 15.9533 
23.6576 -14.8884 4.57011 -0.70923 0.232557 15.5919 
23.7076 -15.2462 4.92113 -0.737705 0.233021 16.0394 
23.7577 -14.9532 4.72335 -0.727145 0.234899 15.7001 
23.8077 -14.9211 4.8634 -0.735902 0.216573 15.7124 
23.8577 -14.2668 4.34737 -0.689182 0.213616 14.932 
23.9077 -14.8155 4.9777 -0.736901 0.200793 15.6481 
23.9577 -14.4893 4.81198 -0.725617 0.197966 15.286 
24.0077 -14.5659 5.24516 -0.730502 0.201425 15.5 
24.0578 -14.3501 4.88779 -0.735077 0.203577 15.1789 
24.1078 -14.2514 4.83551 -0.725658 0.186688 15.068 
24.1578 -13.9785 4.84409 -0.712271 0.181803 14.8123 
24.2078 -13.9163 4.95508 -0.701829 0.188814 14.79 
24.2578 -13.7511 4.83821 -0.689878 0.18908 14.5949 
24.3078 -13.8621 5.08794 -0.705093 0.183646 14.7843 
24.3579 -13.685 5.19668 -0.701335 0.192861 14.6566 
24.4079 -13.7141 5.37096 -0.703767 0.211208 14.7466 
24.4579 -13.7083 5.53223 -0.700217 0.217912 14.8007 
24.5079 -13.1634 5.07788 -0.66694 0.213781 14.1262 
24.5579 -13.2035 5.45478 -0.673304 0.200131 14.3032 
24.6079 -13.1934 5.12102 -0.670013 0.194183 14.1696 
24.658 -13.3222 5.37977 -0.692886 0.189387 14.3854 
24.708 -13.0156 5.36583 -0.674833 0.179645 14.0956 
24.758 -13.1546 5.6216 -0.692063 0.181243 14.3233 
24.808 -12.719 5.40741 -0.670193 0.170624 13.838 
24.858 -12.9325 5.63467 -0.702137 0.161307 14.1251 
24.908 -12.4847 5.2126 -0.684564 0.15375 13.5474 
24.958 -12.5631 5.38699 -0.697253 0.148855 13.6879 
25.0081 -12.1322 5.03211 -0.673846 0.147042 13.1525 
25.0581 -12.3846 5.22285 -0.691011 0.142631 13.4594 
25.1081 -12.0341 5.24316 -0.680984 0.139898 13.1451 
25.1581 -12.2397 5.58564 -0.698463 0.132485 13.4727 
25.2081 -11.8876 5.52792 -0.678948 0.141203 13.1285 
25.2581 -11.981 5.4331 -0.69341 0.147278 13.1745 
25.3082 -11.8131 5.62336 -0.68405 0.157656 13.1021 
25.3582 -11.6825 5.67036 -0.6755 0.168638 13.0045 
25.4082 -11.7517 5.76783 -0.691642 0.149721 13.11 
25.4582 -11.3348 5.4147 -0.661967 0.154945 12.5801 
25.5082 -11.4932 5.80543 -0.683075 0.154448 12.8952 
25.5582 -11.2406 5.79795 -0.670457 0.150714 12.6665 
25.6083 -11.269 5.87064 -0.673233 0.144983 12.7252 
25.6583 -11.1587 5.75615 -0.679689 0.139647 12.575 
25.7083 -11.206 5.91658 -0.699288 0.133142 12.692 
25.7583 -10.5201 5.371 -0.659922 0.13275 11.831 
25.8083 -10.9405 6.00624 -0.704221 0.133888 12.5015 
25.8583 -10.5523 5.63598 -0.686462 0.131589 11.9837 
25.9084 -10.7897 6.00457 -0.715677 0.124439 12.3693 
25.9584 -10.4489 5.72754 -0.700563 0.11434 11.9368 
26.0084 -10.3784 5.71209 -0.704389 0.113219 11.868 
26.0584 -10.1757 5.77131 -0.70171 0.113727 11.7202 
26.1084 -10.1137 5.82221 -0.710463 0.115881 11.6922 
26.1584 -9.78028 5.63535 -0.692034 0.120203 11.3094 
26.2085 -10.077 5.94983 -0.719888 0.12228 11.7252 
26.2585 -9.9368 6.02722 -0.723564 0.117727 11.645 
26.3085 -9.63429 5.80191 -0.707188 0.116858 11.2692 
26.3585 -9.50318 5.84322 -0.704824 0.11088 11.1791 
26.4085 -9.5267 6.04588 -0.717606 0.112361 11.3065 
26.4585 -9.26746 5.66213 -0.705145 0.10957 10.8836 
26.5085 -9.36481 5.86037 -0.719121 0.104083 11.0712 
26.5586 -8.91737 5.84615 -0.697696 0.103016 10.6862 
26.6086 -9.02816 6.03922 -0.705593 0.0953267 10.8851 
26.6586 -9.19259 6.30231 -0.742876 0.101789 11.1705 
26.7086 -8.87975 5.84805 -0.729503 0.10392 10.6583 
26.7586 -8.9366 6.33543 -0.759039 0.103384 10.9812 
26.8086 -8.46251 5.51384 -0.72639 0.0987235 10.1278 
26.8587 -8.46707 5.9081 -0.749933 0.0859406 10.3521 
26.9087 -8.50395 6.14446 -0.768505 0.0725478 10.5198 
26.9587 -8.46586 6.06542 -0.784254 0.0662457 10.4441 
27.0087 -8.07739 5.78783 -0.765883 0.0582932 9.96667 
27.0587 -8.03728 6.03048 -0.779793 0.0493304 10.0785 
27.1087 -7.7949 5.82558 -0.780179 0.0434199 9.76259 
27.1588 -7.9102 5.99622 -0.805368 0.0497924 9.95895 
27.2088 -7.68418 6.03507 -0.800082 0.0517459 9.80361 
27.2588 -7.70479 6.16113 -0.817161 0.0454638 9.89922 
27.3088 -7.37636 5.8534 -0.808634 0.0375188 9.45133 
27.3588 -7.22361 5.90155 -0.802587 0.0058748 9.36229 
27.4088 -6.95028 5.85619 -0.79139 -2.18134e-05 9.12274 
27.4589 -6.88637 5.6764 -0.792811 0.00210424 8.95944 
27.5089 -7.02576 6.01138 -0.818347 0.00322123 9.2827 
27.5589 -7.06983 6.12633 -0.838104 -0.00207507 9.3923 
27.6089 -6.81357 6.2892 -0.848672 -0.00345246 9.31123 
27.6589 -6.37379 5.74509 -0.831175 -0.00192314 8.62104 
27.7089 -6.62197 6.00979 -0.865349 -0.00928127 8.98429 
27.759 -6.35246 5.77686 -0.853846 -0.0139563 8.62869 
27.809 -6.03706 5.61125 -0.840214 -0.0168715 8.28484 
27.859 -5.49817 5.14125 -0.808306 -0.0284346 7.57122 
27.909 -5.90359 5.93848 -0.846037 -0.0493341 8.41642 
27.959 -5.4744 5.79321 -0.827822 -0.0678511 8.01378 
28.009 -5.44328 5.98693 -0.839589 -0.0819343 8.13509 
28.059 -4.07295 4.82906 -0.719343 -0.0999118 6.3589 
28.1091 -4.9399 5.52786 -0.746994 -0.112793 7.45178 
28.1591 -5.33274 6.01266 -0.792819 -0.107426 8.0765 
28.2091 -4.41134 4.82841 -0.71598 -0.0940494 6.57992 
28.2591 -4.72599 5.14518 -0.724322 -0.0842042 7.02454 
28.3091 -5.09245 5.76259 -0.751964 -0.0953029 7.72771 
28.3591 -4.51161 4.99689 -0.708292 -0.0961066 6.7701 
28.4092 -4.87709 5.53632 -0.726783 -0.0899305 7.41441 
28.4592 -4.72254 5.3891 -0.705205 -0.0700677 7.20052 
28.5092 -4.34172 4.88435 -0.683917 -0.0121639 6.57078 
28.5592 -4.5667 5.11004 -0.706148 0.0259665 6.88957 
28.6092 -4.43851 5.099 -0.698756 0.0391942 6.79637 
28.6592 -4.25366 4.80833 -0.680603 0.0384052 6.45591 
28.7093 -4.44484 5.17213 -0.683596 0.0399916 6.85383 
28.7593 -4.25328 4.84304 -0.662436 0.0437563 6.47966 
28.8093 -4.20447 4.74834 -0.653263 0.0474656 6.376 
28.8593 -4.32597 4.94481 -0.658508 0.0466343 6.60314 
28.9093 -4.21128 4.96019 -0.648629 0.0446089 6.53914 
28.9593 -4.27033 4.74398 -0.650069 0.0475628 6.41605 
29.0094 -4.18583 4.79348 -0.64652 0.0463927 6.39678 
29.0594 -4.09753 4.73294 -0.635174 0.0442589 6.29254 
29.1094 -4.16203 4.79345 -0.641898 0.0449298 6.38072 
29.1594 -4.36117 5.19298 -0.671091 0.0444949 6.8147 
29.2094 -4.25357 4.84134 -0.657229 0.0487721 6.47807 
29.2594 -4.23408 4.71394 -0.645084 0.0484729 6.36923 
29.3095 -4.16257 4.81114 -0.63527 0.0396238 6.39369 
29.3595 -4.03276 4.62393 -0.625113 0.0340345 6.16736 
29.4095 -4.08179 4.59545 -0.630583 0.0359001 6.17887 
29.4595 -4.09776 4.56583 -0.627639 0.0411997 6.16719 
29.5095 -4.07352 4.52935 -0.625629 0.0418533 6.12386 
29.5595 -4.09653 4.65895 -0.625546 0.0390428 6.23545 
29.6095 -3.97822 4.49155 -0.616555 0.0408766 6.03176 
29.6596 -4.15381 4.71194 -0.628391 0.0357554 6.3129 
29.7096 -4.12447 4.66993 -0.624022 0.0326033 6.2618 
29.7596 -4.12342 4.69638 -0.623286 0.0331297 6.28077 
29.8096 -4.09462 4.62427 -0.621093 0.0329265 6.20782 
29.8596 -4.111 4.66877 -0.630966 0.0333837 6.25275 
29.9096 -3.92186 4.31483 -0.616945 0.0471916 5.86356 
29.9597 -4.01165 4.37956 -0.616632 0.0554712 5.97141 
30.0097 -4.03882 4.43572 -0.622621 0.0518511 6.03142 
30.0597 -3.95526 4.43247 -0.618639 0.0493467 5.97295 
30.1097 -3.99364 4.48199 -0.60553 0.0453883 6.03374 
30.1597 -3.89222 4.3655 -0.58885 0.0500171 5.87845 
30.2097 -3.86567 4.21023 -0.593103 0.0484006 5.74667 
30.2598 -3.89702 4.36204 -0.603147 0.0512268 5.88051 
30.3098 -3.92607 4.32479 -0.60264 0.0498846 5.87227 
30.3598 -3.96439 4.31533 -0.599158 0.043762 5.89062 
30.4098 -3.87702 4.25461 -0.59427 0.0487757 5.78693 
30.4598 -3.86635 4.34181 -0.589877 0.0482034 5.84382 
30.5098 -3.85183 4.3071 -0.588779 0.0480977 5.8083 
30.5599 -3.83486 4.20197 -0.589217 0.0464895 5.71945 
30.6099 -3.92065 4.16589 -0.594318 0.0476812 5.75167 
30.6599 -3.81226 4.19773 -0.590548 0.0464296 5.70133 
30.7099 -3.76046 4.15882 -0.578725 0.0495638 5.63685 
30.7599 -3.67497 4.05015 -0.573056 0.0480852 5.49907 
30.8099 -3.88488 4.23622 -0.589368 0.0445071 5.77817 
30.86 -3.93964 4.29214 -0.596525 0.0441453 5.85671 
30.91 -3.97223 4.40046 -0.606158 0.0475718 5.95922 
30.96 -3.78253 4.10746 -0.590896 0.0557442 5.61525 
