0 0 0 0 0 0 
0.0500161 -0.2353 0.411569 -0.0311786 -0.00584675 0.475148 
0.100032 -0.118325 0.264291 -0.0188839 -0.00303855 0.29024 
0.150048 -0.244103 0.392582 -0.0210012 -0.00500395 0.462828 
0.200065 -0.0420833 0.317383 -0.00768239 -0.0070718 0.320186 
0.250081 -0.0532661 0.247949 -0.000916342 -0.00586284 0.253659 
0.300097 -0.139646 0.380431 -0.0100471 -0.00705567 0.405391 
0.350113 -0.14907 0.138972 -0.0139382 -0.00633502 0.204219 
0.400129 -0.148468 0.206085 -0.013128 -0.00387049 0.254391 
0.450145 -0.152095 0.264218 -0.0174287 -0.00509221 0.305355 
0.500161 -0.1661 0.133796 -0.0138232 -0.00849407 0.213331 
0.550177 -0.181482 0.228729 -0.0205173 -0.00745161 0.292783 
0.600194 -0.108121 0.220141 -0.0116721 -0.00252334 0.245442 
0.65021 -0.0995965 0.191373 -0.0123141 -0.00316849 0.216165 
0.700226 -0.0198043 -0.115604 -0.0091132 -8.33568e-05 0.115949 
0.750242 0.0425417 -0.0498425 -0.00465929 -0.0012599 0.0660111 
0.800258 0.167116 -0.116594 0.0123102 -2.38628e-05 0.205474 
0.850274 -0.0107832 0.0581188 -0.00165311 -0.00406125 0.0542429 
0.90029 -0.133488 0.252095 -0.0262458 -0.0058582 0.286518 
0.950306 -0.181938 0.248491 -0.0307538 -0.00243483 0.310032 
1.00032 -0.0971034 0.199955 -0.0218007 -0.0013359 0.223374 
1.05034 -0.132702 0.324159 -0.0178321 -0.00288531 0.350719 
1.10035 -0.141093 0.291931 -0.0214499 -0.00473517 0.324938 
1.15037 -0.158503 0.291219 -0.0250335 -0.00481995 0.332512 
1.20039 -0.302519 0.48151 -0.0360925 -0.00719297 0.569869 
1.2504 -0.244619 0.478711 -0.0280811 -0.0080482 0.538351 
1.30042 -0.312552 0.546116 -0.0288796 -0.0056125 0.62986 
1.35044 -0.331585 0.594803 -0.0341173 -0.00970416 0.681818 
1.40045 -0.31336 0.51161 -0.0302276 -0.0120503 0.60083 
1.45047 -0.185464 0.340402 -0.0171076 -0.00644347 0.388344 
1.50048 -0.158009 0.376179 -0.00903913 -0.00755027 0.408222 
1.5505 -0.208546 0.226112 -0.0149366 -0.00913245 0.307124 
1.60052 -0.0627535 0.261935 -0.00703159 -0.0107763 0.269941 
1.65053 0.0605785 0.0563713 0.0171658 -0.00840829 0.0983663 
1.70055 0.107306 -0.0273458 0.0157466 -0.0100154 0.112553 
1.75056 -0.194366 0.313189 -0.016905 -0.012343 0.37065 
1.80058 -0.227493 0.296308 -0.0253518 -0.0116388 0.37459 
1.8506 -0.144904 0.220368 -0.0134381 -0.0113244 0.26437 
1.90061 -0.0535375 0.106773 0.00164893 -0.0114159 0.12343 
1.95063 0.0132896 0.0331025 0.00202346 -0.0121496 0.0484133 
2.00065 -0.0176926 0.0257506 -0.00517691 -0.0105092 0.0281988 
2.05066 -0.0339891 0.0157986 -0.00866492 -0.0115319 0.0576135 
2.10068 0.0390144 -0.0539051 -0.0020642 -0.0115883 0.0974164 
2.15069 -0.0543538 0.116455 -0.0123899 -0.0120674 0.136761 
2.20071 -0.11814 -0.0368611 -0.0174463 -0.0121249 0.121416 
2.25073 -0.0715882 0.00129057 -0.0153806 -0.0128907 0.072648 
2.30074 -0.0318181 0.0581118 -0.0029083 -0.0116334 0.0677148 
2.35076 -0.00603174 -0.0776987 0.00337761 -0.0120887 0.0787574 
2.40077 -0.0479336 0.0300178 -0.00782007 -0.0104257 0.0518309 
2.45079 -0.0333634 0.0270978 -0.00414406 -0.0123595 0.0390823 
2.50081 0.0650681 -0.108825 0.0078476 -0.0119349 0.127473 
2.55082 0.0562606 -0.0311108 0.00987155 -0.0108899 0.0830829 
2.60084 -0.0972458 0.221783 -0.0100909 -0.0134511 0.24494 
2.65085 -0.226003 0.295467 -0.0204583 -0.013108 0.372479 
2.70087 -0.161785 0.198599 -0.0187271 -0.0111946 0.25716 
2.75089 -0.0762021 0.173974 -0.0006334 -0.010445 0.190019 
2.8009 -0.0457621 0.138578 0.000246134 -0.0104541 0.145878 
2.85092 -0.00916137 0.0894684 -0.00401243 -0.00969891 0.0902537 
2.90094 -0.0361659 0.0671395 -0.00809686 -0.00947447 0.0773762 
2.95095 -0.00326267 0.00270528 -0.00684029 -0.00989522 0.0898533 
3.00097 -0.0342677 0.086829 -0.00871556 -0.00876233 0.0949035 
3.05098 -0.0998908 0.108889 -0.0105275 -0.0108414 0.1496 
3.101 -0.0805148 0.124669 -0.0110678 -0.0119379 0.146992 
3.15102 -0.0402063 0.116758 -0.0068149 -0.00888151 0.122831 
3.20103 0.00465249 -0.0237289 0.000604011 -0.00644407 0.0229739 
3.25105 -0.00522346 -0.015408 -0.00203377 -0.00798048 0.0179105 
3.30106 -0.0311835 -0.0548324 -0.0070027 -0.00931735 0.0611252 
3.35108 0.0452695 -0.016001 0.00434778 -0.00963194 0.0630754 
3.4011 0.141412 -0.15253 0.0205509 -0.00699056 0.209418 
3.45111 0.10782 -0.076798 0.0115638 -0.00765232 0.132143 
3.50113 -0.085862 0.228688 -0.00883956 -0.0127612 0.245722 
3.55115 -0.148088 0.272462 -0.014038 -0.0112774 0.313351 
3.60116 -0.104255 0.278746 -0.0064324 -0.0109177 0.298463 
3.65118 -0.0621789 0.133078 0.00643562 -0.00775245 0.147178 
3.70119 0.00401163 0.168168 0.00829737 -0.0103653 0.170635 
3.75121 0.00484351 0.0367325 0.00619663 -0.0112407 0.0382942 
3.80123 -0.0626529 0.0996469 -0.00203073 -0.0113699 0.117947 
3.85124 -0.0223145 0.124494 -0.000345959 -0.0103408 0.126311 
3.90126 -0.0723374 0.051213 -0.000834453 -0.0105353 0.0865928 
3.95127 -0.0366042 0.0612593 -0.00167113 -0.011417 0.0737237 
4.00129 -0.0879407 0.158794 -0.0059767 -0.0109773 0.182691 
4.05131 -0.117126 0.208064 -0.011242 -0.0118357 0.240318 
4.10132 -0.141652 0.203895 -0.0153202 -0.0135227 0.248794 
4.15134 -0.184578 0.302054 -0.0232079 -0.014423 0.354976 
4.20135 -0.248352 0.459267 -0.0241723 -0.0141461 0.524178 
4.25137 -0.212195 0.306053 -0.0159241 -0.0150404 0.37414 
4.30139 -0.0408795 0.253325 0.00126733 -0.0165907 0.257304 
4.3514 0.0109498 0.171907 0.0079615 -0.0143522 0.173499 
4.40142 -0.118498 0.379627 -0.00394476 -0.0158539 0.397175 
4.45144 -0.280003 0.494844 -0.0228189 -0.0182901 0.569417 
4.50145 -0.301533 0.290408 -0.0205929 -0.0194498 0.4193 
4.55147 -0.231951 0.379025 -0.0116781 -0.0175275 0.445024 
4.60148 -0.0999701 0.210755 0.0118965 -0.0216127 0.234554 
4.6515 -0.0482234 0.180779 0.0141383 -0.0216142 0.18879 
4.70152 -0.104878 0.0448968 0.00483726 -0.0211218 0.118351 
4.75153 -0.125842 0.151532 -0.00634125 -0.0193237 0.194807 
4.80155 -0.0204063 -0.00840802 -0.00372356 -0.0163664 0.0286825 
4.85156 0.0343687 -0.000516353 -0.00795288 -0.0163411 0.0345612 
4.90158 0.0164575 -0.145413 0.00107247 -0.016139 0.147202 
4.9516 0.0372297 -0.209051 0.00773545 -0.0184513 0.212579 
5.00161 0.170373 -0.246308 0.0215375 -0.0192208 0.301299 
5.05163 0.190455 -0.232274 0.0170422 -0.019981 0.301181 
5.10164 0.34852 -0.385372 0.0302655 -0.0182893 0.521095 
5.15166 0.814942 -0.688458 0.0748607 -0.0176141 1.06957 
5.20168 1.61836 -1.499 0.222381 0.000308122 2.21733 
5.25169 1.83773 -1.64931 0.336594 0.00517293 2.4921 
5.30171 2.20627 -2.01743 0.405727 0.0115146 3.01727 
5.35173 1.86604 -1.50213 0.400337 0.0116521 2.42877 
5.40174 2.50958 -2.00335 0.468161 0.0161757 3.24549 
5.45176 3.00116 -2.46518 0.545878 0.015315 3.92231 
5.50177 2.66512 -1.92896 0.549939 0.0111716 3.33571 
5.55179 3.19047 -2.65606 0.603965 0.0266848 4.19516 
5.60181 2.85551 -2.25575 0.582665 0.0381424 3.68557 
5.65182 3.25728 -2.65781 0.627763 0.0400769 4.25099 
5.70184 3.47111 -2.85863 0.667361 0.0413481 4.54617 
5.75185 3.196 -2.68126 0.661947 0.0465468 4.22427 
5.80187 4.07076 -3.59664 0.741055 0.0521238 5.48266 
5.85189 4.75063 -4.43127 0.825952 0.0603645 6.54893 
5.9019 3.83465 -3.45616 0.787728 0.0598584 5.22244 
5.95192 3.4644 -3.54531 0.784036 0.0613727 5.01881 
6.00194 2.94131 -3.54321 0.749992 0.0651299 4.66608 
6.05195 3.30203 -3.95801 0.781565 0.0713778 5.21393 
6.10197 3.46425 -4.24175 0.811299 0.0794119 5.53696 
6.15198 3.40128 -4.09841 0.813313 0.083132 5.38832 
6.202 3.17224 -4.27601 0.814864 0.0830906 5.38686 
6.25202 2.67663 -4.39836 0.778777 0.0866474 5.20806 
6.30203 2.51878 -4.25273 0.785529 0.0886952 5.00548 
6.35205 2.51812 -4.29141 0.783915 0.0888154 5.03784 
6.40206 2.50881 -4.46603 0.80668 0.0994756 5.18657 
6.45208 1.62296 -4.14558 0.747625 0.113375 4.51564 
6.5021 1.79059 -4.42315 0.767654 0.126698 4.83483 
6.55211 1.43429 -4.38995 0.741121 0.118489 4.67896 
6.60213 1.38315 -4.50933 0.747358 0.117629 4.77698 
6.65214 1.26711 -4.59654 0.74714 0.12723 4.82783 
6.70216 1.19424 -4.74317 0.746505 0.137038 4.94976 
6.75218 0.668563 -4.60735 0.709879 0.138601 4.71143 
6.80219 0.714434 -4.82567 0.723874 0.140607 4.93367 
6.85221 0.594981 -5.0618 0.721494 0.147141 5.14964 
6.90223 -0.0861519 -4.51997 0.669391 0.145271 4.57232 
6.95224 -0.519638 -4.51671 0.6441 0.154123 4.59458 
7.00226 0.049969 -5.23683 0.683436 0.159873 5.28428 
7.05227 -0.00169226 -5.50315 0.691712 0.16258 5.54886 
7.10229 -0.100544 -5.43003 0.687305 0.145851 5.47616 
7.15231 -0.662627 -5.36133 0.648074 0.145481 5.4429 
7.20232 -0.617114 -5.53498 0.650354 0.16203 5.6094 
7.25234 -0.694338 -5.81471 0.66043 0.164396 5.89539 
7.30235 -0.925856 -5.69132 0.640332 0.159863 5.80379 
7.35237 -0.943402 -5.7233 0.638031 0.162093 5.83776 
7.40239 -1.63884 -5.67684 0.602265 0.17165 5.94173 
7.4524 -1.78058 -5.61355 0.590042 0.181675 5.92126 
7.50242 -1.76038 -5.92168 0.596148 0.181489 6.20933 
7.55244 -1.82226 -6.04489 0.59954 0.174914 6.34444 
7.60245 -1.77121 -6.40764 0.609688 0.173897 6.6782 
7.65247 -2.08223 -6.18387 0.58663 0.177965 6.55375 
7.70248 -2.01751 -6.79725 0.604246 0.188145 7.11852 
7.7525 -2.29321 -6.64055 0.588167 0.186619 7.05235 
7.80252 -2.52128 -6.56719 0.569617 0.179726 7.05985 
7.85253 -2.6014 -6.72708 0.571859 0.194184 7.23779 
7.90255 -2.67696 -7.01769 0.567006 0.201058 7.53499 
7.95256 -2.94889 -6.76197 0.547168 0.192676 7.39971 
8.00258 -2.77326 -7.35948 0.573311 0.186625 7.88774 
8.0526 -3.39969 -6.78619 0.524728 0.187161 7.61048 
8.10261 -3.0476 -7.33043 0.555109 0.188569 7.96021 
8.15263 -3.40109 -7.22612 0.539442 0.196953 8.00743 
8.20265 -3.53177 -7.2314 0.5438 0.200255 8.06865 
8.25266 -3.81357 -7.21783 0.535027 0.209014 8.18407 
8.30268 -4.19675 -7.02027 0.507227 0.214359 8.1979 
8.35269 -4.37955 -7.04001 0.495556 0.228206 8.3089 
8.40271 -4.79506 -6.75536 0.46534 0.237066 8.30063 
8.45273 -4.65187 -7.05313 0.484327 0.248475 8.46667 
8.50274 -4.93728 -6.75755 0.460653 0.255096 8.3858 
8.55276 -4.84389 -7.08395 0.472938 0.253631 8.59837 
8.60277 -5.24235 -7.01733 0.458679 0.253312 8.77502 
8.65279 -5.47041 -6.87264 0.435699 0.249253 8.7982 
8.70281 -5.32651 -7.28653 0.457519 0.247526 9.04097 
8.75282 -5.75795 -7.01106 0.418432 0.239572 9.08519 
8.80284 -5.67427 -7.23413 0.428285 0.220992 9.20703 
8.85285 -5.94393 -6.99887 0.403681 0.218771 9.1938 
8.90287 -6.25336 -6.84214 0.38801 0.221274 9.28039 
8.95289 -6.42202 -6.57391 0.369287 0.216713 9.20072 
9.0029 -6.08404 -7.17222 0.406989 0.214418 9.41705 
9.05292 -6.85332 -6.42533 0.349156 0.209194 9.40293 
9.10293 -6.71597 -6.92754 0.379771 0.218641 9.65853 
9.15295 -7.19843 -6.51097 0.346346 0.228582 9.71645 
9.20297 -7.38281 -6.41833 0.341821 0.241393 9.79194 
9.25298 -7.74496 -6.19911 0.319485 0.247753 9.9285 
9.303 -7.67244 -6.26817 0.327787 0.254328 9.91605 
9.35302 -7.85291 -6.23561 0.32177 0.265287 10.0364 
9.40303 -7.82989 -6.25568 0.327629 0.27147 10.031 
9.45305 -8.2431 -6.38626 0.30145 0.276029 10.4355 
9.50306 -8.38825 -6.41296 0.296998 0.26437 10.5663 
9.55308 -8.57611 -6.28598 0.271957 0.252319 10.6397 
9.6031 -8.7397 -6.33083 0.259965 0.237885 10.7976 
9.65311 -8.84806 -6.38941 0.250028 0.228306 10.9195 
9.70313 -9.2083 -5.84984 0.219382 0.218925 10.9136 
9.75315 -9.33616 -5.80761 0.2116 0.215924 10.9992 
9.80316 -9.07917 -6.28932 0.233659 0.212029 11.0492 
9.85318 -9.70844 -5.56756 0.190625 0.20909 11.1955 
9.90319 -9.61329 -5.84692 0.217998 0.212494 11.2559 
9.95321 -10.0009 -5.61287 0.19399 0.21901 11.4722 
10.0032 -10.2378 -5.68659 0.1803 0.227698 11.7147 
10.0532 -10.4316 -5.55281 0.166724 0.244397 11.8211 
10.1033 -10.5306 -5.33656 0.157769 0.25144 11.8097 
10.1533 -10.529 -5.41357 0.167455 0.264381 11.8433 
10.2033 -10.8163 -5.28929 0.145535 0.265915 12.0443 
10.2533 -10.7736 -5.58904 0.154366 0.269512 12.141 
10.3033 -10.9841 -5.5992 0.137556 0.254674 12.3324 
10.3533 -11.0558 -5.82524 0.133948 0.234746 12.4996 
10.4034 -11.2927 -6.0223 0.121838 0.222898 12.8007 
10.4534 -11.2865 -5.89831 0.111172 0.215548 12.7371 
10.5034 -11.2633 -6.33903 0.117249 0.20699 12.9267 
10.5534 -11.8531 -5.87886 0.0726327 0.198039 13.2325 
10.6034 -11.2272 -6.58449 0.117667 0.196261 13.0176 
10.6534 -11.8093 -6.30778 0.0938669 0.193208 13.3901 
10.7035 -11.627 -6.71251 0.117856 0.198587 13.4274 
10.7535 -12.3594 -5.97728 0.0628982 0.205281 13.7312 
10.8035 -12.2381 -6.12762 0.0792471 0.211895 13.6884 
10.8535 -12.6458 -5.87563 0.0539991 0.217514 13.9461 
10.9035 -12.4244 -6.09338 0.0778747 0.231796 13.8403 
10.9535 -12.5776 -5.98173 0.0717798 0.232101 13.9298 
11.0035 -12.7404 -5.91637 0.0576628 0.223147 14.049 
11.0536 -13.0302 -5.92132 0.0300051 0.210114 14.3141 
11.1036 -13.2688 -5.86464 0.00887787 0.190147 14.5083 
11.1536 -13.2948 -5.96891 0.00434604 0.186835 14.5746 
11.2036 -13.3713 -6.07729 -0.00908264 0.183378 14.6887 
11.2536 -13.3704 -6.12818 -0.00807571 0.177992 14.709 
11.3036 -13.926 -5.89147 -0.0457811 0.169297 15.1219 
11.3537 -13.4474 -6.24275 -0.0100035 0.160322 14.8266 
11.4037 -14.0529 -5.91817 -0.0453385 0.153437 15.249 
11.4537 -13.8958 -6.13828 -0.0258589 0.161356 15.1921 
11.5037 -14.2905 -6.04758 -0.0441896 0.165947 15.5184 
11.5537 -14.4621 -5.5354 -0.0525593 0.182957 15.4866 
11.6037 -14.8211 -5.26739 -0.0748487 0.194507 15.7306 
11.6538 -14.6159 -5.44974 -0.0648648 0.20663 15.6004 
11.7038 -15.0039 -5.22025 -0.0788841 0.209585 15.8877 
11.7538 -14.8991 -5.31481 -0.0780285 0.20374 15.82 
11.8038 -15.1886 -5.43243 -0.0993378 0.184664 16.1323 
11.8538 -15.2932 -5.59739 -0.105269 0.169426 16.2866 
11.9038 -15.4995 -5.55731 -0.126678 0.157467 16.4669 
11.9539 -15.4567 -5.71237 -0.126439 0.147832 16.4796 
12.0039 -15.7197 -5.67626 -0.138668 0.145439 16.7144 
12.0539 -15.7254 -5.77301 -0.140144 0.136308 16.7528 
12.1039 -15.7964 -5.66587 -0.138331 0.13082 16.7829 
12.1539 -15.8607 -5.78746 -0.137409 0.133332 16.8847 
12.2039 -16.1204 -5.68257 -0.142823 0.135584 17.0938 
12.254 -16.2524 -5.66351 -0.141841 0.147747 17.2122 
12.304 -16.3988 -5.60887 -0.14983 0.154123 17.3328 
12.354 -16.5937 -5.48558 -0.15883 0.17124 17.4784 
12.404 -16.5508 -5.67229 -0.146898 0.17893 17.4974 
12.454 -16.7829 -5.50163 -0.165738 0.170061 17.6633 
12.504 -16.8119 -5.56714 -0.168 0.159879 17.7112 
12.554 -16.8937 -5.85017 -0.167904 0.139531 17.8793 
12.6041 -17.2478 -5.85781 -0.191601 0.125114 18.2169 
12.6541 -17.0676 -5.8576 -0.1772 0.122309 18.0461 
12.7041 -17.3922 -5.97337 -0.196342 0.115003 18.3908 
12.7541 -17.4843 -5.91527 -0.20762 0.101004 18.4593 
12.8041 -17.4504 -6.13622 -0.201644 0.0933053 18.4992 
12.8541 -17.8423 -5.83056 -0.207637 0.0964099 18.7722 
12.9042 -17.839 -5.55378 -0.215175 0.101498 18.6851 
12.9542 -17.9585 -5.57555 -0.212342 0.113792 18.8056 
13.0042 -18.2913 -5.34918 -0.226354 0.123351 19.0592 
13.0542 -18.3323 -5.4842 -0.219535 0.130491 19.1367 
13.1042 -18.4255 -5.45842 -0.223995 0.148927 19.2189 
13.1542 -18.4705 -5.46211 -0.230462 0.146518 19.2631 
13.2043 -18.4849 -5.68281 -0.23635 0.132477 19.3405 
13.2543 -18.6656 -5.69694 -0.234099 0.110427 19.5173 
13.3043 -18.7733 -5.99636 -0.243232 0.10151 19.7094 
13.3543 -18.9704 -6.03582 -0.255013 0.100007 19.9093 
13.4043 -19.1836 -5.94333 -0.267061 0.0935467 20.0853 
13.4543 -18.8935 -5.92961 -0.249642 0.0847037 19.8041 
13.5044 -19.3263 -5.91545 -0.257409 0.0759085 20.2132 
13.5544 -19.3524 -6.14937 -0.243996 0.0769127 20.3075 
13.6044 -19.7111 -6.15217 -0.25872 0.0911402 20.6507 
13.6544 -19.7144 -5.95939 -0.255756 0.104947 20.5973 
13.7044 -19.788 -5.95769 -0.252258 0.118339 20.6673 
13.7544 -19.964 -6.08555 -0.257345 0.131684 20.8729 
13.8045 -20.0181 -6.22133 -0.251481 0.127928 20.9645 
13.8545 -20.1607 -6.26919 -0.266325 0.11452 21.115 
13.9045 -20.1667 -6.48141 -0.263308 0.100396 21.1844 
13.9545 -20.3441 -6.39676 -0.271904 0.0862345 21.328 
14.0045 -20.4642 -6.54391 -0.272693 0.0805439 21.487 
14.0545 -20.6194 -6.66903 -0.276825 0.0743557 21.673 
14.1045 -20.5656 -6.37834 -0.272429 0.0683357 21.5338 
14.1546 -20.5952 -6.45272 -0.263362 0.0663799 21.5841 
14.2046 -20.9267 -6.66936 -0.268973 0.0643975 21.9655 
14.2546 -21.0108 -6.7456 -0.261056 0.0684079 22.0688 
14.3046 -21.0974 -6.52989 -0.256784 0.082231 22.0864 
14.3546 -21.2769 -6.11454 -0.259268 0.0952818 22.1399 
14.4046 -21.4067 -5.99732 -0.247579 0.113542 22.233 
14.4547 -21.4158 -6.20165 -0.241013 0.111671 22.297 
14.5047 -21.6159 -6.5131 -0.249651 0.102284 22.5777 
14.5547 -21.7754 -6.86345 -0.257703 0.0800628 22.8333 
14.6047 -21.7541 -6.85815 -0.258219 0.0765217 22.8112 
14.6547 -21.949 -6.98935 -0.253052 0.0674763 23.0364 
14.7047 -22.1412 -6.97928 -0.255224 0.0638053 23.2166 
14.7548 -21.9594 -7.02008 -0.229568 0.0643421 23.0555 
14.8048 -22.3186 -6.99889 -0.245077 0.0594995 23.392 
14.8548 -22.2551 -6.7884 -0.24098 0.0634022 23.269 
14.9048 -22.5191 -7.0197 -0.235083 0.0734231 23.5891 
14.9548 -22.5146 -6.94173 -0.220451 0.0863906 23.5616 
15.0048 -22.8485 -6.80162 -0.227437 0.100661 23.8404 
15.0549 -23.018 -6.47797 -0.243585 0.106796 23.9137 
15.1049 -23.3176 -6.65866 -0.276772 0.0986563 24.2521 
15.1549 -23.0617 -6.56688 -0.294219 0.0831961 23.9804 
15.2049 -22.9001 -6.33938 -0.297275 0.0783362 23.7633 
15.2549 -23.3306 -6.22601 -0.310694 0.0825315 24.1492 
15.3049 -23.1756 -5.89909 -0.326405 0.0852167 23.917 
15.355 -23.2314 -5.91264 -0.330693 0.0843179 23.9744 
15.405 -23.2563 -6.14833 -0.335223 0.0850771 24.0578 
15.455 -23.1573 -6.03827 -0.326916 0.082237 23.9341 
15.505 -23.3022 -6.18245 -0.338251 0.0831017 24.1109 
15.555 -23.2282 -5.84967 -0.347493 0.0815941 23.9561 
15.605 -23.2872 -5.93555 -0.350699 0.0852255 24.0347 
15.655 -23.3784 -5.82688 -0.355363 0.088643 24.0964 
15.7051 -23.306 -5.80885 -0.356063 0.0888822 24.0218 
15.7551 -23.3845 -5.82691 -0.359048 0.0849742 24.1023 
15.8051 -23.364 -5.72791 -0.36254 0.0836555 24.0588 
15.8551 -23.3486 -5.68741 -0.365512 0.0840281 24.0342 
15.9051 -23.3926 -5.61858 -0.372905 0.0867562 24.061 
15.9551 -23.3696 -5.57339 -0.382361 0.0868341 24.0282 
16.0052 -23.4309 -5.47699 -0.383042 0.0867256 24.0658 
16.0552 -23.4837 -5.54177 -0.381335 0.086228 24.1319 
16.1052 -23.3531 -5.57947 -0.370818 0.0843261 24.0133 
16.1552 -23.3175 -5.79098 -0.367177 0.0839042 24.0288 
16.2052 -23.3358 -5.92691 -0.369245 0.0827638 24.0797 
16.2552 -23.3929 -5.73281 -0.376921 0.0842323 24.0882 
16.3053 -23.4473 -5.76676 -0.382403 0.085077 24.1494 
16.3553 -23.4263 -5.82145 -0.380713 0.0838408 24.142 
16.4053 -23.4251 -5.88377 -0.377466 0.0814114 24.1559 
16.4553 -23.3813 -6.08454 -0.373852 0.080752 24.1631 
16.5053 -23.415 -6.06833 -0.373874 0.0805892 24.1916 
16.5553 -23.4453 -6.18859 -0.382749 0.0855622 24.2515 
16.6054 -23.4389 -6.17709 -0.388962 0.0889406 24.2426 
16.6554 -23.4699 -6.25751 -0.390556 0.0898704 24.2931 
16.7054 -23.4706 -6.26695 -0.392122 0.0917943 24.2963 
16.7554 -23.4366 -6.2626 -0.392168 0.0913422 24.2623 
16.8054 -23.4169 -6.44694 -0.385118 0.0881492 24.2913 
16.8554 -23.3729 -6.55211 -0.386633 0.0854043 24.2771 
16.9055 -23.4313 -6.63203 -0.388335 0.0860171 24.355 
16.9555 -23.404 -6.94315 -0.391326 0.0937662 24.4156 
17.0055 -23.4721 -6.70939 -0.405646 0.0932665 24.4157 
17.0555 -23.5037 -6.65374 -0.412548 0.097368 24.431 
17.1055 -23.4315 -6.72043 -0.39767 0.0979802 24.3796 
17.1555 -23.4192 -6.62658 -0.39389 0.0962001 24.342 
17.2055 -23.4594 -6.27292 -0.402393 0.093986 24.2871 
17.2556 -23.5544 -6.13583 -0.406531 0.0953259 24.344 
17.3056 -23.5535 -5.98743 -0.412346 0.0905932 24.3062 
17.3556 -23.5515 -6.16218 -0.406148 0.0910797 24.3479 
17.4056 -23.545 -5.86763 -0.410321 0.0907555 24.2688 
17.4556 -23.5347 -5.96347 -0.415337 0.0887829 24.2822 
17.5056 -23.5817 -5.89747 -0.41733 0.084405 24.3116 
17.5557 -23.4974 -5.91131 -0.411513 0.087345 24.2332 
17.6057 -23.5572 -5.91171 -0.410472 0.0885305 24.2913 
17.6557 -23.5674 -5.91732 -0.411512 0.0894269 24.3026 
17.7057 -23.579 -5.80882 -0.416494 0.0902141 24.2877 
17.7557 -23.5917 -6.0535 -0.418292 0.0916801 24.3598 
17.8057 -23.4912 -6.01211 -0.416111 0.0917875 24.2521 
17.8558 -23.5793 -5.84893 -0.418148 0.0897247 24.2977 
17.9058 -23.6215 -6.01395 -0.421724 0.092477 24.3788 
17.9558 -23.638 -5.97809 -0.419408 0.093435 24.386 
18.0058 -23.5328 -5.93946 -0.413785 0.0890199 24.2744 
18.0558 -23.4993 -6.21022 -0.405505 0.0877249 24.3096 
18.1058 -23.5642 -5.92565 -0.408201 0.0878023 24.3014 
18.1559 -23.6282 -5.80271 -0.41014 0.0812777 24.3339 
18.2059 -23.6092 -5.72655 -0.413907 0.0917391 24.2975 
18.2559 -23.6708 -5.65153 -0.418911 0.0941298 24.3399 
18.3059 -23.7153 -5.07527 -0.445867 0.0884951 24.2567 
18.3559 -24.3083 -4.79532 -0.554281 0.0787345 24.7831 
18.4059 -24.2898 -3.96498 -0.662464 0.0735297 24.6203 
18.456 -24.5537 -3.66375 -0.768054 0.0703573 24.8375 
18.506 -24.5291 -2.86796 -0.869617 0.0723732 24.7116 
18.556 -24.6243 -2.08751 -0.954159 0.0631393 24.7311 
18.606 -24.8441 -1.71239 -1.03273 0.0570431 24.9245 
18.656 -24.7238 -1.42893 -1.08613 0.0501944 24.7889 
18.706 -24.6263 -1.06011 -1.12271 0.0485422 24.6747 
18.756 -24.706 -0.677887 -1.15445 0.0568278 24.7423 
18.8061 -24.764 -0.500142 -1.1674 0.0711554 24.7966 
18.8561 -24.8068 -0.49756 -1.17852 0.0779925 24.8399 
18.9061 -24.7078 -0.174501 -1.19734 0.0776948 24.7376 
18.9561 -24.5578 -0.273433 -1.19834 0.0806252 24.5886 
19.0061 -24.615 0.00112404 -1.21101 0.0884224 24.6449 
19.0561 -24.4949 -0.315365 -1.2135 0.0926895 24.5271 
19.1062 -24.411 0.0591421 -1.23043 0.0877689 24.4422 
19.1562 -24.3885 0.260591 -1.23952 0.0838199 24.4215 
19.2062 -24.198 0.356736 -1.24753 0.0699933 24.2329 
19.2562 -24.0732 0.47724 -1.24627 0.0645797 24.1101 
19.3062 -24.0344 0.50778 -1.24954 0.0556029 24.0723 
19.3562 -23.7629 0.609132 -1.24216 0.0739172 23.8032 
19.4063 -23.8856 0.847413 -1.25239 0.0954958 23.9336 
19.4563 -23.9792 0.979805 -1.25475 0.100626 24.0323 
19.5063 -23.8022 1.19483 -1.25455 0.105593 23.8654 
19.5563 -23.5558 1.47662 -1.25674 0.106181 23.6357 
19.6063 -23.55 1.41898 -1.26191 0.110423 23.6268 
19.6563 -23.5569 1.68372 -1.26905 0.102658 23.6512 
19.7064 -23.4151 1.5739 -1.26802 0.0918636 23.5023 
19.7564 -23.2915 1.60025 -1.2764 0.0909142 23.3815 
19.8064 -23.2708 1.5249 -1.29323 0.0754204 23.3568 
19.8564 -22.9565 1.65012 -1.28359 0.0739628 23.0516 
19.9064 -22.7437 1.30535 -1.27791 0.0810061 22.8172 
19.9564 -22.8565 1.79515 -1.28203 0.0816659 22.9628 
20.0065 -22.6868 1.87147 -1.26457 0.0968357 22.7992 
20.0565 -22.7402 1.93615 -1.26549 0.102593 22.8577 
20.1065 -22.6081 1.71807 -1.262 0.113255 22.7089 
20.1565 -22.6374 2.4065 -1.28488 0.122904 22.8015 
20.2065 -22.5614 2.39719 -1.28641 0.132885 22.7252 
20.2565 -22.4544 2.37875 -1.2802 0.129333 22.6167 
20.3065 -22.3518 2.3419 -1.28228 0.122813 22.511 
20.3566 -22.1926 2.43737 -1.28932 0.113758 22.3636 
20.4066 -21.9814 2.26808 -1.2806 0.10389 22.1354 
20.4566 -22.0384 2.40122 -1.28719 0.0969982 22.2064 
20.5066 -21.7906 2.42449 -1.28396 0.0952557 21.9632 
20.5566 -21.7394 2.54469 -1.27781 0.101769 21.9253 
20.6066 -21.726 3.0123 -1.27763 0.106726 21.9714 
20.6567 -21.7272 3.07847 -1.27886 0.11663 21.9817 
20.7067 -21.6753 3.19343 -1.2759 0.122973 21.9467 
20.7567 -21.634 3.36229 -1.27246 0.131649 21.9311 
20.8067 -21.3843 3.53614 -1.26176 0.129033 21.7117 
20.8567 -21.5195 3.38157 -1.26585 0.138508 21.8207 
20.9067 -21.5509 3.53264 -1.2802 0.136691 21.8764 
20.9568 -21.4624 3.56914 -1.28006 0.127599 21.7951 
21.0068 -21.0126 3.50837 -1.25963 0.12444 21.3411 
21.0568 -21.0266 3.49487 -1.26934 0.116151 21.3532 
21.1068 -20.8763 3.53665 -1.27152 0.109106 21.2122 
21.1568 -20.8619 3.72512 -1.27039 0.0939413 21.2306 
21.2068 -20.7349 3.67385 -1.27143 0.0998075 21.0964 
21.2569 -20.612 3.95389 -1.27481 0.107575 21.0267 
21.3069 -20.5961 3.89196 -1.26332 0.12138 20.999 
21.3569 -20.5426 4.21752 -1.24785 0.131383 21.0086 
21.4069 -20.6036 4.40097 -1.25355 0.140382 21.1064 
21.4569 -20.3743 4.28909 -1.2429 0.151149 20.8585 
21.5069 -20.4477 4.60243 -1.24965 0.147092 20.997 
21.557 -20.4385 4.62699 -1.25324 0.148675 20.9937 
21.607 -20.1789 4.51202 -1.23682 0.153132 20.7148 
21.657 -20.1917 4.61551 -1.24599 0.14413 20.7504 
21.707 -20.0507 4.83748 -1.24869 0.134847 20.6642 
21.757 -19.856 4.85954 -1.24803 0.126956 20.4804 
21.807 -21.239 5.00834 -1.3268 0.119691 21.8508 
21.857 -19.7636 4.54451 -1.23836 0.103729 20.3175 
21.9071 -19.4642 4.30074 -1.21675 0.107295 19.9712 
21.9571 -19.3501 4.24302 -1.21375 0.10141 19.8473 
22.0071 -19.4406 4.64495 -1.21639 0.106069 20.025 
22.0571 -19.2905 4.17513 -1.1951 0.116664 19.7736 
22.1071 -19.3971 4.95574 -1.21267 0.130267 20.0572 
22.1571 -19.0738 4.74728 -1.18504 0.138614 19.6919 
22.2072 -19.1525 4.98319 -1.18906 0.146763 19.8264 
22.2572 -19.0714 4.76438 -1.17104 0.159921 19.693 
22.3072 -19.1728 5.18992 -1.19837 0.162779 19.9 
22.3572 -18.7566 4.94213 -1.17889 0.150902 19.4331 
22.4072 -18.7585 4.92857 -1.18407 0.14488 19.4319 
22.4572 -18.678 5.05647 -1.18258 0.12348 19.3869 
22.5073 -18.7566 5.24161 -1.20012 0.102366 19.5125 
22.5573 -18.7671 5.1485 -1.20093 0.0885977 19.4978 
22.6073 -18.6053 5.2193 -1.1993 0.0812761 19.3609 
22.6573 -18.4306 5.14146 -1.19258 0.0798891 19.1715 
22.7073 -18.1926 5.03809 -1.17663 0.0706196 18.9145 
22.7573 -18.4173 5.1708 -1.19417 0.0743782 19.1668 
22.8074 -18.3828 5.18826 -1.19219 0.0718987 19.1382 
22.8574 -18.4439 5.13638 -1.19497 0.0633729 19.1831 
22.9074 -18.0963 4.44579 -1.16343 0.049644 18.6706 
22.9574 -18.2625 4.92404 -1.19169 0.0488934 18.9522 
23.0074 -18.1764 5.0078 -1.17788 0.0562116 18.8906 
23.0574 -18.4792 5.77682 -1.20966 0.0485481 19.3989 
23.1075 -18.1542 5.67052 -1.19475 0.0438833 19.0568 
23.1575 -18.3413 5.79829 -1.21409 0.0402261 19.2743 
23.2075 -18.108 5.7682 -1.19794 0.0248481 19.0423 
23.2575 -18.1699 6.35004 -1.22667 -0.0160801 19.2866 
23.3075 -17.9563 5.98013 -1.22222 -0.0571199 18.9654 
23.3575 -18.0774 6.2012 -1.24162 -0.0786703 19.1519 
23.4075 -17.7079 5.74725 -1.20625 -0.100575 18.6565 
23.4576 -17.6619 6.25124 -1.22866 -0.111168 18.7761 
23.5076 -17.3662 6.05978 -1.20506 -0.0924092 18.4328 
23.5576 -17.8987 6.44238 -1.25068 -0.0786471 19.0641 
23.6076 -17.6581 6.36167 -1.22603 -0.116346 18.8096 
23.6576 -17.777 7.12015 -1.24095 -0.117624 19.1904 
23.7076 -17.3162 6.68463 -1.1993 -0.0841291 18.6006 
23.7577 -17.6399 7.60446 -1.23973 -0.0619242 19.2493 
23.8077 -17.171 6.99798 -1.18749 -0.0478956 18.5803 
23.8577 -17.3624 7.69659 -1.20541 -0.0531013 19.0301 
23.9077 -17.1063 7.60456 -1.19087 -0.0345543 18.7583 
23.9577 -17.3215 8.18741 -1.21681 -0.0261101 19.1977 
24.0077 -16.9895 7.86114 -1.19635 -0.0380064 18.7583 
24.0578 -17.1743 7.96451 -1.21451 -0.0664768 18.9702 
24.1078 -16.9222 7.96218 -1.20701 -0.0990581 18.7409 
24.1578 -17.0941 7.88418 -1.23289 -0.121841 18.8654 
24.2078 -17.0797 8.1872 -1.2502 -0.133445 18.9823 
24.2578 -16.9614 8.05816 -1.23789 -0.143118 18.8196 
24.3078 -16.9126 8.35269 -1.24416 -0.132786 18.9042 
24.3579 -16.7743 8.40386 -1.23138 -0.117196 18.8025 
24.4079 -16.9232 8.79024 -1.2525 -0.105108 19.1113 
24.4579 -16.8986 8.95612 -1.26165 -0.0966059 19.1671 
24.5079 -16.9534 9.04029 -1.26904 -0.0858106 19.2552 
24.5579 -16.594 8.78152 -1.24107 -0.0793632 18.8155 
24.6079 -16.6297 9.23812 -1.23924 -0.0738409 19.0638 
24.658 -16.469 9.08984 -1.23473 -0.0732657 18.8516 
24.708 -16.4491 9.14367 -1.23833 -0.0736343 18.8605 
24.758 -16.7037 9.29118 -1.2532 -0.0703275 19.1551 
24.808 -16.3344 9.1362 -1.22854 -0.0640329 18.7563 
24.858 -16.3914 9.39665 -1.24389 -0.0649408 18.9348 
24.908 -16.2484 9.38323 -1.24912 -0.0815267 18.8049 
24.958 -16.1794 9.3923 -1.25288 -0.0888548 18.7501 
25.0081 -16.2107 9.57313 -1.26149 -0.0760343 18.8687 
25.0581 -16.1747 9.7318 -1.27117 -0.0647021 18.9196 
25.1081 -15.9874 9.24136 -1.2598 -0.0557239 18.5091 
25.1581 -16.2048 9.71855 -1.28865 -0.0705393 18.9397 
25.2081 -15.5887 9.06737 -1.24452 -0.0853941 18.0771 
25.2581 -15.7778 9.64704 -1.2682 -0.0946984 18.5371 
25.3082 -15.6419 9.53632 -1.26226 -0.0962792 18.3634 
25.3582 -15.6039 9.32977 -1.26147 -0.0884624 18.2243 
25.4082 -15.5971 9.52583 -1.26083 -0.074879 18.3196 
25.4582 -15.0754 9.01556 -1.21284 -0.0443911 17.6077 
25.5082 -14.4664 8.59489 -1.17244 -0.0328164 16.8678 
25.5582 -14.6207 9.16129 -1.19286 -0.0423351 17.2951 
25.6083 -14.6924 9.46111 -1.19967 -0.0423716 17.5163 
25.6583 -14.6925 9.40859 -1.21274 -0.0370018 17.4889 
25.7083 -14.998 10.0026 -1.24692 -0.0434025 18.0707 
25.7583 -14.9435 9.67039 -1.24631 -0.051169 17.8432 
25.8083 -14.8678 9.88213 -1.26022 -0.0576371 17.897 
25.8583 -14.7169 9.94631 -1.25625 -0.05392 17.8072 
25.9084 -14.383 9.41125 -1.23749 -0.0693638 17.233 
25.9584 -14.8244 10.0239 -1.27863 -0.0843205 17.9411 
26.0084 -14.4518 10.0198 -1.27746 -0.0779136 17.6321 
26.0584 -14.4973 10.2159 -1.28459 -0.0763967 17.7818 
26.1084 -14.2722 10.0437 -1.27489 -0.0806553 17.4987 
26.1584 -14.3956 10.1901 -1.29448 -0.0831288 17.6848 
26.2085 -14.1377 10.1397 -1.28933 -0.0932992 17.4458 
26.2585 -14.1536 10.1796 -1.29378 -0.103184 17.4824 
26.3085 -13.8939 10.1571 -1.28555 -0.10917 17.259 
26.3585 -14.0335 10.6932 -1.29867 -0.118384 17.6913 
26.4085 -13.9187 10.525 -1.29625 -0.121004 17.4986 
26.4585 -13.9675 10.6023 -1.31566 -0.117273 17.5853 
26.5085 -13.914 10.6669 -1.32351 -0.122358 17.5826 
26.5586 -13.7273 10.6852 -1.31567 -0.125257 17.4459 
26.6086 -13.9565 10.8558 -1.3417 -0.133942 17.7328 
26.6586 -13.7045 10.6687 -1.32946 -0.13823 17.4191 
26.7086 -13.6189 10.7828 -1.33061 -0.146549 17.4222 
26.7586 -13.2179 10.3065 -1.30363 -0.140483 16.8124 
26.8086 -13.3609 10.6383 -1.32127 -0.149122 17.1305 
26.8587 -13.2154 10.5722 -1.32662 -0.14577 16.9764 
26.9087 -13.2019 10.6892 -1.34056 -0.141681 17.0402 
26.9587 -13.1084 10.7154 -1.3487 -0.142773 16.985 
27.0087 -12.7915 10.3667 -1.33819 -0.147074 16.5198 
27.0587 -13.024 10.7831 -1.37493 -0.16047 16.9651 
27.1087 -12.9886 10.8093 -1.3865 -0.173448 16.9558 
27.1588 -12.8702 10.7509 -1.39163 -0.176544 16.8283 
27.2088 -12.7092 10.6816 -1.3957 -0.192311 16.6615 
27.2588 -12.3903 10.2426 -1.37933 -0.203973 16.1361 
27.3088 -12.3839 10.4036 -1.3942 -0.207087 16.2352 
27.3588 -12.4028 10.55 -1.41282 -0.2187 16.3457 
27.4088 -12.0969 9.96075 -1.39855 -0.222037 15.7346 
27.4589 -12.3646 10.6549 -1.44241 -0.239148 16.3873 
27.5089 -12.5685 10.9227 -1.47758 -0.25262 16.7194 
27.5589 -12.5515 11.2045 -1.5003 -0.251537 16.8936 
27.6089 -12.8363 11.5686 -1.54328 -0.245699 17.3507 
27.6589 -12.5524 11.1253 -1.53168 -0.254156 16.8448 
27.7089 -12.672 11.3893 -1.54498 -0.261924 17.11 
27.759 -12.8226 11.9168 -1.56971 -0.272306 17.5774 
27.809 -12.8358 12.0056 -1.59094 -0.280713 17.6494 
27.859 -12.7885 12.0935 -1.60295 -0.287388 17.6762 
27.909 -12.658 12.1312 -1.60167 -0.298428 17.6086 
27.959 -12.636 12.4444 -1.61803 -0.298315 17.8111 
28.009 -12.3335 12.4741 -1.6174 -0.302291 17.6189 
28.059 -10.9795 10.814 -1.49102 -0.312468 15.486 
28.1091 -12.129 12.0078 -1.56723 -0.30992 17.142 
28.1591 -11.6993 11.3128 -1.53413 -0.294741 16.3491 
28.2091 -11.1266 10.6892 -1.46844 -0.286966 15.5016 
28.2591 -11.6846 11.611 -1.49733 -0.293651 16.5431 
28.3091 -11.4068 11.1825 -1.48919 -0.302101 16.0459 
28.3591 -11.1672 10.9824 -1.46011 -0.292785 15.7333 
28.4092 -11.4962 11.4326 -1.467 -0.283621 16.2819 
28.4592 -11.2758 11.3594 -1.45244 -0.280495 16.0739 
28.5092 -11.1829 10.8954 -1.46272 -0.276166 15.6838 
28.5592 -11.4463 11.0729 -1.48302 -0.260303 15.9967 
28.6092 -11.017 10.5249 -1.43813 -0.248118 15.3061 
28.6592 -10.8687 10.3393 -1.41847 -0.241276 15.0698 
28.7093 -10.7071 10.1666 -1.38892 -0.21532 14.8316 
28.7593 -10.0362 9.33107 -1.32221 -0.188128 13.7687 
28.8093 -10.1546 9.72229 -1.31914 -0.177907 14.1213 
28.8593 -9.78903 9.09774 -1.28558 -0.170689 13.4267 
28.9093 -9.3966 8.62657 -1.25479 -0.167771 12.8188 
28.9593 -9.46881 8.76421 -1.25311 -0.167963 12.9641 
29.0094 -9.60959 9.09924 -1.26048 -0.177143 13.2952 
29.0594 -9.45602 8.89307 -1.24272 -0.186416 13.0416 
29.1094 -9.50099 9.15526 -1.23878 -0.181911 13.2535 
29.1594 -9.43762 9.09823 -1.22194 -0.177188 13.1671 
29.2094 -9.31867 8.96889 -1.21838 -0.166778 12.992 
29.2594 -9.26894 8.97293 -1.20089 -0.157843 12.9574 
29.3095 -9.00719 8.80506 -1.18036 -0.15014 12.652 
29.3595 -8.92535 8.72872 -1.16778 -0.147747 12.5395 
29.4095 -8.83018 8.6978 -1.15655 -0.147299 12.4492 
29.4595 -8.71431 8.63725 -1.1429 -0.153995 12.3236 
29.5095 -8.68318 8.64948 -1.14059 -0.163672 12.3101 
29.5595 -8.87162 8.90647 -1.1633 -0.170564 12.6259 
29.6095 -8.94263 8.94328 -1.16644 -0.178321 12.7022 
29.6596 -8.91949 8.83183 -1.1675 -0.186162 12.6078 
29.7096 -8.94077 8.93861 -1.16441 -0.183055 12.6975 
29.7596 -8.84639 8.94811 -1.15424 -0.180431 12.6369 
29.8096 -8.84631 9.02692 -1.15001 -0.186674 12.6925 
29.8596 -9.02115 9.10401 -1.16668 -0.191852 12.871 
29.9096 -8.90708 9.07192 -1.14852 -0.191112 12.7668 
29.9597 -8.92146 9.14685 -1.14311 -0.195614 12.8297 
30.0097 -8.86711 8.98238 -1.13921 -0.194592 12.6746 
30.0597 -8.69026 8.72865 -1.12887 -0.185244 12.3701 
30.1097 -8.59465 8.69647 -1.11602 -0.182663 12.2791 
30.1597 -8.54944 8.73119 -1.1072 -0.178253 12.2713 
30.2097 -8.38489 8.45827 -1.08717 -0.176729 11.9609 
30.2598 -8.30016 8.32723 -1.08584 -0.172699 11.8087 
30.3098 -8.33606 8.24835 -1.08671 -0.180242 11.7787 
30.3598 -8.23446 8.18318 -1.07602 -0.183994 11.6603 
30.4098 -8.22742 8.11838 -1.07631 -0.181403 11.6099 
30.4598 -8.41097 8.37712 -1.09654 -0.184814 11.923 
30.5098 -8.54926 8.49466 -1.10713 -0.185603 12.1041 
30.5599 -8.42602 8.3004 -1.091 -0.183581 11.8793 
30.6099 -8.32507 8.07418 -1.08512 -0.186769 11.6495 
30.6599 -8.26371 7.91211 -1.0849 -0.184586 11.4935 
30.7099 -8.04849 7.50378 -1.07502 -0.187133 11.0578 
30.7599 -8.08966 7.41483 -1.0811 -0.186429 11.0284 
30.8099 -8.13169 7.43705 -1.08853 -0.191987 11.075 
30.86 -8.13181 7.36691 -1.08953 -0.192708 11.0282 
30.91 -8.05672 7.34731 -1.08022 -0.193972 10.9589 
30.96 -8.12108 7.38308 -1.08665 -0.191543 11.0308 
