    0.000000
12925.113958
  155.551224
  390.045343
 -248.378344
 -137.679861
  -64.058194
  -12.846393
   23.405684
  142.719759
  274.006949
  442.339268
  408.537253
  365.309714
  329.002116
  297.735504
  270.626485
  246.904545
  226.078202
  207.599041
  191.194689
  176.499850
  163.290512
  151.378198
  140.648086
  130.784533
  121.864378
  103.287090
  878.645091
    1.606110
   18.789985
   18.219074
   17.680399
   17.173572
   16.693647
   16.241502
   15.812000
   15.404464
   15.018497
   14.651083
   14.300597
   14.006078
   21.786091
 -147.844282
 -511.623132
  145.107725
   83.676977
   79.706931
   67.745231
  130.908033
  629.411497
   98.987879
  -17.200362
   -0.067127
   -0.000069
   -0.000000
   -0.000000
   -0.000000
   -0.000000
   -0.000000
   -0.000000
   -0.000000
   -0.000000
   -0.000000
   -0.000000
   -0.000000
   -0.000000
   -0.000000
   -0.000000
   -0.000000
    0.000000
    0.000000
    0.000000
    0.000000
    0.000000
    0.000000
    0.000000
    0.000000
    0.000000
    0.000000
    0.000000
    0.000000
    0.000000
    0.000000
    0.000000
    0.000000
    0.000000
    0.000000
    0.000000
    0.000000
    0.000000
    0.000000
    0.000000
    0.000000
    0.000000
    0.000000
    0.000000
    0.000000
    0.000000
    0.000000